Crime ID,Month,Reported by,Falls within,Longitude,Latitude,Location,LSOA code,LSOA name,Crime type,Last outcome category,Context
,2018-08,Dorset Police,Dorset Police,-1.888833,50.767494,On or near Wimborne Road,E01015301,Bournemouth 001A,Anti-social behaviour,,
7212796d6868b1aa8d65b955def850b398ab2a26a10cd5c71ea70fc91c255539,2018-08,Dorset Police,Dorset Police,-1.897285,50.767259,On or near Howton Close,E01015301,Bournemouth 001A,Other crime,Offender given a caution,
,2018-08,Dorset Police,Dorset Police,-1.901846,50.769547,On or near Lake Road,E01015303,Bournemouth 001B,Anti-social behaviour,,
,2018-08,Dorset Police,Dorset Police,-1.901846,50.769547,On or near Lake Road,E01015303,Bournemouth 001B,Anti-social behaviour,,
,2018-08,Dorset Police,Dorset Police,-1.904159,50.768848,On or near Oxford Lane,E01015303,Bournemouth 001B,Anti-social behaviour,,
,2018-08,Dorset Police,Dorset Police,-1.899550,50.769096,On or near Supermarket,E01015303,Bournemouth 001B,Anti-social behaviour,,
,2018-08,Dorset Police,Dorset Police,-1.902796,50.769962,On or near Home Road,E01015303,Bournemouth 001B,Anti-social behaviour,,
,2018-08,Dorset Police,Dorset Police,-1.903323,50.768820,On or near Supermarket,E01015303,Bournemouth 001B,Anti-social behaviour,,
,2018-08,Dorset Police,Dorset Police,-1.902796,50.769962,On or near Home Road,E01015303,Bournemouth 001B,Anti-social behaviour,,
,2018-08,Dorset Police,Dorset Police,-1.903323,50.768820,On or near Supermarket,E01015303,Bournemouth 001B,Anti-social behaviour,,
,2018-08,Dorset Police,Dorset Police,-1.901846,50.769547,On or near Lake Road,E01015303,Bournemouth 001B,Anti-social behaviour,,
,2018-08,Dorset Police,Dorset Police,-1.904159,50.768848,On or near Oxford Lane,E01015303,Bournemouth 001B,Anti-social behaviour,,
,2018-08,Dorset Police,Dorset Police,-1.899550,50.769096,On or near Supermarket,E01015303,Bournemouth 001B,Anti-social behaviour,,
,2018-08,Dorset Police,Dorset Police,-1.901846,50.769547,On or near Lake Road,E01015303,Bournemouth 001B,Anti-social behaviour,,
,2018-08,Dorset Police,Dorset Police,-1.901846,50.769547,On or near Lake Road,E01015303,Bournemouth 001B,Anti-social behaviour,,
,2018-08,Dorset Police,Dorset Police,-1.899550,50.769096,On or near Supermarket,E01015303,Bournemouth 001B,Anti-social behaviour,,
7817889005241d0e25d934136cae852bdaa1c12e6f2b9341f8d17a50fa4e0d98,2018-08,Dorset Police,Dorset Police,-1.904159,50.768848,On or near Oxford Lane,E01015303,Bournemouth 001B,Criminal damage and arson,Investigation complete; no suspect identified,
87e6dc5abb78b5b14ccc5518e0b0c09089082826d980eb62a5a35fc83a502922,2018-08,Dorset Police,Dorset Police,-1.901846,50.769547,On or near Lake Road,E01015303,Bournemouth 001B,Criminal damage and arson,Investigation complete; no suspect identified,
e726c57cdfdbfa74f097b76f77ad0cfe45c5c3c4d7b76dac1a27ae48652432be,2018-08,Dorset Police,Dorset Police,-1.898077,50.768141,On or near Wimborne Road,E01015303,Bournemouth 001B,Other theft,Investigation complete; no suspect identified,
aad1a4b43ccc9945f2c6c235b9e6e6f9d35bd131d85578ea8948db18daed873a,2018-08,Dorset Police,Dorset Police,-1.902796,50.769962,On or near Home Road,E01015303,Bournemouth 001B,Public order,Unable to prosecute suspect,
a180e8a412b9650cd04533a5fe9d35757202ad07e935e80351007840ecfb100e,2018-08,Dorset Police,Dorset Police,-1.899550,50.769096,On or near Supermarket,E01015303,Bournemouth 001B,Shoplifting,Suspect charged as part of another case,
4c09f48bbad0360e005221a16049dda7a6bf465a34b6537e268724ab4e303274,2018-08,Dorset Police,Dorset Police,-1.899550,50.769096,On or near Supermarket,E01015303,Bournemouth 001B,Shoplifting,Unable to prosecute suspect,
2f2192561ee9cc6d42243d578e90d39d6a41cf335a6c8de94d0edb8ab03e8b6e,2018-08,Dorset Police,Dorset Police,-1.899129,50.767063,On or near Royal Oak Road,E01015303,Bournemouth 001B,Vehicle crime,Investigation complete; no suspect identified,
b2aad9a834f2b9934f2dda09588eeeacba470906879d85be96d4f788dfa6f7f1,2018-08,Dorset Police,Dorset Police,-1.902796,50.769962,On or near Home Road,E01015303,Bournemouth 001B,Violence and sexual offences,Unable to prosecute suspect,
514a29d3f326b5b02b29bd876c65e4dc3df4819922772c2fcde10ad6c386f3f3,2018-08,Dorset Police,Dorset Police,-1.899709,50.767846,On or near Bramley Road,E01015303,Bournemouth 001B,Violence and sexual offences,Unable to prosecute suspect,
fb5ccb182c4470303bb1257e8ea14aa24460e3f71fabb9f34ad490b06c56408f,2018-08,Dorset Police,Dorset Police,-1.899079,50.770678,On or near Weyman'S Avenue,E01015303,Bournemouth 001B,Violence and sexual offences,Unable to prosecute suspect,
59f0595c606398848c36da83991b443d6122956c4f15b67b80dd25db134a9ad5,2018-08,Dorset Police,Dorset Police,-1.900363,50.766992,On or near Wicket Road,E01015303,Bournemouth 001B,Violence and sexual offences,Action to be taken by another organisation,
b4d02d11e3d7385281d1855f5fb1983d04f0b319377bdc08cc90923ce1d4ec0d,2018-08,Dorset Police,Dorset Police,-1.899079,50.770678,On or near Weyman'S Avenue,E01015303,Bournemouth 001B,Violence and sexual offences,Unable to prosecute suspect,
1046ffb52415147d080bdb208b90b4206beaa8ce7441982071238ed6d55a33e0,2018-08,Dorset Police,Dorset Police,-1.901619,50.769673,On or near Parking Area,E01015303,Bournemouth 001B,Violence and sexual offences,Unable to prosecute suspect,
79aee4585b8e288774bd37defe31130bcaaf20c6071bc5f12dc96940b7aa1c12,2018-08,Dorset Police,Dorset Police,-1.901619,50.769673,On or near Parking Area,E01015303,Bournemouth 001B,Violence and sexual offences,Unable to prosecute suspect,
6db95e5f9b9fa3e6c3dede115949f2b4015e1d63d87b01aa87f54e7c742264b9,2018-08,Dorset Police,Dorset Police,-1.899709,50.767846,On or near Bramley Road,E01015303,Bournemouth 001B,Violence and sexual offences,Unable to prosecute suspect,
bd2ffc50ce375df64722c91d21df338170b142e7864c67643a7ba7bdf7f636ed,2018-08,Dorset Police,Dorset Police,-1.901846,50.769547,On or near Lake Road,E01015303,Bournemouth 001B,Other crime,Unable to prosecute suspect,
6f8898f10fff7d834c3ed32d8f14fc947efd9086d6ad9ab16368b7b36b8e1d83,2018-08,Dorset Police,Dorset Police,-1.904159,50.768848,On or near Oxford Lane,E01015303,Bournemouth 001B,Other crime,Awaiting court outcome,
,2018-08,Dorset Police,Dorset Police,-1.898277,50.761109,On or near Sunningdale Crescent,E01015305,Bournemouth 001C,Anti-social behaviour,,
,2018-08,Dorset Police,Dorset Police,-1.895381,50.762626,On or near East Howe Lane,E01015305,Bournemouth 001C,Anti-social behaviour,,
,2018-08,Dorset Police,Dorset Police,-1.898516,50.761847,On or near Brook Road,E01015305,Bournemouth 001C,Anti-social behaviour,,
,2018-08,Dorset Police,Dorset Police,-1.900079,50.760220,On or near Chaldecott Gardens,E01015305,Bournemouth 001C,Anti-social behaviour,,
,2018-08,Dorset Police,Dorset Police,-1.895941,50.766107,On or near Leybourne Close,E01015305,Bournemouth 001C,Anti-social behaviour,,
44ebf5a6818ef61072706cc48760c159944440576fd56615fe7e094b1a62ed16,2018-08,Dorset Police,Dorset Police,-1.897052,50.763662,On or near Long Road,E01015305,Bournemouth 001C,Criminal damage and arson,Investigation complete; no suspect identified,
dbe8b79c87dd7a55c992b08dd6a6d6e62664c44a53d84cb1cafc6e91aa78c4b9,2018-08,Dorset Police,Dorset Police,-1.897052,50.763662,On or near Long Road,E01015305,Bournemouth 001C,Theft from the person,Investigation complete; no suspect identified,
12530971abb5281824a07cc5bed59722cd8922e3242ae01748b78a1a9b6f12e2,2018-08,Dorset Police,Dorset Police,-1.897052,50.763662,On or near Long Road,E01015305,Bournemouth 001C,Vehicle crime,Investigation complete; no suspect identified,
e422b1904f8aefa3b6afc0e6d9b87af98efcff55c8d7621e16233bf4b9e73500,2018-08,Dorset Police,Dorset Police,-1.898516,50.761847,On or near Brook Road,E01015305,Bournemouth 001C,Vehicle crime,Investigation complete; no suspect identified,
5360f8c8fe39a76245a0507c49c47e1d3065e77e9c1155ca3c2997d1b94774f4,2018-08,Dorset Police,Dorset Police,-1.897052,50.763662,On or near Long Road,E01015305,Bournemouth 001C,Vehicle crime,Investigation complete; no suspect identified,
5813f57fb3a2aa7b521b065692489be04c55dd66c30d9fa84d0c613e2563998d,2018-08,Dorset Police,Dorset Police,-1.899471,50.759474,On or near St Merrin'S Close,E01015305,Bournemouth 001C,Violence and sexual offences,Unable to prosecute suspect,
5966167285627b574849cf9745fdb8d78032a213f868f765b311107f433fa3c1,2018-08,Dorset Police,Dorset Police,-1.899471,50.759474,On or near St Merrin'S Close,E01015305,Bournemouth 001C,Violence and sexual offences,Unable to prosecute suspect,
0ae189f25dba300426e77733d59dbad6fa26ad8a278f25358240943186c5d4a5,2018-08,Dorset Police,Dorset Police,-1.900836,50.764663,On or near Burcombe Road,E01015305,Bournemouth 001C,Violence and sexual offences,Offender given a caution,
a42e775d1a5ae593bda21ca65943b77fb7c60bcb95124432246e74342ea52d71,2018-08,Dorset Police,Dorset Police,-1.898516,50.761847,On or near Brook Road,E01015305,Bournemouth 001C,Violence and sexual offences,Unable to prosecute suspect,
,2018-08,Dorset Police,Dorset Police,-1.889800,50.772576,On or near Markham Close,E01015306,Bournemouth 001D,Anti-social behaviour,,
,2018-08,Dorset Police,Dorset Police,-1.885055,50.770350,On or near Brecon Close,E01015306,Bournemouth 001D,Anti-social behaviour,,
3752eec8da066ee6a1228c192a1b718b8000d74fac1ed5d43df1a7823a3a47d8,2018-08,Dorset Police,Dorset Police,-1.889877,50.769968,On or near Keeble Road,E01015306,Bournemouth 001D,Burglary,Investigation complete; no suspect identified,
914775f7e37e1d62d2684817c401b6db9dd5d3d7ad31990f0b0926fe6129f1d7,2018-08,Dorset Police,Dorset Police,-1.889877,50.769968,On or near Keeble Road,E01015306,Bournemouth 001D,Burglary,Investigation complete; no suspect identified,
99714057403933789f7041cc07adefa7f33f47945d64af92acdb373ca67acfd9,2018-08,Dorset Police,Dorset Police,-1.888770,50.770120,On or near Keeble Crescent,E01015306,Bournemouth 001D,Public order,Investigation complete; no suspect identified,
32d57e376fcc3d827a352388018ec02ce37a2cd9e3c6096e13e1e8dc3d9041cf,2018-08,Dorset Police,Dorset Police,-1.888770,50.770120,On or near Keeble Crescent,E01015306,Bournemouth 001D,Robbery,Defendant found not guilty,
511f128736bacf2d2754b31ba5e1f43e4ffc59b4bf37af9327012b80ccd26b9b,2018-08,Dorset Police,Dorset Police,-1.890509,50.772721,On or near Markham Avenue,E01015306,Bournemouth 001D,Vehicle crime,Investigation complete; no suspect identified,
6367a39c577b84ee2998976dc8f873973cd32dcc9e7a109ec6b84e6e750addfc,2018-08,Dorset Police,Dorset Police,-1.888770,50.770120,On or near Keeble Crescent,E01015306,Bournemouth 001D,Violence and sexual offences,Unable to prosecute suspect,
40ead6378a398c9cd950e565812116bdf9ac7364c18b3ce5dda961ba524f4308,2018-08,Dorset Police,Dorset Police,-1.889800,50.772576,On or near Markham Close,E01015306,Bournemouth 001D,Violence and sexual offences,Unable to prosecute suspect,
b9f54cd83be47698cd71e58f6301629036d95adb56d4ec16a56c271a3ba25bdc,2018-08,Dorset Police,Dorset Police,-1.889510,50.769195,On or near Keeble Close,E01015306,Bournemouth 001D,Other crime,Offender given a caution,
,2018-08,Dorset Police,Dorset Police,-1.919064,50.768149,On or near Anchor Close,E01015302,Bournemouth 002A,Anti-social behaviour,,
,2018-08,Dorset Police,Dorset Police,-1.907928,50.770308,On or near Berrans Avenue,E01015302,Bournemouth 002A,Anti-social behaviour,,
,2018-08,Dorset Police,Dorset Police,-1.917305,50.768795,On or near Roundhaye Gardens,E01015302,Bournemouth 002A,Anti-social behaviour,,
9360cb0c7e21e59c10bf23f8bb94f77db709a42d4a0f2e1aa58a868e151e4cf7,2018-08,Dorset Police,Dorset Police,-1.919064,50.768149,On or near Anchor Close,E01015302,Bournemouth 002A,Criminal damage and arson,Unable to prosecute suspect,
5418970bf071275815b8040e0712e8ce616ab7c9366468011b328ef57c21807f,2018-08,Dorset Police,Dorset Police,-1.910332,50.766551,On or near Durdells Avenue,E01015302,Bournemouth 002A,Criminal damage and arson,Investigation complete; no suspect identified,
77f9ba3ce018461a61a18735a376144c38e5664ef3cb7abe50afb3ec36d6d59c,2018-08,Dorset Police,Dorset Police,-1.914572,50.766662,On or near Anstey Road,E01015302,Bournemouth 002A,Other theft,Unable to prosecute suspect,
b0801dca6ead6a206a9221d643a527648017606dd19c2762645057b81f1c652b,2018-08,Dorset Police,Dorset Police,-1.910332,50.766551,On or near Durdells Avenue,E01015302,Bournemouth 002A,Other theft,Investigation complete; no suspect identified,
b28ce3056c1fb3174cd53323d9f64f36915c33334b2a968e6b33ec43802b1c46,2018-08,Dorset Police,Dorset Police,-1.917305,50.768795,On or near Roundhaye Gardens,E01015302,Bournemouth 002A,Public order,Unable to prosecute suspect,
09f86dbc302d333fa01f6720b853b96aefe102cfd4866042917849b40dd14413,2018-08,Dorset Police,Dorset Police,-1.913350,50.768091,On or near Anstey Close,E01015302,Bournemouth 002A,Vehicle crime,Investigation complete; no suspect identified,
bb2dce334aa04f4da852bc349680f9bd2106ab570a79ee224a45886f87413fbd,2018-08,Dorset Police,Dorset Police,-1.919064,50.768149,On or near Anchor Close,E01015302,Bournemouth 002A,Violence and sexual offences,Unable to prosecute suspect,
1db9f396d851adba0c409447a31bb34a8f4ace1546c747a597c44f35341da8a8,2018-08,Dorset Police,Dorset Police,-1.919400,50.770532,On or near Petrol Station,E01015302,Bournemouth 002A,Violence and sexual offences,Unable to prosecute suspect,
232615c3b7fa575d19679797ad5da0b699a45070733d50b1203f326ae70b1204,2018-08,Dorset Police,Dorset Police,-1.914572,50.766662,On or near Anstey Road,E01015302,Bournemouth 002A,Violence and sexual offences,Investigation complete; no suspect identified,
3665ff024d5ceeb8749df806a265b5261dc400ff84b88e7d46d2544217fd82b8,2018-08,Dorset Police,Dorset Police,-1.917305,50.768795,On or near Roundhaye Gardens,E01015302,Bournemouth 002A,Violence and sexual offences,Unable to prosecute suspect,
e5441772d027d68fe6e70f5caf7bf33ef0c27e9acb6e4ccc82cdb9048a7eb5fa,2018-08,Dorset Police,Dorset Police,-1.914572,50.766662,On or near Anstey Road,E01015302,Bournemouth 002A,Violence and sexual offences,Unable to prosecute suspect,
82790b32f5e3c15078b197e88ccc0bee1472bc2e627c5ef29399d07fe6b1e3a1,2018-08,Dorset Police,Dorset Police,-1.919400,50.770532,On or near Petrol Station,E01015302,Bournemouth 002A,Violence and sexual offences,Unable to prosecute suspect,
e4cc1d8c4e89340a94d1346bc551f83e52856a16e2c9c523264214f96a5b660e,2018-08,Dorset Police,Dorset Police,-1.917305,50.768795,On or near Roundhaye Gardens,E01015302,Bournemouth 002A,Violence and sexual offences,Unable to prosecute suspect,
2550d7721dddcc139cb4a8ef135c262b2694a559cd2f457aaff358fc262be718,2018-08,Dorset Police,Dorset Police,-1.913350,50.768091,On or near Anstey Close,E01015302,Bournemouth 002A,Violence and sexual offences,Unable to prosecute suspect,
19c95ce36987aaa3e3c1d73272a5ae6915b7f6e2bd3ba722ad05c1dad84e2cd9,2018-08,Dorset Police,Dorset Police,-1.913350,50.768091,On or near Anstey Close,E01015302,Bournemouth 002A,Violence and sexual offences,Unable to prosecute suspect,
2dcd1c03442c70fe960a27af74261a2942ae14af88199e7ffbaad585354e5dd9,2018-08,Dorset Police,Dorset Police,-1.914572,50.766662,On or near Anstey Road,E01015302,Bournemouth 002A,Violence and sexual offences,Formal action is not in the public interest,
be3331ab8760260be0b034f937d16b5997603be97399b6c48f2be3483bdc5e2e,2018-08,Dorset Police,Dorset Police,-1.909051,50.769184,On or near Wimborne Road,E01015302,Bournemouth 002A,Violence and sexual offences,Court result unavailable,
36cf695ffff35789467495610679f4cb38b9ff94c4291f06ca772e2b424022f3,2018-08,Dorset Police,Dorset Police,-1.914572,50.766662,On or near Anstey Road,E01015302,Bournemouth 002A,Violence and sexual offences,Unable to prosecute suspect,
,2018-08,Dorset Police,Dorset Police,-1.911910,50.764510,On or near Youngs Road,E01015304,Bournemouth 002B,Anti-social behaviour,,
0728e84aa8dd0172190f6836805c84ca8d2eab63a4a20646e2e7a080a1c296df,2018-08,Dorset Police,Dorset Police,-1.910279,50.764482,On or near Durdells Gardens,E01015304,Bournemouth 002B,Burglary,Investigation complete; no suspect identified,
c36394c9982113ac79e54af2b655b81911e3b4acc2f4f145d71e4cae809161c6,2018-08,Dorset Police,Dorset Police,-1.902728,50.768307,On or near School Lane,E01015304,Bournemouth 002B,Criminal damage and arson,Investigation complete; no suspect identified,
88eda769ed88bb10d614ebf3c41f6a630133fa555076d6dee1b64f28dd4df3eb,2018-08,Dorset Police,Dorset Police,-1.902728,50.768307,On or near School Lane,E01015304,Bournemouth 002B,Criminal damage and arson,Investigation complete; no suspect identified,
1d23a0885e873bdf1065f4309ca4992e4af8cc54600165753768ac1dd4b69ff2,2018-08,Dorset Police,Dorset Police,-1.906727,50.768463,On or near Summers Avenue,E01015304,Bournemouth 002B,Vehicle crime,Investigation complete; no suspect identified,
2c65ce5345f53bf9083512a22de43b420d5bd1433aff6a168263759c8e3f4f5c,2018-08,Dorset Police,Dorset Police,-1.911910,50.764510,On or near Youngs Road,E01015304,Bournemouth 002B,Vehicle crime,Investigation complete; no suspect identified,
a0b39374bd5acba739ae768cd316ecd0cbfaed4c584e0a01f5a66203108c79eb,2018-08,Dorset Police,Dorset Police,-1.911910,50.764510,On or near Youngs Road,E01015304,Bournemouth 002B,Vehicle crime,Investigation complete; no suspect identified,
e9c8be66fbcf4a79fd8015ae5abcc979d086b446a115cc3c09d7185f407425af,2018-08,Dorset Police,Dorset Police,-1.909333,50.762332,On or near Paget Road,E01015304,Bournemouth 002B,Violence and sexual offences,Unable to prosecute suspect,
99f2e64f8e4d88869e0d6885331b9f59fc2e289e9c16faec0fe8945386d67e80,2018-08,Dorset Police,Dorset Police,-1.902728,50.768307,On or near School Lane,E01015304,Bournemouth 002B,Violence and sexual offences,Unable to prosecute suspect,
4431db466d24932664339fe6eaacfa24efe3c98975c2eb37eb027cd77980aa7a,2018-08,Dorset Police,Dorset Police,-1.909650,50.767108,On or near Wakely Gardens,E01015304,Bournemouth 002B,Violence and sexual offences,Further investigation is not in the public interest,
9227b68de5d44a2178ae382eae1b3e9b6a3dc14b6725d4c8ae02e34f38bcc3bf,2018-08,Dorset Police,Dorset Police,-1.909650,50.767108,On or near Wakely Gardens,E01015304,Bournemouth 002B,Violence and sexual offences,Status update unavailable,
91817c96cdd6b0691086f9ab9089e799f43b2d5b78db9fc22d19c111c49ef16d,2018-08,Dorset Police,Dorset Police,-1.909650,50.767108,On or near Wakely Gardens,E01015304,Bournemouth 002B,Violence and sexual offences,Unable to prosecute suspect,
56cda83f15dc234af7b8e18f447c6a56245de4a32082377cdbc79ae8b1643094,2018-08,Dorset Police,Dorset Police,-1.909650,50.767108,On or near Wakely Gardens,E01015304,Bournemouth 002B,Violence and sexual offences,Unable to prosecute suspect,
66d6235efcde6d6ce78a8146d2b7622dd4bc8f4163b72cca97ab307470b5b925,2018-08,Dorset Police,Dorset Police,-1.910731,50.765706,On or near Elmhurst Road,E01015304,Bournemouth 002B,Violence and sexual offences,Unable to prosecute suspect,
,2018-08,Dorset Police,Dorset Police,-1.930818,50.759613,On or near Englands Way,E01015308,Bournemouth 002C,Anti-social behaviour,,
,2018-08,Dorset Police,Dorset Police,-1.931742,50.757689,On or near Stillmore Road,E01015308,Bournemouth 002C,Anti-social behaviour,,
,2018-08,Dorset Police,Dorset Police,-1.934196,50.756836,On or near Saffron Way,E01015308,Bournemouth 002C,Anti-social behaviour,,
,2018-08,Dorset Police,Dorset Police,-1.931742,50.757689,On or near Stillmore Road,E01015308,Bournemouth 002C,Anti-social behaviour,,
,2018-08,Dorset Police,Dorset Police,-1.930081,50.759163,On or near May Gardens,E01015308,Bournemouth 002C,Anti-social behaviour,,
,2018-08,Dorset Police,Dorset Police,-1.927023,50.756841,On or near Shopping Area,E01015308,Bournemouth 002C,Anti-social behaviour,,
,2018-08,Dorset Police,Dorset Police,-1.929519,50.755611,On or near High Howe Lane,E01015308,Bournemouth 002C,Anti-social behaviour,,
,2018-08,Dorset Police,Dorset Police,-1.929519,50.755611,On or near High Howe Lane,E01015308,Bournemouth 002C,Anti-social behaviour,,
,2018-08,Dorset Police,Dorset Police,-1.925945,50.757083,On or near Shopping Area,E01015308,Bournemouth 002C,Anti-social behaviour,,
,2018-08,Dorset Police,Dorset Police,-1.930922,50.756241,On or near St Georges Drive,E01015308,Bournemouth 002C,Anti-social behaviour,,
be1f92d6fad230e48c84cafe8ddb95c008ff882bb6e1d75f23ee03a33667cf96,2018-08,Dorset Police,Dorset Police,-1.927420,50.756581,On or near Shopping Area,E01015308,Bournemouth 002C,Burglary,Investigation complete; no suspect identified,
82e31640f22a0d4c6bbcf840327d02cc1669aafa0f4c2f242f2b854e280fe37d,2018-08,Dorset Police,Dorset Police,-1.926410,50.758855,On or near Supermarket,E01015308,Bournemouth 002C,Burglary,Investigation complete; no suspect identified,
a22873c12e2ee44b4c5faef170ef17b55b5c21faa444199cef5c4a1b21e0d435,2018-08,Dorset Police,Dorset Police,-1.933886,50.755532,On or near Francis Avenue,E01015308,Bournemouth 002C,Criminal damage and arson,Offender ordered to pay compensation,
a63c362bf2ec14a405ba4b6850604432283a83e02049e1fb59733c731a10d1e5,2018-08,Dorset Police,Dorset Police,-1.930818,50.759613,On or near Englands Way,E01015308,Bournemouth 002C,Criminal damage and arson,Investigation complete; no suspect identified,
9a0f78bfc78be7d17443bdc8c50314314236136511b513895cd3f7cfdc4d7ece,2018-08,Dorset Police,Dorset Police,-1.925945,50.757083,On or near Shopping Area,E01015308,Bournemouth 002C,Other theft,Investigation complete; no suspect identified,
2901201b046e6fd701ff29c805d554402b247a6d7e9b5db41c014373d0d9543a,2018-08,Dorset Police,Dorset Police,-1.929519,50.755611,On or near High Howe Lane,E01015308,Bournemouth 002C,Other theft,Investigation complete; no suspect identified,
795799e9e90775c49f38ccc16af5dac8d72dad73cfe34c5fe1f822a571525a26,2018-08,Dorset Police,Dorset Police,-1.925945,50.757083,On or near Shopping Area,E01015308,Bournemouth 002C,Other theft,Investigation complete; no suspect identified,
333b7135747727e0e9dafded6d13920a740cb9caea83aa4d28cc635a8c5104e2,2018-08,Dorset Police,Dorset Police,-1.933886,50.755532,On or near Francis Avenue,E01015308,Bournemouth 002C,Other theft,Unable to prosecute suspect,
7d4be8ff75f1a87ec6b20f0a017a29e0822bf166b8766ccd41216d1150038a30,2018-08,Dorset Police,Dorset Police,-1.931521,50.753984,On or near Petrol Station,E01015308,Bournemouth 002C,Other theft,Unable to prosecute suspect,
a6c58cba5f248a748dc94fb9cbecc460c02507fa5007087b885dd7601037f0c4,2018-08,Dorset Police,Dorset Police,-1.929519,50.755611,On or near High Howe Lane,E01015308,Bournemouth 002C,Public order,Action to be taken by another organisation,
2b7e4254b79793f61feeba7bafa5d0c568967b46e5a5bf9ba9fed6d9941b0d7e,2018-08,Dorset Police,Dorset Police,-1.930818,50.759613,On or near Englands Way,E01015308,Bournemouth 002C,Public order,Unable to prosecute suspect,
23773e87f5d142107875403589ee0ab32534f3f2d2161bddef83710c409b94f2,2018-08,Dorset Police,Dorset Police,-1.925945,50.757083,On or near Shopping Area,E01015308,Bournemouth 002C,Shoplifting,Offender fined,
525576de9c351ae0a7671900144b99f4581451a5bfdb2b729fac1d791c80cd1f,2018-08,Dorset Police,Dorset Police,-1.925945,50.757083,On or near Shopping Area,E01015308,Bournemouth 002C,Shoplifting,Unable to prosecute suspect,
0674578bfa2a89879a913834e3224b2dff771c6513a5a6c7845bad0035e77b8a,2018-08,Dorset Police,Dorset Police,-1.929519,50.755611,On or near High Howe Lane,E01015308,Bournemouth 002C,Shoplifting,Investigation complete; no suspect identified,
ab8ae0d1354ad73e7a4566813288090cde050d948f75819b6db76745a50a2d15,2018-08,Dorset Police,Dorset Police,-1.927420,50.756581,On or near Shopping Area,E01015308,Bournemouth 002C,Shoplifting,Investigation complete; no suspect identified,
d29525185552c5b88cef1049a2977d8dd02bd6a862961c15ed6a3d67a6122404,2018-08,Dorset Police,Dorset Police,-1.927420,50.756581,On or near Shopping Area,E01015308,Bournemouth 002C,Shoplifting,Unable to prosecute suspect,
0feb09a2f568b7378317836e46cbf915ddcd6248becc5d17a97603b6253b7085,2018-08,Dorset Police,Dorset Police,-1.925945,50.757083,On or near Shopping Area,E01015308,Bournemouth 002C,Shoplifting,Unable to prosecute suspect,
d58a82cab64c7079452f88e938000f8fd1b21953abfbef9bf81bbec6760481bb,2018-08,Dorset Police,Dorset Police,-1.929519,50.755611,On or near High Howe Lane,E01015308,Bournemouth 002C,Shoplifting,Further investigation is not in the public interest,
ff1c499f983d7600355f3ffde50c76332b43934bad41033cba26751869263aa5,2018-08,Dorset Police,Dorset Police,-1.929519,50.755611,On or near High Howe Lane,E01015308,Bournemouth 002C,Shoplifting,Unable to prosecute suspect,
bd98924c74f9c0ea2096aa7e9b4a39ed535be2275458ee6433ce89f21876cafa,2018-08,Dorset Police,Dorset Police,-1.926918,50.760186,On or near High Howe Gardens,E01015308,Bournemouth 002C,Vehicle crime,Investigation complete; no suspect identified,
40479468fa92312469652eca1a82e2ec7e1767c34f04277af5f3e99b31d92a50,2018-08,Dorset Police,Dorset Police,-1.931521,50.753984,On or near Petrol Station,E01015308,Bournemouth 002C,Violence and sexual offences,Unable to prosecute suspect,
2405e25b545962db27415934232dd2730deadf27376ef4d614974f05c042698e,2018-08,Dorset Police,Dorset Police,-1.930818,50.759613,On or near Englands Way,E01015308,Bournemouth 002C,Violence and sexual offences,Unable to prosecute suspect,
7aed7759e121caf058438b7e517cbff22bfdea2931ddcbc80f0d613e8b611c72,2018-08,Dorset Police,Dorset Police,-1.931742,50.757689,On or near Stillmore Road,E01015308,Bournemouth 002C,Violence and sexual offences,Offender given community sentence,
8ae6eb3fe486fd0a38129816bb3d8e01994d1e1e04dc9b09079842c1eba7a5f9,2018-08,Dorset Police,Dorset Police,-1.930778,50.757977,On or near Paddington Grove,E01015308,Bournemouth 002C,Violence and sexual offences,Unable to prosecute suspect,
de8dd742201079dd7291087a3dd5df1464781515ae0bcc9e44801664419b868e,2018-08,Dorset Police,Dorset Police,-1.929519,50.755611,On or near High Howe Lane,E01015308,Bournemouth 002C,Violence and sexual offences,Investigation complete; no suspect identified,
595525c2817af2f8482483b78905ece19afa8a304a94a4dd1f115dda537a6fe3,2018-08,Dorset Police,Dorset Police,-1.931742,50.757689,On or near Stillmore Road,E01015308,Bournemouth 002C,Violence and sexual offences,Unable to prosecute suspect,
b56ac95753df6dcc784692663cf305fc5691a711b2c65c4d87d0194252dd59a8,2018-08,Dorset Police,Dorset Police,-1.926410,50.758855,On or near Supermarket,E01015308,Bournemouth 002C,Violence and sexual offences,Unable to prosecute suspect,
0106854acf5fd42443f198f61e6de23800474eabd41148935ae371fa99e7c995,2018-08,Dorset Police,Dorset Police,-1.933969,50.757304,On or near Goldenleas Drive,E01015308,Bournemouth 002C,Violence and sexual offences,Unable to prosecute suspect,
,2018-08,Dorset Police,Dorset Police,-1.927365,50.764890,On or near Spicer Lane,E01015311,Bournemouth 002D,Anti-social behaviour,,
,2018-08,Dorset Police,Dorset Police,-1.925254,50.763674,On or near Deepdene Lane,E01015311,Bournemouth 002D,Anti-social behaviour,,
,2018-08,Dorset Police,Dorset Police,-1.920707,50.769112,On or near Marpet Close,E01015311,Bournemouth 002D,Anti-social behaviour,,
,2018-08,Dorset Police,Dorset Police,-1.928646,50.761329,On or near Meadow View Road,E01015311,Bournemouth 002D,Anti-social behaviour,,
716cfba1df6977a1c2628d4c23a7160c16460c494b8bc3d9439b0f4dc6bee835,2018-08,Dorset Police,Dorset Police,-1.921164,50.767664,On or near Lydwell Close,E01015311,Bournemouth 002D,Burglary,Investigation complete; no suspect identified,
1b0e1ee7d0ee9d9d6dcfa469e8d248db7441505e32e450f1dc42863adf45d81a,2018-08,Dorset Police,Dorset Police,-1.925254,50.763674,On or near Deepdene Lane,E01015311,Bournemouth 002D,Burglary,Investigation complete; no suspect identified,
390911dc6211845a979d6ab1b50fc321b4857c1fc7357af94c6872a03baaeeaa,2018-08,Dorset Police,Dorset Police,-1.927365,50.764890,On or near Spicer Lane,E01015311,Bournemouth 002D,Public order,Formal action is not in the public interest,
53e531052e0f1ef9f234451f18885e31f3c9b09e63dd7c584c6c8797478c2d35,2018-08,Dorset Police,Dorset Police,-1.925399,50.761741,On or near High Oaks Gardens,E01015311,Bournemouth 002D,Vehicle crime,Investigation complete; no suspect identified,
9f168848c4b66965b4a4fc32fbf05fb87a6cf9da3877c4abd3c280feb755c169,2018-08,Dorset Police,Dorset Police,-1.928646,50.761329,On or near Meadow View Road,E01015311,Bournemouth 002D,Violence and sexual offences,Unable to prosecute suspect,
,2018-08,Dorset Police,Dorset Police,-1.883913,50.767481,On or near A347,E01015332,Bournemouth 003A,Anti-social behaviour,,
a572c07385ed4e5459bed348852e036e4834669f31b00deacf4032001e654de2,2018-08,Dorset Police,Dorset Police,-1.883913,50.767481,On or near A347,E01015332,Bournemouth 003A,Public order,Unable to prosecute suspect,
,2018-08,Dorset Police,Dorset Police,-1.885913,50.761547,On or near Broadhurst Avenue,E01015333,Bournemouth 003B,Anti-social behaviour,,
2d8284cbf88b452badf16fb0bc27a1e880326278d9ec778a06258fe83795c4c2,2018-08,Dorset Police,Dorset Police,-1.885714,50.767356,On or near Supermarket,E01015333,Bournemouth 003B,Violence and sexual offences,Investigation complete; no suspect identified,
93dd8ba9b4da39d9df7839e8b1e1b71f6d133563620a891925023b90a097c2e8,2018-08,Dorset Police,Dorset Police,-1.886913,50.763940,On or near Dolphin Avenue,E01015333,Bournemouth 003B,Violence and sexual offences,Unable to prosecute suspect,
a6b0e22ea00d30d6cff4e5a5f6f31c5e7ee0d311249454fbd6c1c0c74976183c,2018-08,Dorset Police,Dorset Police,-1.885482,50.763597,On or near Brierley Road,E01015333,Bournemouth 003B,Violence and sexual offences,Formal action is not in the public interest,
b5f3bd22fd3361cbb5691c42ffe58c7a982cf5d560ac2735773c2244d14a5754,2018-08,Dorset Police,Dorset Police,-1.885714,50.767356,On or near Supermarket,E01015333,Bournemouth 003B,Violence and sexual offences,Unable to prosecute suspect,
c586f921e65d3c133183446f23540c45dcf158b452d3ebdc47974e7ae3c4c325,2018-08,Dorset Police,Dorset Police,-1.884975,50.762275,On or near Forton Close,E01015333,Bournemouth 003B,Violence and sexual offences,Unable to prosecute suspect,
,2018-08,Dorset Police,Dorset Police,-1.894324,50.759937,On or near Dowlands Road,E01015334,Bournemouth 003C,Anti-social behaviour,,
,2018-08,Dorset Police,Dorset Police,-1.894324,50.759937,On or near Dowlands Road,E01015334,Bournemouth 003C,Anti-social behaviour,,
,2018-08,Dorset Police,Dorset Police,-1.891764,50.763396,On or near Etches Close,E01015334,Bournemouth 003C,Anti-social behaviour,,
,2018-08,Dorset Police,Dorset Police,-1.894782,50.758031,On or near Green Lane,E01015334,Bournemouth 003C,Anti-social behaviour,,
,2018-08,Dorset Police,Dorset Police,-1.891764,50.763396,On or near Etches Close,E01015334,Bournemouth 003C,Anti-social behaviour,,
,2018-08,Dorset Police,Dorset Police,-1.890981,50.758549,On or near Abney Road,E01015334,Bournemouth 003C,Anti-social behaviour,,
ab56832f217badbf8b1131e646e8e62e429febcb1d930bafbf95aac52d21822e,2018-08,Dorset Police,Dorset Police,-1.894088,50.764082,On or near Western Close,E01015334,Bournemouth 003C,Burglary,Investigation complete; no suspect identified,
fbe70c16833c6925021beeaff648b3b58d66e2035f113d027b4a947c7233472d,2018-08,Dorset Police,Dorset Police,-1.894324,50.759937,On or near Dowlands Road,E01015334,Bournemouth 003C,Burglary,Investigation complete; no suspect identified,
3cf0bce845ffe873c17b89f517d0807bfbb932dd995a8ba14798e2fee038c4dc,2018-08,Dorset Police,Dorset Police,-1.891764,50.763396,On or near Etches Close,E01015334,Bournemouth 003C,Public order,Unable to prosecute suspect,
2fe84b4eceeb88ccfbf9cae98bcb93318410c635f01cc9e7a3806f1785268a0c,2018-08,Dorset Police,Dorset Police,-1.892868,50.764018,On or near Gillam Road,E01015334,Bournemouth 003C,Vehicle crime,Investigation complete; no suspect identified,
f6437256b081c9e428e27c60f57cc7bac114fd02b22605a25d7cfaae2c7db374,2018-08,Dorset Police,Dorset Police,-1.894088,50.764082,On or near Western Close,E01015334,Bournemouth 003C,Violence and sexual offences,Unable to prosecute suspect,
ed4cc90d67e54e0143e1c1c4202b1c221185d168c042fc304847d80a570c066c,2018-08,Dorset Police,Dorset Police,-1.894324,50.759937,On or near Dowlands Road,E01015334,Bournemouth 003C,Violence and sexual offences,Investigation complete; no suspect identified,
37b02243f904dc4679287217146b3295045a8124a828fcc51adbd69cb131404e,2018-08,Dorset Police,Dorset Police,-1.894088,50.764082,On or near Western Close,E01015334,Bournemouth 003C,Violence and sexual offences,Unable to prosecute suspect,
,2018-08,Dorset Police,Dorset Police,-1.884851,50.754910,On or near Redhill Close,E01015335,Bournemouth 003D,Anti-social behaviour,,
,2018-08,Dorset Police,Dorset Police,-1.884851,50.754910,On or near Redhill Close,E01015335,Bournemouth 003D,Anti-social behaviour,,
,2018-08,Dorset Police,Dorset Police,-1.891013,50.757101,On or near Doveshill Gardens,E01015335,Bournemouth 003D,Anti-social behaviour,,
c166e89bb6bdadb68554299031c50e5b8054fd4b3ed7bfff15acfce30ce542a0,2018-08,Dorset Police,Dorset Police,-1.882580,50.756301,On or near Coppice View,E01015335,Bournemouth 003D,Criminal damage and arson,Investigation complete; no suspect identified,
e47a0475e6993f6c7bdf5fd2e0381697fbdf525a67dffcf415dbf0a2dcad8129,2018-08,Dorset Police,Dorset Police,-1.885466,50.758480,On or near Broughton Avenue,E01015335,Bournemouth 003D,Other theft,Unable to prosecute suspect,
c3da2b97342da88173d9506f50e9b1960037e51bdb469296df120c59d518c60d,2018-08,Dorset Police,Dorset Police,-1.885406,50.754020,On or near Parkside Gardens,E01015335,Bournemouth 003D,Other theft,Investigation complete; no suspect identified,
f88edad1b1fecae8d42a19f4022c81231103b449b72242ae88fb4df3e5941cde,2018-08,Dorset Police,Dorset Police,-1.886696,50.754345,On or near Coombe Avenue,E01015335,Bournemouth 003D,Violence and sexual offences,Investigation complete; no suspect identified,
,2018-08,Dorset Police,Dorset Police,-1.886860,50.756521,On or near Samantha Close,E01015337,Bournemouth 003E,Anti-social behaviour,,
,2018-08,Dorset Police,Dorset Police,-1.886163,50.751926,On or near Redhill Drive,E01015337,Bournemouth 003E,Anti-social behaviour,,
,2018-08,Dorset Police,Dorset Police,-1.886319,50.751656,On or near Columbia Road,E01015337,Bournemouth 003E,Anti-social behaviour,,
67028f62df75ae29d04c76b7b9f2d74d9886964662d3dbdcf6d1bab9ca23f36f,2018-08,Dorset Police,Dorset Police,-1.886695,50.754633,On or near Coombe Avenue,E01015337,Bournemouth 003E,Criminal damage and arson,Investigation complete; no suspect identified,
722ad2e2605edacd9ac5f98c17523618807b0942ed74da44550be1c3a592f320,2018-08,Dorset Police,Dorset Police,-1.890936,50.753450,On or near Hendford Road,E01015337,Bournemouth 003E,Criminal damage and arson,Offender given community sentence,
3916d4a60fc21faecb87afb18e005e1f226eee1afa605f32e1729763215d9cc7,2018-08,Dorset Police,Dorset Police,-1.890936,50.753450,On or near Hendford Road,E01015337,Bournemouth 003E,Public order,Court result unavailable,
a4599e33d187db0bc165672a491bf66a3a874aaa28b1990d5029a354edbd5090,2018-08,Dorset Police,Dorset Police,-1.886319,50.751656,On or near Columbia Road,E01015337,Bournemouth 003E,Violence and sexual offences,Unable to prosecute suspect,
4f1478ef6df37bf753fc103ab93bae8ec2e6a7c46b192ff750c39a8d44f7cc00,2018-08,Dorset Police,Dorset Police,-1.890408,50.754942,On or near Barnes Road,E01015337,Bournemouth 003E,Violence and sexual offences,Unable to prosecute suspect,
,2018-08,Dorset Police,Dorset Police,-1.861171,50.751997,On or near Luckham Close,E01015343,Bournemouth 004A,Anti-social behaviour,,
,2018-08,Dorset Police,Dorset Police,-1.861171,50.751997,On or near Luckham Close,E01015343,Bournemouth 004A,Anti-social behaviour,,
,2018-08,Dorset Police,Dorset Police,-1.860549,50.751394,On or near Charminster Close,E01015343,Bournemouth 004A,Anti-social behaviour,,
e787445d8f2c0316e2e47edd1fe4f6197ddc91ced887e26c9d4c6e5a58f2f3de,2018-08,Dorset Police,Dorset Police,-1.864659,50.756849,On or near Petrol Station,E01015343,Bournemouth 004A,Bicycle theft,Investigation complete; no suspect identified,
c83dd91da80fa0b9ed779d18d24cf9ed48ff412943c3ba5039aa037a37f4a2c7,2018-08,Dorset Police,Dorset Police,-1.857764,50.753828,On or near Charminster Road,E01015343,Bournemouth 004A,Criminal damage and arson,Investigation complete; no suspect identified,
a17c115a6a65e1313f95784bdbc739e28b4a4d90f9fb2255be5d049be7827e29,2018-08,Dorset Police,Dorset Police,-1.863294,50.753394,On or near Townsville Road,E01015343,Bournemouth 004A,Criminal damage and arson,Investigation complete; no suspect identified,
2b01da1f8ec64300ab6771c2b7ea44787689b14fc3c140ffde53edb4e24e68d2,2018-08,Dorset Police,Dorset Police,-1.864659,50.756849,On or near Petrol Station,E01015343,Bournemouth 004A,Other theft,Unable to prosecute suspect,
ef78f5779cf5e05ebe6e0988b33aab1a6d8cc8f032551ed08af7a36992c44172,2018-08,Dorset Police,Dorset Police,-1.864659,50.756849,On or near Petrol Station,E01015343,Bournemouth 004A,Other theft,Investigation complete; no suspect identified,
5dc42688e2675b957ebd61ba0bb9941f72ecd105aaa05ac1201a4698897a5ae3,2018-08,Dorset Police,Dorset Police,-1.860630,50.752986,On or near Luckham Road,E01015343,Bournemouth 004A,Vehicle crime,Offender given a caution,
7ced9593019ae02db5d3a4dea6bc098ba9b3182d98f0b72fa6f0e4847cf464db,2018-08,Dorset Police,Dorset Police,-1.860549,50.751394,On or near Charminster Close,E01015343,Bournemouth 004A,Violence and sexual offences,Action to be taken by another organisation,
6d4c4087a0436805abcf0e3b25428d0d13205bb1db994d1e124e8b692983587a,2018-08,Dorset Police,Dorset Police,-1.857764,50.753828,On or near Charminster Road,E01015343,Bournemouth 004A,Violence and sexual offences,Unable to prosecute suspect,
fac898924a46cca4648d14b5bd46af6cf1417ebc26184b1c18d3e4cadffbb404,2018-08,Dorset Police,Dorset Police,-1.861171,50.751997,On or near Luckham Close,E01015343,Bournemouth 004A,Violence and sexual offences,Action to be taken by another organisation,
654fce32e8028c754d935a0752058f217cd4598fcec6f76dae160b2a869d3f83,2018-08,Dorset Police,Dorset Police,-1.863294,50.753394,On or near Townsville Road,E01015343,Bournemouth 004A,Violence and sexual offences,Unable to prosecute suspect,
,2018-08,Dorset Police,Dorset Police,-1.858442,50.759161,On or near Gillingham Close,E01015349,Bournemouth 004B,Anti-social behaviour,,
,2018-08,Dorset Police,Dorset Police,-1.858211,50.755897,On or near Sports/Recreation Area,E01015349,Bournemouth 004B,Anti-social behaviour,,
,2018-08,Dorset Police,Dorset Police,-1.858442,50.759161,On or near Gillingham Close,E01015349,Bournemouth 004B,Anti-social behaviour,,
955f14aad9bc1f279a0d3284d8017ee8a18fd65d8e5e06242d0a4d5e777a2a19,2018-08,Dorset Police,Dorset Police,-1.860449,50.756619,On or near Gunville Crescent,E01015349,Bournemouth 004B,Violence and sexual offences,Court result unavailable,
,2018-08,Dorset Police,Dorset Police,-1.859186,50.761824,On or near Tynedale Close,E01015351,Bournemouth 004C,Anti-social behaviour,,
,2018-08,Dorset Police,Dorset Police,-1.859580,50.758066,On or near Durweston Close,E01015351,Bournemouth 004C,Anti-social behaviour,,
,2018-08,Dorset Police,Dorset Police,-1.859580,50.758066,On or near Durweston Close,E01015351,Bournemouth 004C,Anti-social behaviour,,
,2018-08,Dorset Police,Dorset Police,-1.859580,50.758066,On or near Durweston Close,E01015351,Bournemouth 004C,Anti-social behaviour,,
,2018-08,Dorset Police,Dorset Police,-1.859580,50.758066,On or near Durweston Close,E01015351,Bournemouth 004C,Anti-social behaviour,,
821740308c49a4a852709fc9ea224dd988e9871d73a223d61429cb99a0adf3bf,2018-08,Dorset Police,Dorset Police,-1.860847,50.761008,On or near Tolpuddle Gardens,E01015351,Bournemouth 004C,Burglary,Investigation complete; no suspect identified,
30b9a0b4ced9a9d48f6c7fdae157572caeb9892a6d6321cf211795165d8526b3,2018-08,Dorset Police,Dorset Police,-1.864618,50.761084,On or near Cox Close,E01015351,Bournemouth 004C,Criminal damage and arson,Investigation complete; no suspect identified,
5c52393ba73f6df8760f963a08d0e0649bc90bef7cade5f0579856ac5dee24a0,2018-08,Dorset Police,Dorset Police,-1.859186,50.761824,On or near Tynedale Close,E01015351,Bournemouth 004C,Other theft,Investigation complete; no suspect identified,
826a2fb8603913d04fd7f7cbb37afcd3d69ea5b4a26729b9e5cf5dbd0636cb5f,2018-08,Dorset Police,Dorset Police,-1.859580,50.758066,On or near Durweston Close,E01015351,Bournemouth 004C,Other theft,Investigation complete; no suspect identified,
c68eda382cb21fb1869e2a4ac016a1ba195e0f8c887dd86cfb0fe454bd0502a5,2018-08,Dorset Police,Dorset Police,-1.859772,50.760242,On or near Sports/Recreation Area,E01015351,Bournemouth 004C,Robbery,Investigation complete; no suspect identified,
7a543c53e66dc67ecac40fcfbe9aebd198a4faf721c0324dbbaa8add335e1bde,2018-08,Dorset Police,Dorset Police,-1.863909,50.761317,On or near Moreton Road,E01015351,Bournemouth 004C,Vehicle crime,Investigation complete; no suspect identified,
6c3b68deb442c55cf146b1ca63dbfe303b7ce6c42e0ec7839ce79ffced044908,2018-08,Dorset Police,Dorset Police,-1.862831,50.761325,On or near Iwerne Close,E01015351,Bournemouth 004C,Vehicle crime,Investigation complete; no suspect identified,
07cb1973fd4b99570ee8860611ae79fc697fc2d408d4705a5e73fbd88b2d86e3,2018-08,Dorset Police,Dorset Police,-1.860371,50.759110,On or near Cucklington Gardens,E01015351,Bournemouth 004C,Violence and sexual offences,Investigation complete; no suspect identified,
b531f722babca72c675e9919958b5e72706782044ae75b0cc77768173ff322ae,2018-08,Dorset Police,Dorset Police,-1.851322,50.755744,On or near Hungerford Road,E01015352,Bournemouth 004D,Other theft,Investigation complete; no suspect identified,
ac987e336aaa54858ef84e90b51062a67abaaa326e5ae5a1994461d16a20360a,2018-08,Dorset Police,Dorset Police,-1.854867,50.760146,On or near Bradford Road,E01015352,Bournemouth 004D,Vehicle crime,Investigation complete; no suspect identified,
7d16bbfb70d77fddfd54dc4a8efdf0849a44e99915998963a8069c1c4f519edb,2018-08,Dorset Police,Dorset Police,-1.856798,50.759186,On or near Charlton Close,E01015352,Bournemouth 004D,Violence and sexual offences,Unable to prosecute suspect,
,2018-08,Dorset Police,Dorset Police,-1.848370,50.756874,On or near Dibden Close,E01015353,Bournemouth 004E,Anti-social behaviour,,
,2018-08,Dorset Police,Dorset Police,-1.846400,50.756421,On or near Cadnam Way,E01015353,Bournemouth 004E,Anti-social behaviour,,
,2018-08,Dorset Police,Dorset Police,-1.848370,50.756874,On or near Dibden Close,E01015353,Bournemouth 004E,Anti-social behaviour,,
,2018-08,Dorset Police,Dorset Police,-1.848211,50.757638,On or near Blackfield Road,E01015353,Bournemouth 004E,Anti-social behaviour,,
,2018-08,Dorset Police,Dorset Police,-1.848370,50.756874,On or near Dibden Close,E01015353,Bournemouth 004E,Anti-social behaviour,,
,2018-08,Dorset Police,Dorset Police,-1.845450,50.756456,On or near Axford Close,E01015353,Bournemouth 004E,Anti-social behaviour,,
9a3a2161fad9cc1dcdc857c1b015ffcfa888906bc720bb7e82d11d876895dec8,2018-08,Dorset Police,Dorset Police,-1.848211,50.757638,On or near Blackfield Road,E01015353,Bournemouth 004E,Other theft,Unable to prosecute suspect,
,2018-08,Dorset Police,Dorset Police,-1.847403,50.753419,On or near Landford Way,E01015354,Bournemouth 004F,Anti-social behaviour,,
,2018-08,Dorset Police,Dorset Police,-1.848108,50.754580,On or near Shawford Road,E01015354,Bournemouth 004F,Anti-social behaviour,,
,2018-08,Dorset Police,Dorset Police,-1.846919,50.753904,On or near Landford Gardens,E01015354,Bournemouth 004F,Anti-social behaviour,,
,2018-08,Dorset Police,Dorset Police,-1.852641,50.755494,On or near Seagrim Road,E01015354,Bournemouth 004F,Anti-social behaviour,,
,2018-08,Dorset Police,Dorset Police,-1.848321,50.754374,On or near Shawford Gardens,E01015354,Bournemouth 004F,Anti-social behaviour,,
f55065b3344850ec3d5c2a45c1edd8f61a95e45088973a09d8a9d16ad2ebdf14,2018-08,Dorset Police,Dorset Police,-1.847350,50.752124,On or near Tytherley Green,E01015354,Bournemouth 004F,Burglary,Investigation complete; no suspect identified,
01cada09f63da5f95111ced87ec639223929d4ef115bede5e551f621bcef34ea,2018-08,Dorset Police,Dorset Police,-1.851161,50.752750,On or near Mill Road (South),E01015354,Bournemouth 004F,Violence and sexual offences,Local resolution,
cab5828fd038cb3a20277b138ec4b1cc85a94c56b4438f25118967dd17fafe41,2018-08,Dorset Police,Dorset Police,-1.845657,50.753866,On or near Sway Gardens,E01015354,Bournemouth 004F,Violence and sexual offences,Unable to prosecute suspect,
,2018-08,Dorset Police,Dorset Police,-1.915431,50.753749,On or near Turbary Park Avenue,E01015307,Bournemouth 005A,Anti-social behaviour,,
,2018-08,Dorset Police,Dorset Police,-1.920583,50.758851,On or near Frost Road,E01015307,Bournemouth 005A,Anti-social behaviour,,
,2018-08,Dorset Police,Dorset Police,-1.915431,50.753749,On or near Turbary Park Avenue,E01015307,Bournemouth 005A,Anti-social behaviour,,
,2018-08,Dorset Police,Dorset Police,-1.915431,50.753749,On or near Turbary Park Avenue,E01015307,Bournemouth 005A,Anti-social behaviour,,
,2018-08,Dorset Police,Dorset Police,-1.920583,50.758851,On or near Frost Road,E01015307,Bournemouth 005A,Anti-social behaviour,,
,2018-08,Dorset Police,Dorset Police,-1.911902,50.753764,On or near Lydford Gardens,E01015307,Bournemouth 005A,Anti-social behaviour,,
,2018-08,Dorset Police,Dorset Police,-1.915431,50.753749,On or near Turbary Park Avenue,E01015307,Bournemouth 005A,Anti-social behaviour,,
,2018-08,Dorset Police,Dorset Police,-1.915431,50.753749,On or near Turbary Park Avenue,E01015307,Bournemouth 005A,Anti-social behaviour,,
5c236ce5993dd4d5ead19cb8ba20ca7dcf56ffa47d202e0fb871abc58c0d67e7,2018-08,Dorset Police,Dorset Police,-1.911902,50.753764,On or near Lydford Gardens,E01015307,Bournemouth 005A,Burglary,Unable to prosecute suspect,
1d1c59a80ca428bc2787a4b6992a44697ed18f95010d215c36bfd4ce0c6e1d92,2018-08,Dorset Police,Dorset Police,-1.922259,50.756874,On or near Elliott Road,E01015307,Bournemouth 005A,Burglary,Unable to prosecute suspect,
f2c15ee58db757a76de7b5cff8f82505f65759a532b37164d338d50b0e3e24db,2018-08,Dorset Police,Dorset Police,-1.917001,50.756169,On or near Batchelor Crescent,E01015307,Bournemouth 005A,Criminal damage and arson,Unable to prosecute suspect,
3306caafa2fd23f3be8c6710959cc60c8fc4282284a81c3a56edf2d669172c46,2018-08,Dorset Police,Dorset Police,-1.915431,50.753749,On or near Turbary Park Avenue,E01015307,Bournemouth 005A,Criminal damage and arson,Court result unavailable,
534b617f00f593a4659c978ace64bb69ba75b76bb6a6e38a4ff140be9d9b1894,2018-08,Dorset Police,Dorset Police,-1.920953,50.758204,On or near Kimber Road,E01015307,Bournemouth 005A,Criminal damage and arson,Investigation complete; no suspect identified,
9f8dc10457fbcdd75d3340c8a27a7ad9aef424c4ff3c0698f883c63385b3008e,2018-08,Dorset Police,Dorset Police,-1.920583,50.758851,On or near Frost Road,E01015307,Bournemouth 005A,Criminal damage and arson,Investigation complete; no suspect identified,
5bd67b0eb63d7a1f6617c78695622084dfe8e26506681ec145efe3813c888610,2018-08,Dorset Police,Dorset Police,-1.917001,50.756169,On or near Batchelor Crescent,E01015307,Bournemouth 005A,Other theft,Investigation complete; no suspect identified,
bb07bf35ba15819871bc278b06f3650e1a52c19fd536fa90c3d6bcc82d762498,2018-08,Dorset Police,Dorset Police,-1.915431,50.753749,On or near Turbary Park Avenue,E01015307,Bournemouth 005A,Other theft,Investigation complete; no suspect identified,
2c515dde9cb94bbe927c3147336db4408c6dfce2f8405483bc31460e036fe607,2018-08,Dorset Police,Dorset Police,-1.922259,50.756874,On or near Elliott Road,E01015307,Bournemouth 005A,Vehicle crime,Investigation complete; no suspect identified,
a12170599b63a308eaf83892d1a6e44ff345e6464b82ea1c246243552683534a,2018-08,Dorset Police,Dorset Police,-1.920583,50.758851,On or near Frost Road,E01015307,Bournemouth 005A,Vehicle crime,Investigation complete; no suspect identified,
99142382d88e32478b8178bba44acb56a9ecb18045d796c674fd513b34e8ebd7,2018-08,Dorset Police,Dorset Police,-1.915431,50.753749,On or near Turbary Park Avenue,E01015307,Bournemouth 005A,Vehicle crime,Unable to prosecute suspect,
f222f9ec759adbad0ded0d560a0cee9bcd16a866dbba0430661394461eeb4640,2018-08,Dorset Police,Dorset Police,-1.911902,50.753764,On or near Lydford Gardens,E01015307,Bournemouth 005A,Violence and sexual offences,Unable to prosecute suspect,
09cbbc6ba3c7cda49a7453791b23016234b4fbc9c815aa22c3701dca1a57613d,2018-08,Dorset Police,Dorset Police,-1.922259,50.756874,On or near Elliott Road,E01015307,Bournemouth 005A,Violence and sexual offences,Action to be taken by another organisation,
f2e59aca24fc0c6566b81a2e7d24c433ede9127849e4c5479a3d994fbb4a62ae,2018-08,Dorset Police,Dorset Police,-1.915431,50.753749,On or near Turbary Park Avenue,E01015307,Bournemouth 005A,Violence and sexual offences,Defendant found not guilty,
d4da6c6fdd2d0962b75a8011ecb58d604a1b9b6c7052e33eb81100678fe560fc,2018-08,Dorset Police,Dorset Police,-1.917001,50.756169,On or near Batchelor Crescent,E01015307,Bournemouth 005A,Violence and sexual offences,Unable to prosecute suspect,
19b10f19860b8897830cda4e1aaf854ba6e9633930b589932ffc729065bb4514,2018-08,Dorset Police,Dorset Police,-1.915431,50.753749,On or near Turbary Park Avenue,E01015307,Bournemouth 005A,Violence and sexual offences,Court result unavailable,
61b77b38af0dc46d2b2e6914bc3ca4216a2134a9ae4bd7e9b24deaf7402d3f52,2018-08,Dorset Police,Dorset Police,-1.917001,50.756169,On or near Batchelor Crescent,E01015307,Bournemouth 005A,Violence and sexual offences,Unable to prosecute suspect,
fa2da402387c477e0683d04c0b35d6f49270547065c1f3edb331516cc11e3c0f,2018-08,Dorset Police,Dorset Police,-1.915431,50.753749,On or near Turbary Park Avenue,E01015307,Bournemouth 005A,Violence and sexual offences,Offender given community sentence,
89aded3b1b74d3acf26ef9cdbedf6293166a4edb09a8c7a0ab93033df495cc3c,2018-08,Dorset Police,Dorset Police,-1.915431,50.753749,On or near Turbary Park Avenue,E01015307,Bournemouth 005A,Violence and sexual offences,Offender given community sentence,
f834da8781d5fca1e554e2b41e2d79a1b423c25635797b877e1bb3d8f3a5ac77,2018-08,Dorset Police,Dorset Police,-1.915431,50.753749,On or near Turbary Park Avenue,E01015307,Bournemouth 005A,Violence and sexual offences,Court result unavailable,
d93f8cde4aa12fb2849c0602b9435610be3ffcb4270bca3b83457c6f9ec0f44d,2018-08,Dorset Police,Dorset Police,-1.917001,50.756169,On or near Batchelor Crescent,E01015307,Bournemouth 005A,Other crime,Unable to prosecute suspect,
,2018-08,Dorset Police,Dorset Police,-1.909216,50.757341,On or near Cunningham Crescent,E01015309,Bournemouth 005B,Anti-social behaviour,,
,2018-08,Dorset Police,Dorset Police,-1.909216,50.757341,On or near Cunningham Crescent,E01015309,Bournemouth 005B,Anti-social behaviour,,
,2018-08,Dorset Police,Dorset Police,-1.913111,50.759035,On or near Pilot Hight Road,E01015309,Bournemouth 005B,Anti-social behaviour,,
,2018-08,Dorset Police,Dorset Police,-1.909216,50.757341,On or near Cunningham Crescent,E01015309,Bournemouth 005B,Anti-social behaviour,,
,2018-08,Dorset Police,Dorset Police,-1.909216,50.757341,On or near Cunningham Crescent,E01015309,Bournemouth 005B,Anti-social behaviour,,
,2018-08,Dorset Police,Dorset Police,-1.909216,50.757341,On or near Cunningham Crescent,E01015309,Bournemouth 005B,Anti-social behaviour,,
,2018-08,Dorset Police,Dorset Police,-1.909216,50.757341,On or near Cunningham Crescent,E01015309,Bournemouth 005B,Anti-social behaviour,,
,2018-08,Dorset Police,Dorset Police,-1.913585,50.755744,On or near Coleman Road,E01015309,Bournemouth 005B,Anti-social behaviour,,
,2018-08,Dorset Police,Dorset Police,-1.911714,50.755293,On or near Sports/Recreation Area,E01015309,Bournemouth 005B,Anti-social behaviour,,
,2018-08,Dorset Police,Dorset Police,-1.909216,50.757341,On or near Cunningham Crescent,E01015309,Bournemouth 005B,Anti-social behaviour,,
,2018-08,Dorset Police,Dorset Police,-1.909216,50.757341,On or near Cunningham Crescent,E01015309,Bournemouth 005B,Anti-social behaviour,,
,2018-08,Dorset Police,Dorset Police,-1.909216,50.757341,On or near Cunningham Crescent,E01015309,Bournemouth 005B,Anti-social behaviour,,
187ebf7e07ce646b44d2a9db2bf76dc4427703f6f84f9242828ddfe8ba31d27a,2018-08,Dorset Police,Dorset Police,-1.914446,50.758056,On or near Springwater Road,E01015309,Bournemouth 005B,Bicycle theft,Investigation complete; no suspect identified,
15af976606798321d07fb7e35a1c37b4ba6b79ce316777e8d8176eab4867fbdd,2018-08,Dorset Police,Dorset Police,-1.907902,50.754669,On or near Willow Tree Rise,E01015309,Bournemouth 005B,Criminal damage and arson,Investigation complete; no suspect identified,
0d5171f2a2d7f0fa5d4ffecfa68505338fbae883ebd780db4d7c8d92cfb070b2,2018-08,Dorset Police,Dorset Police,-1.912596,50.753999,On or near Lydford Road,E01015309,Bournemouth 005B,Criminal damage and arson,Investigation complete; no suspect identified,
227387d5f11012e2f415d8bd3d056dc836c413768ef39034b0d100b30ea89945,2018-08,Dorset Police,Dorset Police,-1.909216,50.757341,On or near Cunningham Crescent,E01015309,Bournemouth 005B,Criminal damage and arson,Offender ordered to pay compensation,
71e54d035037b770a3d2248ee042f367013a1048ebf40eae0a441d9912b74f3f,2018-08,Dorset Police,Dorset Police,-1.909216,50.757341,On or near Cunningham Crescent,E01015309,Bournemouth 005B,Violence and sexual offences,Unable to prosecute suspect,
fe297cae6673e907e728cdcecad45ee07d7a01588ca99a623966356a0e2e113d,2018-08,Dorset Police,Dorset Police,-1.909216,50.757341,On or near Cunningham Crescent,E01015309,Bournemouth 005B,Violence and sexual offences,Unable to prosecute suspect,
fdb06b2216bd8c1182a06d2ff3fe0cd182fef8bbcc0a3567d385289e16b49d9c,2018-08,Dorset Police,Dorset Police,-1.909216,50.757341,On or near Cunningham Crescent,E01015309,Bournemouth 005B,Violence and sexual offences,Unable to prosecute suspect,
,2018-08,Dorset Police,Dorset Police,-1.917732,50.759713,On or near Nutley Close,E01015312,Bournemouth 005C,Anti-social behaviour,,
,2018-08,Dorset Police,Dorset Police,-1.918783,50.758373,On or near Hall Road,E01015312,Bournemouth 005C,Anti-social behaviour,,
,2018-08,Dorset Police,Dorset Police,-1.922323,50.761343,On or near Cherrett Close,E01015312,Bournemouth 005C,Anti-social behaviour,,
,2018-08,Dorset Police,Dorset Police,-1.918676,50.762699,On or near Duck Lane,E01015312,Bournemouth 005C,Anti-social behaviour,,
6655d936780b5d2e308d03594f20b31e414bee74e94291fb34716aa914ac2d9c,2018-08,Dorset Police,Dorset Police,-1.917426,50.764299,On or near Holloway Avenue,E01015312,Bournemouth 005C,Criminal damage and arson,Unable to prosecute suspect,
d482693157bfd2fb8dd9da19000d1753085ed04ca029720ca90f2e8938d71e22,2018-08,Dorset Police,Dorset Police,-1.918783,50.758373,On or near Hall Road,E01015312,Bournemouth 005C,Criminal damage and arson,Offender given a caution,
15520417c0346154c7bfa93df4bbb2320f8c8ef3cff5274c8edb0ef5ebd8da73,2018-08,Dorset Police,Dorset Police,-1.918676,50.762699,On or near Duck Lane,E01015312,Bournemouth 005C,Other theft,Investigation complete; no suspect identified,
dbaac6f81695ebd024225f7234a2a37d4285e2f08b294251eabf84fc75c8dc8f,2018-08,Dorset Police,Dorset Police,-1.917732,50.759713,On or near Nutley Close,E01015312,Bournemouth 005C,Public order,Unable to prosecute suspect,
9a4a3122cadbb678d4eb66527a2b60eccae5f019fc3be02c58e926e3524ff586,2018-08,Dorset Police,Dorset Police,-1.912822,50.761885,On or near April Close,E01015312,Bournemouth 005C,Vehicle crime,Investigation complete; no suspect identified,
65b8b46e2afad0db34124f2d09933635cf3417e0775188b6b3e1197611586145,2018-08,Dorset Police,Dorset Police,-1.918676,50.762699,On or near Duck Lane,E01015312,Bournemouth 005C,Violence and sexual offences,Offender given a caution,
9b9b161e300eafaccfa3383e0cd94911dd171eb985404c3f2739707106479064,2018-08,Dorset Police,Dorset Police,-1.918676,50.762699,On or near Duck Lane,E01015312,Bournemouth 005C,Violence and sexual offences,Unable to prosecute suspect,
1da0018211f9b41bca7202c762f953fa157654dfaad57756d4b4458c27e00a7d,2018-08,Dorset Police,Dorset Police,-1.918783,50.758373,On or near Hall Road,E01015312,Bournemouth 005C,Violence and sexual offences,Unable to prosecute suspect,
47a870b85db9eca6bfa44db1101bef665aec078c48ccada0554f896b9a4fa6bb,2018-08,Dorset Police,Dorset Police,-1.918676,50.762699,On or near Duck Lane,E01015312,Bournemouth 005C,Violence and sexual offences,Unable to prosecute suspect,
cba277a8bcca61a391a862430b13ac892a464eaa5477a844813dc7056a143685,2018-08,Dorset Police,Dorset Police,-1.918676,50.762699,On or near Duck Lane,E01015312,Bournemouth 005C,Violence and sexual offences,Unable to prosecute suspect,
,2018-08,Dorset Police,Dorset Police,-1.910900,50.758772,On or near Cunningham Close,E01015313,Bournemouth 005D,Anti-social behaviour,,
,2018-08,Dorset Police,Dorset Police,-1.909055,50.759607,On or near Hanlon Close,E01015313,Bournemouth 005D,Anti-social behaviour,,
,2018-08,Dorset Police,Dorset Police,-1.906698,50.761350,On or near South Kinson Drive,E01015313,Bournemouth 005D,Anti-social behaviour,,
,2018-08,Dorset Police,Dorset Police,-1.909055,50.759607,On or near Hanlon Close,E01015313,Bournemouth 005D,Anti-social behaviour,,
,2018-08,Dorset Police,Dorset Police,-1.911366,50.759465,On or near Moore Avenue,E01015313,Bournemouth 005D,Anti-social behaviour,,
,2018-08,Dorset Police,Dorset Police,-1.911340,50.758521,On or near Cunningham Place,E01015313,Bournemouth 005D,Anti-social behaviour,,
0d43a22ea22f249c0415a090c0723ab04b9a0f9b177590c6a4451ae8503ddd22,2018-08,Dorset Police,Dorset Police,-1.911340,50.758521,On or near Cunningham Place,E01015313,Bournemouth 005D,Criminal damage and arson,Investigation complete; no suspect identified,
1c42547dc5588b91911898790088cff4fc3237d067cc93e5cdb50cc4c95db8d2,2018-08,Dorset Police,Dorset Police,-1.911340,50.758521,On or near Cunningham Place,E01015313,Bournemouth 005D,Criminal damage and arson,Local resolution,
07655b622165ac3927cb62f0c78a47ccabdf8d8bf01346856622e9d9355cdea3,2018-08,Dorset Police,Dorset Police,-1.911340,50.758521,On or near Cunningham Place,E01015313,Bournemouth 005D,Criminal damage and arson,Unable to prosecute suspect,
3ad8353337885180a2aec0edbce5969a44a383ad8109e0fea6da1b35ac254d35,2018-08,Dorset Police,Dorset Police,-1.910900,50.758772,On or near Cunningham Close,E01015313,Bournemouth 005D,Criminal damage and arson,Investigation complete; no suspect identified,
28151d6067dbf10c7fc6e46ef309a31efe884a2e41760a1b03b0a7d44eae94e3,2018-08,Dorset Police,Dorset Police,-1.905879,50.759866,On or near Wavell Road,E01015313,Bournemouth 005D,Criminal damage and arson,Offender given a caution,
f0c3f05a0a07b30e8f04eef53cb6dc72308f680735b14762e6d0de10d56b1a76,2018-08,Dorset Police,Dorset Police,-1.909055,50.759607,On or near Hanlon Close,E01015313,Bournemouth 005D,Criminal damage and arson,Status update unavailable,
50ddde4ae3207e841602ab94e652e0e38b44f77d46c5ff5823e3b0e0fe9fe20b,2018-08,Dorset Police,Dorset Police,-1.911340,50.758521,On or near Cunningham Place,E01015313,Bournemouth 005D,Criminal damage and arson,Offender given a caution,
2b346be1419104c6597119b69e0233c5934a19a66df1598bd0e0b1e30ae67603,2018-08,Dorset Police,Dorset Police,-1.909636,50.760048,On or near Grower Gardens,E01015313,Bournemouth 005D,Public order,Unable to prosecute suspect,
5f65173ed6c5ae83db063970851e291f65b31d4f2fd2ea9728302299caaea21b,2018-08,Dorset Police,Dorset Police,-1.905879,50.759866,On or near Wavell Road,E01015313,Bournemouth 005D,Public order,Offender given a caution,
b39f2e19bb1ac2e111fd48e006babe486ad4c32e4bb1908f58d485b8eb004ec3,2018-08,Dorset Police,Dorset Police,-1.905879,50.759866,On or near Wavell Road,E01015313,Bournemouth 005D,Vehicle crime,Investigation complete; no suspect identified,
897f6b91c55412dd6299d11e5cfa26bc3b89e7f70c0f79e9979cf09249cf7a4b,2018-08,Dorset Police,Dorset Police,-1.906671,50.760685,On or near Rochester Road,E01015313,Bournemouth 005D,Vehicle crime,Investigation complete; no suspect identified,
730d9c3c1eda25b0ff0905e55073678b698c091f44e08937d53030040b2f5cf2,2018-08,Dorset Police,Dorset Police,-1.906671,50.760685,On or near Rochester Road,E01015313,Bournemouth 005D,Violence and sexual offences,Unable to prosecute suspect,
987da8563288d950fa916428084195de8343c27d2e0ce0f4809395067e797b0a,2018-08,Dorset Police,Dorset Police,-1.907791,50.760739,On or near Ritchie Road,E01015313,Bournemouth 005D,Violence and sexual offences,Offender given suspended prison sentence,
a17f0fc9a6290c31f9b1d83125c6f07de77fe7d30f2eb2efa76bb139fb86270d,2018-08,Dorset Police,Dorset Police,-1.905879,50.759866,On or near Wavell Road,E01015313,Bournemouth 005D,Violence and sexual offences,Unable to prosecute suspect,
,2018-08,Dorset Police,Dorset Police,-1.918995,50.750577,On or near Downey Close,E01015359,Bournemouth 005E,Anti-social behaviour,,
,2018-08,Dorset Police,Dorset Police,-1.918995,50.750577,On or near Downey Close,E01015359,Bournemouth 005E,Anti-social behaviour,,
,2018-08,Dorset Police,Dorset Police,-1.907096,50.746719,On or near Ridout Close,E01015359,Bournemouth 005E,Anti-social behaviour,,
,2018-08,Dorset Police,Dorset Police,-1.918995,50.750577,On or near Downey Close,E01015359,Bournemouth 005E,Anti-social behaviour,,
,2018-08,Dorset Police,Dorset Police,-1.912142,50.746750,On or near Bryant Road,E01015359,Bournemouth 005E,Anti-social behaviour,,
,2018-08,Dorset Police,Dorset Police,-1.909591,50.746622,On or near Supermarket,E01015359,Bournemouth 005E,Anti-social behaviour,,
,2018-08,Dorset Police,Dorset Police,-1.918995,50.750577,On or near Downey Close,E01015359,Bournemouth 005E,Anti-social behaviour,,
d8a3848a29a763876cab220095dbfc2105dbda25c5664697333f32b082dce1e1,2018-08,Dorset Police,Dorset Police,-1.912142,50.746750,On or near Bryant Road,E01015359,Bournemouth 005E,Bicycle theft,Investigation complete; no suspect identified,
8fb3f8e2c93bea852d02ad2472fa8bd69188aecba3495b8112ecc4342d0d2080,2018-08,Dorset Police,Dorset Police,-1.910338,50.748466,On or near Canford Gardens,E01015359,Bournemouth 005E,Burglary,Investigation complete; no suspect identified,
6c7544ebf3f6679c21f1fa43ceef9d1e392be7d2e4624c0c3c3ebc840a7db1cd,2018-08,Dorset Police,Dorset Police,-1.910338,50.748466,On or near Canford Gardens,E01015359,Bournemouth 005E,Burglary,Investigation complete; no suspect identified,
3f059b4a6e96c419cbb1aa6da0c41bf9a63a728f9e684bcfee280d932c6c79b8,2018-08,Dorset Police,Dorset Police,-1.915312,50.749378,On or near Highmoor Road,E01015359,Bournemouth 005E,Criminal damage and arson,Unable to prosecute suspect,
a564b39b30ee8fd33a1df437f97cde41b1fa43f3af54484ec4c18bc274dfbae6,2018-08,Dorset Police,Dorset Police,-1.913370,50.749395,On or near Walliscott Road,E01015359,Bournemouth 005E,Criminal damage and arson,Investigation complete; no suspect identified,
e375515194dfd5c965c4c62b61433ab460b887d9b23f2f61a23f592a3eb28d5b,2018-08,Dorset Police,Dorset Police,-1.913370,50.749395,On or near Walliscott Road,E01015359,Bournemouth 005E,Criminal damage and arson,Court result unavailable,
024047337c2a1cb652816e7d728fd2087a4dd22680a925d5ca5c8b554e766624,2018-08,Dorset Police,Dorset Police,-1.912142,50.746750,On or near Bryant Road,E01015359,Bournemouth 005E,Other theft,Investigation complete; no suspect identified,
161ccf3dec03cd0a5e2f1e85d747ff2fc02c198329e1ca286c996c96df687f0f,2018-08,Dorset Police,Dorset Police,-1.907096,50.746719,On or near Ridout Close,E01015359,Bournemouth 005E,Public order,Formal action is not in the public interest,
94af528b30b6e3099b84400263479a0d77e734932747cc300c923578180bf37f,2018-08,Dorset Police,Dorset Police,-1.912142,50.746750,On or near Bryant Road,E01015359,Bournemouth 005E,Public order,Investigation complete; no suspect identified,
1306c393c3fd629b5e4d865fdc28f628381f865b4b9e98e61ab785477282b690,2018-08,Dorset Police,Dorset Police,-1.915312,50.749378,On or near Highmoor Road,E01015359,Bournemouth 005E,Public order,Further investigation is not in the public interest,
7e1a11245b2ec2abb8262b23283d9a3f339344566fc2915d526959459f2e2632,2018-08,Dorset Police,Dorset Police,-1.912142,50.746750,On or near Bryant Road,E01015359,Bournemouth 005E,Public order,Unable to prosecute suspect,
6c4f2a60ba370e80b76bf6bbe837e7a1cc8b3f248e273cbf66d3ced76542e8d5,2018-08,Dorset Police,Dorset Police,-1.918995,50.750577,On or near Downey Close,E01015359,Bournemouth 005E,Public order,Action to be taken by another organisation,
7f01a7903b0118d3ad7feaae639baf93509fe12a35b3e724969b7144a8a53a22,2018-08,Dorset Police,Dorset Police,-1.909591,50.746622,On or near Supermarket,E01015359,Bournemouth 005E,Violence and sexual offences,Offender sent to prison,
f86429f9762ee648d26f9f523bb86e3ad6449262ce0f4552dafdfcab2044f6d5,2018-08,Dorset Police,Dorset Police,-1.910934,50.748098,On or near Canford Road,E01015359,Bournemouth 005E,Violence and sexual offences,Unable to prosecute suspect,
7311797616afd989629945f876edc37dc9c0fc2530df911f402b4e86ab4f3a13,2018-08,Dorset Police,Dorset Police,-1.910934,50.748098,On or near Canford Road,E01015359,Bournemouth 005E,Violence and sexual offences,Unable to prosecute suspect,
caf5567f577552101b125d7cae0537a462021244f768a05dab22f2262ac03665,2018-08,Dorset Police,Dorset Police,-1.918995,50.750577,On or near Downey Close,E01015359,Bournemouth 005E,Violence and sexual offences,Unable to prosecute suspect,
f1bb5d2dab636bc9bf7e3d6f5d96273e0d58ef50a2623ed3cd7a24ebfd90ea6b,2018-08,Dorset Police,Dorset Police,-1.921277,50.750740,On or near Ivamy Place,E01015359,Bournemouth 005E,Violence and sexual offences,Unable to prosecute suspect,
331e4a15d7f34ab573ee04f57ef1358ddce8e913779f9cc3106466ca4e834cab,2018-08,Dorset Police,Dorset Police,-1.912142,50.746750,On or near Bryant Road,E01015359,Bournemouth 005E,Violence and sexual offences,Investigation complete; no suspect identified,
31680653e0a3f5672ae1d71f429177d25dd5ab655241b25270d43ae4d2d5e6c7,2018-08,Dorset Police,Dorset Police,-1.913370,50.749395,On or near Walliscott Road,E01015359,Bournemouth 005E,Violence and sexual offences,Offender given conditional discharge,
1433e5b2019f51cc9bdb22ee748006979c6081e4dc4504b77a40e2a59ad62550,2018-08,Dorset Police,Dorset Police,-1.909591,50.746622,On or near Supermarket,E01015359,Bournemouth 005E,Violence and sexual offences,Unable to prosecute suspect,
9bc215006f8ed424a3f2cc284faba3fac06ac4c78f637138160cc32bfe172c7e,2018-08,Dorset Police,Dorset Police,-1.913370,50.749395,On or near Walliscott Road,E01015359,Bournemouth 005E,Violence and sexual offences,Unable to prosecute suspect,
bb080d34a96a896d3e577f52fa2a207a6e0d18a9f44b11157b8ae580f5db2c15,2018-08,Dorset Police,Dorset Police,-1.910934,50.748098,On or near Canford Road,E01015359,Bournemouth 005E,Violence and sexual offences,Unable to prosecute suspect,
ce19a0ea3d5e6e98c17a4936318794cb13e707de885e2f325461739b05b199e1,2018-08,Dorset Police,Dorset Police,-1.910338,50.748466,On or near Canford Gardens,E01015359,Bournemouth 005E,Violence and sexual offences,Unable to prosecute suspect,
0563f30ecce6b7a4611fb720be49dda67503e44d48c9fd390c11135b4ba7f9a3,2018-08,Dorset Police,Dorset Police,-1.920811,50.749643,On or near Noble Close,E01015359,Bournemouth 005E,Violence and sexual offences,Further investigation is not in the public interest,
,2018-08,Dorset Police,Dorset Police,-1.871875,50.751578,On or near Endfield Road,E01015320,Bournemouth 006A,Anti-social behaviour,,
,2018-08,Dorset Police,Dorset Police,-1.874387,50.750376,On or near Coronation Avenue,E01015320,Bournemouth 006A,Anti-social behaviour,,
b1b12a753effd309ca848802b227efe22c33fa419d452f34418bef41e55e5fb0,2018-08,Dorset Police,Dorset Police,-1.866053,50.750205,On or near Oakwood Road,E01015320,Bournemouth 006A,Burglary,Investigation complete; no suspect identified,
aa6b4f805458dc1607603ecc424ca7811263c265df3dbbd65f13382fd7a6b83e,2018-08,Dorset Police,Dorset Police,-1.871961,50.751380,On or near Endfield Road,E01015320,Bournemouth 006A,Burglary,Investigation complete; no suspect identified,
ac3928cabfba813cad21f64b9b03656f39cdb71fe939b760b0bf81da9e811244,2018-08,Dorset Police,Dorset Police,-1.871842,50.753260,On or near Mcwilliam Road,E01015320,Bournemouth 006A,Other theft,Status update unavailable,
caca38313404cf8c1bab14dd1a30cde47905f2b6df0fe290000c673fd18a15a0,2018-08,Dorset Police,Dorset Police,-1.869242,50.750271,On or near Naseby Road,E01015320,Bournemouth 006A,Violence and sexual offences,Unable to prosecute suspect,
,2018-08,Dorset Police,Dorset Police,-1.876367,50.757545,On or near The Grove,E01015323,Bournemouth 006B,Anti-social behaviour,,
,2018-08,Dorset Police,Dorset Police,-1.879961,50.754572,On or near Ashton Road,E01015323,Bournemouth 006B,Anti-social behaviour,,
,2018-08,Dorset Police,Dorset Police,-1.876367,50.757545,On or near The Grove,E01015323,Bournemouth 006B,Anti-social behaviour,,
,2018-08,Dorset Police,Dorset Police,-1.878004,50.754813,On or near Carey Road,E01015323,Bournemouth 006B,Anti-social behaviour,,
,2018-08,Dorset Police,Dorset Police,-1.874712,50.756203,On or near Redhill Crescent,E01015323,Bournemouth 006B,Anti-social behaviour,,
,2018-08,Dorset Police,Dorset Police,-1.876367,50.757545,On or near The Grove,E01015323,Bournemouth 006B,Anti-social behaviour,,
de8d83a9dd89c91659c08b75cfed3054f94f61bf8aaf54e44931a656477e5ef3,2018-08,Dorset Police,Dorset Police,-1.877641,50.752951,On or near Cowper Road,E01015323,Bournemouth 006B,Burglary,Investigation complete; no suspect identified,
af9743ac7ab302eb323a0deb1114408c45f6d457fefe4d04aabc30042c3c4917,2018-08,Dorset Police,Dorset Police,-1.876319,50.754254,On or near Tennyson Road,E01015323,Bournemouth 006B,Criminal damage and arson,Investigation complete; no suspect identified,
ac56655b2503ceee27e2cb1da19c5b2dddde29ad5f65bc6b17d1ff80f7d0a531,2018-08,Dorset Police,Dorset Police,-1.875946,50.755854,On or near Barrie Road,E01015323,Bournemouth 006B,Vehicle crime,Investigation complete; no suspect identified,
b82c872eb3273a55c04cca7cf0a90533fd0f21dc15b4ab98dcb7681ec2c5ef41,2018-08,Dorset Police,Dorset Police,-1.878004,50.754813,On or near Carey Road,E01015323,Bournemouth 006B,Vehicle crime,Investigation complete; no suspect identified,
,2018-08,Dorset Police,Dorset Police,-1.874085,50.751922,On or near King George Avenue,E01015324,Bournemouth 006C,Anti-social behaviour,,
,2018-08,Dorset Police,Dorset Police,-1.874390,50.754782,On or near Old St John'S Mews,E01015324,Bournemouth 006C,Anti-social behaviour,,
,2018-08,Dorset Police,Dorset Police,-1.872225,50.758278,On or near Wimborne Road,E01015324,Bournemouth 006C,Anti-social behaviour,,
,2018-08,Dorset Police,Dorset Police,-1.874600,50.761041,On or near Park Lane,E01015324,Bournemouth 006C,Anti-social behaviour,,
a3902987403d83daf76d24ff4720aa8eea80e7961b7f10d89b9b25cb6e54f91a,2018-08,Dorset Police,Dorset Police,-1.872973,50.754520,On or near Rose Gardens,E01015324,Bournemouth 006C,Criminal damage and arson,Offender given a caution,
26d062f296a1cf9e092b0ef5eb9a121d271d7358417e5f3e3e6d39c02dfb31ec,2018-08,Dorset Police,Dorset Police,-1.874390,50.754782,On or near Old St John'S Mews,E01015324,Bournemouth 006C,Public order,Unable to prosecute suspect,
5e903eda03e5efbb480329c30d35baba4ef01bfe0db844c59a525c6d4047630a,2018-08,Dorset Police,Dorset Police,-1.874020,50.755159,On or near Supermarket,E01015324,Bournemouth 006C,Shoplifting,Unable to prosecute suspect,
fbebb11452f7ddac5ccdabf0d8d914f78422c62f3d033b42137da4a7a123b746,2018-08,Dorset Police,Dorset Police,-1.874020,50.755159,On or near Supermarket,E01015324,Bournemouth 006C,Theft from the person,Investigation complete; no suspect identified,
1fdad63197621278d216297be93cfff26385e4683b9541d4b95b63cfddef111f,2018-08,Dorset Police,Dorset Police,-1.872225,50.758278,On or near Wimborne Road,E01015324,Bournemouth 006C,Violence and sexual offences,Court result unavailable,
6e08ac97894e2b2074a14775c578b13311e84be0e2e28030247dd68f7ce51d6c,2018-08,Dorset Police,Dorset Police,-1.874390,50.754782,On or near Old St John'S Mews,E01015324,Bournemouth 006C,Violence and sexual offences,Unable to prosecute suspect,
80930e9f877eb962f7c5ee4b2ef6450ddec073cc35d05e287865da1aa8bb3ed1,2018-08,Dorset Police,Dorset Police,-1.874390,50.754782,On or near Old St John'S Mews,E01015324,Bournemouth 006C,Violence and sexual offences,Unable to prosecute suspect,
81ae516c05bb238fe104605fd7cedac8f30837a1de57001f8fcaae62b2c0aa9f,2018-08,Dorset Police,Dorset Police,-1.874390,50.754782,On or near Old St John'S Mews,E01015324,Bournemouth 006C,Violence and sexual offences,Unable to prosecute suspect,
4eadff98d132b0ade455e45517ec0326bc8484e907b35b159a94c628daa332d4,2018-08,Dorset Police,Dorset Police,-1.874390,50.754782,On or near Old St John'S Mews,E01015324,Bournemouth 006C,Violence and sexual offences,Unable to prosecute suspect,
c5c1d353561e998af582dc6baab2ecabf2febefa360b1d038794f0b9bfd5620c,2018-08,Dorset Police,Dorset Police,-1.872225,50.758278,On or near Wimborne Road,E01015324,Bournemouth 006C,Violence and sexual offences,Unable to prosecute suspect,
,2018-08,Dorset Police,Dorset Police,-1.866691,50.754926,On or near Bankside Road,E01015325,Bournemouth 006D,Anti-social behaviour,,
2ac3573277864b39b42995a4a88f02d602c61011be6e9a2bbb5609960b926c17,2018-08,Dorset Police,Dorset Police,-1.870629,50.756163,On or near Lystra Road,E01015325,Bournemouth 006D,Criminal damage and arson,Investigation complete; no suspect identified,
,2018-08,Dorset Police,Dorset Police,-1.863758,50.759635,On or near Tincleton Gardens,E01015350,Bournemouth 006E,Anti-social behaviour,,
,2018-08,Dorset Police,Dorset Police,-1.865392,50.763108,On or near Park/Open Space,E01015350,Bournemouth 006E,Anti-social behaviour,,
6a8e21239bccb6afca5b12af816ff6098d86afc6f4a9eb9414bd0d969f47ab49,2018-08,Dorset Police,Dorset Police,-1.866662,50.760421,On or near Wynford Road,E01015350,Bournemouth 006E,Public order,Investigation complete; no suspect identified,
946ab9d0e0deb6a828bfec15568f9c18303d98240d317056d729024c7aefdeb9,2018-08,Dorset Police,Dorset Police,-1.867627,50.759882,On or near Cheddington Road,E01015350,Bournemouth 006E,Violence and sexual offences,Local resolution,
,2018-08,Dorset Police,Dorset Police,-1.901909,50.760141,On or near South Kinson Drive,E01015310,Bournemouth 007A,Anti-social behaviour,,
,2018-08,Dorset Police,Dorset Police,-1.906011,50.757707,On or near Tedder Road,E01015310,Bournemouth 007A,Anti-social behaviour,,
,2018-08,Dorset Police,Dorset Police,-1.904720,50.758156,On or near Tedder Gardens,E01015310,Bournemouth 007A,Anti-social behaviour,,
,2018-08,Dorset Police,Dorset Police,-1.903062,50.757921,On or near Moorside Close,E01015310,Bournemouth 007A,Anti-social behaviour,,
3ed29797df02ae6432ea1157b6646e0ca2ff3786ddb1b946f546fd26068314d0,2018-08,Dorset Police,Dorset Police,-1.900977,50.758360,On or near Ericksen Road,E01015310,Bournemouth 007A,Burglary,Investigation complete; no suspect identified,
f38f643e7261989ba2584faaefc27bf38b3cd53d0966dbed3b683d48e91d5b63,2018-08,Dorset Police,Dorset Police,-1.908991,50.756298,On or near Moorside Gardens,E01015310,Bournemouth 007A,Other theft,Status update unavailable,
6ef969fe9e1e1bdacbc36f21c6df62d74dbee96c57d4ceff9ef371f0d48943cb,2018-08,Dorset Police,Dorset Police,-1.904044,50.755844,On or near St Mark'S Road,E01015310,Bournemouth 007A,Vehicle crime,Investigation complete; no suspect identified,
d5ab92f3150f41cb8cd6cdd3e4fa6476992271005bca3756edf14527fbb03a5a,2018-08,Dorset Police,Dorset Police,-1.903062,50.757921,On or near Moorside Close,E01015310,Bournemouth 007A,Violence and sexual offences,Status update unavailable,
46440ce391ee22ecf50b62c9f694f86f11f73bc8a1aae9708dc02f0e869d9934,2018-08,Dorset Police,Dorset Police,-1.903542,50.758488,On or near Tedder Close,E01015310,Bournemouth 007A,Violence and sexual offences,Unable to prosecute suspect,
e8f42abcc6901520bf789f2e4d311a3e0b87ba0dfcee056ce835dc320ce8b912,2018-08,Dorset Police,Dorset Police,-1.900977,50.758360,On or near Ericksen Road,E01015310,Bournemouth 007A,Violence and sexual offences,Unable to prosecute suspect,
1cf3aa893145aa840646b582bc3a8af339653aabf420f7a5cc9d23880c0e4cc1,2018-08,Dorset Police,Dorset Police,-1.907767,50.758833,On or near Gort Road,E01015310,Bournemouth 007A,Other crime,Further investigation is not in the public interest,
fdbe8e34cbf9494755fab08a3fcd086aa63e42aea3c4fb5938c407226d190ceb,2018-08,Dorset Police,Dorset Police,-1.900712,50.755905,On or near Hospital,E01015336,Bournemouth 007B,Burglary,Investigation complete; no suspect identified,
2a5e30d6234e608957fc40418b85efff644413c3795c2490f69f15915040cf1e,2018-08,Dorset Police,Dorset Police,-1.900053,50.752505,On or near Columbia Gardens,E01015336,Bournemouth 007B,Burglary,Investigation complete; no suspect identified,
02994a45e79450fa637007db2d118f965979a41784935a70018725e54bc84f4f,2018-08,Dorset Police,Dorset Police,-1.898663,50.752908,On or near Glenville Road,E01015336,Bournemouth 007B,Violence and sexual offences,Investigation complete; no suspect identified,
,2018-08,Dorset Police,Dorset Police,-1.903801,50.749630,On or near Priestley Road,E01015355,Bournemouth 007C,Anti-social behaviour,,
,2018-08,Dorset Police,Dorset Police,-1.901062,50.744727,On or near Wallisdown Road,E01015355,Bournemouth 007C,Anti-social behaviour,,
,2018-08,Dorset Police,Dorset Police,-1.901062,50.744727,On or near Wallisdown Road,E01015355,Bournemouth 007C,Anti-social behaviour,,
9790c05564687e7ea87d677a0d20a0a51fbe7157d703a806ea25907a4a9a53a4,2018-08,Dorset Police,Dorset Police,-1.901062,50.744727,On or near Wallisdown Road,E01015355,Bournemouth 007C,Criminal damage and arson,Investigation complete; no suspect identified,
46bda6788cc9bd52889ecb6c8989775ea4abb4dc8cd8d2cd9ad481340213161f,2018-08,Dorset Police,Dorset Police,-1.903022,50.749387,On or near Cornelia Road,E01015355,Bournemouth 007C,Criminal damage and arson,Investigation complete; no suspect identified,
1a98afd06fbf678347d45dd2516dc92c054aefd8ac413d2d7ca1ec37e72cc403,2018-08,Dorset Police,Dorset Police,-1.901062,50.744727,On or near Wallisdown Road,E01015355,Bournemouth 007C,Drugs,Offender fined,
0a8e647c55070426d84877b7e75baadd6dd55edea9a93bb152d87fe760b551ef,2018-08,Dorset Police,Dorset Police,-1.903022,50.749387,On or near Cornelia Road,E01015355,Bournemouth 007C,Public order,Unable to prosecute suspect,
796d472b0ce800c152b71f475c12fe3cea8fa4288072368f537ec7f1a37b7dea,2018-08,Dorset Police,Dorset Police,-1.905325,50.746241,On or near Wallis Road,E01015355,Bournemouth 007C,Vehicle crime,Investigation complete; no suspect identified,
c59a184f481b0c2c262cd5802092b6ce797ea893f432883e345979e677402c9d,2018-08,Dorset Police,Dorset Police,-1.906601,50.753041,On or near Acres Road,E01015355,Bournemouth 007C,Violence and sexual offences,Investigation complete; no suspect identified,
b43f039ea3ff6d901cc96ecab50578b1c81b0441ce43b32b4cf1a9b47dff1a61,2018-08,Dorset Police,Dorset Police,-1.903022,50.749387,On or near Cornelia Road,E01015355,Bournemouth 007C,Violence and sexual offences,Unable to prosecute suspect,
5e168cd23dbdcf09e777ee793e5101e01128a41887a195e7e1fcf6e5b4550170,2018-08,Dorset Police,Dorset Police,-1.905699,50.750459,On or near Noel Road,E01015355,Bournemouth 007C,Violence and sexual offences,Offender given conditional discharge,
12bde1e5e987d5fcb69d97194640c6c468ee634954d1dfc019bdf7466e8ee046,2018-08,Dorset Police,Dorset Police,-1.903801,50.749630,On or near Priestley Road,E01015355,Bournemouth 007C,Violence and sexual offences,Action to be taken by another organisation,
2288690beb140339518d28d29ce92b8bafa5f081ac61953e31fdab0eeee725c6,2018-08,Dorset Police,Dorset Police,-1.901062,50.744727,On or near Wallisdown Road,E01015355,Bournemouth 007C,Violence and sexual offences,Unable to prosecute suspect,
,2018-08,Dorset Police,Dorset Police,-1.900965,50.750392,On or near Parham Road,E01015357,Bournemouth 007D,Anti-social behaviour,,
,2018-08,Dorset Police,Dorset Police,-1.897210,50.749921,On or near Forsyth Gardens,E01015357,Bournemouth 007D,Anti-social behaviour,,
,2018-08,Dorset Police,Dorset Police,-1.897210,50.749921,On or near Forsyth Gardens,E01015357,Bournemouth 007D,Anti-social behaviour,,
,2018-08,Dorset Police,Dorset Police,-1.896826,50.750344,On or near Walton Road,E01015357,Bournemouth 007D,Anti-social behaviour,,
,2018-08,Dorset Police,Dorset Police,-1.896826,50.750344,On or near Walton Road,E01015357,Bournemouth 007D,Anti-social behaviour,,
,2018-08,Dorset Police,Dorset Police,-1.896826,50.750344,On or near Walton Road,E01015357,Bournemouth 007D,Anti-social behaviour,,
,2018-08,Dorset Police,Dorset Police,-1.897210,50.749921,On or near Forsyth Gardens,E01015357,Bournemouth 007D,Anti-social behaviour,,
,2018-08,Dorset Police,Dorset Police,-1.894826,50.750801,On or near Slades Farm Road,E01015357,Bournemouth 007D,Anti-social behaviour,,
,2018-08,Dorset Police,Dorset Police,-1.894826,50.750801,On or near Slades Farm Road,E01015357,Bournemouth 007D,Anti-social behaviour,,
,2018-08,Dorset Police,Dorset Police,-1.898554,50.750993,On or near Talbot Rise,E01015357,Bournemouth 007D,Anti-social behaviour,,
,2018-08,Dorset Police,Dorset Police,-1.895392,50.751503,On or near Columbian Way,E01015357,Bournemouth 007D,Anti-social behaviour,,
a5bcb6753a5fabf643dbe6e621a2568c37984163842faaeee58411d68bc226ca,2018-08,Dorset Police,Dorset Police,-1.894321,50.748372,On or near Parking Area,E01015357,Bournemouth 007D,Criminal damage and arson,Investigation complete; no suspect identified,
465a5fb38cb0436a17ac4918e7884babd524b159bc3c94e6952bd065839fc36a,2018-08,Dorset Police,Dorset Police,-1.897547,50.751379,On or near Camellia Gardens,E01015357,Bournemouth 007D,Criminal damage and arson,Unable to prosecute suspect,
c0cdd263cd9b32abc857d60d0cb565d4a4ee89abf032156025ed14acdf7adc1f,2018-08,Dorset Police,Dorset Police,-1.894321,50.748372,On or near Parking Area,E01015357,Bournemouth 007D,Criminal damage and arson,Investigation complete; no suspect identified,
70206e9ba670a7695956214e76eb29d97b46822dafa8afe5668a0ad7b07968cc,2018-08,Dorset Police,Dorset Police,-1.895392,50.751503,On or near Columbian Way,E01015357,Bournemouth 007D,Criminal damage and arson,Unable to prosecute suspect,
5687e7af6c482b31c1506f9749ae85d3c7b23c28c648a44b46a3143dbc3f6632,2018-08,Dorset Police,Dorset Police,-1.896826,50.750344,On or near Walton Road,E01015357,Bournemouth 007D,Other theft,Unable to prosecute suspect,
b3f9c02574271b0e1278d5e1ccbf02db7d13833c09ecaf259085fbd203723ef8,2018-08,Dorset Police,Dorset Police,-1.894826,50.750801,On or near Slades Farm Road,E01015357,Bournemouth 007D,Violence and sexual offences,Status update unavailable,
9ca9e40e2634e3eb3a7a36b14692678d1314a62782d32abbe6fc25557900027c,2018-08,Dorset Police,Dorset Police,-1.894826,50.750801,On or near Slades Farm Road,E01015357,Bournemouth 007D,Violence and sexual offences,Status update unavailable,
364d156820820cd652c7db155c415a0b3d79e688c4100f2c5952a88e96b19392,2018-08,Dorset Police,Dorset Police,-1.897210,50.749921,On or near Forsyth Gardens,E01015357,Bournemouth 007D,Violence and sexual offences,Investigation complete; no suspect identified,
77a909277e765197c96fd783b037f416e1718b516bac4a08ed43c41f620e64fe,2018-08,Dorset Police,Dorset Police,-1.900965,50.750392,On or near Parham Road,E01015357,Bournemouth 007D,Violence and sexual offences,Offender given a caution,
416bd30c92f47dce8851e03e7b15c8837ed4f7425fda3f4b86fdc7a8f672e1c6,2018-08,Dorset Police,Dorset Police,-1.902510,50.750582,On or near St Margaret'S Road,E01015357,Bournemouth 007D,Violence and sexual offences,Unable to prosecute suspect,
7afd26f22e43205858e425c56376a404473c297639ab4eba60199cd915c9c902,2018-08,Dorset Police,Dorset Police,-1.894826,50.750801,On or near Slades Farm Road,E01015357,Bournemouth 007D,Violence and sexual offences,Status update unavailable,
fac48d672b8da1b7678bf477a7bf7b72925c93da77152bad87a3112d6ae6cbae,2018-08,Dorset Police,Dorset Police,-1.894826,50.750801,On or near Slades Farm Road,E01015357,Bournemouth 007D,Violence and sexual offences,Status update unavailable,
2a838e6c83d983686d79c63878895c65d18a5749d6a240542c0cc323d5a39c2e,2018-08,Dorset Police,Dorset Police,-1.894826,50.750801,On or near Slades Farm Road,E01015357,Bournemouth 007D,Violence and sexual offences,Action to be taken by another organisation,
,2018-08,Dorset Police,Dorset Police,-1.888419,50.750732,On or near Kinsbourne Avenue,E01015358,Bournemouth 007E,Anti-social behaviour,,
19e24aefaec2bb6d0fba9ea1003f1232b7b370f2b65522ac9e06fe05221923ed,2018-08,Dorset Police,Dorset Police,-1.890160,50.751777,On or near Supermarket,E01015358,Bournemouth 007E,Burglary,Investigation complete; no suspect identified,
fd2325bdce907d25df2d4b2d9fe6e775fa40c2b2d5ce0cc03fb55b76c85bbfcb,2018-08,Dorset Police,Dorset Police,-1.887653,50.751217,On or near Zinnia Close,E01015358,Bournemouth 007E,Other theft,Investigation complete; no suspect identified,
44c6322020d9438f5032b9492f32ad0cc35d0b6d055f9d66aee712961858c91a,2018-08,Dorset Police,Dorset Police,-1.885223,50.747986,On or near Eldon Road,E01015358,Bournemouth 007E,Other theft,Investigation complete; no suspect identified,
64201afac9b4c14768b82c5d54ec742325aef480f2ae5d5d659dc350cec82a79,2018-08,Dorset Police,Dorset Police,-1.885223,50.747986,On or near Eldon Road,E01015358,Bournemouth 007E,Other theft,Investigation complete; no suspect identified,
91ab9e40166d5898336aa06d5fb44f318036be73b453e842a34fe5d3f788e84c,2018-08,Dorset Police,Dorset Police,-1.888587,50.751631,On or near Ashleigh Rise,E01015358,Bournemouth 007E,Other theft,Further investigation is not in the public interest,
42485999f6795c5f571f44ce057a638ccf448d177409cd7f5b32ca9149b9874b,2018-08,Dorset Police,Dorset Police,-1.887653,50.751217,On or near Zinnia Close,E01015358,Bournemouth 007E,Violence and sexual offences,Unable to prosecute suspect,
16943fa111c2e185db645eb6eace1c56d819f547faced1d15e939451b2787190,2018-08,Dorset Police,Dorset Police,-1.888587,50.751631,On or near Ashleigh Rise,E01015358,Bournemouth 007E,Violence and sexual offences,Investigation complete; no suspect identified,
,2018-08,Dorset Police,Dorset Police,-1.830970,50.750384,On or near Hogarth Way,E01015338,Bournemouth 008A,Anti-social behaviour,,
,2018-08,Dorset Police,Dorset Police,-1.830970,50.750384,On or near Hogarth Way,E01015338,Bournemouth 008A,Anti-social behaviour,,
,2018-08,Dorset Police,Dorset Police,-1.832150,50.753182,On or near Cowdrey Gardens,E01015338,Bournemouth 008A,Anti-social behaviour,,
,2018-08,Dorset Police,Dorset Police,-1.826397,50.752544,On or near Birch Drive,E01015338,Bournemouth 008A,Anti-social behaviour,,
,2018-08,Dorset Police,Dorset Police,-1.836264,50.752406,On or near Woodbury Avenue,E01015338,Bournemouth 008A,Anti-social behaviour,,
,2018-08,Dorset Police,Dorset Police,-1.826397,50.752544,On or near Birch Drive,E01015338,Bournemouth 008A,Anti-social behaviour,,
,2018-08,Dorset Police,Dorset Police,-1.826397,50.752544,On or near Birch Drive,E01015338,Bournemouth 008A,Anti-social behaviour,,
,2018-08,Dorset Police,Dorset Police,-1.828930,50.750039,On or near Throop Close,E01015338,Bournemouth 008A,Anti-social behaviour,,
fccddb5de5a24eeabf7bbe1b618b830b0cbcf72a97be05aadf6f795a966eedb5,2018-08,Dorset Police,Dorset Police,-1.826397,50.752544,On or near Birch Drive,E01015338,Bournemouth 008A,Other theft,Unable to prosecute suspect,
e7c40773dfa9278bfb83d25a41d5ebe7ca69c5d9984f2c812c8f3cfbb3c2cacb,2018-08,Dorset Police,Dorset Police,-1.830970,50.750384,On or near Hogarth Way,E01015338,Bournemouth 008A,Public order,Unable to prosecute suspect,
e138af3df8d2daf810e4fce9cc40945c9c467e07390ce06232e25061a6e7958c,2018-08,Dorset Police,Dorset Police,-1.834498,50.750749,On or near Wilverley Avenue,E01015338,Bournemouth 008A,Theft from the person,Investigation complete; no suspect identified,
28ad07203c821d5480136b3ce3f01ecedda05c34353379833b5ed3ac0131350b,2018-08,Dorset Police,Dorset Police,-1.828930,50.750039,On or near Throop Close,E01015338,Bournemouth 008A,Vehicle crime,Investigation complete; no suspect identified,
698f6a93f4fdf1701d6b9797eead013f4fccfe9d10082e5a988585913627eae6,2018-08,Dorset Police,Dorset Police,-1.834498,50.750749,On or near Wilverley Avenue,E01015338,Bournemouth 008A,Violence and sexual offences,Unable to prosecute suspect,
8d5d48ea4dc0f4bf1e9590f5a8a67298a0606a7fd55deaa1a3c9ea8f32502443,2018-08,Dorset Police,Dorset Police,-1.828930,50.750039,On or near Throop Close,E01015338,Bournemouth 008A,Violence and sexual offences,Further investigation is not in the public interest,
cd0e5d5066e1505b60cbbf726d9af76260ca5b5d088d47683f1fcc90578cef91,2018-08,Dorset Police,Dorset Police,-1.833525,50.753283,On or near Helyar Road,E01015338,Bournemouth 008A,Violence and sexual offences,Unable to prosecute suspect,
387289e93f1357cf565f468e2d5d073297ad042ff646c2a135f25ccfe6a0c057,2018-08,Dorset Police,Dorset Police,-1.832150,50.753182,On or near Cowdrey Gardens,E01015338,Bournemouth 008A,Violence and sexual offences,Unable to prosecute suspect,
d58575e8ad2df7d56a07b9d1098b7e742c7df87a0ffe987ca05a9d9fc8d8f8bf,2018-08,Dorset Police,Dorset Police,-1.830970,50.750384,On or near Hogarth Way,E01015338,Bournemouth 008A,Violence and sexual offences,Unable to prosecute suspect,
18f9c46bc54eb174d265a7ac5fe9861b1d115fe273f2a97dfed4a08cc521ed05,2018-08,Dorset Police,Dorset Police,-1.833525,50.753283,On or near Helyar Road,E01015338,Bournemouth 008A,Violence and sexual offences,Unable to prosecute suspect,
0a915d0fd7f2e742ee7581b5dc4f5ac9002f82c320d0a4e38ff8601521a14b68,2018-08,Dorset Police,Dorset Police,-1.826397,50.752544,On or near Birch Drive,E01015338,Bournemouth 008A,Violence and sexual offences,Status update unavailable,
9023072d3b392b9e713962e1dadfea47f4b2f3685b47835c8bb0432a73c5bc68,2018-08,Dorset Police,Dorset Police,-1.832150,50.753182,On or near Cowdrey Gardens,E01015338,Bournemouth 008A,Violence and sexual offences,Unable to prosecute suspect,
,2018-08,Dorset Police,Dorset Police,-1.852178,50.749549,On or near Sports/Recreation Area,E01015339,Bournemouth 008B,Anti-social behaviour,,
,2018-08,Dorset Police,Dorset Police,-1.844634,50.750376,On or near Cattistock Road,E01015339,Bournemouth 008B,Anti-social behaviour,,
,2018-08,Dorset Police,Dorset Police,-1.852178,50.749549,On or near Sports/Recreation Area,E01015339,Bournemouth 008B,Anti-social behaviour,,
,2018-08,Dorset Police,Dorset Police,-1.849086,50.749950,On or near Curlew Road,E01015339,Bournemouth 008B,Anti-social behaviour,,
,2018-08,Dorset Police,Dorset Police,-1.845847,50.747986,On or near Sports/Recreation Area,E01015339,Bournemouth 008B,Anti-social behaviour,,
,2018-08,Dorset Police,Dorset Police,-1.852178,50.749549,On or near Sports/Recreation Area,E01015339,Bournemouth 008B,Anti-social behaviour,,
,2018-08,Dorset Police,Dorset Police,-1.849086,50.749950,On or near Curlew Road,E01015339,Bournemouth 008B,Anti-social behaviour,,
6c961dde35c9773ba0b4864ff94e988caf09c3909f5329c4489e435ac0762476,2018-08,Dorset Police,Dorset Police,-1.844770,50.752094,On or near Supermarket,E01015339,Bournemouth 008B,Bicycle theft,Investigation complete; no suspect identified,
f37fca52581b3edf7cbae704e019ba9df692dc7498c38937eb27fa4bc848cc23,2018-08,Dorset Police,Dorset Police,-1.846109,50.750126,On or near Bus/Coach Station,E01015339,Bournemouth 008B,Bicycle theft,Investigation complete; no suspect identified,
33a808712f36c06a100f9b15d2e9a102d2f31f597abceabf2f003bcc428cdea9,2018-08,Dorset Police,Dorset Police,-1.843670,50.750519,On or near Evershot Road,E01015339,Bournemouth 008B,Criminal damage and arson,Status update unavailable,
3554122a246e398de385b8e03f0205d10f9105cee41c8179100c24029b088ab5,2018-08,Dorset Police,Dorset Police,-1.844770,50.752094,On or near Supermarket,E01015339,Bournemouth 008B,Other theft,Investigation complete; no suspect identified,
2224acaa70c9bbdb94b18610eef86a36f311c616758a4153bb912db842458d4b,2018-08,Dorset Police,Dorset Police,-1.842281,50.746245,On or near Feversham Avenue,E01015339,Bournemouth 008B,Other theft,Status update unavailable,
1f1c0f66a5f066e010e25368bcead572dffb2289741bebe99564444000024771,2018-08,Dorset Police,Dorset Police,-1.853205,50.751898,On or near Castle Gate Close,E01015339,Bournemouth 008B,Other theft,Investigation complete; no suspect identified,
9fdef02a62359c9b98c9145859a25bc5cd6b9bd1908bc973b7cc3c8f06d42a59,2018-08,Dorset Police,Dorset Police,-1.843072,50.751165,On or near Castle Lane West,E01015339,Bournemouth 008B,Public order,Status update unavailable,
502da0095ab0af24295a6722858f35a426b44eadb5d572f302cc310151158114,2018-08,Dorset Police,Dorset Police,-1.843072,50.751165,On or near Castle Lane West,E01015339,Bournemouth 008B,Public order,Status update unavailable,
fb5216847e9ea40ba51063fe95fe7bce3c0e01a3488c4b3384d79a52f5e5f556,2018-08,Dorset Police,Dorset Police,-1.844770,50.752094,On or near Supermarket,E01015339,Bournemouth 008B,Shoplifting,Offender sent to prison,
6511f9dee80f7a265425aa782b7fa60c47858721484a22d0549fe11ed5e49d62,2018-08,Dorset Police,Dorset Police,-1.843555,50.751076,On or near Castle Lane West,E01015339,Bournemouth 008B,Shoplifting,Unable to prosecute suspect,
28783d86f82aee78e6db4452958974c28c6dbfe641d353e45bf564955aab6e20,2018-08,Dorset Police,Dorset Police,-1.844770,50.752094,On or near Supermarket,E01015339,Bournemouth 008B,Shoplifting,Offender sent to prison,
9e6f791c194382417813936c3444d1c105ffadd93457235d65eede91ecb628a9,2018-08,Dorset Police,Dorset Police,-1.844770,50.752094,On or near Supermarket,E01015339,Bournemouth 008B,Shoplifting,Unable to prosecute suspect,
0960f498f8ae6629eec7f4fd2daa1185e8aedead2f327a4614503f64c5cfeea6,2018-08,Dorset Police,Dorset Police,-1.844770,50.752094,On or near Supermarket,E01015339,Bournemouth 008B,Shoplifting,Unable to prosecute suspect,
e6879c70966731dd9337348a1b67d633aabef5dbd1fd5af10aca992bd0468705,2018-08,Dorset Police,Dorset Police,-1.842283,50.754123,On or near Shopping Area,E01015339,Bournemouth 008B,Shoplifting,Investigation complete; no suspect identified,
8de12b12aebfe1b0b2aa8d91278e6a9e8949be4a13dbe7f13e004d7788496e14,2018-08,Dorset Police,Dorset Police,-1.844770,50.752094,On or near Supermarket,E01015339,Bournemouth 008B,Shoplifting,Court result unavailable,
5c1e12b1341e9cbb219f42dc8e39d92d474fc0d66bd9c6862a440aeab3c29e6f,2018-08,Dorset Police,Dorset Police,-1.846109,50.750126,On or near Bus/Coach Station,E01015339,Bournemouth 008B,Shoplifting,Unable to prosecute suspect,
a4f67cc108ff82e228cc698090fa0a244377d2e2a6fe4b1dc7ea093506a8c619,2018-08,Dorset Police,Dorset Police,-1.844770,50.752094,On or near Supermarket,E01015339,Bournemouth 008B,Shoplifting,Local resolution,
283a96eca18b54c17f5ab20704bf7c21d5ab68f1ab45661820bbb0e5f027da55,2018-08,Dorset Police,Dorset Police,-1.844770,50.752094,On or near Supermarket,E01015339,Bournemouth 008B,Theft from the person,Investigation complete; no suspect identified,
d00d32e3aa455f187fa0c0e816cc3229dabffba23d0aa3dc16b1b35ffbec9de9,2018-08,Dorset Police,Dorset Police,-1.844770,50.752094,On or near Supermarket,E01015339,Bournemouth 008B,Violence and sexual offences,Local resolution,
9334a28197b306a0e91ee1e23c6ac9d7e826decf80a0592c7046a6ab4e76fa8f,2018-08,Dorset Police,Dorset Police,-1.843072,50.751165,On or near Castle Lane West,E01015339,Bournemouth 008B,Violence and sexual offences,Unable to prosecute suspect,
caddc26a3f26b5d0ac2b5659fdf22636e90a023d44bc4d363e3fb4d1ed2b5664,2018-08,Dorset Police,Dorset Police,-1.852178,50.749549,On or near Sports/Recreation Area,E01015339,Bournemouth 008B,Violence and sexual offences,Unable to prosecute suspect,
,2018-08,Dorset Police,Dorset Police,-1.836823,50.750581,On or near Crantock Grove,E01015340,Bournemouth 008C,Anti-social behaviour,,
,2018-08,Dorset Police,Dorset Police,-1.841720,50.748726,On or near Bradpole Road,E01015340,Bournemouth 008C,Anti-social behaviour,,
,2018-08,Dorset Police,Dorset Police,-1.838255,50.746402,On or near Queenswood Avenue,E01015340,Bournemouth 008C,Anti-social behaviour,,
,2018-08,Dorset Police,Dorset Police,-1.839381,50.748813,On or near Vanguard Road,E01015340,Bournemouth 008C,Anti-social behaviour,,
22c16991987d6a58ed71e4ca152f7f1ee06451a1d3725051e02918ea509b85f2,2018-08,Dorset Police,Dorset Police,-1.839517,50.750369,On or near Craigmoor Way,E01015340,Bournemouth 008C,Burglary,Investigation complete; no suspect identified,
617525dc4fc9fb14e3cba0170c37c184c7836b6cc588748d51cb72205285245b,2018-08,Dorset Police,Dorset Police,-1.839381,50.748813,On or near Vanguard Road,E01015340,Bournemouth 008C,Burglary,Investigation complete; no suspect identified,
01fe711a20dfe9e52b81509187df3e5ad58aa87c410f69bb969b73525a82e18f,2018-08,Dorset Police,Dorset Police,-1.836682,50.746390,On or near Sandy Mead Road,E01015340,Bournemouth 008C,Burglary,Investigation complete; no suspect identified,
5a5bb56968aee573e89387159b191cf091f79094ca8b3943089b56e8740232e5,2018-08,Dorset Police,Dorset Police,-1.839381,50.748813,On or near Vanguard Road,E01015340,Bournemouth 008C,Burglary,Investigation complete; no suspect identified,
66090d2f386ccf3db1f168c49aac42102e87e71ac285b6fe7ffb72b7b22337c0,2018-08,Dorset Police,Dorset Police,-1.834790,50.748240,On or near Craigmoor Close,E01015340,Bournemouth 008C,Burglary,Investigation complete; no suspect identified,
530e91e6e62ebc513c7f2ce097e988c012aeb5a0c452997c175460186b3d192c,2018-08,Dorset Police,Dorset Police,-1.838176,50.748731,On or near Balmoral Avenue,E01015340,Bournemouth 008C,Burglary,Status update unavailable,
59daac31bd6bcb3307b6df1926f3f4784df82f225d89554bf6b88ddca4e10012,2018-08,Dorset Police,Dorset Police,-1.839381,50.748813,On or near Vanguard Road,E01015340,Bournemouth 008C,Criminal damage and arson,Investigation complete; no suspect identified,
3d83e464b5766e3fe95b96b0c1a1a1f5375f8f00854d7c750cd100ed397e450f,2018-08,Dorset Police,Dorset Police,-1.839381,50.748813,On or near Vanguard Road,E01015340,Bournemouth 008C,Criminal damage and arson,Unable to prosecute suspect,
2da3fb8629500f2a7453694b48fb9f44b683708660dfc3e52b5e3d191bdbd82b,2018-08,Dorset Police,Dorset Police,-1.839517,50.750369,On or near Craigmoor Way,E01015340,Bournemouth 008C,Drugs,Offender given conditional discharge,
9eca1130189f8d83c75c53a4584bdf4e0bf03ddb4f2a27883edc19e6340e8cda,2018-08,Dorset Police,Dorset Police,-1.839517,50.750369,On or near Craigmoor Way,E01015340,Bournemouth 008C,Public order,Unable to prosecute suspect,
064bf4ed9ac77e90a4ae2ef945eda608bc36e2b3c34363aed79b9ff18a62eeb3,2018-08,Dorset Police,Dorset Police,-1.830640,50.747326,On or near Longbarrow Close,E01015340,Bournemouth 008C,Robbery,Unable to prosecute suspect,
b90402078ca1d07e9717da2658441fab33dfc0aba04aab4a9e2a3a099b2250af,2018-08,Dorset Police,Dorset Police,-1.838255,50.746402,On or near Queenswood Avenue,E01015340,Bournemouth 008C,Vehicle crime,Investigation complete; no suspect identified,
719733f86fbac9f4fd14b49769b6664883e78bfc123516435b491dbe8f2244d6,2018-08,Dorset Police,Dorset Police,-1.834790,50.748240,On or near Craigmoor Close,E01015340,Bournemouth 008C,Vehicle crime,Investigation complete; no suspect identified,
3631916165a2f87e2a2b14a3de2a202b7ec2e43c288f051c9681e7084e0e16a2,2018-08,Dorset Police,Dorset Police,-1.843355,50.747083,On or near Normanhurst Avenue,E01015340,Bournemouth 008C,Vehicle crime,Investigation complete; no suspect identified,
fd59604a037342ef23dca3d57acc0b1cc840225a1c9f2fde73f082ec5300521d,2018-08,Dorset Police,Dorset Police,-1.836682,50.746390,On or near Sandy Mead Road,E01015340,Bournemouth 008C,Vehicle crime,Action to be taken by another organisation,
c8a511e664d4f37fa0a1111cc9872bc65e9f39a9f883721c0528f5788e60452d,2018-08,Dorset Police,Dorset Police,-1.839381,50.748813,On or near Vanguard Road,E01015340,Bournemouth 008C,Violence and sexual offences,Investigation complete; no suspect identified,
517e4ad855e819e23d3027a645dbbce51fb9de2d4d3e709d8936b1d7860a46cd,2018-08,Dorset Police,Dorset Police,-1.839381,50.748813,On or near Vanguard Road,E01015340,Bournemouth 008C,Violence and sexual offences,Investigation complete; no suspect identified,
8261d7ee4ffd42e0122526294a52f8c608302d073b8517ed12fbed5903e7a388,2018-08,Dorset Police,Dorset Police,-1.839381,50.748813,On or near Vanguard Road,E01015340,Bournemouth 008C,Other crime,Investigation complete; no suspect identified,
,2018-08,Dorset Police,Dorset Police,-1.828128,50.748195,On or near A3060,E01015341,Bournemouth 008D,Anti-social behaviour,,
,2018-08,Dorset Police,Dorset Police,-1.829770,50.752927,On or near Stone Gardens,E01015341,Bournemouth 008D,Anti-social behaviour,,
,2018-08,Dorset Police,Dorset Police,-1.823821,50.751533,On or near Noyce Gardens,E01015341,Bournemouth 008D,Anti-social behaviour,,
,2018-08,Dorset Police,Dorset Police,-1.827327,50.750262,On or near Jewell Road,E01015341,Bournemouth 008D,Anti-social behaviour,,
,2018-08,Dorset Police,Dorset Police,-1.827327,50.750262,On or near Jewell Road,E01015341,Bournemouth 008D,Anti-social behaviour,,
,2018-08,Dorset Police,Dorset Police,-1.819069,50.752542,On or near A338,E01015341,Bournemouth 008D,Anti-social behaviour,,
,2018-08,Dorset Police,Dorset Police,-1.823576,50.752729,On or near Swansbury Drive,E01015341,Bournemouth 008D,Anti-social behaviour,,
,2018-08,Dorset Police,Dorset Police,-1.819225,50.756185,On or near Manor Farmyard,E01015341,Bournemouth 008D,Anti-social behaviour,,
28c9f9b7b9b4ecfda1bf2acfbdf931ac6c0f7ac70ed9a164b1e4450294e473ac,2018-08,Dorset Police,Dorset Police,-1.829770,50.752927,On or near Stone Gardens,E01015341,Bournemouth 008D,Burglary,Suspect charged as part of another case,
b0c82159b6d489b42f174f26ccc34af502e341ca558c5337c7f0b9b55c8450b5,2018-08,Dorset Police,Dorset Police,-1.839520,50.753741,On or near Yeomans Way,E01015341,Bournemouth 008D,Possession of weapons,Unable to prosecute suspect,
d36274555b43bd3a90e06f19ffb5e90f28fef9bf9f1ba5ba0db0ca05834f6ef9,2018-08,Dorset Police,Dorset Police,-1.839520,50.753741,On or near Yeomans Way,E01015341,Bournemouth 008D,Possession of weapons,Offender given community sentence,
935634df592b8e413b0c9deec48332c16a2eda4eed7f4ccdcab92d338c3f1f93,2018-08,Dorset Police,Dorset Police,-1.839520,50.753741,On or near Yeomans Way,E01015341,Bournemouth 008D,Possession of weapons,Unable to prosecute suspect,
670738241be916591d0f777873be8a994ea21ae06e25aa848b2a827660fcc59e,2018-08,Dorset Police,Dorset Police,-1.829770,50.752927,On or near Stone Gardens,E01015341,Bournemouth 008D,Public order,Unable to prosecute suspect,
93dc8ff80662e59414a3912ef028de010867fc32a7bc502b196913a6704ed4dd,2018-08,Dorset Police,Dorset Police,-1.839520,50.753741,On or near Yeomans Way,E01015341,Bournemouth 008D,Shoplifting,Offender given a caution,
015c76475b10bd4ee94cf90eae3a7c99a82579ca2887f270e8626cfba4f7a78c,2018-08,Dorset Police,Dorset Police,-1.839520,50.753741,On or near Yeomans Way,E01015341,Bournemouth 008D,Shoplifting,Unable to prosecute suspect,
84c9a315425fbfce42f63ae24deb5c88bb6f7c0ce1a7d5cd658d34f6b897726b,2018-08,Dorset Police,Dorset Police,-1.829770,50.752927,On or near Stone Gardens,E01015341,Bournemouth 008D,Violence and sexual offences,Unable to prosecute suspect,
b3f06a853a32c74bf279dad012d9221ad9cb949f4cd0ba1f632162596ff57091,2018-08,Dorset Police,Dorset Police,-1.828537,50.752889,On or near Watton Close,E01015341,Bournemouth 008D,Violence and sexual offences,Unable to prosecute suspect,
3ed00577419b689d3513c1c1e08dc65cc6e4a4aa1d756a61c7e70fa8e8c99ed3,2018-08,Dorset Police,Dorset Police,-1.828128,50.748195,On or near A3060,E01015341,Bournemouth 008D,Violence and sexual offences,Unable to prosecute suspect,
6732183636c677f04c5b4435e30a94b712c1a600c78e846ddf93dbc431e16074,2018-08,Dorset Police,Dorset Police,-1.828537,50.752889,On or near Watton Close,E01015341,Bournemouth 008D,Violence and sexual offences,Unable to prosecute suspect,
,2018-08,Dorset Police,Dorset Police,-1.872438,50.747748,On or near Benmore Road,E01015321,Bournemouth 009A,Anti-social behaviour,,
,2018-08,Dorset Police,Dorset Police,-1.877051,50.750648,On or near Wimborne Road,E01015321,Bournemouth 009A,Anti-social behaviour,,
,2018-08,Dorset Police,Dorset Police,-1.872438,50.747748,On or near Benmore Road,E01015321,Bournemouth 009A,Anti-social behaviour,,
458560aba01009131b8858689a98528766f5189e6fecc9fcec42420363485f99,2018-08,Dorset Police,Dorset Police,-1.875426,50.748938,On or near St John'S Gardens,E01015321,Bournemouth 009A,Burglary,Investigation complete; no suspect identified,
3a316a399b9965332859cca89b448092055dd83cfea917a1a7fac94dcef743cd,2018-08,Dorset Police,Dorset Police,-1.867782,50.750270,On or near Easter Road,E01015321,Bournemouth 009A,Criminal damage and arson,Unable to prosecute suspect,
e4b2593fa3335f202501147b31ca199f7474e954377081d9d8ad97b42283be66,2018-08,Dorset Police,Dorset Police,-1.877051,50.750648,On or near Wimborne Road,E01015321,Bournemouth 009A,Criminal damage and arson,Investigation complete; no suspect identified,
665be80b1a2743569fad2b30d044007c79b67f96ae2447f140e221cb1ed230e0,2018-08,Dorset Police,Dorset Police,-1.877051,50.750648,On or near Wimborne Road,E01015321,Bournemouth 009A,Criminal damage and arson,Unable to prosecute suspect,
a3a81500c5bdfea99efa8105d85056a64db6400d38ba17caba046218c29f1639,2018-08,Dorset Police,Dorset Police,-1.877051,50.750648,On or near Wimborne Road,E01015321,Bournemouth 009A,Criminal damage and arson,Investigation complete; no suspect identified,
7c9725797499463c8442b10d8a8e4c64d87e54a5feb60d7bb4679f505edbd54b,2018-08,Dorset Police,Dorset Police,-1.868043,50.748130,On or near Shirley Road,E01015321,Bournemouth 009A,Other theft,Unable to prosecute suspect,
c5c0138deb5ebb73ff21f35f9373bff5ee55b401e9391bf6292cdd55631002c7,2018-08,Dorset Police,Dorset Police,-1.872438,50.747748,On or near Benmore Road,E01015321,Bournemouth 009A,Other theft,Unable to prosecute suspect,
4608811e25da0895ff6d4686f83eb1b52f84390e89c5e970ae69b8ca02feae93,2018-08,Dorset Police,Dorset Police,-1.877051,50.750648,On or near Wimborne Road,E01015321,Bournemouth 009A,Public order,Status update unavailable,
ee7845cc9ec8529f8161b0503a99c2ba3e7beed2fdda24aaaa802099c5d10794,2018-08,Dorset Police,Dorset Police,-1.877051,50.750648,On or near Wimborne Road,E01015321,Bournemouth 009A,Vehicle crime,Investigation complete; no suspect identified,
9d867e6166eb5c88c34c41b3a430871ad82b9eb6cbd31fc191adb98eb7df6332,2018-08,Dorset Police,Dorset Police,-1.868043,50.748130,On or near Shirley Road,E01015321,Bournemouth 009A,Violence and sexual offences,Unable to prosecute suspect,
5b542e6fd7848e8e12b9d76a1e6d991a422a054a5183961bd16dc5929aae7e17,2018-08,Dorset Police,Dorset Police,-1.868043,50.748130,On or near Shirley Road,E01015321,Bournemouth 009A,Violence and sexual offences,Unable to prosecute suspect,
aba28b2abe21229ce5ee6021216a242af18283bb101f3b50713adc71e5cef767,2018-08,Dorset Police,Dorset Police,-1.877051,50.750648,On or near Wimborne Road,E01015321,Bournemouth 009A,Violence and sexual offences,Unable to prosecute suspect,
c27ceba1bf25c2c138b81ee37e635e831f152995183b04ebc394622f04661d88,2018-08,Dorset Police,Dorset Police,-1.877051,50.750648,On or near Wimborne Road,E01015321,Bournemouth 009A,Violence and sexual offences,Court result unavailable,
2985ecf540abc2e3101a9d32822a1543675f03db140ac829c3981084f0e22461,2018-08,Dorset Police,Dorset Police,-1.870764,50.748483,On or near Brassey Close,E01015321,Bournemouth 009A,Violence and sexual offences,Offender ordered to pay compensation,
,2018-08,Dorset Police,Dorset Police,-1.877836,50.748887,On or near Supermarket,E01015356,Bournemouth 009B,Anti-social behaviour,,
,2018-08,Dorset Police,Dorset Police,-1.884545,50.752625,On or near Redhill Avenue,E01015356,Bournemouth 009B,Anti-social behaviour,,
,2018-08,Dorset Police,Dorset Police,-1.877836,50.748887,On or near Supermarket,E01015356,Bournemouth 009B,Anti-social behaviour,,
,2018-08,Dorset Police,Dorset Police,-1.878871,50.748564,On or near Lampton Gardens,E01015356,Bournemouth 009B,Anti-social behaviour,,
,2018-08,Dorset Police,Dorset Police,-1.879533,50.750156,On or near Vicarage Road,E01015356,Bournemouth 009B,Anti-social behaviour,,
,2018-08,Dorset Police,Dorset Police,-1.879533,50.750156,On or near Vicarage Road,E01015356,Bournemouth 009B,Anti-social behaviour,,
354eff76bd1d2c594d40ad832e19471b17a185c3095de19c95e51407cd827e47,2018-08,Dorset Police,Dorset Police,-1.880692,50.751443,On or near Oswald Road,E01015356,Bournemouth 009B,Burglary,Investigation complete; no suspect identified,
2bad138b611176d41f240f4c4c606edeeac0b1e8d6614ac5a31aa02c2a9d80f9,2018-08,Dorset Police,Dorset Police,-1.877836,50.748887,On or near Supermarket,E01015356,Bournemouth 009B,Burglary,Investigation complete; no suspect identified,
7c49530ab8e6cd213a3b72c5c0b208632d8d235adac982265a7d7c1c586db559,2018-08,Dorset Police,Dorset Police,-1.879533,50.750156,On or near Vicarage Road,E01015356,Bournemouth 009B,Burglary,Investigation complete; no suspect identified,
940f1347ed53da8fda1dbf97adfe945b028ac8ef55db4d02fcf24a51917dc4cd,2018-08,Dorset Police,Dorset Police,-1.884545,50.752625,On or near Redhill Avenue,E01015356,Bournemouth 009B,Burglary,Investigation complete; no suspect identified,
51fe1eedb62c4fd2ec72b5d8e34cd1f2bbc65891b2b510c2ea4e95595f7ee4c4,2018-08,Dorset Police,Dorset Police,-1.877836,50.748887,On or near Supermarket,E01015356,Bournemouth 009B,Criminal damage and arson,Investigation complete; no suspect identified,
34bdef365b3d26855c22b37045b502395e7b65db43a899133c5163d0ac466787,2018-08,Dorset Police,Dorset Police,-1.884545,50.752625,On or near Redhill Avenue,E01015356,Bournemouth 009B,Other theft,Investigation complete; no suspect identified,
c01131b20e2d2ca93848b4cc3397e33ca9a3e752dc8786c3b51431e0fb706445,2018-08,Dorset Police,Dorset Police,-1.877836,50.748887,On or near Supermarket,E01015356,Bournemouth 009B,Public order,Unable to prosecute suspect,
b6eeaa394e8e64ddafaf9dfe3f5fd386e5057d8ec91dc562d2b0eda9ec8266f5,2018-08,Dorset Police,Dorset Police,-1.881555,50.746579,On or near Norton Gardens,E01015356,Bournemouth 009B,Vehicle crime,Investigation complete; no suspect identified,
e7906b6f9e632933aba93f5e503050b95c5b912067ca6bac0876c196289ed3b1,2018-08,Dorset Police,Dorset Police,-1.878689,50.747656,On or near Jameson Road,E01015356,Bournemouth 009B,Violence and sexual offences,Unable to prosecute suspect,
b6987d1c82180bc9107abafcf843a63819f16bbd05b17cdbfd5ac5eba6938a65,2018-08,Dorset Police,Dorset Police,-1.884816,50.751771,On or near Cherries Drive,E01015356,Bournemouth 009B,Violence and sexual offences,Unable to prosecute suspect,
b1eaa7b136e1e20cc4703dc56cac396a3eb6da03cfc3074b01acccc0fd095b4f,2018-08,Dorset Police,Dorset Police,-1.881689,50.749583,On or near Oates Road,E01015356,Bournemouth 009B,Violence and sexual offences,Defendant found not guilty,
,2018-08,Dorset Police,Dorset Police,-1.879546,50.745219,On or near Hawthorn Road,E01015374,Bournemouth 009C,Anti-social behaviour,,
,2018-08,Dorset Police,Dorset Police,-1.879546,50.745219,On or near Hawthorn Road,E01015374,Bournemouth 009C,Anti-social behaviour,,
,2018-08,Dorset Police,Dorset Police,-1.875904,50.745135,On or near Calvin Road,E01015374,Bournemouth 009C,Anti-social behaviour,,
,2018-08,Dorset Police,Dorset Police,-1.879546,50.745219,On or near Hawthorn Road,E01015374,Bournemouth 009C,Anti-social behaviour,,
,2018-08,Dorset Police,Dorset Police,-1.878046,50.744130,On or near Supermarket,E01015374,Bournemouth 009C,Anti-social behaviour,,
,2018-08,Dorset Police,Dorset Police,-1.880082,50.740742,On or near Parking Area,E01015374,Bournemouth 009C,Anti-social behaviour,,
,2018-08,Dorset Police,Dorset Police,-1.878046,50.744130,On or near Supermarket,E01015374,Bournemouth 009C,Anti-social behaviour,,
,2018-08,Dorset Police,Dorset Police,-1.879770,50.746164,On or near Iris Road,E01015374,Bournemouth 009C,Anti-social behaviour,,
,2018-08,Dorset Police,Dorset Police,-1.879725,50.741641,On or near Supermarket,E01015374,Bournemouth 009C,Anti-social behaviour,,
,2018-08,Dorset Police,Dorset Police,-1.877897,50.746908,On or near Wimborne Road,E01015374,Bournemouth 009C,Anti-social behaviour,,
,2018-08,Dorset Police,Dorset Police,-1.880459,50.742828,On or near Kemp Road,E01015374,Bournemouth 009C,Anti-social behaviour,,
,2018-08,Dorset Police,Dorset Police,-1.879546,50.745219,On or near Hawthorn Road,E01015374,Bournemouth 009C,Anti-social behaviour,,
,2018-08,Dorset Police,Dorset Police,-1.878046,50.744130,On or near Supermarket,E01015374,Bournemouth 009C,Anti-social behaviour,,
186d985f68b37250c0f8fae2ad905a46d8ff9363c0df2809d108801580ee0728,2018-08,Dorset Police,Dorset Police,-1.878989,50.746856,On or near Library Road,E01015374,Bournemouth 009C,Criminal damage and arson,Offender given a caution,
2496545ba6df1a4fc51517c881ef4791acfe9eb99a283fe6554a4fc988055a08,2018-08,Dorset Police,Dorset Police,-1.880082,50.740742,On or near Parking Area,E01015374,Bournemouth 009C,Criminal damage and arson,Unable to prosecute suspect,
89917cc2957531c3dcae29140d051d50381b5d4f37365f165f67b6eedc0f5e62,2018-08,Dorset Police,Dorset Police,-1.877897,50.746908,On or near Wimborne Road,E01015374,Bournemouth 009C,Criminal damage and arson,Offender given conditional discharge,
9d735f84a89376795ef94cc40b92e0b2ef0e639b0daae089fe7b589758b32b88,2018-08,Dorset Police,Dorset Police,-1.877897,50.746908,On or near Wimborne Road,E01015374,Bournemouth 009C,Drugs,Offender given a drugs possession warning,
0bc30bfd9086120ed9266c639e02c95a75626800967b64ecb3ec76ca578247d0,2018-08,Dorset Police,Dorset Police,-1.879546,50.745219,On or near Hawthorn Road,E01015374,Bournemouth 009C,Other theft,Court result unavailable,
4e4cddfe3dbea3002269f7659a3ec76282f276ed82d67f4a5f6c202fd2e7a9c7,2018-08,Dorset Police,Dorset Police,-1.879546,50.745219,On or near Hawthorn Road,E01015374,Bournemouth 009C,Public order,Unable to prosecute suspect,
6f13e44deaeed7bf045b670a49004e17e209b93d5995821a4262ec1f4eb62fb7,2018-08,Dorset Police,Dorset Police,-1.883666,50.741141,On or near Talbot Road,E01015374,Bournemouth 009C,Public order,Court result unavailable,
f60bb11fb7d3a109cf1fcb3af251f6cc698598a2b7b25169dd06d585915014e0,2018-08,Dorset Police,Dorset Police,-1.880270,50.744573,On or near Privet Road,E01015374,Bournemouth 009C,Public order,Unable to prosecute suspect,
a12366eb848473ede06987d57982d1e5d344804629ddbf150218c90d4116a3f6,2018-08,Dorset Police,Dorset Police,-1.878046,50.744130,On or near Supermarket,E01015374,Bournemouth 009C,Shoplifting,Unable to prosecute suspect,
6d80e4f71cdedb57ae4ec4901761c57179f6ad99265b69d115d022f869a2759a,2018-08,Dorset Police,Dorset Police,-1.880082,50.740742,On or near Parking Area,E01015374,Bournemouth 009C,Theft from the person,Investigation complete; no suspect identified,
12815eaa054d049b4ab5584f44e7ab16f45985b9c54fb2816f6431dee5df42dc,2018-08,Dorset Police,Dorset Police,-1.881109,50.743566,On or near Melville Road,E01015374,Bournemouth 009C,Vehicle crime,Investigation complete; no suspect identified,
bf6014aa23f915b5d46470914581fe160d409cc265012990ac175913649e315a,2018-08,Dorset Police,Dorset Police,-1.875904,50.745135,On or near Calvin Road,E01015374,Bournemouth 009C,Vehicle crime,Investigation complete; no suspect identified,
a3ab417b9b8491cc346c7285e08c29bc5122956e6e57d9974761fa4e88831da1,2018-08,Dorset Police,Dorset Police,-1.878651,50.746010,On or near Smithfield Place,E01015374,Bournemouth 009C,Violence and sexual offences,Unable to prosecute suspect,
9704a09dd785f01360589aaf35cc6b8c8e563137704232258da8b8a546b21806,2018-08,Dorset Police,Dorset Police,-1.882997,50.742192,On or near Sedgley Road,E01015374,Bournemouth 009C,Violence and sexual offences,Unable to prosecute suspect,
c549557aa0a8e702f1938d97a990aa5706f74bb4cf31ca353e418d8dbc65ee62,2018-08,Dorset Police,Dorset Police,-1.879546,50.745219,On or near Hawthorn Road,E01015374,Bournemouth 009C,Violence and sexual offences,Unable to prosecute suspect,
dcf8d53530c531cb3756cbaa9721ed2b7ae592c227f970974007cd22bf6b857b,2018-08,Dorset Police,Dorset Police,-1.880270,50.744573,On or near Privet Road,E01015374,Bournemouth 009C,Violence and sexual offences,Unable to prosecute suspect,
c24cf7b9d87fdbcbbd5833f83039f56894b89f83000ca735cf198cdc89f1c098,2018-08,Dorset Police,Dorset Police,-1.878046,50.744130,On or near Supermarket,E01015374,Bournemouth 009C,Violence and sexual offences,Unable to prosecute suspect,
dec5059197d95d7ad0e5dd8b04ff44bc7e27e7e90d580ef511eb60a99625ce2e,2018-08,Dorset Police,Dorset Police,-1.879770,50.746164,On or near Iris Road,E01015374,Bournemouth 009C,Violence and sexual offences,Unable to prosecute suspect,
955f14aad9bc1f279a0d3284d8017ee8a18fd65d8e5e06242d0a4d5e777a2a19,2018-08,Dorset Police,Dorset Police,-1.883666,50.741141,On or near Talbot Road,E01015374,Bournemouth 009C,Violence and sexual offences,Status update unavailable,
d94227e047ddc229ef8e51e0b250f4bdb4d00228fe8af950d808d913ab996934,2018-08,Dorset Police,Dorset Police,-1.883666,50.741141,On or near Talbot Road,E01015374,Bournemouth 009C,Violence and sexual offences,Court result unavailable,
95285d7c7caa930485e7d0b99021db51532ce15158c616f8dacc6a5763fbe7ea,2018-08,Dorset Police,Dorset Police,-1.877897,50.746908,On or near Wimborne Road,E01015374,Bournemouth 009C,Violence and sexual offences,Unable to prosecute suspect,
dfdcd59d3f7a21d8a560b97fcd68529b6dcd9e01babfb9a4f02d8c2005dade6d,2018-08,Dorset Police,Dorset Police,-1.878046,50.744130,On or near Supermarket,E01015374,Bournemouth 009C,Violence and sexual offences,Formal action is not in the public interest,
55e5dc2f312ff58c64703cf48345b9f4bec319b1ba3d6543a85279777d45f25e,2018-08,Dorset Police,Dorset Police,-1.877897,50.746908,On or near Wimborne Road,E01015374,Bournemouth 009C,Violence and sexual offences,Unable to prosecute suspect,
,2018-08,Dorset Police,Dorset Police,-1.878678,50.740803,On or near Supermarket,E01015375,Bournemouth 009D,Anti-social behaviour,,
,2018-08,Dorset Police,Dorset Police,-1.876127,50.741115,On or near Cardigan Road,E01015375,Bournemouth 009D,Anti-social behaviour,,
,2018-08,Dorset Police,Dorset Police,-1.879001,50.742071,On or near Wimborne Road,E01015375,Bournemouth 009D,Anti-social behaviour,,
,2018-08,Dorset Police,Dorset Police,-1.878678,50.740803,On or near Supermarket,E01015375,Bournemouth 009D,Anti-social behaviour,,
,2018-08,Dorset Police,Dorset Police,-1.878604,50.742161,On or near Supermarket,E01015375,Bournemouth 009D,Anti-social behaviour,,
,2018-08,Dorset Police,Dorset Police,-1.878678,50.740803,On or near Supermarket,E01015375,Bournemouth 009D,Anti-social behaviour,,
4274e75cc2ae686f3f2f679a884ff3726b70f7f916b5315cc41554fb2cb10ef4,2018-08,Dorset Police,Dorset Police,-1.878175,50.743806,On or near Shopping Area,E01015375,Bournemouth 009D,Burglary,Investigation complete; no suspect identified,
4a901c54f173a784298f92bd34baf6a61075edfb65ea3673eb1fa8c993ccb9f1,2018-08,Dorset Police,Dorset Police,-1.876087,50.740135,On or near Parker Road,E01015375,Bournemouth 009D,Criminal damage and arson,Status update unavailable,
ad1ed83a04091b671455d4727c727c7cff2cc3f2edd0183ee8139971dfacaec1,2018-08,Dorset Police,Dorset Police,-1.874330,50.739944,On or near Trafalgar Road,E01015375,Bournemouth 009D,Criminal damage and arson,Investigation complete; no suspect identified,
f692a68dbf4bd7a73f63b030600c0b88218e9540bf9b8f5927354a07fce9ec79,2018-08,Dorset Police,Dorset Police,-1.878546,50.742611,On or near Shopping Area,E01015375,Bournemouth 009D,Other theft,Offender given conditional discharge,
41d3f6a9a1e29c0b9d433da27d139057ad30c7b240395fe6bae3725f446d9cc8,2018-08,Dorset Police,Dorset Police,-1.875920,50.744379,On or near Luther Road,E01015375,Bournemouth 009D,Other theft,Investigation complete; no suspect identified,
dc62824cb4d2b811beed78dcfe0962caca853eb5c7284acf8939d506635d7958,2018-08,Dorset Police,Dorset Police,-1.879001,50.742071,On or near Wimborne Road,E01015375,Bournemouth 009D,Other theft,Investigation complete; no suspect identified,
f55dd0dc7c600db206992eea0a8b4aaa6789ddff617d22cc85f0a97bef9c47af,2018-08,Dorset Police,Dorset Police,-1.876574,50.743661,On or near Cranmer Road,E01015375,Bournemouth 009D,Other theft,Investigation complete; no suspect identified,
3cd4aa9f8603a20f492560d6ac5ab299c8fdc0f2b39f232624627b9382f82973,2018-08,Dorset Police,Dorset Police,-1.878680,50.740021,On or near Crimea Road,E01015375,Bournemouth 009D,Robbery,Investigation complete; no suspect identified,
4ed06ede44adbfeeb503c9e03912a14a57ae5c4788ea27b219d9718e1cf10836,2018-08,Dorset Police,Dorset Police,-1.878604,50.742161,On or near Supermarket,E01015375,Bournemouth 009D,Shoplifting,Unable to prosecute suspect,
2bc18f47d45c238694bf60c268af759dd989c6965866ca4812c7fb7f81288b50,2018-08,Dorset Police,Dorset Police,-1.878678,50.740803,On or near Supermarket,E01015375,Bournemouth 009D,Shoplifting,Investigation complete; no suspect identified,
9198d6b4161803f1063bd1094393a3ce8cf3cbc90cd99606f0b22d62e82d0fc5,2018-08,Dorset Police,Dorset Police,-1.878678,50.740803,On or near Supermarket,E01015375,Bournemouth 009D,Shoplifting,Investigation complete; no suspect identified,
b81b209749a0080ddcd5901915f64fedbbb364a14c3acb42e3f26654402cd246,2018-08,Dorset Police,Dorset Police,-1.878678,50.740803,On or near Supermarket,E01015375,Bournemouth 009D,Shoplifting,Unable to prosecute suspect,
5fd208d52ac11bfa0ac372d9f5644ba874cb15487b94cb27f08cf619dffcc1ad,2018-08,Dorset Police,Dorset Police,-1.878678,50.740803,On or near Supermarket,E01015375,Bournemouth 009D,Shoplifting,Offender ordered to pay compensation,
f2c906c69940f07c48dc47cad9a8c98aa44c4d79d4ea6381c8d150644d25164d,2018-08,Dorset Police,Dorset Police,-1.878678,50.740803,On or near Supermarket,E01015375,Bournemouth 009D,Shoplifting,Offender sent to prison,
18bfbb9a1b4e9145c068729b8ca418307f99e9eba7835399cd90d35998fde73c,2018-08,Dorset Police,Dorset Police,-1.878678,50.740803,On or near Supermarket,E01015375,Bournemouth 009D,Shoplifting,Offender given conditional discharge,
c438e1461cfe767659318cfd3d1735f23e160e68c2e1f0af9f33e6bcee0517e9,2018-08,Dorset Police,Dorset Police,-1.878678,50.740803,On or near Supermarket,E01015375,Bournemouth 009D,Shoplifting,Court result unavailable,
ac8028c6539dff8e469d1de2911a726410338a0cd2c68d516014030348d317d3,2018-08,Dorset Police,Dorset Police,-1.876351,50.742024,On or near Wycliffe Road,E01015375,Bournemouth 009D,Vehicle crime,Investigation complete; no suspect identified,
16765ac0a922d7de5863896241ae1e6cecaa6e4092d37dac6900451eacb81969,2018-08,Dorset Police,Dorset Police,-1.876689,50.742941,On or near Latimer Road,E01015375,Bournemouth 009D,Vehicle crime,Investigation complete; no suspect identified,
7afd26f22e43205858e425c56376a404473c297639ab4eba60199cd915c9c902,2018-08,Dorset Police,Dorset Police,-1.878604,50.742161,On or near Supermarket,E01015375,Bournemouth 009D,Violence and sexual offences,Action to be taken by another organisation,
93dd8aa76ce2b9a51c0c6c3f8d55753c4e03e9503c9747c1bc445e17edec351e,2018-08,Dorset Police,Dorset Police,-1.876087,50.740135,On or near Parker Road,E01015375,Bournemouth 009D,Violence and sexual offences,Unable to prosecute suspect,
b9fa193150ec680c3a894f609278e23f0a6dca6cc69c293533f5a227693441d8,2018-08,Dorset Police,Dorset Police,-1.878175,50.743806,On or near Shopping Area,E01015375,Bournemouth 009D,Violence and sexual offences,Investigation complete; no suspect identified,
116b819a402d26720f7c9b197455a59889711515951aaf6508b03722385f47aa,2018-08,Dorset Police,Dorset Police,-1.874330,50.739944,On or near Trafalgar Road,E01015375,Bournemouth 009D,Violence and sexual offences,Unable to prosecute suspect,
dddf83ba23081053a79800b4f11c8afeee2fe47eb88acccafbfc480e920c9919,2018-08,Dorset Police,Dorset Police,-1.878604,50.742161,On or near Supermarket,E01015375,Bournemouth 009D,Violence and sexual offences,Unable to prosecute suspect,
7534d021d242b61661b5587d211ff48e57380b8e30320d362c3e46307d12850f,2018-08,Dorset Police,Dorset Police,-1.878604,50.742161,On or near Supermarket,E01015375,Bournemouth 009D,Violence and sexual offences,Unable to prosecute suspect,
f3bf02d65277524375969fadaf8914a48877e13c28569b3ac83d400e946345a4,2018-08,Dorset Police,Dorset Police,-1.878175,50.743806,On or near Shopping Area,E01015375,Bournemouth 009D,Violence and sexual offences,Unable to prosecute suspect,
fac48d672b8da1b7678bf477a7bf7b72925c93da77152bad87a3112d6ae6cbae,2018-08,Dorset Police,Dorset Police,-1.878604,50.742161,On or near Supermarket,E01015375,Bournemouth 009D,Violence and sexual offences,Action to be taken by another organisation,
,2018-08,Dorset Police,Dorset Police,-1.874653,50.746257,On or near Clive Road,E01015377,Bournemouth 009E,Anti-social behaviour,,
,2018-08,Dorset Police,Dorset Police,-1.876819,50.747204,On or near Midland Road,E01015377,Bournemouth 009E,Anti-social behaviour,,
,2018-08,Dorset Police,Dorset Police,-1.874653,50.746257,On or near Clive Road,E01015377,Bournemouth 009E,Anti-social behaviour,,
,2018-08,Dorset Police,Dorset Police,-1.873306,50.746652,On or near Alexander Gardens,E01015377,Bournemouth 009E,Anti-social behaviour,,
,2018-08,Dorset Police,Dorset Police,-1.873306,50.746652,On or near Alexander Gardens,E01015377,Bournemouth 009E,Anti-social behaviour,,
,2018-08,Dorset Police,Dorset Police,-1.873501,50.747857,On or near Castle Road,E01015377,Bournemouth 009E,Anti-social behaviour,,
,2018-08,Dorset Police,Dorset Police,-1.873306,50.746652,On or near Alexander Gardens,E01015377,Bournemouth 009E,Anti-social behaviour,,
6d64d7ecab317fd8432111b2eb8c5363a7b0255a1409b7cc2381188f36cba7ea,2018-08,Dorset Police,Dorset Police,-1.869563,50.746818,On or near Ripon Road,E01015377,Bournemouth 009E,Burglary,Investigation complete; no suspect identified,
db45c34da81a90ae932ea80a2e339698258e477d0b2342cfe4df997a6fd5b689,2018-08,Dorset Police,Dorset Police,-1.876819,50.747204,On or near Midland Road,E01015377,Bournemouth 009E,Criminal damage and arson,Court result unavailable,
99e96db182ea0bf2abf42312a84aa3da12e7a110671182b7fb3b3d7775e98e0c,2018-08,Dorset Police,Dorset Police,-1.869563,50.746818,On or near Ripon Road,E01015377,Bournemouth 009E,Other theft,Investigation complete; no suspect identified,
95cae01c39cec6706bc38fa52d20a834f48343977c4c089afd5b78c5be8a1e15,2018-08,Dorset Police,Dorset Police,-1.873306,50.746652,On or near Alexander Gardens,E01015377,Bournemouth 009E,Violence and sexual offences,Action to be taken by another organisation,
3257d9b7556e6d45aef2830fd0a7ee951514b27bed2332006b637f1e7a8517ff,2018-08,Dorset Police,Dorset Police,-1.876819,50.747204,On or near Midland Road,E01015377,Bournemouth 009E,Violence and sexual offences,Defendant found not guilty,
e548b75a7408a55844e4843a3ff73060ecd6627d9068afd2c97c9d39fcd9058f,2018-08,Dorset Police,Dorset Police,-1.873306,50.746652,On or near Alexander Gardens,E01015377,Bournemouth 009E,Violence and sexual offences,Action to be taken by another organisation,
d5049ebf88a1fda4c7ded3dd30ec66543d5cfd4d72e1c0f87d48d1b96f07f87e,2018-08,Dorset Police,Dorset Police,-1.876819,50.747204,On or near Midland Road,E01015377,Bournemouth 009E,Violence and sexual offences,Unable to prosecute suspect,
,2018-08,Dorset Police,Dorset Police,-1.861283,50.747843,On or near Court Road,E01015322,Bournemouth 010A,Anti-social behaviour,,
,2018-08,Dorset Police,Dorset Police,-1.865132,50.750150,On or near Oakwood Close,E01015322,Bournemouth 010A,Anti-social behaviour,,
,2018-08,Dorset Police,Dorset Police,-1.865468,50.746697,On or near Gresham Road,E01015322,Bournemouth 010A,Anti-social behaviour,,
65ffb48b0920d196ca68be52f199c4cc40462783539bfc520f1ab5ac607c2cca,2018-08,Dorset Police,Dorset Police,-1.861913,50.750569,On or near Brockenhurst Road,E01015322,Bournemouth 010A,Burglary,Suspect charged as part of another case,
74a7184acc6f78286f66a045b5c7ab78a7855a023bb377b88d0411c7bcd32e7d,2018-08,Dorset Police,Dorset Police,-1.861283,50.747843,On or near Court Road,E01015322,Bournemouth 010A,Criminal damage and arson,Investigation complete; no suspect identified,
35ea26df27a271bf6d0bd03719b086619b3b0ab890ac2fcee42da6337377b2cd,2018-08,Dorset Police,Dorset Police,-1.865468,50.746697,On or near Gresham Road,E01015322,Bournemouth 010A,Vehicle crime,Investigation complete; no suspect identified,
,2018-08,Dorset Police,Dorset Police,-1.853891,50.741072,On or near St George'S Avenue,E01015330,Bournemouth 010B,Anti-social behaviour,,
,2018-08,Dorset Police,Dorset Police,-1.858946,50.737921,On or near Richmond Wood Road,E01015330,Bournemouth 010B,Anti-social behaviour,,
,2018-08,Dorset Police,Dorset Police,-1.862181,50.741199,On or near Petrol Station,E01015330,Bournemouth 010B,Anti-social behaviour,,
,2018-08,Dorset Police,Dorset Police,-1.860621,50.741457,On or near St Alban'S Crescent,E01015330,Bournemouth 010B,Anti-social behaviour,,
,2018-08,Dorset Police,Dorset Police,-1.855676,50.741182,On or near Burnham Drive,E01015330,Bournemouth 010B,Anti-social behaviour,,
e055c39aeeb4258483321c030e4d053e619add8db6cf12f0c25b3eadff1f4517,2018-08,Dorset Police,Dorset Police,-1.859616,50.741222,On or near Cecil Avenue,E01015330,Bournemouth 010B,Criminal damage and arson,Investigation complete; no suspect identified,
e0350cf142a0e2e931bfb38e858e6becaf3a9d56c78d4faaa95c699256f67fff,2018-08,Dorset Police,Dorset Police,-1.862181,50.741199,On or near Petrol Station,E01015330,Bournemouth 010B,Criminal damage and arson,Unable to prosecute suspect,
2c24bbf11861d6f550ade821ac9ea39ffbf7d0a01a270b493c1ca1930c774533,2018-08,Dorset Police,Dorset Police,-1.851881,50.740269,On or near Queen'S Park West Drive,E01015330,Bournemouth 010B,Other theft,Investigation complete; no suspect identified,
bbdefe9fe34492536b1a243e3bf79c9e097f123474a28920e7aed42c7dd5a5b7,2018-08,Dorset Police,Dorset Police,-1.862181,50.741199,On or near Petrol Station,E01015330,Bournemouth 010B,Other theft,Investigation complete; no suspect identified,
464cdc910a437d6fa98014c5c08aea71e989b543cf22e30e1758eacc6837b755,2018-08,Dorset Police,Dorset Police,-1.862181,50.741199,On or near Petrol Station,E01015330,Bournemouth 010B,Other theft,Investigation complete; no suspect identified,
03c89f2b38fa215504cb301cf09e9fd0b454d43fb327366b4e0e825164673513,2018-08,Dorset Police,Dorset Police,-1.858830,50.738713,On or near Richmond Park Avenue,E01015330,Bournemouth 010B,Other theft,Investigation complete; no suspect identified,
0a4b6288b3f4dd191a79821ebb9d9c06eaedbac9069efe3ea8f21dc1f049a96c,2018-08,Dorset Police,Dorset Police,-1.862181,50.741199,On or near Petrol Station,E01015330,Bournemouth 010B,Other theft,Unable to prosecute suspect,
24d09bb1a6ddbec54b9e39f96186978a0a2e2ab8ef6db3ab84d4a000eb353e65,2018-08,Dorset Police,Dorset Police,-1.855676,50.741182,On or near Burnham Drive,E01015330,Bournemouth 010B,Public order,Unable to prosecute suspect,
fa6bc0f95bd6d026e51e2e49e0b4c2d1c2b9883568623215ea7d6d1272be1406,2018-08,Dorset Police,Dorset Police,-1.862181,50.741199,On or near Petrol Station,E01015330,Bournemouth 010B,Public order,Local resolution,
1d8f2a4db1f965ec67757fb7575fe3e781df786b20de6e2e474c001a2632655f,2018-08,Dorset Police,Dorset Police,-1.858946,50.737921,On or near Richmond Wood Road,E01015330,Bournemouth 010B,Vehicle crime,Investigation complete; no suspect identified,
4e52a37f7a070025a2d5ce993c75b9f2dd3af0a5b806078140e013e3581e9df9,2018-08,Dorset Police,Dorset Police,-1.861418,50.740451,On or near Arcadia Avenue,E01015330,Bournemouth 010B,Vehicle crime,Suspect charged as part of another case,
053bf6523d048d5c123796cceb9c863a140ed24ebb6a4ec0b8ae6dab2c5ab24b,2018-08,Dorset Police,Dorset Police,-1.858830,50.738713,On or near Richmond Park Avenue,E01015330,Bournemouth 010B,Vehicle crime,Investigation complete; no suspect identified,
ddce4bde3981369191ec5ea694e0b918f5ab15546d7313c7c5af99523d9209b4,2018-08,Dorset Police,Dorset Police,-1.858946,50.737921,On or near Richmond Wood Road,E01015330,Bournemouth 010B,Violence and sexual offences,Investigation complete; no suspect identified,
d1a29e928d70dc8dc6372047da643751c4f5275939e25268c93068d1a4bdd85a,2018-08,Dorset Police,Dorset Police,-1.858946,50.737921,On or near Richmond Wood Road,E01015330,Bournemouth 010B,Violence and sexual offences,Court result unavailable,
dd9470b154479e64c60854a409984e02a121f7445385ba87a5e2af96cc8a001e,2018-08,Dorset Police,Dorset Police,-1.861418,50.740451,On or near Arcadia Avenue,E01015330,Bournemouth 010B,Violence and sexual offences,Defendant found not guilty,
9884e622d4b0b422987da1e52cb83907f54bfef37e92b1d944d6778cc1df4bab,2018-08,Dorset Police,Dorset Police,-1.858946,50.737921,On or near Richmond Wood Road,E01015330,Bournemouth 010B,Violence and sexual offences,Offender given conditional discharge,
83a5ce04c66cfcf09c1aba7b7c0c90c97022fb485691d72eb5d41ce9d9561788,2018-08,Dorset Police,Dorset Police,-1.858946,50.737921,On or near Richmond Wood Road,E01015330,Bournemouth 010B,Violence and sexual offences,Offender given conditional discharge,
,2018-08,Dorset Police,Dorset Police,-1.857790,50.745006,On or near Strouden Avenue,E01015342,Bournemouth 010C,Anti-social behaviour,,
,2018-08,Dorset Police,Dorset Police,-1.861631,50.745137,On or near Charminster Road,E01015342,Bournemouth 010C,Anti-social behaviour,,
,2018-08,Dorset Police,Dorset Police,-1.839829,50.746062,On or near Copsewood Avenue,E01015342,Bournemouth 010C,Anti-social behaviour,,
5a017553326296ed915ffc38552075863a794cd5498a1d560d6dc851cf4e730c,2018-08,Dorset Police,Dorset Police,-1.858595,50.745996,On or near Bushey Road,E01015342,Bournemouth 010C,Criminal damage and arson,Further investigation is not in the public interest,
19f0fa05db566935c496d839d197e02238685df8cbabcbb9edc217be68a5c0fc,2018-08,Dorset Police,Dorset Police,-1.850128,50.743378,On or near Brackendale Road,E01015342,Bournemouth 010C,Other theft,Investigation complete; no suspect identified,
,2018-08,Dorset Police,Dorset Police,-1.863860,50.744006,On or near Rutland Road,E01015373,Bournemouth 010D,Anti-social behaviour,,
,2018-08,Dorset Police,Dorset Police,-1.863857,50.740103,On or near Supermarket,E01015373,Bournemouth 010D,Anti-social behaviour,,
,2018-08,Dorset Police,Dorset Police,-1.868600,50.741548,On or near Hankinson Road,E01015373,Bournemouth 010D,Anti-social behaviour,,
,2018-08,Dorset Police,Dorset Police,-1.862785,50.743016,On or near Firbank Road,E01015373,Bournemouth 010D,Anti-social behaviour,,
,2018-08,Dorset Police,Dorset Police,-1.862785,50.743016,On or near Firbank Road,E01015373,Bournemouth 010D,Anti-social behaviour,,
,2018-08,Dorset Police,Dorset Police,-1.862785,50.743016,On or near Firbank Road,E01015373,Bournemouth 010D,Anti-social behaviour,,
,2018-08,Dorset Police,Dorset Police,-1.863444,50.740714,On or near Hankinson Road,E01015373,Bournemouth 010D,Anti-social behaviour,,
,2018-08,Dorset Police,Dorset Police,-1.862785,50.743016,On or near Firbank Road,E01015373,Bournemouth 010D,Anti-social behaviour,,
,2018-08,Dorset Police,Dorset Police,-1.862785,50.743016,On or near Firbank Road,E01015373,Bournemouth 010D,Anti-social behaviour,,
,2018-08,Dorset Police,Dorset Police,-1.863857,50.740103,On or near Supermarket,E01015373,Bournemouth 010D,Anti-social behaviour,,
,2018-08,Dorset Police,Dorset Police,-1.863444,50.740714,On or near Hankinson Road,E01015373,Bournemouth 010D,Anti-social behaviour,,
,2018-08,Dorset Police,Dorset Police,-1.862785,50.743016,On or near Firbank Road,E01015373,Bournemouth 010D,Anti-social behaviour,,
d72a807698ce8a3e05be382e133d4267c0d0b47fb0cf41545009c324b31fc8f3,2018-08,Dorset Police,Dorset Police,-1.863857,50.740103,On or near Supermarket,E01015373,Bournemouth 010D,Bicycle theft,Unable to prosecute suspect,
e68ddbd0e7c88d17dbe94a3ce62a70c4923596879a9fb63ff610735b3ebb74a5,2018-08,Dorset Police,Dorset Police,-1.863857,50.740103,On or near Supermarket,E01015373,Bournemouth 010D,Burglary,Investigation complete; no suspect identified,
40a84d9991a308e3bacb06dfc02bde60fa5f8cda529c4aef5f033ac6bd335b75,2018-08,Dorset Police,Dorset Police,-1.868362,50.740675,On or near Maxwell Road,E01015373,Bournemouth 010D,Criminal damage and arson,Investigation complete; no suspect identified,
6870a90436eaa8cc9379be0e6c1629b00852f2ab6958b1663d5b488d61751ffa,2018-08,Dorset Police,Dorset Police,-1.863444,50.740714,On or near Hankinson Road,E01015373,Bournemouth 010D,Criminal damage and arson,Unable to prosecute suspect,
1a2ed8812d00e2a8a2741db1c2deeb53ff215daf27aa78e84c504a4634e604bb,2018-08,Dorset Police,Dorset Police,-1.866246,50.742165,On or near Brownen Road,E01015373,Bournemouth 010D,Criminal damage and arson,Investigation complete; no suspect identified,
9e9b5af6e22e1975470b34240ad1274580d03c4dfeef21c9d43c2096ea22d5a9,2018-08,Dorset Police,Dorset Police,-1.863860,50.744006,On or near Rutland Road,E01015373,Bournemouth 010D,Criminal damage and arson,Unable to prosecute suspect,
6c768fadd09ee330ea9cb313a2c9c79c88c5407d190f7a23f241716684cc3a9e,2018-08,Dorset Police,Dorset Police,-1.868362,50.740675,On or near Maxwell Road,E01015373,Bournemouth 010D,Criminal damage and arson,Investigation complete; no suspect identified,
042114af350dbd6fb9badeba754eeeb85fbf75875b2312589e817dcb6b6a71e8,2018-08,Dorset Police,Dorset Police,-1.863857,50.740103,On or near Supermarket,E01015373,Bournemouth 010D,Shoplifting,Unable to prosecute suspect,
b8205317b4ad33bc003fa28b3b2c9fd147393040ffce97c564f3cf8331edb20e,2018-08,Dorset Police,Dorset Police,-1.863857,50.740103,On or near Supermarket,E01015373,Bournemouth 010D,Shoplifting,Unable to prosecute suspect,
f7427be89afcc030a82d5d6df9afd8ad40abc9c3d630b33b95ee784357280a2f,2018-08,Dorset Police,Dorset Police,-1.863857,50.740103,On or near Supermarket,E01015373,Bournemouth 010D,Shoplifting,Unable to prosecute suspect,
0ff02f566bd38c8682efedad3cd19a986dadd926de7f39d8e05c2748caf0cc54,2018-08,Dorset Police,Dorset Police,-1.863857,50.740103,On or near Supermarket,E01015373,Bournemouth 010D,Shoplifting,Investigation complete; no suspect identified,
daf2f088785034ecb15e26efac0effb304574768a97712b026af83d70dc7bfa9,2018-08,Dorset Police,Dorset Police,-1.862785,50.743016,On or near Firbank Road,E01015373,Bournemouth 010D,Vehicle crime,Unable to prosecute suspect,
09008c7a0a2b3ada5eed4d8507d01258dce9c883e26915c0eda9ad61178f83a8,2018-08,Dorset Police,Dorset Police,-1.863444,50.740714,On or near Hankinson Road,E01015373,Bournemouth 010D,Violence and sexual offences,Unable to prosecute suspect,
8259605736a27e38b7249b1a7c70a51b328a58e725776c1079ea3ba4ae0c583d,2018-08,Dorset Police,Dorset Police,-1.864430,50.742703,On or near Acland Road,E01015373,Bournemouth 010D,Violence and sexual offences,Unable to prosecute suspect,
08f36908c6c22c16b38ca804a70fbd6c20b078cae756ec290f758b277d3f4454,2018-08,Dorset Police,Dorset Police,-1.864430,50.742703,On or near Acland Road,E01015373,Bournemouth 010D,Violence and sexual offences,Unable to prosecute suspect,
6805ad4c87b85d21c321c85e73ffffca20ae0fb9db71d50d9bfdecd0676f9f1c,2018-08,Dorset Police,Dorset Police,-1.863444,50.740714,On or near Hankinson Road,E01015373,Bournemouth 010D,Violence and sexual offences,Offender given suspended prison sentence,
c56718494f82bfb3b621ac7c72b832df245a53a3dbf5701d91c8ab1bf89faaae,2018-08,Dorset Police,Dorset Police,-1.868362,50.740675,On or near Maxwell Road,E01015373,Bournemouth 010D,Violence and sexual offences,Unable to prosecute suspect,
,2018-08,Dorset Police,Dorset Police,-1.867335,50.742949,On or near Frampton Road,E01015378,Bournemouth 010E,Anti-social behaviour,,
,2018-08,Dorset Police,Dorset Police,-1.872237,50.743521,On or near Crichel Road,E01015378,Bournemouth 010E,Anti-social behaviour,,
,2018-08,Dorset Police,Dorset Police,-1.870816,50.744895,On or near Pine Road,E01015378,Bournemouth 010E,Anti-social behaviour,,
,2018-08,Dorset Police,Dorset Police,-1.869071,50.745451,On or near Portland Road,E01015378,Bournemouth 010E,Anti-social behaviour,,
,2018-08,Dorset Police,Dorset Police,-1.867446,50.743660,On or near Green Road,E01015378,Bournemouth 010E,Anti-social behaviour,,
,2018-08,Dorset Police,Dorset Police,-1.869071,50.745451,On or near Portland Road,E01015378,Bournemouth 010E,Anti-social behaviour,,
cfb4d798c2cfb2a1673d52ddd4a9b7838f6f2929fed97f3335f6883b42a1216e,2018-08,Dorset Police,Dorset Police,-1.870816,50.744895,On or near Pine Road,E01015378,Bournemouth 010E,Vehicle crime,Investigation complete; no suspect identified,
5d05dd80f7a47f8ccd8b709836a84865f3db4cb925ed6af8c56cc123d44227da,2018-08,Dorset Police,Dorset Police,-1.867032,50.744810,On or near Murley Road,E01015378,Bournemouth 010E,Violence and sexual offences,Investigation complete; no suspect identified,
4778eb3cc3dd8343c56a6592f3dbd2074641441fa327ce0aba1081fa3e1cf0de,2018-08,Dorset Police,Dorset Police,-1.870991,50.742953,On or near Somerley Road,E01015378,Bournemouth 010E,Violence and sexual offences,Offender given conditional discharge,
91c00191bd2ce74bd6b137d079568e700fbadcfb7f0c3ab81b7100688eac6e3b,2018-08,Dorset Police,Dorset Police,-1.869071,50.745451,On or near Portland Road,E01015378,Bournemouth 010E,Violence and sexual offences,Awaiting court outcome,
,2018-08,Dorset Police,Dorset Police,-1.841033,50.733735,On or near Sports/Recreation Area,E01015314,Bournemouth 011A,Anti-social behaviour,,
,2018-08,Dorset Police,Dorset Police,-1.841033,50.733735,On or near Sports/Recreation Area,E01015314,Bournemouth 011A,Anti-social behaviour,,
,2018-08,Dorset Police,Dorset Police,-1.841033,50.733735,On or near Sports/Recreation Area,E01015314,Bournemouth 011A,Anti-social behaviour,,
,2018-08,Dorset Police,Dorset Police,-1.841033,50.733735,On or near Sports/Recreation Area,E01015314,Bournemouth 011A,Anti-social behaviour,,
5ba563b074e5cb0a0d9ca461f9620086960c784dc52b25093e9513fce3d9ce7e,2018-08,Dorset Police,Dorset Police,-1.826216,50.736321,On or near Sports/Recreation Area,E01015314,Bournemouth 011A,Burglary,Investigation complete; no suspect identified,
fa03d17c76d5db8ee1d73a08ffc179ec5947de0111f774dad0527f49da7c3117,2018-08,Dorset Police,Dorset Police,-1.819636,50.737597,On or near Meon Road,E01015314,Bournemouth 011A,Criminal damage and arson,Investigation complete; no suspect identified,
b1f0c082573f568e7949c3817cf2438afa688592a3873d135f32e0247aca83df,2018-08,Dorset Police,Dorset Police,-1.817645,50.735724,On or near Hambledon Road,E01015314,Bournemouth 011A,Drugs,Formal action is not in the public interest,
0394c350d05a34ecfabef0912e6d8c42b6faf21c67f321089832d1fe6d5c8438,2018-08,Dorset Police,Dorset Police,-1.817645,50.735724,On or near Hambledon Road,E01015314,Bournemouth 011A,Drugs,Court result unavailable,
4bd2dc53f7e81330d805b9885de162f82b9f8408946cedd2a7ae90d0c80fad2e,2018-08,Dorset Police,Dorset Police,-1.817645,50.735724,On or near Hambledon Road,E01015314,Bournemouth 011A,Public order,Local resolution,
f0e190e21918fe01c1c81ca4a400c94f6154d0ef2ba93ee7943e4d22a7d723da,2018-08,Dorset Police,Dorset Police,-1.819636,50.737597,On or near Meon Road,E01015314,Bournemouth 011A,Vehicle crime,Investigation complete; no suspect identified,
90e3e8720f6dbfa46a477988ede56f06dd7a1c6af799c569038678f24239afee,2018-08,Dorset Police,Dorset Police,-1.819636,50.737597,On or near Meon Road,E01015314,Bournemouth 011A,Vehicle crime,Investigation complete; no suspect identified,
a22d00d0a391436951d792a5edf535d9ba2f1e5b2cc4b129c718f58519d69af1,2018-08,Dorset Police,Dorset Police,-1.817645,50.735724,On or near Hambledon Road,E01015314,Bournemouth 011A,Violence and sexual offences,Investigation complete; no suspect identified,
5ac132e4b98ab24ad8d25eb7324ea6c2ee9e35d0ce8fa96e7083c560fb18252e,2018-08,Dorset Police,Dorset Police,-1.817645,50.735724,On or near Hambledon Road,E01015314,Bournemouth 011A,Violence and sexual offences,Unable to prosecute suspect,
ec7fb05a8e0a8004b5869e33002af2564ca1af746dc2948b7e78bdac70c15610,2018-08,Dorset Police,Dorset Police,-1.817645,50.735724,On or near Hambledon Road,E01015314,Bournemouth 011A,Violence and sexual offences,Offender given a caution,
330129a77276cff996ad1bc1f03693659b4fee7bb3e3041378db4b9b5e1387ec,2018-08,Dorset Police,Dorset Police,-1.841033,50.733735,On or near Sports/Recreation Area,E01015314,Bournemouth 011A,Violence and sexual offences,Investigation complete; no suspect identified,
,2018-08,Dorset Police,Dorset Police,-1.831218,50.740393,On or near Marwell Close,E01015315,Bournemouth 011B,Anti-social behaviour,,
,2018-08,Dorset Police,Dorset Police,-1.832539,50.739694,On or near Harewood Gardens,E01015315,Bournemouth 011B,Anti-social behaviour,,
,2018-08,Dorset Police,Dorset Police,-1.832539,50.739694,On or near Harewood Gardens,E01015315,Bournemouth 011B,Anti-social behaviour,,
6bca53028a0ddf0c1a1074309b925e4344bc1a81edd88ca8158dcff10fe0b430,2018-08,Dorset Police,Dorset Police,-1.835976,50.741336,On or near Walsingham Dene,E01015315,Bournemouth 011B,Burglary,Investigation complete; no suspect identified,
9e9cc724bf6cae447bce8fa50edb47069d7db78cf949fa7fbc76d66919be0126,2018-08,Dorset Police,Dorset Police,-1.839665,50.736017,On or near Thistlebarrow Road,E01015315,Bournemouth 011B,Criminal damage and arson,Unable to prosecute suspect,
ad6c5f57eb413b9881c27a39596fd8d7dc0f4e0a5f876c40f35eb3652ab4784e,2018-08,Dorset Police,Dorset Police,-1.839665,50.736017,On or near Thistlebarrow Road,E01015315,Bournemouth 011B,Vehicle crime,Investigation complete; no suspect identified,
3813499997fcb1f43489a4c11e1450b1f3cafb659ca88cd93be86a8733345f75,2018-08,Dorset Police,Dorset Police,-1.836383,50.734583,On or near Sports/Recreation Area,E01015315,Bournemouth 011B,Vehicle crime,Investigation complete; no suspect identified,
,2018-08,Dorset Police,Dorset Police,-1.818364,50.733000,On or near Droxford Road,E01015318,Bournemouth 011C,Anti-social behaviour,,
,2018-08,Dorset Police,Dorset Police,-1.820771,50.733526,On or near Lascelles Road,E01015318,Bournemouth 011C,Anti-social behaviour,,
,2018-08,Dorset Police,Dorset Police,-1.820771,50.733526,On or near Lascelles Road,E01015318,Bournemouth 011C,Anti-social behaviour,,
ec73195737811590894fcdb4533584248225de897cabe352bb816230ca2d2b98,2018-08,Dorset Police,Dorset Police,-1.820771,50.733526,On or near Lascelles Road,E01015318,Bournemouth 011C,Burglary,Investigation complete; no suspect identified,
0d18921e24f7106a77b971d239727ee94e89c8c84a8f4f006452bc7b180a3d67,2018-08,Dorset Police,Dorset Police,-1.820771,50.733526,On or near Lascelles Road,E01015318,Bournemouth 011C,Robbery,Investigation complete; no suspect identified,
2bb11921238caf52f447d2998b85d47ea683086a6c9f9751b29e785de9dc3a0b,2018-08,Dorset Police,Dorset Police,-1.818364,50.733000,On or near Droxford Road,E01015318,Bournemouth 011C,Violence and sexual offences,Unable to prosecute suspect,
1611aa9a3bfe94f05c5bdd9c4ba184356f3389c2f639162b956d69db6dd1e883,2018-08,Dorset Police,Dorset Police,-1.820012,50.735665,On or near Waltham Road,E01015318,Bournemouth 011C,Violence and sexual offences,Unable to prosecute suspect,
,2018-08,Dorset Police,Dorset Police,-1.816719,50.744292,On or near Petrol Station,E01015319,Bournemouth 011D,Anti-social behaviour,,
,2018-08,Dorset Police,Dorset Police,-1.826438,50.745252,On or near Sports/Recreation Area,E01015319,Bournemouth 011D,Anti-social behaviour,,
,2018-08,Dorset Police,Dorset Police,-1.820520,50.747482,On or near Hospital,E01015319,Bournemouth 011D,Anti-social behaviour,,
,2018-08,Dorset Police,Dorset Police,-1.831016,50.741490,On or near Springvale Avenue,E01015319,Bournemouth 011D,Anti-social behaviour,,
,2018-08,Dorset Police,Dorset Police,-1.821953,50.743203,On or near Elise Close,E01015319,Bournemouth 011D,Anti-social behaviour,,
,2018-08,Dorset Police,Dorset Police,-1.820520,50.747482,On or near Hospital,E01015319,Bournemouth 011D,Anti-social behaviour,,
,2018-08,Dorset Police,Dorset Police,-1.820520,50.747482,On or near Hospital,E01015319,Bournemouth 011D,Anti-social behaviour,,
9d67acac7c5fbf185acc0404bf82206f8ee314f92de71d4bb7c1859cf4c21db7,2018-08,Dorset Police,Dorset Police,-1.831016,50.741490,On or near Springvale Avenue,E01015319,Bournemouth 011D,Bicycle theft,Investigation complete; no suspect identified,
26433d6ad583c021809feafe6a6d5e5a2511bd26a6640a83f9e67d258f92b047,2018-08,Dorset Police,Dorset Police,-1.826438,50.745252,On or near Sports/Recreation Area,E01015319,Bournemouth 011D,Bicycle theft,Court result unavailable,
93d1c9401ad01806b35c55f881b7e63ae7e5c7afd75bbd818220c37163eace4b,2018-08,Dorset Police,Dorset Police,-1.826438,50.745252,On or near Sports/Recreation Area,E01015319,Bournemouth 011D,Bicycle theft,Court result unavailable,
4a16334cb5b40978f9e97c75563fb33a75b0635675fd1eeff2b60c5b8fdb4d53,2018-08,Dorset Police,Dorset Police,-1.826438,50.745252,On or near Sports/Recreation Area,E01015319,Bournemouth 011D,Bicycle theft,Court result unavailable,
95e843d1c4476d709a6be03b2c67c759841448d7e599fa8a13ce3b85275e8e59,2018-08,Dorset Police,Dorset Police,-1.817697,50.744429,On or near Parking Area,E01015319,Bournemouth 011D,Bicycle theft,Investigation complete; no suspect identified,
f17f53a40e526746d226fa9b363aa5d8e3763865b88127e295b91c14fe4081d3,2018-08,Dorset Police,Dorset Police,-1.820520,50.747482,On or near Hospital,E01015319,Bournemouth 011D,Bicycle theft,Court result unavailable,
2b9aea58b05098d3e61dcb75c912f4bc1d838dd2c46206cca47fd26a967f4a4e,2018-08,Dorset Police,Dorset Police,-1.820520,50.747482,On or near Hospital,E01015319,Bournemouth 011D,Burglary,Investigation complete; no suspect identified,
375e1eece3035e0182b8bb296212870cbb7f1469d5ee7bae70ecd4e9fa0887e8,2018-08,Dorset Police,Dorset Police,-1.824947,50.746032,On or near Parking Area,E01015319,Bournemouth 011D,Other theft,Investigation complete; no suspect identified,
30dcc72a1876c3c88d09ed59c2c20fcca59ce02eabd6f942e051b9649a3923f2,2018-08,Dorset Police,Dorset Police,-1.816719,50.744292,On or near Petrol Station,E01015319,Bournemouth 011D,Other theft,Offender given a caution,
efc83cff7975319cf32a8f3757fab76a250422a7c42419d667ad84ec899c8954,2018-08,Dorset Police,Dorset Police,-1.816719,50.744292,On or near Petrol Station,E01015319,Bournemouth 011D,Other theft,Investigation complete; no suspect identified,
2d2e7a09426bcc3861abfd59f4b3559eb5d178d6a9bc911eb86e0dc743a0fb76,2018-08,Dorset Police,Dorset Police,-1.820520,50.747482,On or near Hospital,E01015319,Bournemouth 011D,Public order,Unable to prosecute suspect,
4d47012f1506ac18ee7d48cf9a28eb96f6e472fd01495b02c8a3ce75d6b64841,2018-08,Dorset Police,Dorset Police,-1.816719,50.744292,On or near Petrol Station,E01015319,Bournemouth 011D,Public order,Unable to prosecute suspect,
4b65c2629b3b457a88b9cd872d3294eea3efde732fd407b9f8de4a790c55f149,2018-08,Dorset Police,Dorset Police,-1.816719,50.744292,On or near Petrol Station,E01015319,Bournemouth 011D,Shoplifting,Unable to prosecute suspect,
ee2025e0a401189d54f5427d87b5817c586c5b75747024bb54817886083d29ae,2018-08,Dorset Police,Dorset Police,-1.816719,50.744292,On or near Petrol Station,E01015319,Bournemouth 011D,Shoplifting,Further investigation is not in the public interest,
4a71aaf591105ea011ef2cc1159dc0a01441af971fdf7e24806a17735f2d8358,2018-08,Dorset Police,Dorset Police,-1.816719,50.744292,On or near Petrol Station,E01015319,Bournemouth 011D,Shoplifting,Offender fined,
835668b5c5f794bfa57a20769320b617057b4d89383a4a2f8d76064424eda356,2018-08,Dorset Police,Dorset Police,-1.816719,50.744292,On or near Petrol Station,E01015319,Bournemouth 011D,Shoplifting,Suspect charged as part of another case,
c1d2dec1cecec7ddc5275367ecc25f3a462cc69ddf34d2b335ea40c15317796c,2018-08,Dorset Police,Dorset Police,-1.816719,50.744292,On or near Petrol Station,E01015319,Bournemouth 011D,Shoplifting,Unable to prosecute suspect,
18355ede1e8c0ca2f13fee281a1085139a687cfefc83e01359921a04ebbebf79,2018-08,Dorset Police,Dorset Police,-1.816719,50.744292,On or near Petrol Station,E01015319,Bournemouth 011D,Shoplifting,Unable to prosecute suspect,
1fd89b7bfc056cb5f526331136c8ab4deee30248c439d178bfcf023af67dd96c,2018-08,Dorset Police,Dorset Police,-1.823775,50.741201,On or near Lechlade Gardens,E01015319,Bournemouth 011D,Vehicle crime,Investigation complete; no suspect identified,
e87153b1e8812c718f4b4251076efd375a32b5fc13c657262ff88a50f33d8f60,2018-08,Dorset Police,Dorset Police,-1.826268,50.741474,On or near Woodcocks Crescent,E01015319,Bournemouth 011D,Vehicle crime,Investigation complete; no suspect identified,
1bf7474e2c915e61e4993ee253f1392e633182c1d45982d31bf33c3545351b28,2018-08,Dorset Police,Dorset Police,-1.816719,50.744292,On or near Petrol Station,E01015319,Bournemouth 011D,Violence and sexual offences,Unable to prosecute suspect,
7806db78909411b562b79a28c5bbc373f0bcc7cd866e5554c8d439f541dfeef9,2018-08,Dorset Police,Dorset Police,-1.820520,50.747482,On or near Hospital,E01015319,Bournemouth 011D,Violence and sexual offences,Unable to prosecute suspect,
ea4f4f3e7ffb9d91cd90d421bd76b605bf67c016bceef531a89a7bfe080d17f6,2018-08,Dorset Police,Dorset Police,-1.821057,50.744083,On or near Hatfield Gardens,E01015319,Bournemouth 011D,Violence and sexual offences,Further investigation is not in the public interest,
ec6d41da81c172f738bb942ebd0824e14be340e6d926170d4246132fb36ce354,2018-08,Dorset Police,Dorset Police,-1.824947,50.746032,On or near Parking Area,E01015319,Bournemouth 011D,Violence and sexual offences,Unable to prosecute suspect,
,2018-08,Dorset Police,Dorset Police,-1.894499,50.725999,On or near Benellen Gardens,E01015344,Bournemouth 012A,Anti-social behaviour,,
d0bcf86a1efc8c049498f75460c7f58695d0365bec307e511b2833bd785b280d,2018-08,Dorset Police,Dorset Police,-1.888240,50.724734,On or near Branksome Wood Road,E01015344,Bournemouth 012A,Bicycle theft,Investigation complete; no suspect identified,
d04a5b1cd9065d07f99b7bb47a525f287aa3131e1d5031ed6d80f6de9910ed40,2018-08,Dorset Police,Dorset Police,-1.883487,50.727778,On or near Central Drive,E01015344,Bournemouth 012A,Burglary,Investigation complete; no suspect identified,
8c53ef6488ebb175a8d4c881e3011521b8a0f8d5f5426262115afc597da657bb,2018-08,Dorset Police,Dorset Police,-1.894499,50.725999,On or near Benellen Gardens,E01015344,Bournemouth 012A,Criminal damage and arson,Investigation complete; no suspect identified,
10c373f9c79c463286eefbcbbd459a43abee36a94918430cbec1554fef498248,2018-08,Dorset Police,Dorset Police,-1.896351,50.727745,On or near Benellen Road,E01015344,Bournemouth 012A,Public order,Unable to prosecute suspect,
d36d878a878dd38a23ec7ae5df4ab7cee0bc68169f6a3fdb69923bac8c40c90e,2018-08,Dorset Police,Dorset Police,-1.894499,50.725999,On or near Benellen Gardens,E01015344,Bournemouth 012A,Public order,Investigation complete; no suspect identified,
458b24fbdbd2b5b9064a7640f7e2a429fc641d1ff55075daff7c976bf16cdd9d,2018-08,Dorset Police,Dorset Police,-1.892685,50.726465,On or near Leven Close,E01015344,Bournemouth 012A,Robbery,Investigation complete; no suspect identified,
3372d026a46543da6dac9bd25fab4639c03c6c41fcfbd6f4cdc5b1a02410420d,2018-08,Dorset Police,Dorset Police,-1.894499,50.725999,On or near Benellen Gardens,E01015344,Bournemouth 012A,Violence and sexual offences,Investigation complete; no suspect identified,
850ee1ac3e395ceb67f7a543ae28ac9b72c3edfdfad3d269f2c1385eb0b9ad9b,2018-08,Dorset Police,Dorset Police,-1.901154,50.728055,On or near Elm Gardens,E01015344,Bournemouth 012A,Violence and sexual offences,Local resolution,
4683c32b7edc2e57a00633bdc969d37a9a93f436af141fd2169f0ce10934ccff,2018-08,Dorset Police,Dorset Police,-1.901154,50.728055,On or near Elm Gardens,E01015344,Bournemouth 012A,Violence and sexual offences,Unable to prosecute suspect,
,2018-08,Dorset Police,Dorset Police,-1.879489,50.739932,On or near Wimborne Road,E01015346,Bournemouth 012B,Anti-social behaviour,,
,2018-08,Dorset Police,Dorset Police,-1.881926,50.739844,On or near Bryanstone Road,E01015346,Bournemouth 012B,Anti-social behaviour,,
7e6495edce5ec721d14da3e0095f5b1ea5ab6bbe307ce1bac491fb116ec7e391,2018-08,Dorset Police,Dorset Police,-1.876476,50.737662,On or near Albemarle Road,E01015346,Bournemouth 012B,Bicycle theft,Investigation complete; no suspect identified,
6b0e9e5f8e40bd494365dcd68327288cdac7773e3f9d3daf557c7d5f09f9f1a9,2018-08,Dorset Police,Dorset Police,-1.876476,50.737662,On or near Albemarle Road,E01015346,Bournemouth 012B,Other theft,Investigation complete; no suspect identified,
67dd27176ed7d5294d5750130221a76b79208597631fea9f07dc40b8328c2107,2018-08,Dorset Police,Dorset Police,-1.879641,50.735660,On or near Wimborne Road,E01015346,Bournemouth 012B,Violence and sexual offences,Unable to prosecute suspect,
0b2d23db1b45c84742aab9276a32394bb966c18d48fcb865f3c8ad585a7c46bc,2018-08,Dorset Police,Dorset Police,-1.872525,50.736633,On or near Grafton Close,E01015346,Bournemouth 012B,Violence and sexual offences,Status update unavailable,
ea0888031c0b784bfcf81e12dafebd29f1639bb8e5ef65f3b370ff588ebbc03d,2018-08,Dorset Police,Dorset Police,-1.872525,50.736633,On or near Grafton Close,E01015346,Bournemouth 012B,Violence and sexual offences,Action to be taken by another organisation,
946ab9d0e0deb6a828bfec15568f9c18303d98240d317056d729024c7aefdeb9,2018-08,Dorset Police,Dorset Police,-1.872525,50.736633,On or near Grafton Close,E01015346,Bournemouth 012B,Violence and sexual offences,Status update unavailable,
381f867c02e6263eea9c091c5f36746dcfef17f7a7d17ccfab57c46326eebe88,2018-08,Dorset Police,Dorset Police,-1.879489,50.739932,On or near Wimborne Road,E01015346,Bournemouth 012B,Violence and sexual offences,Unable to prosecute suspect,
,2018-08,Dorset Police,Dorset Police,-1.891275,50.741688,On or near Talbot Avenue,E01015348,Bournemouth 012C,Anti-social behaviour,,
e02ed26b47e101deb49a9a154118240c2f85fe32aec035dedb988e876ee858c8,2018-08,Dorset Police,Dorset Police,-1.888640,50.741407,On or near Talbot Road,E01015348,Bournemouth 012C,Burglary,Offender sent to prison,
d29fd762e5b405034b2daf7fab6c52bf78aac9a0299442321abe8a643d61d8ac,2018-08,Dorset Police,Dorset Police,-1.891287,50.736544,On or near Glenferness Avenue,E01015348,Bournemouth 012C,Burglary,Offender given suspended prison sentence,
0800b1add5ce49360b69bb99b0072acfa41b7d569642710e040a61c3a6455867,2018-08,Dorset Police,Dorset Police,-1.887726,50.738564,On or near Roslin Road South,E01015348,Bournemouth 012C,Criminal damage and arson,Investigation complete; no suspect identified,
7aa660ec650099a6d4cd1ae5720ea6fc8cc3b1e238fa08eb902ab119a1bfc915,2018-08,Dorset Police,Dorset Police,-1.894557,50.738229,On or near Carrbridge Close,E01015348,Bournemouth 012C,Criminal damage and arson,Investigation complete; no suspect identified,
2e0aaa53ce5e2fdc0560535e6653b86e80eb3df8e7fc76ce40c6ed5c117eda01,2018-08,Dorset Police,Dorset Police,-1.888640,50.741407,On or near Talbot Road,E01015348,Bournemouth 012C,Other theft,Investigation complete; no suspect identified,
e86749b5e88d0e704556b89579907cc6fafbc8c54d2e9abce1e3667de8c4640b,2018-08,Dorset Police,Dorset Police,-1.895948,50.737331,On or near Dulsie Road,E01015348,Bournemouth 012C,Vehicle crime,Investigation complete; no suspect identified,
3cc8ddc1ef6a0836168e51a4b32c08de80cfe6fbe2b0a2dea9bd23ac30f5b160,2018-08,Dorset Police,Dorset Police,-1.891275,50.741688,On or near Talbot Avenue,E01015348,Bournemouth 012C,Vehicle crime,Investigation complete; no suspect identified,
738e89fbec2c5ca9deae08d065d39edd485d7707db83b303fc2bfc178ef002d6,2018-08,Dorset Police,Dorset Police,-1.884903,50.733966,On or near Kinross Road,E01015348,Bournemouth 012C,Violence and sexual offences,Unable to prosecute suspect,
2504da503173b966d0be45b9019bb62699628f33cf6bd73b22ab11e37cdc607d,2018-08,Dorset Police,Dorset Police,-1.884033,50.735944,On or near Nairn Road,E01015348,Bournemouth 012C,Violence and sexual offences,Unable to prosecute suspect,
,2018-08,Dorset Police,Dorset Police,-1.888061,50.746361,On or near Sports/Recreation Area,E01015360,Bournemouth 012D,Anti-social behaviour,,
,2018-08,Dorset Police,Dorset Police,-1.888061,50.746361,On or near Sports/Recreation Area,E01015360,Bournemouth 012D,Anti-social behaviour,,
,2018-08,Dorset Police,Dorset Police,-1.883448,50.743227,On or near Stanfield Road,E01015360,Bournemouth 012D,Anti-social behaviour,,
a93da18ac163615ffdd4ff2e46ccc99736a24e5ca40e5aacba66ca9763d7ba19,2018-08,Dorset Police,Dorset Police,-1.886506,50.744876,On or near Greenwood Road,E01015360,Bournemouth 012D,Burglary,Status update unavailable,
9108bb01ae7be9cad1c6e948143c89d9a0b9cf13e17706392e249c3fd83cd8e3,2018-08,Dorset Police,Dorset Police,-1.886506,50.744876,On or near Greenwood Road,E01015360,Bournemouth 012D,Burglary,Investigation complete; no suspect identified,
b652561c2c754e4cef95c1ee19d07e981c212c72a6eb9d4ef4d26d5f39219531,2018-08,Dorset Police,Dorset Police,-1.883872,50.744073,On or near Withermoor Road,E01015360,Bournemouth 012D,Other theft,Investigation complete; no suspect identified,
bae653e39b58f7208d08f4079252e0e3f3f3821a2861247b1e17e83105b61f78,2018-08,Dorset Police,Dorset Police,-1.883872,50.744073,On or near Withermoor Road,E01015360,Bournemouth 012D,Public order,Court result unavailable,
128b1079ef0963ebeb05b89e4be15a9be64d2abca36c02b6d879f8b4ff227c91,2018-08,Dorset Police,Dorset Police,-1.886506,50.744876,On or near Greenwood Road,E01015360,Bournemouth 012D,Vehicle crime,Investigation complete; no suspect identified,
eef833e9fd716ff417e17e64b155bf2eb26b52c20d088c028ca631d2c5f46773,2018-08,Dorset Police,Dorset Police,-1.883872,50.744073,On or near Withermoor Road,E01015360,Bournemouth 012D,Vehicle crime,Status update unavailable,
f146fcf2c08c5086c48ae0cd8482344ce24558ab0d1091478b118b9f55ad4854,2018-08,Dorset Police,Dorset Police,-1.883872,50.744073,On or near Withermoor Road,E01015360,Bournemouth 012D,Violence and sexual offences,Unable to prosecute suspect,
,2018-08,Dorset Police,Dorset Police,-1.865493,50.732839,On or near Lowther Road,E01015326,Bournemouth 013A,Anti-social behaviour,,
,2018-08,Dorset Police,Dorset Police,-1.869151,50.732169,On or near Milton Road,E01015326,Bournemouth 013A,Anti-social behaviour,,
,2018-08,Dorset Police,Dorset Police,-1.869151,50.732169,On or near Milton Road,E01015326,Bournemouth 013A,Anti-social behaviour,,
,2018-08,Dorset Police,Dorset Police,-1.869151,50.732169,On or near Milton Road,E01015326,Bournemouth 013A,Anti-social behaviour,,
,2018-08,Dorset Police,Dorset Police,-1.865493,50.732839,On or near Lowther Road,E01015326,Bournemouth 013A,Anti-social behaviour,,
,2018-08,Dorset Police,Dorset Police,-1.865493,50.732839,On or near Lowther Road,E01015326,Bournemouth 013A,Anti-social behaviour,,
,2018-08,Dorset Police,Dorset Police,-1.864612,50.733522,On or near Stewart Road,E01015326,Bournemouth 013A,Anti-social behaviour,,
b08d2369a18a8d96b8a5d45fec03e4ab066f4e40f12428a00ab2ddd42bd99865,2018-08,Dorset Police,Dorset Police,-1.869151,50.732169,On or near Milton Road,E01015326,Bournemouth 013A,Burglary,Investigation complete; no suspect identified,
049c1ceed2e863854d4c7ae17fea91817416166ee03f667a747f18af392c183a,2018-08,Dorset Police,Dorset Police,-1.863832,50.734006,On or near Malmesbury Park Road,E01015326,Bournemouth 013A,Criminal damage and arson,Investigation complete; no suspect identified,
32301921055c36c92b7ffea321b1b4a0645931c4a2222d9c1d8a11939e8c139e,2018-08,Dorset Police,Dorset Police,-1.865493,50.732839,On or near Lowther Road,E01015326,Bournemouth 013A,Criminal damage and arson,Investigation complete; no suspect identified,
2320b2569b5f3929dcb97df6ca9e162adf383387ebd2edf73e56149f37441fd0,2018-08,Dorset Police,Dorset Police,-1.865493,50.732839,On or near Lowther Road,E01015326,Bournemouth 013A,Criminal damage and arson,Unable to prosecute suspect,
f535284aeb3589f3e8890b3ef4d1f4c931eb354fb76ed32e2625655ed56fb44f,2018-08,Dorset Police,Dorset Police,-1.865493,50.732839,On or near Lowther Road,E01015326,Bournemouth 013A,Criminal damage and arson,Local resolution,
e7f0e66322bbedb0f60f2a7e4bfe1dfb198314799a15f4e143c3a15443e38f0a,2018-08,Dorset Police,Dorset Police,-1.869151,50.732169,On or near Milton Road,E01015326,Bournemouth 013A,Drugs,Offender given a drugs possession warning,
a3cb69c104d5726a81e5fce294f25c13b31b0b2f8a6fd7da41a246b71c7d7cec,2018-08,Dorset Police,Dorset Police,-1.862599,50.733933,On or near St Leonard'S Road,E01015326,Bournemouth 013A,Other theft,Investigation complete; no suspect identified,
5eb23955acd5e07b7ebd58f993e53decba9f29f6e99b76dfdc1b87d140fe337b,2018-08,Dorset Police,Dorset Police,-1.869187,50.734489,On or near Charminster Road,E01015326,Bournemouth 013A,Other theft,Offender given conditional discharge,
5e3b22d693ecffb5041b914a8cfdf94c00ec0f13a811ce3fe8b8396daf538069,2018-08,Dorset Police,Dorset Police,-1.863832,50.734006,On or near Malmesbury Park Road,E01015326,Bournemouth 013A,Public order,Investigation complete; no suspect identified,
09d8c6c9a6b134d6d32a72a48a5a28b7efd4367890dcea1d14b7224af048ca38,2018-08,Dorset Police,Dorset Police,-1.865493,50.732839,On or near Lowther Road,E01015326,Bournemouth 013A,Public order,Unable to prosecute suspect,
354315f928371881b2273daa3feaac4b66407ce055211c4fb7add54c651550cc,2018-08,Dorset Police,Dorset Police,-1.869151,50.732169,On or near Milton Road,E01015326,Bournemouth 013A,Vehicle crime,Investigation complete; no suspect identified,
e6441b41f843aa309e11a56cffb5990dc83e29e5e9512b4b8cbc1771bb172caf,2018-08,Dorset Police,Dorset Police,-1.863023,50.734500,On or near Nortoft Road,E01015326,Bournemouth 013A,Vehicle crime,Investigation complete; no suspect identified,
76da4032686e9f2b8dd603789871b54ae0b9757b9e389a9e57b5b13ad035c15b,2018-08,Dorset Police,Dorset Police,-1.865493,50.732839,On or near Lowther Road,E01015326,Bournemouth 013A,Violence and sexual offences,Unable to prosecute suspect,
a862c1b0df4c090285294eced03638f6a2540a2be6f393d20231c7b1f7178c72,2018-08,Dorset Police,Dorset Police,-1.869151,50.732169,On or near Milton Road,E01015326,Bournemouth 013A,Violence and sexual offences,Unable to prosecute suspect,
238db07725bac7b0b5482071220248e372e9466c8e27d8ec60248646377ee9bb,2018-08,Dorset Police,Dorset Police,-1.862599,50.733933,On or near St Leonard'S Road,E01015326,Bournemouth 013A,Violence and sexual offences,Action to be taken by another organisation,
0cdaf2c61eaf490c8b0f20d99e62447db5e5892e23c46cda8ab6f664891ad294,2018-08,Dorset Police,Dorset Police,-1.865493,50.732839,On or near Lowther Road,E01015326,Bournemouth 013A,Violence and sexual offences,Unable to prosecute suspect,
a52ddec72e39a3d6d8bf8fca967b5330cd11769ef7af558d7c54a6d00512b986,2018-08,Dorset Police,Dorset Police,-1.869187,50.734489,On or near Charminster Road,E01015326,Bournemouth 013A,Violence and sexual offences,Unable to prosecute suspect,
,2018-08,Dorset Police,Dorset Police,-1.861147,50.736143,On or near St Leonard'S Road,E01015331,Bournemouth 013B,Anti-social behaviour,,
ce83502d7ea9c83da3d0583a4e276a3d2550e31f9cb1539c7e6bf0aff5acedbd,2018-08,Dorset Police,Dorset Police,-1.861147,50.736143,On or near St Leonard'S Road,E01015331,Bournemouth 013B,Burglary,Investigation complete; no suspect identified,
2e3eba7a4af5eccbf946471f725f8419538ee7c2d6212577e3fe93bbc284a0be,2018-08,Dorset Police,Dorset Police,-1.861147,50.736143,On or near St Leonard'S Road,E01015331,Bournemouth 013B,Criminal damage and arson,Offender given a caution,
36d3e99d00733953061485c7970a8df6b5122e22b15c6ab27ee43549c1fa1dfa,2018-08,Dorset Police,Dorset Police,-1.857716,50.736715,On or near Richmond Park Road,E01015331,Bournemouth 013B,Other theft,Unable to prosecute suspect,
9c1515fb855ffefafee820fe286e0eeef8588a515077cb31b6886e2fe207fcad,2018-08,Dorset Police,Dorset Police,-1.861147,50.736143,On or near St Leonard'S Road,E01015331,Bournemouth 013B,Public order,Investigation complete; no suspect identified,
,2018-08,Dorset Police,Dorset Police,-1.869144,50.734669,On or near Supermarket,E01015345,Bournemouth 013C,Anti-social behaviour,,
,2018-08,Dorset Police,Dorset Police,-1.867893,50.735917,On or near Belvedere Road,E01015345,Bournemouth 013C,Anti-social behaviour,,
,2018-08,Dorset Police,Dorset Police,-1.869144,50.734669,On or near Supermarket,E01015345,Bournemouth 013C,Anti-social behaviour,,
,2018-08,Dorset Police,Dorset Police,-1.867893,50.735917,On or near Belvedere Road,E01015345,Bournemouth 013C,Anti-social behaviour,,
,2018-08,Dorset Police,Dorset Police,-1.869144,50.734669,On or near Supermarket,E01015345,Bournemouth 013C,Anti-social behaviour,,
,2018-08,Dorset Police,Dorset Police,-1.869144,50.734669,On or near Supermarket,E01015345,Bournemouth 013C,Anti-social behaviour,,
,2018-08,Dorset Police,Dorset Police,-1.867893,50.735917,On or near Belvedere Road,E01015345,Bournemouth 013C,Anti-social behaviour,,
,2018-08,Dorset Police,Dorset Police,-1.867893,50.735917,On or near Belvedere Road,E01015345,Bournemouth 013C,Anti-social behaviour,,
,2018-08,Dorset Police,Dorset Police,-1.877847,50.733644,On or near Meyrick Park Crescent,E01015345,Bournemouth 013C,Anti-social behaviour,,
,2018-08,Dorset Police,Dorset Police,-1.870573,50.735300,On or near Alington Road,E01015345,Bournemouth 013C,Anti-social behaviour,,
,2018-08,Dorset Police,Dorset Police,-1.881042,50.730788,On or near Parking Area,E01015345,Bournemouth 013C,Anti-social behaviour,,
,2018-08,Dorset Police,Dorset Police,-1.869144,50.734669,On or near Supermarket,E01015345,Bournemouth 013C,Anti-social behaviour,,
,2018-08,Dorset Police,Dorset Police,-1.867893,50.735917,On or near Belvedere Road,E01015345,Bournemouth 013C,Anti-social behaviour,,
,2018-08,Dorset Police,Dorset Police,-1.869584,50.734292,On or near Charminster Road,E01015345,Bournemouth 013C,Anti-social behaviour,,
,2018-08,Dorset Police,Dorset Police,-1.869735,50.735911,On or near Heron Court Road,E01015345,Bournemouth 013C,Anti-social behaviour,,
,2018-08,Dorset Police,Dorset Police,-1.869584,50.734292,On or near Charminster Road,E01015345,Bournemouth 013C,Anti-social behaviour,,
,2018-08,Dorset Police,Dorset Police,-1.867893,50.735917,On or near Belvedere Road,E01015345,Bournemouth 013C,Anti-social behaviour,,
,2018-08,Dorset Police,Dorset Police,-1.881042,50.730788,On or near Parking Area,E01015345,Bournemouth 013C,Anti-social behaviour,,
8e61395dc5453739533753ee62923b3aa54bbedb026d81f87c320be7520abd46,2018-08,Dorset Police,Dorset Police,-1.876643,50.733364,On or near Rushton Crescent,E01015345,Bournemouth 013C,Bicycle theft,Investigation complete; no suspect identified,
bd8ef932f800baac27dae7054937f784305c50087e5793da5c325b2682f10a17,2018-08,Dorset Police,Dorset Police,-1.871435,50.736371,On or near Grafton Road,E01015345,Bournemouth 013C,Bicycle theft,Investigation complete; no suspect identified,
86342f56ba65ff00d9691c8ec87ca7795f00a4d668755dda6b78e5ac662ee624,2018-08,Dorset Police,Dorset Police,-1.881042,50.730788,On or near Parking Area,E01015345,Bournemouth 013C,Burglary,Offender sent to prison,
e3d693a619644894715f09cbb1cdec91eabc12e3212dae8f7e3ca230f7a40f6b,2018-08,Dorset Police,Dorset Police,-1.881042,50.730788,On or near Parking Area,E01015345,Bournemouth 013C,Burglary,Offender sent to prison,
b70bc56f86708760fc4b05758baefc9963815148c1b2a54c057ef1d48c0c2409,2018-08,Dorset Police,Dorset Police,-1.869144,50.734669,On or near Supermarket,E01015345,Bournemouth 013C,Burglary,Offender sent to prison,
83dec375acfac4812ade95c97fe7b1e2f6cb084868fd2affc6032b59788fa4e0,2018-08,Dorset Police,Dorset Police,-1.867893,50.735917,On or near Belvedere Road,E01015345,Bournemouth 013C,Burglary,Unable to prosecute suspect,
02b1c7e243d7a1d9fa3d86bad8c0cb072b2a16f2f3d16b7d7e584cf1744b37a3,2018-08,Dorset Police,Dorset Police,-1.869144,50.734669,On or near Supermarket,E01015345,Bournemouth 013C,Criminal damage and arson,Investigation complete; no suspect identified,
5f5a30a1f3d3172273039dfcc0aed20fb2372fa912f1fcdce2059e38b10a7a67,2018-08,Dorset Police,Dorset Police,-1.881955,50.733837,On or near Dunbar Road,E01015345,Bournemouth 013C,Criminal damage and arson,Investigation complete; no suspect identified,
378dd6f117b9be8e5df16ffc6724d4dfe90fd19b375654936b67e6c19ecc537f,2018-08,Dorset Police,Dorset Police,-1.875190,50.736231,On or near Stoke Wood Road,E01015345,Bournemouth 013C,Criminal damage and arson,Unable to prosecute suspect,
17cfd5e06c57688a52fde9a443134cf2b69ae2e224578286aad5ec788ff5daa2,2018-08,Dorset Police,Dorset Police,-1.869144,50.734669,On or near Supermarket,E01015345,Bournemouth 013C,Criminal damage and arson,Investigation complete; no suspect identified,
1e41c1110a0b2b4de83c715ee12ce5e91887d89fa44104111931dacb37d993d5,2018-08,Dorset Police,Dorset Police,-1.869584,50.734292,On or near Charminster Road,E01015345,Bournemouth 013C,Criminal damage and arson,Investigation complete; no suspect identified,
9629aa59a013c523d25412b47ab3117e1e4cb9001b17511efdb4ff73c66e7591,2018-08,Dorset Police,Dorset Police,-1.869735,50.735911,On or near Heron Court Road,E01015345,Bournemouth 013C,Criminal damage and arson,Investigation complete; no suspect identified,
0752ffafb00ad7df980af294586b38e82414d3c8d0e44b88a8e5fd49ce11ff17,2018-08,Dorset Police,Dorset Police,-1.869584,50.734292,On or near Charminster Road,E01015345,Bournemouth 013C,Other theft,Investigation complete; no suspect identified,
9a4ad0690fbfc2dc99a19f3da437373072061a7c0170fd9d6b4850547dad53c0,2018-08,Dorset Police,Dorset Police,-1.867893,50.735917,On or near Belvedere Road,E01015345,Bournemouth 013C,Other theft,Investigation complete; no suspect identified,
36132a5b2088130942a21fc76520aebe3189ee2ac4c2fa8ee734039cc1a6e790,2018-08,Dorset Police,Dorset Police,-1.867893,50.735917,On or near Belvedere Road,E01015345,Bournemouth 013C,Public order,Offender fined,
fc38daa8e18d1a62da22d6775d2d32787add6b94cbd8eca664d7e398394e9e69,2018-08,Dorset Police,Dorset Police,-1.867893,50.735917,On or near Belvedere Road,E01015345,Bournemouth 013C,Public order,Further investigation is not in the public interest,
357c63c124defbbca4de3d1f99bedaafc6eae3ea49ed5f4bb483c2de8ec058ed,2018-08,Dorset Police,Dorset Police,-1.869144,50.734669,On or near Supermarket,E01015345,Bournemouth 013C,Robbery,Unable to prosecute suspect,
2d7d72924e76a2e5f9587cdbf0727e89d9d9ef55e1fff4f3ae7012f94ee48061,2018-08,Dorset Police,Dorset Police,-1.869584,50.734292,On or near Charminster Road,E01015345,Bournemouth 013C,Vehicle crime,Investigation complete; no suspect identified,
4496debd893c51652bacd5afd85a5ee8a36d3315c1a474882046ab66d31e8d91,2018-08,Dorset Police,Dorset Police,-1.869584,50.734292,On or near Charminster Road,E01015345,Bournemouth 013C,Vehicle crime,Investigation complete; no suspect identified,
9a5ba3e48c1f0553ff80d7e07f3d2c175698d86b2ce250857f89fc55c970d3ad,2018-08,Dorset Police,Dorset Police,-1.867893,50.735917,On or near Belvedere Road,E01015345,Bournemouth 013C,Violence and sexual offences,Unable to prosecute suspect,
421f31aaba43f39b9a5769c3b1be9fe0f459779e8309321feaa85ba33710a521,2018-08,Dorset Police,Dorset Police,-1.867893,50.735917,On or near Belvedere Road,E01015345,Bournemouth 013C,Violence and sexual offences,Unable to prosecute suspect,
24feb97172ab1298e73be90f31ce86075c45626ee6120da6c8e02da4f7521c3e,2018-08,Dorset Police,Dorset Police,-1.881042,50.730788,On or near Parking Area,E01015345,Bournemouth 013C,Violence and sexual offences,Offender sent to prison,
dffdc8008116a7c2c63332b2b65c8379a0503e662fa58e0dc694e675b7f38d2d,2018-08,Dorset Police,Dorset Police,-1.869144,50.734669,On or near Supermarket,E01015345,Bournemouth 013C,Violence and sexual offences,Unable to prosecute suspect,
a0aa13840ac228e3602e616ff0b69356110ded8c4cfae6637094f8a17fdab500,2018-08,Dorset Police,Dorset Police,-1.867893,50.735917,On or near Belvedere Road,E01015345,Bournemouth 013C,Violence and sexual offences,Investigation complete; no suspect identified,
b7ef9aedd339a567c2ed98e4c1432c3743822c26807f91bbf9111955c48d1f37,2018-08,Dorset Police,Dorset Police,-1.872472,50.735140,On or near Iddesleigh Road,E01015345,Bournemouth 013C,Violence and sexual offences,Investigation complete; no suspect identified,
c7a0c87a5fde031b93932021ce32e4b62dddf7fd19e1f292c92c6e6485e4b659,2018-08,Dorset Police,Dorset Police,-1.867893,50.735917,On or near Belvedere Road,E01015345,Bournemouth 013C,Violence and sexual offences,Unable to prosecute suspect,
044cd8960224d079e3664f1fd99083c51231be8f9fff85cea6df9064d048e729,2018-08,Dorset Police,Dorset Police,-1.869144,50.734669,On or near Supermarket,E01015345,Bournemouth 013C,Violence and sexual offences,Unable to prosecute suspect,
791cadcd7d0728fbcbbadc9aeb01f4b3274ad3a58e6061f12ecc63bc7300aba0,2018-08,Dorset Police,Dorset Police,-1.869144,50.734669,On or near Supermarket,E01015345,Bournemouth 013C,Other crime,Unable to prosecute suspect,
,2018-08,Dorset Police,Dorset Police,-1.865326,50.736625,On or near King'S Road,E01015376,Bournemouth 013D,Anti-social behaviour,,
,2018-08,Dorset Police,Dorset Police,-1.864966,50.738873,On or near Linwood Road,E01015376,Bournemouth 013D,Anti-social behaviour,,
,2018-08,Dorset Police,Dorset Police,-1.868364,50.739776,On or near Sports/Recreation Area,E01015376,Bournemouth 013D,Anti-social behaviour,,
,2018-08,Dorset Police,Dorset Police,-1.871884,50.737810,On or near St Luke'S Road,E01015376,Bournemouth 013D,Anti-social behaviour,,
,2018-08,Dorset Police,Dorset Police,-1.865326,50.736625,On or near King'S Road,E01015376,Bournemouth 013D,Anti-social behaviour,,
,2018-08,Dorset Police,Dorset Police,-1.867734,50.737041,On or near King'S Road,E01015376,Bournemouth 013D,Anti-social behaviour,,
,2018-08,Dorset Police,Dorset Police,-1.864966,50.738873,On or near Linwood Road,E01015376,Bournemouth 013D,Anti-social behaviour,,
,2018-08,Dorset Police,Dorset Police,-1.863875,50.738494,On or near Charminster Road,E01015376,Bournemouth 013D,Anti-social behaviour,,
,2018-08,Dorset Police,Dorset Police,-1.864966,50.738873,On or near Linwood Road,E01015376,Bournemouth 013D,Anti-social behaviour,,
,2018-08,Dorset Police,Dorset Police,-1.864374,50.737748,On or near Petrol Station,E01015376,Bournemouth 013D,Anti-social behaviour,,
,2018-08,Dorset Police,Dorset Police,-1.872038,50.738593,On or near Alma Road,E01015376,Bournemouth 013D,Anti-social behaviour,,
,2018-08,Dorset Police,Dorset Police,-1.864374,50.737748,On or near Petrol Station,E01015376,Bournemouth 013D,Anti-social behaviour,,
,2018-08,Dorset Police,Dorset Police,-1.864374,50.737748,On or near Petrol Station,E01015376,Bournemouth 013D,Anti-social behaviour,,
,2018-08,Dorset Police,Dorset Police,-1.864374,50.737748,On or near Petrol Station,E01015376,Bournemouth 013D,Anti-social behaviour,,
,2018-08,Dorset Police,Dorset Police,-1.865326,50.736625,On or near King'S Road,E01015376,Bournemouth 013D,Anti-social behaviour,,
,2018-08,Dorset Police,Dorset Police,-1.872038,50.738593,On or near Alma Road,E01015376,Bournemouth 013D,Anti-social behaviour,,
,2018-08,Dorset Police,Dorset Police,-1.865326,50.736625,On or near King'S Road,E01015376,Bournemouth 013D,Anti-social behaviour,,
bd78115aca9bb041318d40efe85f5326b347fb15cb32363d9eb66597f0e55d5f,2018-08,Dorset Police,Dorset Police,-1.865326,50.736625,On or near King'S Road,E01015376,Bournemouth 013D,Bicycle theft,Investigation complete; no suspect identified,
06295a45ac49a302f3fefa8c19ec0805c73a0ccfe9d8693cc8e1b97af23cea2b,2018-08,Dorset Police,Dorset Police,-1.870532,50.739778,On or near Leamington Road,E01015376,Bournemouth 013D,Other theft,Investigation complete; no suspect identified,
72cbd81685d6970445338afc9869ee813a4ccb5ccc1085c5912da45cf2c354c6,2018-08,Dorset Police,Dorset Police,-1.867734,50.737041,On or near King'S Road,E01015376,Bournemouth 013D,Other theft,Investigation complete; no suspect identified,
f150fdb2eb164f81e080027e74ab26b467edd3f484f7073b50b7f1ad0d7efcd9,2018-08,Dorset Police,Dorset Police,-1.867657,50.739119,On or near Parking Area,E01015376,Bournemouth 013D,Public order,Court result unavailable,
21845faf37882466f394eb662673c0801727bf21a6c0e2b68fa61de1d4abe9c7,2018-08,Dorset Police,Dorset Police,-1.871521,50.740894,On or near Somerley Road,E01015376,Bournemouth 013D,Robbery,Investigation complete; no suspect identified,
2cc60433ed29041331b50b07580cba2169c8dea93806f4bc25fb345b87b71358,2018-08,Dorset Police,Dorset Police,-1.872038,50.738593,On or near Alma Road,E01015376,Bournemouth 013D,Shoplifting,Unable to prosecute suspect,
1452979e110b4db5c76db1e6c036d420e28486c71fafea611d3d7c1be2a1da16,2018-08,Dorset Police,Dorset Police,-1.868364,50.739776,On or near Sports/Recreation Area,E01015376,Bournemouth 013D,Vehicle crime,Investigation complete; no suspect identified,
0a7a2d0a14886a633a43bc29eaf90383d8226cd0d807ca8c88a797bdbeb46c60,2018-08,Dorset Police,Dorset Police,-1.873110,50.740231,On or near Bingham Road,E01015376,Bournemouth 013D,Vehicle crime,Investigation complete; no suspect identified,
4fc0a32c94738dc43a17f96ebf7d1148e7b7c069fb9fe5f33b855a2d53fcac92,2018-08,Dorset Police,Dorset Police,-1.865326,50.736625,On or near King'S Road,E01015376,Bournemouth 013D,Vehicle crime,Investigation complete; no suspect identified,
ece6444460d6458ba1333cbf72fcf40f46976e7dc997bb63fd00803f6b1506d2,2018-08,Dorset Police,Dorset Police,-1.865326,50.736625,On or near King'S Road,E01015376,Bournemouth 013D,Vehicle crime,Offender given a caution,
94d3e1780c3323968a692e2f680e377115891b199c94d1df1394b719f867e50c,2018-08,Dorset Police,Dorset Police,-1.867734,50.737041,On or near King'S Road,E01015376,Bournemouth 013D,Vehicle crime,Investigation complete; no suspect identified,
7c84226bf873599b329d5c2600156d0715ad632bcc7dff8bd2037f412c4d098b,2018-08,Dorset Police,Dorset Police,-1.863875,50.738494,On or near Charminster Road,E01015376,Bournemouth 013D,Violence and sexual offences,Local resolution,
650d56ec7afc8259d1c3891dc13f641021db0f9b873387d39f3ea2d1d9405aa3,2018-08,Dorset Police,Dorset Police,-1.864374,50.737748,On or near Petrol Station,E01015376,Bournemouth 013D,Violence and sexual offences,Unable to prosecute suspect,
bddf7985184cccbbeffafc2b5a8e4a583a83f55650b690e100915822a50d2664,2018-08,Dorset Police,Dorset Police,-1.872038,50.738593,On or near Alma Road,E01015376,Bournemouth 013D,Violence and sexual offences,Investigation complete; no suspect identified,
ecda0f8379bfb3d491ca46b2ea2226c993c3dc2512ed8791f4eda2bbe9d8bf92,2018-08,Dorset Police,Dorset Police,-1.872038,50.738593,On or near Alma Road,E01015376,Bournemouth 013D,Violence and sexual offences,Unable to prosecute suspect,
,2018-08,Dorset Police,Dorset Police,-1.809518,50.741053,On or near Bridle Crescent,E01015316,Bournemouth 014A,Anti-social behaviour,,
,2018-08,Dorset Police,Dorset Police,-1.809518,50.741053,On or near Bridle Crescent,E01015316,Bournemouth 014A,Anti-social behaviour,,
,2018-08,Dorset Police,Dorset Police,-1.807281,50.740563,On or near Water Lane,E01015316,Bournemouth 014A,Anti-social behaviour,,
,2018-08,Dorset Police,Dorset Police,-1.813498,50.738028,On or near Ropley Road,E01015316,Bournemouth 014A,Anti-social behaviour,,
,2018-08,Dorset Police,Dorset Police,-1.809518,50.741053,On or near Bridle Crescent,E01015316,Bournemouth 014A,Anti-social behaviour,,
1bda9a73ff8df8ea0843621ad8b600612481ad421d41cdeeb39be17742604f6c,2018-08,Dorset Police,Dorset Police,-1.813498,50.738028,On or near Ropley Road,E01015316,Bournemouth 014A,Burglary,Status update unavailable,
8e0d43d5ad0f3d0881ebc0851abd38802d1389ef2508cf503d40ba0bfe212275,2018-08,Dorset Police,Dorset Police,-1.813498,50.738028,On or near Ropley Road,E01015316,Bournemouth 014A,Vehicle crime,Investigation complete; no suspect identified,
9c3a11c849d3cd5d476f8ff3bcac857423ac0fb887febf18968805b0794cc9d2,2018-08,Dorset Police,Dorset Police,-1.809518,50.741053,On or near Bridle Crescent,E01015316,Bournemouth 014A,Vehicle crime,Investigation complete; no suspect identified,
56eaae65f54aff58f2f321842989e784a080126dc2ea77fa6c16737d9221c84e,2018-08,Dorset Police,Dorset Police,-1.813498,50.738028,On or near Ropley Road,E01015316,Bournemouth 014A,Vehicle crime,Investigation complete; no suspect identified,
,2018-08,Dorset Police,Dorset Police,-1.815317,50.733139,On or near Hambledon Gardens,E01015317,Bournemouth 014B,Anti-social behaviour,,
,2018-08,Dorset Police,Dorset Police,-1.804244,50.738202,On or near Denmead Road,E01015317,Bournemouth 014B,Anti-social behaviour,,
,2018-08,Dorset Police,Dorset Police,-1.812036,50.735193,On or near Southwick Road,E01015317,Bournemouth 014B,Anti-social behaviour,,
,2018-08,Dorset Police,Dorset Police,-1.804244,50.738202,On or near Denmead Road,E01015317,Bournemouth 014B,Anti-social behaviour,,
,2018-08,Dorset Police,Dorset Police,-1.815317,50.733139,On or near Hambledon Gardens,E01015317,Bournemouth 014B,Anti-social behaviour,,
,2018-08,Dorset Police,Dorset Police,-1.809380,50.736817,On or near Rushmere Road,E01015317,Bournemouth 014B,Anti-social behaviour,,
,2018-08,Dorset Police,Dorset Police,-1.812316,50.736147,On or near Corhampton Road,E01015317,Bournemouth 014B,Anti-social behaviour,,
e72d08125154b70d1cdf1c2a766b7e06dda68cf7fad505e42ada52b031a6745e,2018-08,Dorset Police,Dorset Police,-1.810883,50.736451,On or near Southwick Place,E01015317,Bournemouth 014B,Burglary,Suspect charged as part of another case,
1a1f5f5f73fcef2382c492c67ef90401e5a11f7f359b9093aa28c74f507f0969,2018-08,Dorset Police,Dorset Police,-1.815317,50.733139,On or near Hambledon Gardens,E01015317,Bournemouth 014B,Criminal damage and arson,Unable to prosecute suspect,
e2c6774e08a3a0433746045cdb8bd350b4c36b145cc4bb594449222b08a3cb43,2018-08,Dorset Police,Dorset Police,-1.815317,50.733139,On or near Hambledon Gardens,E01015317,Bournemouth 014B,Vehicle crime,Investigation complete; no suspect identified,
db4bfce11abfa7ccd7258fd056f053f4c5c1a01c5e5d75a47ce76cd9753a2dd2,2018-08,Dorset Police,Dorset Police,-1.807365,50.737281,On or near Clingan Road,E01015317,Bournemouth 014B,Vehicle crime,Investigation complete; no suspect identified,
9888c773f6a7249d4b40981ac62c7a27565087d628736b0632172091f29c583e,2018-08,Dorset Police,Dorset Police,-1.815317,50.733139,On or near Hambledon Gardens,E01015317,Bournemouth 014B,Violence and sexual offences,Unable to prosecute suspect,
b5315fadb2db3f83d1c12c61b6e2fd86008616a88cd98f001216fa3fdc1e3fd7,2018-08,Dorset Police,Dorset Police,-1.815317,50.733139,On or near Hambledon Gardens,E01015317,Bournemouth 014B,Violence and sexual offences,Offender given community sentence,
,2018-08,Dorset Police,Dorset Police,-1.805825,50.732908,On or near Cranleigh Road,E01015361,Bournemouth 014C,Anti-social behaviour,,
,2018-08,Dorset Police,Dorset Police,-1.805104,50.732340,On or near Supermarket,E01015361,Bournemouth 014C,Anti-social behaviour,,
,2018-08,Dorset Police,Dorset Police,-1.809331,50.734928,On or near Stourvale Road,E01015361,Bournemouth 014C,Anti-social behaviour,,
b130c00b324d2c694f8f31ae047751fbc35ad2f3808ecf0aab3e426a2cc607aa,2018-08,Dorset Police,Dorset Police,-1.809331,50.734928,On or near Stourvale Road,E01015361,Bournemouth 014C,Burglary,Unable to prosecute suspect,
9424e01a400a11c9b9d5eb2706eaf2908afa3e6d1530796c49e494209a1f5e81,2018-08,Dorset Police,Dorset Police,-1.810417,50.732502,On or near Amesbury Road,E01015361,Bournemouth 014C,Criminal damage and arson,Local resolution,
8e56a424cfda612716f141ec90a20d156235c90229144a42a1ebc3a4221612fb,2018-08,Dorset Police,Dorset Police,-1.810417,50.732502,On or near Amesbury Road,E01015361,Bournemouth 014C,Vehicle crime,Offender sent to prison,
7777e52b767b5fac57f43f87d532182e46bdd8e0764fa496d2f8317917a54c7a,2018-08,Dorset Police,Dorset Police,-1.806013,50.731856,On or near Heytesbury Road,E01015361,Bournemouth 014C,Vehicle crime,Investigation complete; no suspect identified,
6663b192a697a908a4c062060b087b3edf09e80c1cc877b28aaa7750f47cfd4d,2018-08,Dorset Police,Dorset Police,-1.807685,50.731904,On or near Burleigh Road,E01015361,Bournemouth 014C,Vehicle crime,Action to be taken by another organisation,
3586a5a8a42f83338efb36bb30556dc4cf923fe6126b2d1da3655bfdba63877c,2018-08,Dorset Police,Dorset Police,-1.806013,50.731856,On or near Heytesbury Road,E01015361,Bournemouth 014C,Vehicle crime,Investigation complete; no suspect identified,
fc85e7f1702f3af0cd66593ab7fd9174f803c6fb861973d7b2eeea2beb7cbb4a,2018-08,Dorset Police,Dorset Police,-1.805871,50.732009,On or near Dukes Close,E01015361,Bournemouth 014C,Vehicle crime,Investigation complete; no suspect identified,
2ccb08087ff5203bfea4af900e7f6442d618ccbb5c47dbd8245ea5b571f6d2c1,2018-08,Dorset Police,Dorset Police,-1.805104,50.732340,On or near Supermarket,E01015361,Bournemouth 014C,Vehicle crime,Investigation complete; no suspect identified,
87d0f2eaa36e304c03bf0968e077c0e1c4168ad9822554a85aa98d91a4552a5d,2018-08,Dorset Police,Dorset Police,-1.811490,50.733511,On or near Shelton Road,E01015361,Bournemouth 014C,Other crime,Investigation complete; no suspect identified,
,2018-08,Dorset Police,Dorset Police,-1.802585,50.734944,On or near Kingfisher Close,E01015362,Bournemouth 014D,Anti-social behaviour,,
,2018-08,Dorset Police,Dorset Police,-1.803859,50.735252,On or near Kittiwake Close,E01015362,Bournemouth 014D,Anti-social behaviour,,
,2018-08,Dorset Police,Dorset Police,-1.802585,50.734944,On or near Kingfisher Close,E01015362,Bournemouth 014D,Anti-social behaviour,,
,2018-08,Dorset Police,Dorset Police,-1.799494,50.732241,On or near Seafield Road,E01015362,Bournemouth 014D,Anti-social behaviour,,
,2018-08,Dorset Police,Dorset Police,-1.803859,50.735252,On or near Kittiwake Close,E01015362,Bournemouth 014D,Anti-social behaviour,,
,2018-08,Dorset Police,Dorset Police,-1.802585,50.734944,On or near Kingfisher Close,E01015362,Bournemouth 014D,Anti-social behaviour,,
,2018-08,Dorset Police,Dorset Police,-1.799743,50.733500,On or near Padfield Close,E01015362,Bournemouth 014D,Anti-social behaviour,,
,2018-08,Dorset Police,Dorset Police,-1.804216,50.734767,On or near Tern Court,E01015362,Bournemouth 014D,Anti-social behaviour,,
,2018-08,Dorset Police,Dorset Police,-1.805708,50.733744,On or near Lingdale Road,E01015362,Bournemouth 014D,Anti-social behaviour,,
,2018-08,Dorset Police,Dorset Police,-1.802585,50.734944,On or near Kingfisher Close,E01015362,Bournemouth 014D,Anti-social behaviour,,
,2018-08,Dorset Police,Dorset Police,-1.805708,50.733744,On or near Lingdale Road,E01015362,Bournemouth 014D,Anti-social behaviour,,
,2018-08,Dorset Police,Dorset Police,-1.804216,50.734767,On or near Tern Court,E01015362,Bournemouth 014D,Anti-social behaviour,,
,2018-08,Dorset Police,Dorset Police,-1.802585,50.734944,On or near Kingfisher Close,E01015362,Bournemouth 014D,Anti-social behaviour,,
aededc8e7995cb4d467467530526fc79886c178a4f47aef212ce7ce0127359e4,2018-08,Dorset Police,Dorset Police,-1.799494,50.732241,On or near Seafield Road,E01015362,Bournemouth 014D,Criminal damage and arson,Investigation complete; no suspect identified,
acae391e4a45d60ac6419a537d408f2f5d005d46623a093b5dd261d3bfb21559,2018-08,Dorset Police,Dorset Police,-1.805708,50.733744,On or near Lingdale Road,E01015362,Bournemouth 014D,Criminal damage and arson,Investigation complete; no suspect identified,
cfd99099bc730bb245de908af512741e1d01f6d8f39969d416713e888bfa5d69,2018-08,Dorset Police,Dorset Police,-1.802585,50.734944,On or near Kingfisher Close,E01015362,Bournemouth 014D,Other theft,Investigation complete; no suspect identified,
a29e974fd9211bb0b8b3336bd1fb2652212ef354c562b3791dce03f50faabf7f,2018-08,Dorset Police,Dorset Police,-1.805708,50.733744,On or near Lingdale Road,E01015362,Bournemouth 014D,Public order,Investigation complete; no suspect identified,
c8b4c075903d767961afb3b31a350069770b4494bb3629960aabbb12e2dbfa67,2018-08,Dorset Police,Dorset Police,-1.799743,50.733500,On or near Padfield Close,E01015362,Bournemouth 014D,Violence and sexual offences,Unable to prosecute suspect,
5f18c9e63a34b1ddc993bc61e40e9e6aaa740632678e372daec751742d6d0a1f,2018-08,Dorset Police,Dorset Police,-1.799743,50.733500,On or near Padfield Close,E01015362,Bournemouth 014D,Violence and sexual offences,Unable to prosecute suspect,
5e3300a8c535b6eaea7f8a9fe413bc694277e617f42ff15d4d8f79b09a7bdd8c,2018-08,Dorset Police,Dorset Police,-1.802585,50.734944,On or near Kingfisher Close,E01015362,Bournemouth 014D,Violence and sexual offences,Status update unavailable,
,2018-08,Dorset Police,Dorset Police,-1.814624,50.733021,On or near Stourvale Road,E01015363,Bournemouth 014E,Anti-social behaviour,,
,2018-08,Dorset Police,Dorset Police,-1.811627,50.731146,On or near Kimberley Road,E01015363,Bournemouth 014E,Anti-social behaviour,,
,2018-08,Dorset Police,Dorset Police,-1.810576,50.731693,On or near Fenton Road,E01015363,Bournemouth 014E,Anti-social behaviour,,
,2018-08,Dorset Police,Dorset Police,-1.810576,50.731693,On or near Fenton Road,E01015363,Bournemouth 014E,Anti-social behaviour,,
,2018-08,Dorset Police,Dorset Police,-1.810576,50.731693,On or near Fenton Road,E01015363,Bournemouth 014E,Anti-social behaviour,,
11fe8a62dd1a608dff7e5911d3883929fb6b755382851f899a09dd89e7784ce6,2018-08,Dorset Police,Dorset Police,-1.811756,50.730724,On or near Beaufort Road,E01015363,Bournemouth 014E,Burglary,Unable to prosecute suspect,
f3dad49be25064794c7622f61df6d93386c872b7548c58cbd998c5b744732a6e,2018-08,Dorset Police,Dorset Police,-1.814624,50.733021,On or near Stourvale Road,E01015363,Bournemouth 014E,Vehicle crime,Investigation complete; no suspect identified,
e0150237a08dbc3b65d95242f2c494008d6fbeacb9d18107c97f07d058990f37,2018-08,Dorset Police,Dorset Police,-1.809705,50.729884,On or near Arnewood Road,E01015363,Bournemouth 014E,Vehicle crime,Investigation complete; no suspect identified,
ca4e45b5dfc885dc8e28e6fd1f09b4a1733914c69de151c1cbc2ab4e6d4a6014,2018-08,Dorset Police,Dorset Police,-1.811756,50.730724,On or near Beaufort Road,E01015363,Bournemouth 014E,Violence and sexual offences,Unable to prosecute suspect,
47cdd6878844bc8a8914de25d0d5977f5b82ec13233de9011f781f717f61bb26,2018-08,Dorset Police,Dorset Police,-1.807406,50.730878,On or near Boreham Road,E01015363,Bournemouth 014E,Violence and sexual offences,Defendant found not guilty,
07d476473ac34e21a4dbe98c5fa7fd490f8b890c438ec23671222f14a5f2abac,2018-08,Dorset Police,Dorset Police,-1.807406,50.730878,On or near Boreham Road,E01015363,Bournemouth 014E,Violence and sexual offences,Offender sent to prison,
,2018-08,Dorset Police,Dorset Police,-1.848173,50.734248,On or near Egerton Gardens,E01015292,Bournemouth 015A,Anti-social behaviour,,
,2018-08,Dorset Police,Dorset Police,-1.844702,50.734081,On or near Grants Close,E01015292,Bournemouth 015A,Anti-social behaviour,,
4f9ae813a3999eb2e8e2f2a70810d1830b5866b5ce3463c35f36d4de96825219,2018-08,Dorset Police,Dorset Police,-1.849081,50.733880,On or near Richmond Park Close,E01015292,Bournemouth 015A,Burglary,Awaiting court outcome,
76d97e79c865f94fb8cc33b6b34683af9ee18aaf8805f1a10adeb29f35d44e26,2018-08,Dorset Police,Dorset Police,-1.844702,50.734081,On or near Grants Close,E01015292,Bournemouth 015A,Burglary,Unable to prosecute suspect,
2b333bfd87edea2119097499c8c336d5b40e8f50e11e1a1ff64d9834101cb395,2018-08,Dorset Police,Dorset Police,-1.848173,50.734248,On or near Egerton Gardens,E01015292,Bournemouth 015A,Criminal damage and arson,Investigation complete; no suspect identified,
c0a98a6ede0039f9e49a22397fc336d56afcaea4c156fcc13b2739e41319106b,2018-08,Dorset Police,Dorset Police,-1.843812,50.733172,On or near Ashley Close,E01015292,Bournemouth 015A,Criminal damage and arson,Unable to prosecute suspect,
f6d78d1da1169ac1957f39f9cbdfc68ba2428cd4fe44d2e8f2792ccbcad57e7e,2018-08,Dorset Police,Dorset Police,-1.843764,50.735015,On or near Buchanan Avenue,E01015292,Bournemouth 015A,Robbery,Status update unavailable,
4572e3ea5c306850df5c832be5e70cfd1d678fa7ff346e390280d2c57915f339,2018-08,Dorset Police,Dorset Police,-1.842941,50.735392,On or near Hayes Avenue,E01015292,Bournemouth 015A,Vehicle crime,Unable to prosecute suspect,
7fa0630a6583ed8cd65ca7c31f99abaaa96175203e288e3caea838fbae43b1e3,2018-08,Dorset Police,Dorset Police,-1.844702,50.734081,On or near Grants Close,E01015292,Bournemouth 015A,Vehicle crime,Investigation complete; no suspect identified,
57bf9f03b41f3574c35cc8cb5c11de53c44baf4abed3117626006ed9d62a2ec2,2018-08,Dorset Police,Dorset Police,-1.849081,50.733880,On or near Richmond Park Close,E01015292,Bournemouth 015A,Violence and sexual offences,Unable to prosecute suspect,
70f36f33acbf8329925410720e10c95465f3248e4c082325171055d8231cf88f,2018-08,Dorset Police,Dorset Police,-1.843812,50.733172,On or near Ashley Close,E01015292,Bournemouth 015A,Violence and sexual offences,Offender sent to prison,
,2018-08,Dorset Police,Dorset Police,-1.842558,50.731210,On or near Grantham Road,E01015293,Bournemouth 015B,Anti-social behaviour,,
,2018-08,Dorset Police,Dorset Police,-1.843677,50.731193,On or near South Road,E01015293,Bournemouth 015B,Anti-social behaviour,,
,2018-08,Dorset Police,Dorset Police,-1.846695,50.731278,On or near Windham Road,E01015293,Bournemouth 015B,Anti-social behaviour,,
,2018-08,Dorset Police,Dorset Police,-1.849242,50.732289,On or near Washington Avenue,E01015293,Bournemouth 015B,Anti-social behaviour,,
,2018-08,Dorset Police,Dorset Police,-1.849242,50.732289,On or near Washington Avenue,E01015293,Bournemouth 015B,Anti-social behaviour,,
,2018-08,Dorset Police,Dorset Police,-1.842558,50.731210,On or near Grantham Road,E01015293,Bournemouth 015B,Anti-social behaviour,,
,2018-08,Dorset Police,Dorset Police,-1.846695,50.731278,On or near Windham Road,E01015293,Bournemouth 015B,Anti-social behaviour,,
,2018-08,Dorset Police,Dorset Police,-1.847146,50.732070,On or near Curzon Road,E01015293,Bournemouth 015B,Anti-social behaviour,,
,2018-08,Dorset Police,Dorset Police,-1.849242,50.732289,On or near Washington Avenue,E01015293,Bournemouth 015B,Anti-social behaviour,,
,2018-08,Dorset Police,Dorset Police,-1.845463,50.731097,On or near Boscombe Grove Road,E01015293,Bournemouth 015B,Anti-social behaviour,,
,2018-08,Dorset Police,Dorset Police,-1.842558,50.731210,On or near Grantham Road,E01015293,Bournemouth 015B,Anti-social behaviour,,
,2018-08,Dorset Police,Dorset Police,-1.845463,50.731097,On or near Boscombe Grove Road,E01015293,Bournemouth 015B,Anti-social behaviour,,
,2018-08,Dorset Police,Dorset Police,-1.849242,50.732289,On or near Washington Avenue,E01015293,Bournemouth 015B,Anti-social behaviour,,
,2018-08,Dorset Police,Dorset Police,-1.843677,50.731193,On or near South Road,E01015293,Bournemouth 015B,Anti-social behaviour,,
,2018-08,Dorset Police,Dorset Police,-1.849242,50.732289,On or near Washington Avenue,E01015293,Bournemouth 015B,Anti-social behaviour,,
1a6334137a7f5576ce955b4bc55c0c36affeef20a6bc7ee085d011dd0e9e27d5,2018-08,Dorset Police,Dorset Police,-1.848490,50.732630,On or near St Mary'S Road,E01015293,Bournemouth 015B,Burglary,Investigation complete; no suspect identified,
3ef99a65e8fcbe8c4e3d7c72f9296b2142154e471f77971a906a408dc38b3156,2018-08,Dorset Police,Dorset Police,-1.843677,50.731193,On or near South Road,E01015293,Bournemouth 015B,Other theft,Status update unavailable,
e61bb89bcb9c0e03ef577c0ca216a2ba7e1706f65eae80d20f311043ac4def97,2018-08,Dorset Police,Dorset Police,-1.849242,50.732289,On or near Washington Avenue,E01015293,Bournemouth 015B,Violence and sexual offences,Defendant found not guilty,
7cd7192c428c9766e8baa4950b949b0fd43a8d38529a78caf0aebfc848870a70,2018-08,Dorset Police,Dorset Police,-1.846695,50.731278,On or near Windham Road,E01015293,Bournemouth 015B,Violence and sexual offences,Action to be taken by another organisation,
c72e36c4cc4074dae07bd68b04030a69e403ad34660e3c5d0d140f022afd8ea4,2018-08,Dorset Police,Dorset Police,-1.849242,50.732289,On or near Washington Avenue,E01015293,Bournemouth 015B,Violence and sexual offences,Status update unavailable,
57b22c63f9e4923d86eed6505459ffbd1a59500d814573c270d33c8594630155,2018-08,Dorset Police,Dorset Police,-1.842558,50.731210,On or near Grantham Road,E01015293,Bournemouth 015B,Violence and sexual offences,Status update unavailable,
,2018-08,Dorset Police,Dorset Police,-1.852811,50.732806,On or near A338,E01015294,Bournemouth 015C,Anti-social behaviour,,
,2018-08,Dorset Police,Dorset Police,-1.852728,50.732230,On or near Melbourne Road,E01015294,Bournemouth 015C,Anti-social behaviour,,
,2018-08,Dorset Police,Dorset Police,-1.853786,50.729318,On or near Spring Road,E01015294,Bournemouth 015C,Anti-social behaviour,,
,2018-08,Dorset Police,Dorset Police,-1.850460,50.732569,On or near Supermarket,E01015294,Bournemouth 015C,Anti-social behaviour,,
,2018-08,Dorset Police,Dorset Police,-1.852811,50.732806,On or near A338,E01015294,Bournemouth 015C,Anti-social behaviour,,
,2018-08,Dorset Police,Dorset Police,-1.852373,50.732374,On or near Shelbourne Close,E01015294,Bournemouth 015C,Anti-social behaviour,,
,2018-08,Dorset Police,Dorset Police,-1.850903,50.731509,On or near Garfield Avenue,E01015294,Bournemouth 015C,Anti-social behaviour,,
,2018-08,Dorset Police,Dorset Police,-1.852811,50.732806,On or near A338,E01015294,Bournemouth 015C,Anti-social behaviour,,
,2018-08,Dorset Police,Dorset Police,-1.853786,50.729318,On or near Spring Road,E01015294,Bournemouth 015C,Anti-social behaviour,,
,2018-08,Dorset Police,Dorset Police,-1.853786,50.729318,On or near Spring Road,E01015294,Bournemouth 015C,Anti-social behaviour,,
,2018-08,Dorset Police,Dorset Police,-1.851430,50.730565,On or near Cleveland Road,E01015294,Bournemouth 015C,Anti-social behaviour,,
,2018-08,Dorset Police,Dorset Police,-1.851430,50.730565,On or near Cleveland Road,E01015294,Bournemouth 015C,Anti-social behaviour,,
,2018-08,Dorset Police,Dorset Police,-1.850460,50.732569,On or near Supermarket,E01015294,Bournemouth 015C,Anti-social behaviour,,
,2018-08,Dorset Police,Dorset Police,-1.853786,50.729318,On or near Spring Road,E01015294,Bournemouth 015C,Anti-social behaviour,,
,2018-08,Dorset Police,Dorset Police,-1.850460,50.732569,On or near Supermarket,E01015294,Bournemouth 015C,Anti-social behaviour,,
,2018-08,Dorset Police,Dorset Police,-1.855712,50.729617,On or near Stanley Road,E01015294,Bournemouth 015C,Anti-social behaviour,,
,2018-08,Dorset Police,Dorset Police,-1.852728,50.732230,On or near Melbourne Road,E01015294,Bournemouth 015C,Anti-social behaviour,,
,2018-08,Dorset Police,Dorset Police,-1.852728,50.732230,On or near Melbourne Road,E01015294,Bournemouth 015C,Anti-social behaviour,,
f69bef92fc4726df38a05b33f0845a3c46ef395a82e571d7e5af503ea2b6aff9,2018-08,Dorset Police,Dorset Police,-1.850457,50.733468,On or near Avon Close,E01015294,Bournemouth 015C,Burglary,Investigation complete; no suspect identified,
74ef27cc6a39a8ffca0a964cfab67af7775241db43b23a153a3e448269cd1ad2,2018-08,Dorset Police,Dorset Police,-1.850460,50.732569,On or near Supermarket,E01015294,Bournemouth 015C,Burglary,Investigation complete; no suspect identified,
d723175ac2bdf2fa68ae12fa55af3fd6f9bde5a7edc68aaf00061121cf3ace70,2018-08,Dorset Police,Dorset Police,-1.850460,50.732569,On or near Supermarket,E01015294,Bournemouth 015C,Criminal damage and arson,Investigation complete; no suspect identified,
a6ed22d3395e679b0ed42723c046d8447bb81c6315f7599b771e8ee10b9565a0,2018-08,Dorset Police,Dorset Police,-1.852728,50.732230,On or near Melbourne Road,E01015294,Bournemouth 015C,Criminal damage and arson,Unable to prosecute suspect,
e044a952e8473978bc9acbb5927618240e6f827e648d4d833abc48f6c78f5420,2018-08,Dorset Police,Dorset Police,-1.850457,50.733468,On or near Avon Close,E01015294,Bournemouth 015C,Drugs,Court result unavailable,
bff859848c39365f2b34a482d4fe67408eba01d1fbe2bebfeb744682dc6654af,2018-08,Dorset Police,Dorset Police,-1.851366,50.732840,On or near Capstone Place,E01015294,Bournemouth 015C,Drugs,Offender given a drugs possession warning,
919a281b601b5349aea50657768ae129882c776688c20de5db90804526ad9a43,2018-08,Dorset Police,Dorset Police,-1.850460,50.732569,On or near Supermarket,E01015294,Bournemouth 015C,Drugs,Court result unavailable,
40e9f96f6d476526c8929384328d1365f9a4c1f6af7e21ac35728949a0d9d343,2018-08,Dorset Police,Dorset Police,-1.851366,50.732840,On or near Capstone Place,E01015294,Bournemouth 015C,Other theft,Investigation complete; no suspect identified,
7337125e1ef43fb2c8f33820d7e4a287753c3219efb3beda96dd3e464bbce762,2018-08,Dorset Police,Dorset Police,-1.850460,50.732569,On or near Supermarket,E01015294,Bournemouth 015C,Other theft,Investigation complete; no suspect identified,
37507de42db8f9c6e5b8f0f5d11e6702c620ef8fda442576679a3687f86a98cb,2018-08,Dorset Police,Dorset Police,-1.850460,50.732569,On or near Supermarket,E01015294,Bournemouth 015C,Public order,Offender fined,
9be6f22953304ca342a1e12a0f395f5e7e2c9288d90117ee44c51fd6f80fe5f1,2018-08,Dorset Police,Dorset Police,-1.855712,50.729617,On or near Stanley Road,E01015294,Bournemouth 015C,Public order,Unable to prosecute suspect,
54e84e59be4da14300cd3737b73e61204b893aa49a9df6364a747f64a4e31221,2018-08,Dorset Police,Dorset Police,-1.850460,50.732569,On or near Supermarket,E01015294,Bournemouth 015C,Shoplifting,Unable to prosecute suspect,
226984fde4493873199def1fce49834938e60aa4367ccb2334b1b211e34d31e6,2018-08,Dorset Police,Dorset Police,-1.850460,50.732569,On or near Supermarket,E01015294,Bournemouth 015C,Shoplifting,Unable to prosecute suspect,
fd5182e08b73c19cf9fb0c0e4f5ba27a1ccd5cd81ffbbd64e908c2022c6d6ceb,2018-08,Dorset Police,Dorset Police,-1.850460,50.732569,On or near Supermarket,E01015294,Bournemouth 015C,Shoplifting,Unable to prosecute suspect,
4a6dfc819b190287fc0675a05e81360e88c81c56b1af70540e809a520913c5d7,2018-08,Dorset Police,Dorset Police,-1.850460,50.732569,On or near Supermarket,E01015294,Bournemouth 015C,Shoplifting,Unable to prosecute suspect,
1f3ee461b36ab3567200dc555144ba490928873d1687f1ef02426b7ca5130905,2018-08,Dorset Police,Dorset Police,-1.850460,50.732569,On or near Supermarket,E01015294,Bournemouth 015C,Shoplifting,Unable to prosecute suspect,
7234b20f2fccb13dd15d45c4ad0c653478439e1e3c0e5cd270be4102b9eed5a4,2018-08,Dorset Police,Dorset Police,-1.850460,50.732569,On or near Supermarket,E01015294,Bournemouth 015C,Shoplifting,Investigation complete; no suspect identified,
5d1ee3a46267faec3f4e15512bd3ef086b9e580d0c1d6240cc624e014f17ac1c,2018-08,Dorset Police,Dorset Police,-1.855712,50.729617,On or near Stanley Road,E01015294,Bournemouth 015C,Vehicle crime,Investigation complete; no suspect identified,
37a90bf3667f209c79489a9a53d411b3a693e175b7e3ddcf54843cc7d8e95612,2018-08,Dorset Police,Dorset Police,-1.850903,50.731509,On or near Garfield Avenue,E01015294,Bournemouth 015C,Violence and sexual offences,Unable to prosecute suspect,
880ee48c71fbb369838a5a8b3a2b5b35a501da80ade742b3ae9d2c1137f0f251,2018-08,Dorset Police,Dorset Police,-1.850903,50.731509,On or near Garfield Avenue,E01015294,Bournemouth 015C,Violence and sexual offences,Status update unavailable,
4ccf176d2402214642bd403d47a562c5dafc80a3c53fc9c58d3b70e4744e0e78,2018-08,Dorset Police,Dorset Police,-1.852728,50.732230,On or near Melbourne Road,E01015294,Bournemouth 015C,Violence and sexual offences,Offender sent to prison,
9a5a8227bffce3cd8058b435bf30491a1afab2913a121205608ceed5ecfbf3f0,2018-08,Dorset Police,Dorset Police,-1.853401,50.730100,On or near Victoria Place,E01015294,Bournemouth 015C,Violence and sexual offences,Action to be taken by another organisation,
052db58aafd2851affb42ab00f0a6a1a7964b7a642d6416917a06d4c7728d035,2018-08,Dorset Police,Dorset Police,-1.849721,50.733189,On or near Holdenhurst Road,E01015294,Bournemouth 015C,Violence and sexual offences,Unable to prosecute suspect,
,2018-08,Dorset Police,Dorset Police,-1.859428,50.733120,On or near Bennett Road,E01015327,Bournemouth 015D,Anti-social behaviour,,
,2018-08,Dorset Police,Dorset Police,-1.860479,50.732276,On or near Bennett Road,E01015327,Bournemouth 015D,Anti-social behaviour,,
,2018-08,Dorset Police,Dorset Police,-1.857316,50.733180,On or near Cyril Road,E01015327,Bournemouth 015D,Anti-social behaviour,,
,2018-08,Dorset Police,Dorset Police,-1.857316,50.733180,On or near Cyril Road,E01015327,Bournemouth 015D,Anti-social behaviour,,
,2018-08,Dorset Police,Dorset Police,-1.856491,50.734186,On or near Capstone Road,E01015327,Bournemouth 015D,Anti-social behaviour,,
,2018-08,Dorset Police,Dorset Police,-1.862228,50.734985,On or near Shelbourne Road,E01015327,Bournemouth 015D,Anti-social behaviour,,
,2018-08,Dorset Police,Dorset Police,-1.860479,50.732276,On or near Bennett Road,E01015327,Bournemouth 015D,Anti-social behaviour,,
,2018-08,Dorset Police,Dorset Police,-1.858539,50.731797,On or near Stewart Road,E01015327,Bournemouth 015D,Anti-social behaviour,,
c54e9118c1f3ebb8d883335368b8c69a7768365e33321cfd2f8dfdd60f0385bf,2018-08,Dorset Police,Dorset Police,-1.862228,50.734985,On or near Shelbourne Road,E01015327,Bournemouth 015D,Criminal damage and arson,Court result unavailable,
4d5b376223c4179596aa481dd5dca572e065126ea8dc6e62da48ba5e351b6b97,2018-08,Dorset Police,Dorset Police,-1.858635,50.732750,On or near Malmesbury Court,E01015327,Bournemouth 015D,Criminal damage and arson,Investigation complete; no suspect identified,
d0922805f38ae30fed79826a33ad8677eec957a5cf4aafbf72fcc374ab9a3dc1,2018-08,Dorset Police,Dorset Police,-1.859428,50.733120,On or near Bennett Road,E01015327,Bournemouth 015D,Criminal damage and arson,Unable to prosecute suspect,
8e5e8541273402ecdeb624c700d738571491af9bf1271bebf3926bee08afc1b0,2018-08,Dorset Police,Dorset Police,-1.862228,50.734985,On or near Shelbourne Road,E01015327,Bournemouth 015D,Criminal damage and arson,Offender fined,
f687dc0c06576019b01b58a280e4f39e3aef087d6b728cdcbef347efda29ad5a,2018-08,Dorset Police,Dorset Police,-1.858635,50.732750,On or near Malmesbury Court,E01015327,Bournemouth 015D,Criminal damage and arson,Unable to prosecute suspect,
1205cd12491eb8bfbed6fff15bbb42bd66660c811b340362a43daa84e0a607a6,2018-08,Dorset Police,Dorset Police,-1.856653,50.732289,On or near Wilkins Gardens,E01015327,Bournemouth 015D,Public order,Unable to prosecute suspect,
45b7ccb9f5806f29105efd6795880cdd5ab0a20e55dd72a3fbe563d3c9f8dbbb,2018-08,Dorset Police,Dorset Police,-1.856653,50.732289,On or near Wilkins Gardens,E01015327,Bournemouth 015D,Vehicle crime,Investigation complete; no suspect identified,
835fb945716f05750be08452ec7022356e03ea0d1f2ccff41e759cd488598696,2018-08,Dorset Police,Dorset Police,-1.862228,50.734985,On or near Shelbourne Road,E01015327,Bournemouth 015D,Violence and sexual offences,Unable to prosecute suspect,
1ce0765e500fddc2f816c8e7c4d3e6ed1fd9dc61b078ff6e8be0955bbad9cdaa,2018-08,Dorset Police,Dorset Police,-1.859428,50.733120,On or near Bennett Road,E01015327,Bournemouth 015D,Violence and sexual offences,Status update unavailable,
af977a2d2e770f7e912c31ecdfb77e451cec85bad364d29b3dfc28242e320577,2018-08,Dorset Police,Dorset Police,-1.859428,50.733120,On or near Bennett Road,E01015327,Bournemouth 015D,Violence and sexual offences,Unable to prosecute suspect,
ce81f4bbd4ae5e9492b4fc6861e6762ff3714260fc131657312f8ce84f3b8ca9,2018-08,Dorset Police,Dorset Police,-1.859278,50.731159,On or near Lowther Road,E01015327,Bournemouth 015D,Violence and sexual offences,Further investigation is not in the public interest,
e03d223bc96885c468840962d87b2395eae579fc6239916e31b1bdab3ae42a2c,2018-08,Dorset Police,Dorset Police,-1.857403,50.732443,On or near Lawrence Court,E01015327,Bournemouth 015D,Violence and sexual offences,Unable to prosecute suspect,
295df80918880e84adb69cb0904c777f1e2689e54516a66156a31c0f3eaf7f1a,2018-08,Dorset Police,Dorset Police,-1.857969,50.732677,On or near Wessex Gate,E01015327,Bournemouth 015D,Violence and sexual offences,Unable to prosecute suspect,
,2018-08,Dorset Police,Dorset Police,-1.851472,50.735034,On or near Gilbert Road,E01015329,Bournemouth 015E,Anti-social behaviour,,
,2018-08,Dorset Police,Dorset Police,-1.851523,50.737004,On or near Queen'S Park Road,E01015329,Bournemouth 015E,Anti-social behaviour,,
,2018-08,Dorset Police,Dorset Police,-1.853930,50.737609,On or near Richmond Park Crescent,E01015329,Bournemouth 015E,Anti-social behaviour,,
,2018-08,Dorset Police,Dorset Police,-1.853930,50.737609,On or near Richmond Park Crescent,E01015329,Bournemouth 015E,Anti-social behaviour,,
,2018-08,Dorset Police,Dorset Police,-1.856076,50.735535,On or near Bennett Road,E01015329,Bournemouth 015E,Anti-social behaviour,,
,2018-08,Dorset Police,Dorset Police,-1.841457,50.738474,On or near Wessex Way,E01015329,Bournemouth 015E,Anti-social behaviour,,
,2018-08,Dorset Police,Dorset Police,-1.852279,50.735467,On or near Stour Road,E01015329,Bournemouth 015E,Anti-social behaviour,,
,2018-08,Dorset Police,Dorset Police,-1.853930,50.737609,On or near Richmond Park Crescent,E01015329,Bournemouth 015E,Anti-social behaviour,,
,2018-08,Dorset Police,Dorset Police,-1.851472,50.735034,On or near Gilbert Road,E01015329,Bournemouth 015E,Anti-social behaviour,,
,2018-08,Dorset Police,Dorset Police,-1.856076,50.735535,On or near Bennett Road,E01015329,Bournemouth 015E,Anti-social behaviour,,
,2018-08,Dorset Police,Dorset Police,-1.851472,50.735034,On or near Gilbert Road,E01015329,Bournemouth 015E,Anti-social behaviour,,
32707eb723fe9bf26969d239d2823ef8fb0e12c0fac610b7b70bbe90bd76ede0,2018-08,Dorset Police,Dorset Police,-1.856076,50.735535,On or near Bennett Road,E01015329,Bournemouth 015E,Bicycle theft,Investigation complete; no suspect identified,
f35bfd6a75f59cbb46ba90d67320034b516f31561a4240e8bc9e1de6e791748d,2018-08,Dorset Police,Dorset Police,-1.851523,50.737004,On or near Queen'S Park Road,E01015329,Bournemouth 015E,Burglary,Investigation complete; no suspect identified,
ec4ffb063d0c6d441f9c99b665db934c378a16b9da63f6c8cb77512b6d0ce858,2018-08,Dorset Police,Dorset Police,-1.852877,50.734542,On or near Ibsley Close,E01015329,Bournemouth 015E,Burglary,Unable to prosecute suspect,
82a2adfcbaee2f75019a6f6bba18d988f5d1e62f14236e324c3064918108fc37,2018-08,Dorset Police,Dorset Police,-1.852279,50.735467,On or near Stour Road,E01015329,Bournemouth 015E,Burglary,Investigation complete; no suspect identified,
29bea8e4052084ae50fd6943d12526643ad95194723b7d65ae34e22233999962,2018-08,Dorset Police,Dorset Police,-1.856076,50.735535,On or near Bennett Road,E01015329,Bournemouth 015E,Burglary,Offender given community sentence,
cdccf33093bd4f64e1d2bb091307fc9b46b126636528623f54c01cc9ef2df76d,2018-08,Dorset Police,Dorset Police,-1.852279,50.735467,On or near Stour Road,E01015329,Bournemouth 015E,Criminal damage and arson,Offender given suspended prison sentence,
afeac596d72df345c3b91f648f89120f3a3577aab0ea100d93e2180d45e36b8a,2018-08,Dorset Police,Dorset Police,-1.851121,50.738640,On or near Parking Area,E01015329,Bournemouth 015E,Criminal damage and arson,Status update unavailable,
5a9d29fdc200b67c0f28273c375049071ce9b1e7d10010670a0f251d573f4440,2018-08,Dorset Police,Dorset Police,-1.851121,50.738640,On or near Parking Area,E01015329,Bournemouth 015E,Other theft,Unable to prosecute suspect,
6dc6c851aba624fb10dc18933e243db7d776ff921913ab6c3d707dfea50ec56e,2018-08,Dorset Police,Dorset Police,-1.852877,50.734542,On or near Ibsley Close,E01015329,Bournemouth 015E,Other theft,Investigation complete; no suspect identified,
8647c1ee3d36a4f9e016c989aa6d9f11ee98f18e6b00685e1115ab8f1da5d757,2018-08,Dorset Police,Dorset Police,-1.852279,50.735467,On or near Stour Road,E01015329,Bournemouth 015E,Other theft,Unable to prosecute suspect,
4f55698daa18ec88ee667c3230d3a37620737accca305c3df00a142b5d0da6d0,2018-08,Dorset Police,Dorset Police,-1.852279,50.735467,On or near Stour Road,E01015329,Bournemouth 015E,Public order,Court result unavailable,
7ff65a702c6a5b7bce93db6401406478ec9e2fd7a63f5c85bdb04c93a55a1140,2018-08,Dorset Police,Dorset Police,-1.853413,50.735118,On or near Shaftesbury Road,E01015329,Bournemouth 015E,Public order,Unable to prosecute suspect,
83fc76b9f379789a1d09700667ec33f2adc42574fec6315272390a0add6927df,2018-08,Dorset Police,Dorset Police,-1.853930,50.737609,On or near Richmond Park Crescent,E01015329,Bournemouth 015E,Vehicle crime,Formal action is not in the public interest,
6c44d001c0fedb319f8dcff82a5ddd884e5effc81d822c4da56b0b056a1046ef,2018-08,Dorset Police,Dorset Police,-1.852279,50.735467,On or near Stour Road,E01015329,Bournemouth 015E,Violence and sexual offences,Offender given suspended prison sentence,
5ec54a1d15fa0f4ce1c342feef7789e71955741f6e10e3813083d20477eee381,2018-08,Dorset Police,Dorset Police,-1.852877,50.734542,On or near Ibsley Close,E01015329,Bournemouth 015E,Violence and sexual offences,Unable to prosecute suspect,
0cdd9d9f3f2d2f5c1bc960c55a4b17ab69a36b5ff3d260ce8a284c195fe87487,2018-08,Dorset Police,Dorset Police,-1.856076,50.735535,On or near Bennett Road,E01015329,Bournemouth 015E,Violence and sexual offences,Unable to prosecute suspect,
c50f74a4fa44f19b64a06f183e603d244f2ffadb88ffd9e13b5e63ee38757bd0,2018-08,Dorset Police,Dorset Police,-1.850254,50.734916,On or near Richmond Park Road,E01015329,Bournemouth 015E,Violence and sexual offences,Unable to prosecute suspect,
29501c3dd990350f625b566156e858da0bbc1f80ca1cafbf021627696ec2f89e,2018-08,Dorset Police,Dorset Police,-1.853413,50.735118,On or near Shaftesbury Road,E01015329,Bournemouth 015E,Violence and sexual offences,Unable to prosecute suspect,
2e5b8e480516223c397e11bb46a2e2af764c124a01c7fe1e9102cacf001231c4,2018-08,Dorset Police,Dorset Police,-1.856076,50.735535,On or near Bennett Road,E01015329,Bournemouth 015E,Violence and sexual offences,Status update unavailable,
55acffb56c54f349afaa6624e1eb1d4d36e5b1a1f96022825988e9aaf397a425,2018-08,Dorset Police,Dorset Police,-1.854280,50.734489,On or near Avon Road,E01015329,Bournemouth 015E,Violence and sexual offences,Unable to prosecute suspect,
eae86c0d745bfbfb756ab97caad5da763ecb41ec0ce78ea523a934ce160c6225,2018-08,Dorset Police,Dorset Police,-1.852279,50.735467,On or near Stour Road,E01015329,Bournemouth 015E,Violence and sexual offences,Unable to prosecute suspect,
2267d23ae34190eb8ed6854ac390416e00ca632d105a0a597f57f5fde45bd0c2,2018-08,Dorset Police,Dorset Police,-1.852279,50.735467,On or near Stour Road,E01015329,Bournemouth 015E,Violence and sexual offences,Investigation complete; no suspect identified,
0c1ea5085e01dda2cb30abeddc38cf70c072e7c87ec102a8673ab95fd9f448da,2018-08,Dorset Police,Dorset Police,-1.850254,50.734916,On or near Richmond Park Road,E01015329,Bournemouth 015E,Violence and sexual offences,Status update unavailable,
815ed36057ea55d35b82ac7544eda71ef54071671a59e4c28b13056a91aa4501,2018-08,Dorset Police,Dorset Police,-1.854280,50.734489,On or near Avon Road,E01015329,Bournemouth 015E,Violence and sexual offences,Unable to prosecute suspect,
,2018-08,Dorset Police,Dorset Police,-1.832338,50.724460,On or near Chessel Avenue,E01015272,Bournemouth 016A,Anti-social behaviour,,
,2018-08,Dorset Police,Dorset Police,-1.837050,50.721823,On or near Boscombe Cliff Road,E01015272,Bournemouth 016A,Anti-social behaviour,,
,2018-08,Dorset Police,Dorset Police,-1.837050,50.721823,On or near Boscombe Cliff Road,E01015272,Bournemouth 016A,Anti-social behaviour,,
,2018-08,Dorset Police,Dorset Police,-1.833096,50.726224,On or near Chessel Avenue,E01015272,Bournemouth 016A,Anti-social behaviour,,
d98708f6732e4e6361d074ccd32ee2ab896aa169671177902e6860046b1c9d60,2018-08,Dorset Police,Dorset Police,-1.832338,50.724460,On or near Chessel Avenue,E01015272,Bournemouth 016A,Bicycle theft,Investigation complete; no suspect identified,
3c06168f152dbddf9555f4ba712f4b998a25c3f43a245feb5809a1c700eede70,2018-08,Dorset Police,Dorset Police,-1.820186,50.723597,On or near Montague Road,E01015272,Bournemouth 016A,Criminal damage and arson,Investigation complete; no suspect identified,
c963ae1c9039c0a1c16c5c4de2547015b98bcf9a244501fc9d96f910d6deae96,2018-08,Dorset Police,Dorset Police,-1.833096,50.726224,On or near Chessel Avenue,E01015272,Bournemouth 016A,Vehicle crime,Investigation complete; no suspect identified,
48a54ac196c05de4a2518dc32f7f44a826ee0ae8f7c566f364eed5c23e801364,2018-08,Dorset Police,Dorset Police,-1.833096,50.726224,On or near Chessel Avenue,E01015272,Bournemouth 016A,Violence and sexual offences,Investigation complete; no suspect identified,
e6dde5cd2596f5b369672c35ef73fe43b3f085e32774cf7e7954b27e94b879e6,2018-08,Dorset Police,Dorset Police,-1.837050,50.721823,On or near Boscombe Cliff Road,E01015272,Bournemouth 016A,Violence and sexual offences,Unable to prosecute suspect,
,2018-08,Dorset Police,Dorset Police,-1.822801,50.728906,On or near Norwood Place,E01015273,Bournemouth 016B,Anti-social behaviour,,
,2018-08,Dorset Police,Dorset Police,-1.819563,50.727067,On or near Parkwood Road,E01015273,Bournemouth 016B,Anti-social behaviour,,
,2018-08,Dorset Police,Dorset Police,-1.827231,50.730055,On or near Christchurch Road,E01015273,Bournemouth 016B,Anti-social behaviour,,
,2018-08,Dorset Police,Dorset Police,-1.824992,50.730232,On or near Morley Close,E01015273,Bournemouth 016B,Anti-social behaviour,,
,2018-08,Dorset Police,Dorset Police,-1.819741,50.728749,On or near Southville Road,E01015273,Bournemouth 016B,Anti-social behaviour,,
,2018-08,Dorset Police,Dorset Police,-1.824085,50.730167,On or near Parking Area,E01015273,Bournemouth 016B,Anti-social behaviour,,
,2018-08,Dorset Police,Dorset Police,-1.829375,50.728916,On or near Colonnade Road,E01015273,Bournemouth 016B,Anti-social behaviour,,
,2018-08,Dorset Police,Dorset Police,-1.824992,50.730232,On or near Morley Close,E01015273,Bournemouth 016B,Anti-social behaviour,,
,2018-08,Dorset Police,Dorset Police,-1.824085,50.730167,On or near Parking Area,E01015273,Bournemouth 016B,Anti-social behaviour,,
,2018-08,Dorset Police,Dorset Police,-1.822801,50.728906,On or near Norwood Place,E01015273,Bournemouth 016B,Anti-social behaviour,,
,2018-08,Dorset Police,Dorset Police,-1.829375,50.728916,On or near Colonnade Road,E01015273,Bournemouth 016B,Anti-social behaviour,,
,2018-08,Dorset Police,Dorset Police,-1.824992,50.730232,On or near Morley Close,E01015273,Bournemouth 016B,Anti-social behaviour,,
,2018-08,Dorset Police,Dorset Police,-1.824992,50.730232,On or near Morley Close,E01015273,Bournemouth 016B,Anti-social behaviour,,
6de826a647cac3085bdf0308365d4346312e55d4d89c22955b1ce0b98b3df07b,2018-08,Dorset Police,Dorset Police,-1.822125,50.727745,On or near Livingstone Road,E01015273,Bournemouth 016B,Bicycle theft,Investigation complete; no suspect identified,
6e0dd250daee9afb92d08233909f97606c54d0e6f9b908e1a05eac79c9b0e87f,2018-08,Dorset Police,Dorset Police,-1.819741,50.728749,On or near Southville Road,E01015273,Bournemouth 016B,Burglary,Unable to prosecute suspect,
3c6b447472837d84d8693d2be9f79ab8da8a1406578a459917d97634988aa38a,2018-08,Dorset Police,Dorset Police,-1.819741,50.728749,On or near Southville Road,E01015273,Bournemouth 016B,Burglary,Unable to prosecute suspect,
0f0bcc3e3615cc215be570c755ee4eeb42fe62b672257b226b6d4a97d7142789,2018-08,Dorset Police,Dorset Police,-1.819741,50.728749,On or near Southville Road,E01015273,Bournemouth 016B,Burglary,Unable to prosecute suspect,
32417b8abb020988c889309c356b1045d26f7f4c83e39733bb9a9bff9e8dae2e,2018-08,Dorset Police,Dorset Police,-1.822801,50.728906,On or near Norwood Place,E01015273,Bournemouth 016B,Criminal damage and arson,Investigation complete; no suspect identified,
a2f58903de65b7cd61a9aa07c86ba5906ea4ee4a198b490f37dc744cae413365,2018-08,Dorset Police,Dorset Police,-1.824992,50.730232,On or near Morley Close,E01015273,Bournemouth 016B,Other theft,Formal action is not in the public interest,
f348e0837bbbb7115f0decd0ea9944cf734253fb92704cdc3d71df4aea403daa,2018-08,Dorset Police,Dorset Police,-1.824085,50.730167,On or near Parking Area,E01015273,Bournemouth 016B,Other theft,Investigation complete; no suspect identified,
ab9522d898a74763d18299f2a1d01e81e475ec17e3ddf3322fe21ac08c7904db,2018-08,Dorset Police,Dorset Police,-1.821653,50.728986,On or near Seabourne Road,E01015273,Bournemouth 016B,Public order,Unable to prosecute suspect,
3a3f1cc141a91c7ddc6c8c5e8e280201bead9601e67193e39fded971479b476b,2018-08,Dorset Police,Dorset Police,-1.829375,50.728916,On or near Colonnade Road,E01015273,Bournemouth 016B,Public order,Formal action is not in the public interest,
9c69145d87736dc5176c20f1e6a2cb5b05dcfac0d3578f43285330fd4e042c7c,2018-08,Dorset Police,Dorset Police,-1.821653,50.728986,On or near Seabourne Road,E01015273,Bournemouth 016B,Public order,Unable to prosecute suspect,
819763a46236dcf85aee2f9053fe371a7651591e7f32b97b26a18b27c62f84ef,2018-08,Dorset Police,Dorset Police,-1.829375,50.728916,On or near Colonnade Road,E01015273,Bournemouth 016B,Theft from the person,Unable to prosecute suspect,
0467e7b6dfafac547b03343e7db132a8dceb376d134fbcb73b548bbdfb48db90,2018-08,Dorset Police,Dorset Police,-1.829375,50.728916,On or near Colonnade Road,E01015273,Bournemouth 016B,Theft from the person,Investigation complete; no suspect identified,
70c077e5bb9f89fe10cc4820cd6aca82f23f8aac1189c57d89c8f26a968c7a5b,2018-08,Dorset Police,Dorset Police,-1.821262,50.727366,On or near Stourfield Road,E01015273,Bournemouth 016B,Vehicle crime,Investigation complete; no suspect identified,
7071717f133f832649a15e56f02a1bff4ae2bf31787f4353604008124428cb71,2018-08,Dorset Police,Dorset Police,-1.824811,50.729431,On or near Morley Road,E01015273,Bournemouth 016B,Violence and sexual offences,Unable to prosecute suspect,
838c0feb3662268cebcc80eb330f783d5454c1be85084780f81dfbcf91ab103e,2018-08,Dorset Police,Dorset Police,-1.829375,50.728916,On or near Colonnade Road,E01015273,Bournemouth 016B,Violence and sexual offences,Unable to prosecute suspect,
eb880abcb6f51e63ae6b94952f9cc189edbc2e554b778a6fb84f4578c847cad2,2018-08,Dorset Police,Dorset Police,-1.821653,50.728986,On or near Seabourne Road,E01015273,Bournemouth 016B,Violence and sexual offences,Unable to prosecute suspect,
0cf95855fc99eb30dfdc97ecb0ea5877d4f6f69bb0b20516c9ef8dfd094b0c95,2018-08,Dorset Police,Dorset Police,-1.824085,50.730167,On or near Parking Area,E01015273,Bournemouth 016B,Violence and sexual offences,Unable to prosecute suspect,
,2018-08,Dorset Police,Dorset Police,-1.828197,50.725641,On or near Woodland Walk,E01015275,Bournemouth 016C,Anti-social behaviour,,
,2018-08,Dorset Police,Dorset Police,-1.826182,50.726438,On or near Parkwood Road,E01015275,Bournemouth 016C,Anti-social behaviour,,
,2018-08,Dorset Police,Dorset Police,-1.829803,50.728161,On or near St James'S Square,E01015275,Bournemouth 016C,Anti-social behaviour,,
,2018-08,Dorset Police,Dorset Police,-1.826182,50.726438,On or near Parkwood Road,E01015275,Bournemouth 016C,Anti-social behaviour,,
,2018-08,Dorset Police,Dorset Police,-1.823431,50.727010,On or near West Road,E01015275,Bournemouth 016C,Anti-social behaviour,,
e2e7c73315a0733deae8dced9ffa6a28c1e4f6e31f5e9968f28adb1015834b3a,2018-08,Dorset Police,Dorset Police,-1.826182,50.726438,On or near Parkwood Road,E01015275,Bournemouth 016C,Drugs,Offender deprived of property,
75d14800d06bf9ff8a46b507744503371b043001e1f8913f19a160245e6d11fd,2018-08,Dorset Police,Dorset Police,-1.826182,50.726438,On or near Parkwood Road,E01015275,Bournemouth 016C,Robbery,Investigation complete; no suspect identified,
717dcc481b891c6065eab6b690f93c64106edcbdbf029003d49a29141f1a8d6d,2018-08,Dorset Police,Dorset Police,-1.824052,50.727631,On or near Darracott Road,E01015275,Bournemouth 016C,Violence and sexual offences,Status update unavailable,
1660befb7607a44822b972d9a7c272d53f3a44b4224531e2f5619f05e5382924,2018-08,Dorset Police,Dorset Police,-1.825086,50.727912,On or near Granville Road,E01015275,Bournemouth 016C,Violence and sexual offences,Formal action is not in the public interest,
84b7679d9a204d77dd71aa6ab0c035c40be7fe87aa02530f9330a9c23142a118,2018-08,Dorset Police,Dorset Police,-1.826182,50.726438,On or near Parkwood Road,E01015275,Bournemouth 016C,Other crime,Unable to prosecute suspect,
,2018-08,Dorset Police,Dorset Police,-1.824927,50.732534,On or near Clarence Park Road,E01015276,Bournemouth 016D,Anti-social behaviour,,
,2018-08,Dorset Police,Dorset Police,-1.823497,50.732226,On or near Scotter Road,E01015276,Bournemouth 016D,Anti-social behaviour,,
,2018-08,Dorset Police,Dorset Police,-1.823636,50.732819,On or near Abinger Road,E01015276,Bournemouth 016D,Anti-social behaviour,,
,2018-08,Dorset Police,Dorset Police,-1.823497,50.732226,On or near Scotter Road,E01015276,Bournemouth 016D,Anti-social behaviour,,
bf552c7bbc389721ec24cd1f5f28d06c7ea150119d77a0600da6e9d25230d228,2018-08,Dorset Police,Dorset Police,-1.823497,50.732226,On or near Scotter Road,E01015276,Bournemouth 016D,Other theft,Investigation complete; no suspect identified,
c413b338f3dafd4adc23aa073f176bb8e63438965a6ada2aee185c87bf6a56c5,2018-08,Dorset Police,Dorset Police,-1.823497,50.732226,On or near Scotter Road,E01015276,Bournemouth 016D,Other theft,Unable to prosecute suspect,
9524076e6c7af9559d3de7bf0876b2b3a9fc0b16c6f3ef84865c7a2f85468a42,2018-08,Dorset Police,Dorset Police,-1.823497,50.732226,On or near Scotter Road,E01015276,Bournemouth 016D,Public order,Investigation complete; no suspect identified,
9a9097c056f52a79f4a383d37dddc19fa6a7e130f28562bd283602a1230d5f26,2018-08,Dorset Police,Dorset Police,-1.828362,50.730677,On or near Hannington Road,E01015276,Bournemouth 016D,Public order,Investigation complete; no suspect identified,
6377c86ac2bc881c4248834c76951c44a1ae9c07cc18aaada37d7db242c636e8,2018-08,Dorset Police,Dorset Police,-1.828633,50.730246,On or near Wickham Road,E01015276,Bournemouth 016D,Shoplifting,Unable to prosecute suspect,
ab9aba342c6909109b58529c5ce7b7e8b62e00a0d25d737b62dfb4c21707fd56,2018-08,Dorset Police,Dorset Police,-1.823497,50.732226,On or near Scotter Road,E01015276,Bournemouth 016D,Theft from the person,Investigation complete; no suspect identified,
d162c86bfa0b860a5e63d65058cda75e8f420e8ce88e676ba88c25dc1c816665,2018-08,Dorset Police,Dorset Police,-1.828362,50.730677,On or near Hannington Road,E01015276,Bournemouth 016D,Vehicle crime,Investigation complete; no suspect identified,
5a637b862358a66d18316b29646d51de5a708a8591a3401caa359005a3091e4f,2018-08,Dorset Police,Dorset Police,-1.822716,50.732692,On or near Spurgeon Road,E01015276,Bournemouth 016D,Violence and sexual offences,Unable to prosecute suspect,
515957ef731bd46d499e25f5efee61fc7976c8bba48b03e3a681028a65244adc,2018-08,Dorset Police,Dorset Police,-1.823497,50.732226,On or near Scotter Road,E01015276,Bournemouth 016D,Other crime,Unable to prosecute suspect,
,2018-08,Dorset Police,Dorset Police,-1.834450,50.727988,On or near Portman Road,E01015277,Bournemouth 016E,Anti-social behaviour,,
,2018-08,Dorset Police,Dorset Police,-1.838952,50.729236,On or near Ashley Road,E01015277,Bournemouth 016E,Anti-social behaviour,,
,2018-08,Dorset Police,Dorset Police,-1.834107,50.728797,On or near Haviland Road East,E01015277,Bournemouth 016E,Anti-social behaviour,,
,2018-08,Dorset Police,Dorset Police,-1.834107,50.728797,On or near Haviland Road East,E01015277,Bournemouth 016E,Anti-social behaviour,,
,2018-08,Dorset Police,Dorset Police,-1.838952,50.729236,On or near Ashley Road,E01015277,Bournemouth 016E,Anti-social behaviour,,
,2018-08,Dorset Police,Dorset Police,-1.838952,50.729236,On or near Ashley Road,E01015277,Bournemouth 016E,Anti-social behaviour,,
,2018-08,Dorset Police,Dorset Police,-1.834107,50.728797,On or near Haviland Road East,E01015277,Bournemouth 016E,Anti-social behaviour,,
,2018-08,Dorset Police,Dorset Police,-1.834107,50.728797,On or near Haviland Road East,E01015277,Bournemouth 016E,Anti-social behaviour,,
,2018-08,Dorset Police,Dorset Police,-1.834107,50.728797,On or near Haviland Road East,E01015277,Bournemouth 016E,Anti-social behaviour,,
,2018-08,Dorset Police,Dorset Police,-1.834107,50.728797,On or near Haviland Road East,E01015277,Bournemouth 016E,Anti-social behaviour,,
,2018-08,Dorset Police,Dorset Police,-1.833691,50.730451,On or near Police Station,E01015277,Bournemouth 016E,Anti-social behaviour,,
,2018-08,Dorset Police,Dorset Police,-1.837448,50.729809,On or near Prior Close,E01015277,Bournemouth 016E,Anti-social behaviour,,
,2018-08,Dorset Police,Dorset Police,-1.833691,50.730451,On or near Police Station,E01015277,Bournemouth 016E,Anti-social behaviour,,
,2018-08,Dorset Police,Dorset Police,-1.834107,50.728797,On or near Haviland Road East,E01015277,Bournemouth 016E,Anti-social behaviour,,
,2018-08,Dorset Police,Dorset Police,-1.835676,50.730094,On or near Langton Road,E01015277,Bournemouth 016E,Anti-social behaviour,,
,2018-08,Dorset Police,Dorset Police,-1.834450,50.727988,On or near Portman Road,E01015277,Bournemouth 016E,Anti-social behaviour,,
,2018-08,Dorset Police,Dorset Police,-1.834107,50.728797,On or near Haviland Road East,E01015277,Bournemouth 016E,Anti-social behaviour,,
,2018-08,Dorset Police,Dorset Police,-1.833691,50.730451,On or near Police Station,E01015277,Bournemouth 016E,Anti-social behaviour,,
,2018-08,Dorset Police,Dorset Police,-1.838952,50.729236,On or near Ashley Road,E01015277,Bournemouth 016E,Anti-social behaviour,,
,2018-08,Dorset Police,Dorset Police,-1.834107,50.728797,On or near Haviland Road East,E01015277,Bournemouth 016E,Anti-social behaviour,,
,2018-08,Dorset Police,Dorset Police,-1.838952,50.729236,On or near Ashley Road,E01015277,Bournemouth 016E,Anti-social behaviour,,
,2018-08,Dorset Police,Dorset Police,-1.830023,50.730032,On or near Warwick Road,E01015277,Bournemouth 016E,Anti-social behaviour,,
,2018-08,Dorset Police,Dorset Police,-1.830023,50.730032,On or near Warwick Road,E01015277,Bournemouth 016E,Anti-social behaviour,,
08ab68fb30d73e0c1e1ac6e299f528b40e8b3db213f1478cc3a25691bfc31ad2,2018-08,Dorset Police,Dorset Police,-1.834107,50.728797,On or near Haviland Road East,E01015277,Bournemouth 016E,Bicycle theft,Investigation complete; no suspect identified,
8327d84892447dd24bf10a8c327dadd4fe4de88686b86c3e223992b3d2ca31b2,2018-08,Dorset Police,Dorset Police,-1.834107,50.728797,On or near Haviland Road East,E01015277,Bournemouth 016E,Bicycle theft,Investigation complete; no suspect identified,
e1b1d5819540148645eda6cdbc13653c3c819a6b99c6394486d85bf4290c1e1c,2018-08,Dorset Police,Dorset Police,-1.833691,50.730451,On or near Police Station,E01015277,Bournemouth 016E,Bicycle theft,Investigation complete; no suspect identified,
1d42a3c7933e57f3cbd3c1cd4490cc6ce7a671add5957cca1b91fe165c836a15,2018-08,Dorset Police,Dorset Police,-1.833691,50.730451,On or near Police Station,E01015277,Bournemouth 016E,Bicycle theft,Investigation complete; no suspect identified,
485da844877dfe609a4cc317a98925a45b938864551d8c36bc52d65c2b51e5e7,2018-08,Dorset Police,Dorset Police,-1.836249,50.728234,On or near Haviland Road,E01015277,Bournemouth 016E,Burglary,Suspect charged as part of another case,
d31611ee1172ca75e2ed1e27af68559f9dbb80c241fbb8e1b26aef028614dca2,2018-08,Dorset Police,Dorset Police,-1.836249,50.728234,On or near Haviland Road,E01015277,Bournemouth 016E,Burglary,Investigation complete; no suspect identified,
5e31566d754fbe7d7b7f9b5120db5f51da0c8c98e2629d97a01bc6271ce2098f,2018-08,Dorset Police,Dorset Police,-1.834107,50.728797,On or near Haviland Road East,E01015277,Bournemouth 016E,Criminal damage and arson,Unable to prosecute suspect,
6444d5a05584168041fd59d11ebfbc67fbabd676c3d31bf39c52a00319175539,2018-08,Dorset Police,Dorset Police,-1.834450,50.727988,On or near Portman Road,E01015277,Bournemouth 016E,Criminal damage and arson,Investigation complete; no suspect identified,
5107f34a6fba04172d9b800d6f1a4b62e0a8ae25ccec1ef1cf32db86fe0b1d93,2018-08,Dorset Police,Dorset Police,-1.834450,50.727988,On or near Portman Road,E01015277,Bournemouth 016E,Other theft,Investigation complete; no suspect identified,
051e7230b4ee99b7f85d8102f69f4451cf0f0eaab3c922b5fe8cc58ab73aa9bf,2018-08,Dorset Police,Dorset Police,-1.833691,50.730451,On or near Police Station,E01015277,Bournemouth 016E,Public order,Offender given penalty notice,
c86cdfc51a6d237ed22bb289d63b4c1417b0426d1dc281ea82096cd8aa9ee975,2018-08,Dorset Police,Dorset Police,-1.833691,50.730451,On or near Police Station,E01015277,Bournemouth 016E,Robbery,Unable to prosecute suspect,
3b10a69b0d744a3583bc90b0e41d6bae597d1dfa3009e1a78b9962ada70164d8,2018-08,Dorset Police,Dorset Police,-1.836047,50.729330,On or near Portman Road,E01015277,Bournemouth 016E,Vehicle crime,Offender sent to prison,
3d8f38e322563fe08dcebdde8d4683e6c0eeec8e6d2430f67454488289fa571f,2018-08,Dorset Police,Dorset Police,-1.830488,50.730563,On or near York Place,E01015277,Bournemouth 016E,Vehicle crime,Investigation complete; no suspect identified,
f7f555bb10cd5473f7a02d0264e03c594917495910c4fd66176a6a50b6196076,2018-08,Dorset Police,Dorset Police,-1.834450,50.727988,On or near Portman Road,E01015277,Bournemouth 016E,Vehicle crime,Investigation complete; no suspect identified,
bc3fbfd56c074eee7dca5f63692a44cc273eb81883f09d68ae91f7ff921ae22e,2018-08,Dorset Police,Dorset Police,-1.837448,50.729809,On or near Prior Close,E01015277,Bournemouth 016E,Vehicle crime,Investigation complete; no suspect identified,
5723c735e9684e7e3fa74f931fbabc91920343b7ecebb62c9b87d18c9e07847a,2018-08,Dorset Police,Dorset Police,-1.831837,50.729846,On or near Wilton Road,E01015277,Bournemouth 016E,Vehicle crime,Investigation complete; no suspect identified,
83b2e8d8a991c441a809df49df4069459ea0312102ffb54e5005fdbf7ff7e408,2018-08,Dorset Police,Dorset Police,-1.837714,50.730619,On or near North Road,E01015277,Bournemouth 016E,Vehicle crime,Investigation complete; no suspect identified,
8cb98bfbf32f056dcef3ea872b688669edb7066c09b291bc650c3b4211f31064,2018-08,Dorset Police,Dorset Police,-1.840393,50.730416,On or near Ashley Road,E01015277,Bournemouth 016E,Violence and sexual offences,Unable to prosecute suspect,
93143464e829fb97fef2e820be9500ea406003a0367812a4772e6a4d6aadecf1,2018-08,Dorset Police,Dorset Police,-1.838952,50.729236,On or near Ashley Road,E01015277,Bournemouth 016E,Violence and sexual offences,Unable to prosecute suspect,
0a8b7cf7fb3e9ec70a4c8edea9d9094210bacabf7e4413240e3d1b1ec40c8122,2018-08,Dorset Police,Dorset Police,-1.838170,50.729810,On or near Shelley Road East,E01015277,Bournemouth 016E,Violence and sexual offences,Unable to prosecute suspect,
4ffd6fe2b8c9345aa830b932d0409122e747df282458eaf741bb5310d7fb4791,2018-08,Dorset Police,Dorset Police,-1.834450,50.727988,On or near Portman Road,E01015277,Bournemouth 016E,Violence and sexual offences,Court result unavailable,
754aa495321e2b423ba5c4927b64f9a6f9f0b84607e5f3144695d9887994d27a,2018-08,Dorset Police,Dorset Police,-1.837714,50.730619,On or near North Road,E01015277,Bournemouth 016E,Violence and sexual offences,Unable to prosecute suspect,
83dae060ffbd60fe38cbf9c859d154254eddc0b4df2669e9a6ad2da573d18734,2018-08,Dorset Police,Dorset Police,-1.840393,50.730416,On or near Ashley Road,E01015277,Bournemouth 016E,Violence and sexual offences,Unable to prosecute suspect,
90ec1534193eca10958c9325199695853bf74c9ac8b9630488b26506032bad69,2018-08,Dorset Police,Dorset Police,-1.840393,50.730416,On or near Ashley Road,E01015277,Bournemouth 016E,Violence and sexual offences,Offender given conditional discharge,
9d3c73e4c9281446edd2dab2d3def29df7d006e5e3761631a0d0724fdd8a1c0a,2018-08,Dorset Police,Dorset Police,-1.834107,50.728797,On or near Haviland Road East,E01015277,Bournemouth 016E,Violence and sexual offences,Unable to prosecute suspect,
b67de6319e8a866b08572e067580128e51e51bfdf687eb6cd9a325aa41632e7e,2018-08,Dorset Police,Dorset Police,-1.837448,50.729809,On or near Prior Close,E01015277,Bournemouth 016E,Violence and sexual offences,Unable to prosecute suspect,
075a1129a8ff3a7341c4be17edc14230ebc3e6c7d0ba6ae83a131faf97becf58,2018-08,Dorset Police,Dorset Police,-1.830023,50.730032,On or near Warwick Road,E01015277,Bournemouth 016E,Violence and sexual offences,Unable to prosecute suspect,
,2018-08,Dorset Police,Dorset Police,-1.877538,50.721414,On or near Yelverton Road,E01015283,Bournemouth 017A,Anti-social behaviour,,
,2018-08,Dorset Police,Dorset Police,-1.872950,50.720788,On or near St Peter'S Road,E01015283,Bournemouth 017A,Anti-social behaviour,,
,2018-08,Dorset Police,Dorset Police,-1.876634,50.720496,On or near Shopping Area,E01015283,Bournemouth 017A,Anti-social behaviour,,
,2018-08,Dorset Police,Dorset Police,-1.878440,50.718033,On or near Exeter Park Road,E01015283,Bournemouth 017A,Anti-social behaviour,,
,2018-08,Dorset Police,Dorset Police,-1.874690,50.721887,On or near Supermarket,E01015283,Bournemouth 017A,Anti-social behaviour,,
,2018-08,Dorset Police,Dorset Police,-1.873669,50.722309,On or near Nightclub,E01015283,Bournemouth 017A,Anti-social behaviour,,
,2018-08,Dorset Police,Dorset Police,-1.874138,50.721824,On or near Fir Vale Road,E01015283,Bournemouth 017A,Anti-social behaviour,,
,2018-08,Dorset Police,Dorset Police,-1.878440,50.718033,On or near Exeter Park Road,E01015283,Bournemouth 017A,Anti-social behaviour,,
,2018-08,Dorset Police,Dorset Police,-1.873076,50.721319,On or near Parking Area,E01015283,Bournemouth 017A,Anti-social behaviour,,
,2018-08,Dorset Police,Dorset Police,-1.879460,50.717882,On or near Exeter Road,E01015283,Bournemouth 017A,Anti-social behaviour,,
,2018-08,Dorset Police,Dorset Police,-1.876634,50.720496,On or near Shopping Area,E01015283,Bournemouth 017A,Anti-social behaviour,,
,2018-08,Dorset Police,Dorset Police,-1.878166,50.719805,On or near Gervis Place,E01015283,Bournemouth 017A,Anti-social behaviour,,
,2018-08,Dorset Police,Dorset Police,-1.879752,50.719977,On or near Gervis Place,E01015283,Bournemouth 017A,Anti-social behaviour,,
,2018-08,Dorset Police,Dorset Police,-1.881934,50.719818,On or near Orchard Street,E01015283,Bournemouth 017A,Anti-social behaviour,,
,2018-08,Dorset Police,Dorset Police,-1.874138,50.721824,On or near Fir Vale Road,E01015283,Bournemouth 017A,Anti-social behaviour,,
,2018-08,Dorset Police,Dorset Police,-1.876634,50.720496,On or near Shopping Area,E01015283,Bournemouth 017A,Anti-social behaviour,,
,2018-08,Dorset Police,Dorset Police,-1.874138,50.721824,On or near Fir Vale Road,E01015283,Bournemouth 017A,Anti-social behaviour,,
,2018-08,Dorset Police,Dorset Police,-1.873669,50.722309,On or near Nightclub,E01015283,Bournemouth 017A,Anti-social behaviour,,
,2018-08,Dorset Police,Dorset Police,-1.870865,50.721766,On or near Wootton Gardens,E01015283,Bournemouth 017A,Anti-social behaviour,,
,2018-08,Dorset Police,Dorset Police,-1.874909,50.719379,On or near Hinton Road,E01015283,Bournemouth 017A,Anti-social behaviour,,
,2018-08,Dorset Police,Dorset Police,-1.878773,50.720786,On or near Post Office Road,E01015283,Bournemouth 017A,Anti-social behaviour,,
,2018-08,Dorset Police,Dorset Police,-1.875951,50.721844,On or near Supermarket,E01015283,Bournemouth 017A,Anti-social behaviour,,
,2018-08,Dorset Police,Dorset Police,-1.870865,50.721766,On or near Wootton Gardens,E01015283,Bournemouth 017A,Anti-social behaviour,,
,2018-08,Dorset Police,Dorset Police,-1.879460,50.717882,On or near Exeter Road,E01015283,Bournemouth 017A,Anti-social behaviour,,
,2018-08,Dorset Police,Dorset Police,-1.874690,50.721887,On or near Supermarket,E01015283,Bournemouth 017A,Anti-social behaviour,,
,2018-08,Dorset Police,Dorset Police,-1.879528,50.718835,On or near Parking Area,E01015283,Bournemouth 017A,Anti-social behaviour,,
,2018-08,Dorset Police,Dorset Police,-1.874690,50.721887,On or near Supermarket,E01015283,Bournemouth 017A,Anti-social behaviour,,
,2018-08,Dorset Police,Dorset Police,-1.878773,50.720786,On or near Post Office Road,E01015283,Bournemouth 017A,Anti-social behaviour,,
,2018-08,Dorset Police,Dorset Police,-1.875169,50.717535,On or near Theatre/Concert Hall,E01015283,Bournemouth 017A,Anti-social behaviour,,
,2018-08,Dorset Police,Dorset Police,-1.872862,50.722173,On or near Nightclub,E01015283,Bournemouth 017A,Anti-social behaviour,,
,2018-08,Dorset Police,Dorset Police,-1.877014,50.721557,On or near Verulam Place,E01015283,Bournemouth 017A,Anti-social behaviour,,
,2018-08,Dorset Police,Dorset Police,-1.873669,50.722309,On or near Nightclub,E01015283,Bournemouth 017A,Anti-social behaviour,,
,2018-08,Dorset Police,Dorset Police,-1.878440,50.718033,On or near Exeter Park Road,E01015283,Bournemouth 017A,Anti-social behaviour,,
,2018-08,Dorset Police,Dorset Police,-1.878773,50.720786,On or near Post Office Road,E01015283,Bournemouth 017A,Anti-social behaviour,,
,2018-08,Dorset Police,Dorset Police,-1.879752,50.719977,On or near Gervis Place,E01015283,Bournemouth 017A,Anti-social behaviour,,
,2018-08,Dorset Police,Dorset Police,-1.875951,50.721844,On or near Supermarket,E01015283,Bournemouth 017A,Anti-social behaviour,,
,2018-08,Dorset Police,Dorset Police,-1.877022,50.723868,On or near Pedestrian Subway,E01015283,Bournemouth 017A,Anti-social behaviour,,
,2018-08,Dorset Police,Dorset Police,-1.874909,50.719379,On or near Hinton Road,E01015283,Bournemouth 017A,Anti-social behaviour,,
,2018-08,Dorset Police,Dorset Police,-1.878440,50.718033,On or near Exeter Park Road,E01015283,Bournemouth 017A,Anti-social behaviour,,
,2018-08,Dorset Police,Dorset Police,-1.875951,50.721844,On or near Supermarket,E01015283,Bournemouth 017A,Anti-social behaviour,,
,2018-08,Dorset Police,Dorset Police,-1.875951,50.721844,On or near Supermarket,E01015283,Bournemouth 017A,Anti-social behaviour,,
,2018-08,Dorset Police,Dorset Police,-1.875951,50.721844,On or near Supermarket,E01015283,Bournemouth 017A,Anti-social behaviour,,
,2018-08,Dorset Police,Dorset Police,-1.879752,50.719977,On or near Gervis Place,E01015283,Bournemouth 017A,Anti-social behaviour,,
,2018-08,Dorset Police,Dorset Police,-1.874909,50.719379,On or near Hinton Road,E01015283,Bournemouth 017A,Anti-social behaviour,,
,2018-08,Dorset Police,Dorset Police,-1.878773,50.720786,On or near Post Office Road,E01015283,Bournemouth 017A,Anti-social behaviour,,
,2018-08,Dorset Police,Dorset Police,-1.870865,50.721766,On or near Wootton Gardens,E01015283,Bournemouth 017A,Anti-social behaviour,,
,2018-08,Dorset Police,Dorset Police,-1.870865,50.721766,On or near Wootton Gardens,E01015283,Bournemouth 017A,Anti-social behaviour,,
,2018-08,Dorset Police,Dorset Police,-1.878440,50.718033,On or near Exeter Park Road,E01015283,Bournemouth 017A,Anti-social behaviour,,
,2018-08,Dorset Police,Dorset Police,-1.870865,50.721766,On or near Wootton Gardens,E01015283,Bournemouth 017A,Anti-social behaviour,,
,2018-08,Dorset Police,Dorset Police,-1.878166,50.719805,On or near Gervis Place,E01015283,Bournemouth 017A,Anti-social behaviour,,
,2018-08,Dorset Police,Dorset Police,-1.873076,50.721319,On or near Parking Area,E01015283,Bournemouth 017A,Anti-social behaviour,,
,2018-08,Dorset Police,Dorset Police,-1.873076,50.721319,On or near Parking Area,E01015283,Bournemouth 017A,Anti-social behaviour,,
,2018-08,Dorset Police,Dorset Police,-1.877837,50.721027,On or near Albert Road,E01015283,Bournemouth 017A,Anti-social behaviour,,
,2018-08,Dorset Police,Dorset Police,-1.874138,50.721824,On or near Fir Vale Road,E01015283,Bournemouth 017A,Anti-social behaviour,,
,2018-08,Dorset Police,Dorset Police,-1.879460,50.717882,On or near Exeter Road,E01015283,Bournemouth 017A,Anti-social behaviour,,
,2018-08,Dorset Police,Dorset Police,-1.876634,50.720496,On or near Shopping Area,E01015283,Bournemouth 017A,Anti-social behaviour,,
,2018-08,Dorset Police,Dorset Police,-1.875208,50.718669,On or near Westover Road,E01015283,Bournemouth 017A,Anti-social behaviour,,
,2018-08,Dorset Police,Dorset Police,-1.870865,50.721766,On or near Wootton Gardens,E01015283,Bournemouth 017A,Anti-social behaviour,,
,2018-08,Dorset Police,Dorset Police,-1.873669,50.722309,On or near Nightclub,E01015283,Bournemouth 017A,Anti-social behaviour,,
,2018-08,Dorset Police,Dorset Police,-1.879752,50.719977,On or near Gervis Place,E01015283,Bournemouth 017A,Anti-social behaviour,,
,2018-08,Dorset Police,Dorset Police,-1.879460,50.717882,On or near Exeter Road,E01015283,Bournemouth 017A,Anti-social behaviour,,
,2018-08,Dorset Police,Dorset Police,-1.877833,50.717017,On or near Exeter Road,E01015283,Bournemouth 017A,Anti-social behaviour,,
,2018-08,Dorset Police,Dorset Police,-1.878440,50.718033,On or near Exeter Park Road,E01015283,Bournemouth 017A,Anti-social behaviour,,
,2018-08,Dorset Police,Dorset Police,-1.872862,50.722173,On or near Nightclub,E01015283,Bournemouth 017A,Anti-social behaviour,,
,2018-08,Dorset Police,Dorset Police,-1.873076,50.721319,On or near Parking Area,E01015283,Bournemouth 017A,Anti-social behaviour,,
,2018-08,Dorset Police,Dorset Police,-1.878773,50.720786,On or near Post Office Road,E01015283,Bournemouth 017A,Anti-social behaviour,,
,2018-08,Dorset Police,Dorset Police,-1.872862,50.722173,On or near Nightclub,E01015283,Bournemouth 017A,Anti-social behaviour,,
,2018-08,Dorset Police,Dorset Police,-1.872862,50.722173,On or near Nightclub,E01015283,Bournemouth 017A,Anti-social behaviour,,
,2018-08,Dorset Police,Dorset Police,-1.879528,50.718835,On or near Parking Area,E01015283,Bournemouth 017A,Anti-social behaviour,,
,2018-08,Dorset Police,Dorset Police,-1.875169,50.717535,On or near Theatre/Concert Hall,E01015283,Bournemouth 017A,Anti-social behaviour,,
,2018-08,Dorset Police,Dorset Police,-1.874909,50.719379,On or near Hinton Road,E01015283,Bournemouth 017A,Anti-social behaviour,,
,2018-08,Dorset Police,Dorset Police,-1.879752,50.719977,On or near Gervis Place,E01015283,Bournemouth 017A,Anti-social behaviour,,
,2018-08,Dorset Police,Dorset Police,-1.879752,50.719977,On or near Gervis Place,E01015283,Bournemouth 017A,Anti-social behaviour,,
,2018-08,Dorset Police,Dorset Police,-1.873076,50.721319,On or near Parking Area,E01015283,Bournemouth 017A,Anti-social behaviour,,
,2018-08,Dorset Police,Dorset Police,-1.879752,50.719977,On or near Gervis Place,E01015283,Bournemouth 017A,Anti-social behaviour,,
,2018-08,Dorset Police,Dorset Police,-1.875951,50.721844,On or near Supermarket,E01015283,Bournemouth 017A,Anti-social behaviour,,
,2018-08,Dorset Police,Dorset Police,-1.878440,50.718033,On or near Exeter Park Road,E01015283,Bournemouth 017A,Anti-social behaviour,,
,2018-08,Dorset Police,Dorset Police,-1.879528,50.718835,On or near Parking Area,E01015283,Bournemouth 017A,Anti-social behaviour,,
,2018-08,Dorset Police,Dorset Police,-1.878440,50.718033,On or near Exeter Park Road,E01015283,Bournemouth 017A,Anti-social behaviour,,
,2018-08,Dorset Police,Dorset Police,-1.874690,50.721887,On or near Supermarket,E01015283,Bournemouth 017A,Anti-social behaviour,,
,2018-08,Dorset Police,Dorset Police,-1.878440,50.718033,On or near Exeter Park Road,E01015283,Bournemouth 017A,Anti-social behaviour,,
,2018-08,Dorset Police,Dorset Police,-1.879752,50.719977,On or near Gervis Place,E01015283,Bournemouth 017A,Anti-social behaviour,,
,2018-08,Dorset Police,Dorset Police,-1.877837,50.721027,On or near Albert Road,E01015283,Bournemouth 017A,Anti-social behaviour,,
,2018-08,Dorset Police,Dorset Police,-1.876332,50.722186,On or near Parking Area,E01015283,Bournemouth 017A,Anti-social behaviour,,
,2018-08,Dorset Police,Dorset Police,-1.877014,50.721557,On or near Verulam Place,E01015283,Bournemouth 017A,Anti-social behaviour,,
,2018-08,Dorset Police,Dorset Police,-1.874909,50.719379,On or near Hinton Road,E01015283,Bournemouth 017A,Anti-social behaviour,,
,2018-08,Dorset Police,Dorset Police,-1.870865,50.721766,On or near Wootton Gardens,E01015283,Bournemouth 017A,Anti-social behaviour,,
,2018-08,Dorset Police,Dorset Police,-1.879752,50.719977,On or near Gervis Place,E01015283,Bournemouth 017A,Anti-social behaviour,,
,2018-08,Dorset Police,Dorset Police,-1.878773,50.720786,On or near Post Office Road,E01015283,Bournemouth 017A,Anti-social behaviour,,
,2018-08,Dorset Police,Dorset Police,-1.875169,50.717535,On or near Theatre/Concert Hall,E01015283,Bournemouth 017A,Anti-social behaviour,,
,2018-08,Dorset Police,Dorset Police,-1.879528,50.718835,On or near Parking Area,E01015283,Bournemouth 017A,Anti-social behaviour,,
eb8f55f5b633c1f2cff0ea8ab19f4303e67038c790b02c0e46c1f5925e888377,2018-08,Dorset Police,Dorset Police,-1.879528,50.718835,On or near Parking Area,E01015283,Bournemouth 017A,Bicycle theft,Offender given community sentence,
49e187d0066564156b9bfc1de90d658ede84b79854cd1bd7af0f12af720412e2,2018-08,Dorset Police,Dorset Police,-1.879528,50.718835,On or near Parking Area,E01015283,Bournemouth 017A,Bicycle theft,Investigation complete; no suspect identified,
c21aedda7a0cef6e9332bd1164011afdebade0576a622512f12905cb4541d1ad,2018-08,Dorset Police,Dorset Police,-1.881934,50.719818,On or near Orchard Street,E01015283,Bournemouth 017A,Bicycle theft,Investigation complete; no suspect identified,
a12cebccf025b4c1524a8bfed17271be0aba0ce5d2716c777fd589100c24f319,2018-08,Dorset Police,Dorset Police,-1.875169,50.717535,On or near Theatre/Concert Hall,E01015283,Bournemouth 017A,Bicycle theft,Investigation complete; no suspect identified,
175078022a566bcbe47ecd585960410c55c451efdf956ce771b84782e993bd2e,2018-08,Dorset Police,Dorset Police,-1.881934,50.719818,On or near Orchard Street,E01015283,Bournemouth 017A,Bicycle theft,Investigation complete; no suspect identified,
7dee2db78089cd2f8995879bbb614e6c84858f08c798209d35aca164f5c6eb53,2018-08,Dorset Police,Dorset Police,-1.875169,50.717535,On or near Theatre/Concert Hall,E01015283,Bournemouth 017A,Bicycle theft,Investigation complete; no suspect identified,
5312e76ceead88082f6c7bc4b4749629f2e57977f5c6af305947e3684bcb211b,2018-08,Dorset Police,Dorset Police,-1.875208,50.718669,On or near Westover Road,E01015283,Bournemouth 017A,Bicycle theft,Investigation complete; no suspect identified,
57f5e71922c29868f3a5869ff8ddd1b53bacfed0c32fc6b7fe31c32b9a710f37,2018-08,Dorset Police,Dorset Police,-1.876634,50.720496,On or near Shopping Area,E01015283,Bournemouth 017A,Bicycle theft,Investigation complete; no suspect identified,
184c3d822127787ddfef9774183fddab09b7747a90f9d12c66859d0cd6b50b80,2018-08,Dorset Police,Dorset Police,-1.876634,50.720496,On or near Shopping Area,E01015283,Bournemouth 017A,Bicycle theft,Investigation complete; no suspect identified,
8a171f16428d322a46c5778fe87cc120d9a412affc7c41975b2c185e6b4b232a,2018-08,Dorset Police,Dorset Police,-1.874909,50.719379,On or near Hinton Road,E01015283,Bournemouth 017A,Bicycle theft,Investigation complete; no suspect identified,
141845c086d5e2b7a8cd72bd0ab8af95deb4d8ca215eea1aa7943605245d20f4,2018-08,Dorset Police,Dorset Police,-1.876634,50.720496,On or near Shopping Area,E01015283,Bournemouth 017A,Bicycle theft,Investigation complete; no suspect identified,
2fe5249cc8baa30d1af4495866833d672304de4be7328f174a5fd6bd50514766,2018-08,Dorset Police,Dorset Police,-1.879528,50.718835,On or near Parking Area,E01015283,Bournemouth 017A,Bicycle theft,Investigation complete; no suspect identified,
18ea375b0274c756df4b80700fd89d397a33d4af09f5dfc3d96c2d8dc087b7f7,2018-08,Dorset Police,Dorset Police,-1.878845,50.725471,On or near Bodorgan Road,E01015283,Bournemouth 017A,Burglary,Unable to prosecute suspect,
2b81fce1684a0728fc7dc46fa09d1eef0081a569533876e256ae0c2a429be519,2018-08,Dorset Police,Dorset Police,-1.879752,50.719977,On or near Gervis Place,E01015283,Bournemouth 017A,Burglary,Investigation complete; no suspect identified,
197d92f460a742e8bbe5f19da51685e74691787fbe0750609e4b280f43e09c37,2018-08,Dorset Police,Dorset Police,-1.879528,50.718835,On or near Parking Area,E01015283,Bournemouth 017A,Burglary,Offender sent to prison,
deb29fe856b45d485ea0c3232da74b4d2c66b47a51270469b0146728216c06b8,2018-08,Dorset Police,Dorset Police,-1.877837,50.721027,On or near Albert Road,E01015283,Bournemouth 017A,Burglary,Offender sent to prison,
b699d8d9bb94effb37452c7335ff15a70db8a0af5f175ce3e4a30e979ed2c1e6,2018-08,Dorset Police,Dorset Police,-1.875169,50.717535,On or near Theatre/Concert Hall,E01015283,Bournemouth 017A,Criminal damage and arson,Further investigation is not in the public interest,
f1dddf5785baa458c99d4e44bf3dfcd1ab939814ba4fce748eda7c342af03e22,2018-08,Dorset Police,Dorset Police,-1.877014,50.721557,On or near Verulam Place,E01015283,Bournemouth 017A,Criminal damage and arson,Unable to prosecute suspect,
785d55cdc8481ee26fd03a1639f87ec90a92a45aff8dafb2d55ce0edd765c8c4,2018-08,Dorset Police,Dorset Police,-1.879528,50.718835,On or near Parking Area,E01015283,Bournemouth 017A,Criminal damage and arson,Unable to prosecute suspect,
373d88ba71f0d1e6307282937654431cccf74feb43803162e585f01cc46b30d3,2018-08,Dorset Police,Dorset Police,-1.875951,50.721844,On or near Supermarket,E01015283,Bournemouth 017A,Criminal damage and arson,Investigation complete; no suspect identified,
ccef596c3848a2da7adcae8d4791ae7b60463e8ce4f83b1e266b1aa9dc3515dd,2018-08,Dorset Police,Dorset Police,-1.870865,50.721766,On or near Wootton Gardens,E01015283,Bournemouth 017A,Criminal damage and arson,Status update unavailable,
3791dd2010bc0e1fe7c2e5ebbdcf45392e66e2dd0c3066b195ab70a71fc5d2de,2018-08,Dorset Police,Dorset Police,-1.874138,50.721824,On or near Fir Vale Road,E01015283,Bournemouth 017A,Criminal damage and arson,Local resolution,
3c4c282c3c71bfa5e33a9fef70b2019664b740c910c9fcde09b8a5586bf357ad,2018-08,Dorset Police,Dorset Police,-1.870865,50.721766,On or near Wootton Gardens,E01015283,Bournemouth 017A,Criminal damage and arson,Investigation complete; no suspect identified,
bdcc6df86a3287abec66af649e7c3ae6bd84d2bfc9151df46aeed79c801cce39,2018-08,Dorset Police,Dorset Police,-1.879528,50.718835,On or near Parking Area,E01015283,Bournemouth 017A,Criminal damage and arson,Unable to prosecute suspect,
8916b59067bc268a5a0f47aec05544bb91dd76c61971f272e0741b60168109b5,2018-08,Dorset Police,Dorset Police,-1.875208,50.718669,On or near Westover Road,E01015283,Bournemouth 017A,Criminal damage and arson,Unable to prosecute suspect,
08d48dbc6ae0e18455240d5ec73b3a96cb71da24ad70ac95ab5d2c3f0680877c,2018-08,Dorset Police,Dorset Police,-1.877022,50.723868,On or near Pedestrian Subway,E01015283,Bournemouth 017A,Criminal damage and arson,Investigation complete; no suspect identified,
0ff487f10d7ec3a3eb12aafd5550572d9985a210b5d28ce9203c8100cbb3da14,2018-08,Dorset Police,Dorset Police,-1.874138,50.721824,On or near Fir Vale Road,E01015283,Bournemouth 017A,Criminal damage and arson,Local resolution,
a189e282807e0fe585f700d7785973e75a00beda788b3c8b017bc537fa526ace,2018-08,Dorset Police,Dorset Police,-1.878440,50.718033,On or near Exeter Park Road,E01015283,Bournemouth 017A,Criminal damage and arson,Investigation complete; no suspect identified,
0a217a3bcf8feafe61da5ff5d1750291c5ed7e78cec53ddfd78c8916f380ec54,2018-08,Dorset Police,Dorset Police,-1.879752,50.719977,On or near Gervis Place,E01015283,Bournemouth 017A,Criminal damage and arson,Court result unavailable,
2a110e3e62368f2370fbb05b25bf4cbd1ccb930c958ffad36ddb5626b9b1fca2,2018-08,Dorset Police,Dorset Police,-1.879460,50.717882,On or near Exeter Road,E01015283,Bournemouth 017A,Criminal damage and arson,Investigation complete; no suspect identified,
e5003ed43bfe12231917be7680d41020c898d03b1371563ac025c64c4c61009c,2018-08,Dorset Police,Dorset Police,-1.881934,50.719818,On or near Orchard Street,E01015283,Bournemouth 017A,Drugs,Further investigation is not in the public interest,
a4c955ca21a3d07fe2f19ea131f75ed6ad61002d55b37610385fce94962fdd1b,2018-08,Dorset Police,Dorset Police,-1.879460,50.717882,On or near Exeter Road,E01015283,Bournemouth 017A,Drugs,Offender given a caution,
6c3a14aae9eb0c94a072eb6e330999d9c4e538c5b56ad93fda0c4895debfc259,2018-08,Dorset Police,Dorset Police,-1.877833,50.717017,On or near Exeter Road,E01015283,Bournemouth 017A,Drugs,Offender given a caution,
62d42c72d495116218a90c3f6113f11828d7b8c3e79c80f1878ad73e2963a74b,2018-08,Dorset Police,Dorset Police,-1.878440,50.718033,On or near Exeter Park Road,E01015283,Bournemouth 017A,Drugs,Offender given a caution,
6a43f3435daf737f736bf715db2848f593b097ecfd441557ba7bd37526bcdfe9,2018-08,Dorset Police,Dorset Police,-1.878440,50.718033,On or near Exeter Park Road,E01015283,Bournemouth 017A,Drugs,Further investigation is not in the public interest,
c7b5b6bea62185548efc1be7cba3a8e8fe35984063197b4498821bff4d9f7ec7,2018-08,Dorset Police,Dorset Police,-1.879343,50.719114,On or near Exeter Crescent,E01015283,Bournemouth 017A,Drugs,Local resolution,
335012be21b26958fead61930822dfe807a4e73b52a979eada492b2f0d88bda9,2018-08,Dorset Police,Dorset Police,-1.877022,50.723868,On or near Pedestrian Subway,E01015283,Bournemouth 017A,Drugs,Offender given a caution,
9db7582bba6339a2f71637d59e980abaa32139dc0813353dba1797aa8d6c8b67,2018-08,Dorset Police,Dorset Police,-1.878440,50.718033,On or near Exeter Park Road,E01015283,Bournemouth 017A,Other theft,Investigation complete; no suspect identified,
dc191251adb7a94ad3bc785ff4451b03c10863ab13d1b7e75faa9603ae1e755c,2018-08,Dorset Police,Dorset Police,-1.878440,50.718033,On or near Exeter Park Road,E01015283,Bournemouth 017A,Other theft,Unable to prosecute suspect,
e095fc48b65e1a3308072b3a965f6ddfe9b94135b751b1c3e6e423314bcd4b79,2018-08,Dorset Police,Dorset Police,-1.879752,50.719977,On or near Gervis Place,E01015283,Bournemouth 017A,Other theft,Investigation complete; no suspect identified,
0caa9e5028e1114e234a5bdec8600afa95bd31f023be6b673b41bae26f3e6002,2018-08,Dorset Police,Dorset Police,-1.879460,50.717882,On or near Exeter Road,E01015283,Bournemouth 017A,Other theft,Investigation complete; no suspect identified,
4dfcf07c93256299229767b326de10383d2b76f9082d548784dffadc5694b6e5,2018-08,Dorset Police,Dorset Police,-1.875951,50.721844,On or near Supermarket,E01015283,Bournemouth 017A,Other theft,Investigation complete; no suspect identified,
5c2166f50c2c53e91c55dae994b0238c224a5e20e170dfcceaffbc17f282a88c,2018-08,Dorset Police,Dorset Police,-1.877837,50.721027,On or near Albert Road,E01015283,Bournemouth 017A,Other theft,Investigation complete; no suspect identified,
62cc4dd8fb504e589b7b4264011d8ab923093e70d52055256be49c0edacb300f,2018-08,Dorset Police,Dorset Police,-1.875208,50.718669,On or near Westover Road,E01015283,Bournemouth 017A,Other theft,Investigation complete; no suspect identified,
7b546ba8e82ea4d26879c0cc5aec2bc1be5d54f01592c8732d4cb7729c91c717,2018-08,Dorset Police,Dorset Police,-1.873669,50.722309,On or near Nightclub,E01015283,Bournemouth 017A,Other theft,Investigation complete; no suspect identified,
289b48328776327e2df617123754039fcc70d307179ff5a893de386ada71c617,2018-08,Dorset Police,Dorset Police,-1.878773,50.720786,On or near Post Office Road,E01015283,Bournemouth 017A,Other theft,Investigation complete; no suspect identified,
03ccece6af65b68bdc5f47dbffd1c494b187a5b5a7287a916421aeeb60cfcb76,2018-08,Dorset Police,Dorset Police,-1.873669,50.722309,On or near Nightclub,E01015283,Bournemouth 017A,Other theft,Investigation complete; no suspect identified,
1789824f4cc91c65f381f97cac54f524388197f38acc9b75df0298cdf26fdbd2,2018-08,Dorset Police,Dorset Police,-1.878440,50.718033,On or near Exeter Park Road,E01015283,Bournemouth 017A,Other theft,Investigation complete; no suspect identified,
c65aa23bf8390ef22eca2e5f030aeb3290cbfa0915086d789ae5896083f85dd9,2018-08,Dorset Police,Dorset Police,-1.876634,50.720496,On or near Shopping Area,E01015283,Bournemouth 017A,Other theft,Investigation complete; no suspect identified,
668af430d8fcf43d562a97c163c847348407b6f9c94679e5a7357785afcce93e,2018-08,Dorset Police,Dorset Police,-1.878440,50.718033,On or near Exeter Park Road,E01015283,Bournemouth 017A,Other theft,Unable to prosecute suspect,
d491067211e226017609f45969f890d17c540ad47b587d7a5b237a75c340152c,2018-08,Dorset Police,Dorset Police,-1.878773,50.720786,On or near Post Office Road,E01015283,Bournemouth 017A,Other theft,Unable to prosecute suspect,
bf2de6981fd9302a92e8806837d7b50ba7e41bdb08c33bc57c1f8b6521a0c552,2018-08,Dorset Police,Dorset Police,-1.878773,50.720786,On or near Post Office Road,E01015283,Bournemouth 017A,Other theft,Unable to prosecute suspect,
d4cd2c6793ea46e41c4001f358488b960b9b5a6a982b35862c4ea6349124e480,2018-08,Dorset Police,Dorset Police,-1.872862,50.722173,On or near Nightclub,E01015283,Bournemouth 017A,Other theft,Investigation complete; no suspect identified,
5696c5b28b524fb1345004075c2ad730b3c7af77b4754ac96ed8a79488bbb006,2018-08,Dorset Police,Dorset Police,-1.872862,50.722173,On or near Nightclub,E01015283,Bournemouth 017A,Other theft,Unable to prosecute suspect,
53afdb554ac8bef9baa4b07b22e6083b586f49b96f7bdc9ba86210bc8572647d,2018-08,Dorset Police,Dorset Police,-1.879752,50.719977,On or near Gervis Place,E01015283,Bournemouth 017A,Other theft,Investigation complete; no suspect identified,
1ba8241072726a3d2f28b177a7b6d686f142666b0163785936c2215d84f0e13b,2018-08,Dorset Police,Dorset Police,-1.879752,50.719977,On or near Gervis Place,E01015283,Bournemouth 017A,Other theft,Investigation complete; no suspect identified,
e73d28afe86b1bdcfe84314492c92ccb969551dbb818e6dd52fb0452fc74ceb1,2018-08,Dorset Police,Dorset Police,-1.878773,50.720786,On or near Post Office Road,E01015283,Bournemouth 017A,Other theft,Unable to prosecute suspect,
225ed76eaa039654b6b12f384f002fde9944e37909f2d6f326316c0b705ea15e,2018-08,Dorset Police,Dorset Police,-1.879752,50.719977,On or near Gervis Place,E01015283,Bournemouth 017A,Other theft,Investigation complete; no suspect identified,
c87ff8ced7fe8a9168b93a037d589bb9c08f0b9078eaeba0c02de63dac3b8ded,2018-08,Dorset Police,Dorset Police,-1.878773,50.720786,On or near Post Office Road,E01015283,Bournemouth 017A,Other theft,Investigation complete; no suspect identified,
16c3cfd159ae479f38cfbe3972fef9d2e90d8a4df352b80203210838f3e0c15e,2018-08,Dorset Police,Dorset Police,-1.878773,50.720786,On or near Post Office Road,E01015283,Bournemouth 017A,Other theft,Investigation complete; no suspect identified,
4138e843ed628a77ff34cc40deeabf5e1b66dd8f171846c3cd99c56ba22b4d4e,2018-08,Dorset Police,Dorset Police,-1.879528,50.718835,On or near Parking Area,E01015283,Bournemouth 017A,Other theft,Unable to prosecute suspect,
e3df4d6a63ed8f405be4a4fba4154cb671b23dd2f7c683f0c7632f5787a9107c,2018-08,Dorset Police,Dorset Police,-1.875951,50.721844,On or near Supermarket,E01015283,Bournemouth 017A,Other theft,Investigation complete; no suspect identified,
aeeb04fc5fcc1ea6a7f03b367678a26f8e50cc08ada193757150bdb85fd8d640,2018-08,Dorset Police,Dorset Police,-1.875951,50.721844,On or near Supermarket,E01015283,Bournemouth 017A,Possession of weapons,Status update unavailable,
59823d46bd59f4d9c94ceea9b37671940d52a2eb91d0e6d2a2803e8c2b0fe808,2018-08,Dorset Police,Dorset Police,-1.876634,50.720496,On or near Shopping Area,E01015283,Bournemouth 017A,Public order,Court result unavailable,
3b6bfc7837ad930be6f5feff84d0bc5bfe703e2dae0e36f271d9ca93c365c992,2018-08,Dorset Police,Dorset Police,-1.879528,50.718835,On or near Parking Area,E01015283,Bournemouth 017A,Public order,Court result unavailable,
f0531e8fb5531aaa0209a7f0da1e18506c9a8c6a9480d747721d550cd0c168c1,2018-08,Dorset Police,Dorset Police,-1.876634,50.720496,On or near Shopping Area,E01015283,Bournemouth 017A,Public order,Offender fined,
6912199f7eee68a95ab462e1fa46ffa7a649441752fe95decd59788b9545067b,2018-08,Dorset Police,Dorset Police,-1.879528,50.718835,On or near Parking Area,E01015283,Bournemouth 017A,Public order,Court result unavailable,
f2abc6e3a88df7093d77d2449a1dff1170a489035d0f514d42939e518022aad9,2018-08,Dorset Police,Dorset Police,-1.878773,50.720786,On or near Post Office Road,E01015283,Bournemouth 017A,Public order,Status update unavailable,
640a763f77feeb2e5cb0b72ba90d7aca9f9de96819a9568c7d50d7313a9c8123,2018-08,Dorset Police,Dorset Police,-1.878440,50.718033,On or near Exeter Park Road,E01015283,Bournemouth 017A,Public order,Investigation complete; no suspect identified,
61d2213b652450de4d00377bbf2d18f4279791f6261ba51832c7dcee2f1a87a5,2018-08,Dorset Police,Dorset Police,-1.879752,50.719977,On or near Gervis Place,E01015283,Bournemouth 017A,Public order,Offender given community sentence,
debe1ece4427afe088c583f4d2228d1658639ec26070034d89b34f13518797dd,2018-08,Dorset Police,Dorset Police,-1.877837,50.721027,On or near Albert Road,E01015283,Bournemouth 017A,Public order,Offender fined,
1892b147faf24433159e928084c3f792bef2a35039ef2efdfa073c6aaa6c6213,2018-08,Dorset Police,Dorset Police,-1.870865,50.721766,On or near Wootton Gardens,E01015283,Bournemouth 017A,Public order,Investigation complete; no suspect identified,
18aed5ab024921cb1e03ea8e7bb47dcc3b1394d97d6cefd30f536032b6f3b908,2018-08,Dorset Police,Dorset Police,-1.879528,50.718835,On or near Parking Area,E01015283,Bournemouth 017A,Public order,Unable to prosecute suspect,
5072f54626bbf7eead9831ccfa08ba32a4459ac4f303622a7fb3b1d61c30f5be,2018-08,Dorset Police,Dorset Police,-1.874138,50.721824,On or near Fir Vale Road,E01015283,Bournemouth 017A,Public order,Formal action is not in the public interest,
b04a6356053195242ec80f1baa42fde8e69b95171e6530199560015571b2133e,2018-08,Dorset Police,Dorset Police,-1.879752,50.719977,On or near Gervis Place,E01015283,Bournemouth 017A,Public order,Unable to prosecute suspect,
1069dccffbefff94a6893039614579e07ed2ab41f2ff1437faccea1e47782706,2018-08,Dorset Police,Dorset Police,-1.881934,50.719818,On or near Orchard Street,E01015283,Bournemouth 017A,Public order,Unable to prosecute suspect,
4226a4288e083d218730d4d8f1023c04dec002871d85aa6820e54eec73808ffb,2018-08,Dorset Police,Dorset Police,-1.873669,50.722309,On or near Nightclub,E01015283,Bournemouth 017A,Public order,Unable to prosecute suspect,
5ebd79ab35fce3c9654b655050e8ddc7b8353f37b213a4feea6e188e6b0b77a3,2018-08,Dorset Police,Dorset Police,-1.875196,50.723453,On or near Dean Park Crescent,E01015283,Bournemouth 017A,Public order,Unable to prosecute suspect,
2cfb715f71a0c0426d39a191a947a9a3336346e96d1bd07495338e42f2421560,2018-08,Dorset Police,Dorset Police,-1.878440,50.718033,On or near Exeter Park Road,E01015283,Bournemouth 017A,Robbery,Unable to prosecute suspect,
db86883e2747bc08ef5d9096c69fa1ae3e438b9866aa64809776ead560da89c7,2018-08,Dorset Police,Dorset Police,-1.878440,50.718033,On or near Exeter Park Road,E01015283,Bournemouth 017A,Robbery,Investigation complete; no suspect identified,
4293ffbdea50b40933d89a258d465045273c1cee0276b3d8f3f92ea8d7a1b2b1,2018-08,Dorset Police,Dorset Police,-1.876634,50.720496,On or near Shopping Area,E01015283,Bournemouth 017A,Shoplifting,Offender sent to prison,
d4d77665109d0cf9bdac3d84abc735173890e7bdce97bb8f62234ca91897aaa7,2018-08,Dorset Police,Dorset Police,-1.876634,50.720496,On or near Shopping Area,E01015283,Bournemouth 017A,Shoplifting,Offender sent to prison,
efa9ecab5f538e66da76d614e65e9ed4b9d7325b89954eb868aa3dbb1acd5605,2018-08,Dorset Police,Dorset Police,-1.876634,50.720496,On or near Shopping Area,E01015283,Bournemouth 017A,Shoplifting,Investigation complete; no suspect identified,
444eaefbce70ab8cb094ff1723f719de9bbb2ae81858b76bb52ee4f0f1c72be5,2018-08,Dorset Police,Dorset Police,-1.876634,50.720496,On or near Shopping Area,E01015283,Bournemouth 017A,Shoplifting,Court result unavailable,
8be5a92cb4ee7d219368ae57bd5bd5a36119338145d9c042f18c80cf654b2bc2,2018-08,Dorset Police,Dorset Police,-1.876634,50.720496,On or near Shopping Area,E01015283,Bournemouth 017A,Shoplifting,Investigation complete; no suspect identified,
0cb3b41e66581f2d66188ffaf7b3a61affaddb94599a1ce3e4532aefc9bada30,2018-08,Dorset Police,Dorset Police,-1.881934,50.719818,On or near Orchard Street,E01015283,Bournemouth 017A,Shoplifting,Further investigation is not in the public interest,
b53146ef90f9495b78b2c0013d95394cfd53ac6a5bfc369c314c4112c51082b3,2018-08,Dorset Police,Dorset Police,-1.875208,50.718669,On or near Westover Road,E01015283,Bournemouth 017A,Shoplifting,Formal action is not in the public interest,
4c3501869e5f10d6c4dccdb81b45932dfc80ef4f6710447e3ea2c46d7f4cea61,2018-08,Dorset Police,Dorset Police,-1.878166,50.719805,On or near Gervis Place,E01015283,Bournemouth 017A,Shoplifting,Unable to prosecute suspect,
46a054146515a43d240afe52b73924345921b8b0e55838af32d47fa2c48b24e6,2018-08,Dorset Police,Dorset Police,-1.879460,50.717882,On or near Exeter Road,E01015283,Bournemouth 017A,Shoplifting,Unable to prosecute suspect,
d3576ec626feb62e0600e4f2ffb35f9bdcecd755f14ef2f473bb2a13b5ce50bc,2018-08,Dorset Police,Dorset Police,-1.878773,50.720786,On or near Post Office Road,E01015283,Bournemouth 017A,Shoplifting,Unable to prosecute suspect,
902234d5b5122e04652c85c97839e462bab678ab5d7cef326bb915ad1c7819fb,2018-08,Dorset Police,Dorset Police,-1.876634,50.720496,On or near Shopping Area,E01015283,Bournemouth 017A,Shoplifting,Unable to prosecute suspect,
0a964453a5019267f783a8f5978294e347bfc19ec89d7107f92139669ce9db7a,2018-08,Dorset Police,Dorset Police,-1.876634,50.720496,On or near Shopping Area,E01015283,Bournemouth 017A,Shoplifting,Investigation complete; no suspect identified,
5c1de95299ecdd07338c3742a4f119e2bbebaba082214c858ec00c63ceecc2a5,2018-08,Dorset Police,Dorset Police,-1.876634,50.720496,On or near Shopping Area,E01015283,Bournemouth 017A,Shoplifting,Unable to prosecute suspect,
e8a1f5946b844c5a64997c26724d191d7a470f04e8afcdf000b1f040a1d37059,2018-08,Dorset Police,Dorset Police,-1.879752,50.719977,On or near Gervis Place,E01015283,Bournemouth 017A,Shoplifting,Offender fined,
8ece61af8edc287d37b4ea6d8c9897c83061fc5c6721ea18c1fa939d2d8b15d4,2018-08,Dorset Police,Dorset Police,-1.879752,50.719977,On or near Gervis Place,E01015283,Bournemouth 017A,Shoplifting,Offender given a caution,
e27152a97f983d91402de80a089911294d781413e45dd0d84f4d73dfc718ee83,2018-08,Dorset Police,Dorset Police,-1.876634,50.720496,On or near Shopping Area,E01015283,Bournemouth 017A,Shoplifting,Further investigation is not in the public interest,
83d5300af8b5af5b3041629a23d9f8a9bc356dcd93d6a956625a35577edb2478,2018-08,Dorset Police,Dorset Police,-1.874138,50.721824,On or near Fir Vale Road,E01015283,Bournemouth 017A,Theft from the person,Investigation complete; no suspect identified,
b45605825b01efec28caa5de87557c6cbbe3748d5df111f7cb2511604206c37b,2018-08,Dorset Police,Dorset Police,-1.877242,50.721216,On or near Nightclub,E01015283,Bournemouth 017A,Theft from the person,Unable to prosecute suspect,
4f61b5b2c1e8f0b48fe4fe4ecc376ef68433cf9fa936c03fc5f41d87cadd9237,2018-08,Dorset Police,Dorset Police,-1.874138,50.721824,On or near Fir Vale Road,E01015283,Bournemouth 017A,Theft from the person,Investigation complete; no suspect identified,
7a4c9f588200ef2cafe18645b8d90b03fb1870d41725065f1501a2be0528193d,2018-08,Dorset Police,Dorset Police,-1.879752,50.719977,On or near Gervis Place,E01015283,Bournemouth 017A,Theft from the person,Investigation complete; no suspect identified,
5e1a48e4d9147351b1695118b7dc2725c2d80b6bb406e0fbffbe6b05ca1385cb,2018-08,Dorset Police,Dorset Police,-1.875951,50.721844,On or near Supermarket,E01015283,Bournemouth 017A,Theft from the person,Investigation complete; no suspect identified,
ad4edb48bb20be1c1a0096d0230375a55593481b0c3e0868a3d1c6295479f235,2018-08,Dorset Police,Dorset Police,-1.879528,50.718835,On or near Parking Area,E01015283,Bournemouth 017A,Theft from the person,Investigation complete; no suspect identified,
f6b35d73e73e7b9613551ff799bda1d817e6a094205027decc2f5241a2953e15,2018-08,Dorset Police,Dorset Police,-1.879752,50.719977,On or near Gervis Place,E01015283,Bournemouth 017A,Theft from the person,Investigation complete; no suspect identified,
bf842ea37f19cf7521ee52b9c64e270df57a212ee1ec8b38866d4dfcffb1d141,2018-08,Dorset Police,Dorset Police,-1.878440,50.718033,On or near Exeter Park Road,E01015283,Bournemouth 017A,Vehicle crime,Investigation complete; no suspect identified,
849b866772656a009ba020ece3fac87b1c293afbbd5ac49e5bd72dac00253008,2018-08,Dorset Police,Dorset Police,-1.876634,50.720496,On or near Shopping Area,E01015283,Bournemouth 017A,Vehicle crime,Investigation complete; no suspect identified,
27f206dc8dc91ac54cdb523d72cd09ad81fb1a1de18439dde7ff400aa6d36e64,2018-08,Dorset Police,Dorset Police,-1.879460,50.717882,On or near Exeter Road,E01015283,Bournemouth 017A,Vehicle crime,Investigation complete; no suspect identified,
f3521652544a44194430c9192ae998f7e185ee215a42069b5592ac4d144bb3ee,2018-08,Dorset Police,Dorset Police,-1.876634,50.720496,On or near Shopping Area,E01015283,Bournemouth 017A,Violence and sexual offences,Unable to prosecute suspect,
ba3c466b4f3434d27536459e1fc379a3320e43fea5041669451e56e3a3953482,2018-08,Dorset Police,Dorset Police,-1.872862,50.722173,On or near Nightclub,E01015283,Bournemouth 017A,Violence and sexual offences,Unable to prosecute suspect,
3c7e02bdb30d2eb85bf7127cbe02cfe37df2fec0b78e73a9150a23cb45a17715,2018-08,Dorset Police,Dorset Police,-1.874138,50.721824,On or near Fir Vale Road,E01015283,Bournemouth 017A,Violence and sexual offences,Unable to prosecute suspect,
e3aafd307ac2ce0fb060e420e76c185f34c34e99c0bfe9e7214e07b0349d63ee,2018-08,Dorset Police,Dorset Police,-1.872862,50.722173,On or near Nightclub,E01015283,Bournemouth 017A,Violence and sexual offences,Investigation complete; no suspect identified,
f03cc0ec2417f4139a6dfaf4c292a68f0e7951cc15ed9c3d1db6b2d65ff7f5bb,2018-08,Dorset Police,Dorset Police,-1.878166,50.719805,On or near Gervis Place,E01015283,Bournemouth 017A,Violence and sexual offences,Unable to prosecute suspect,
277585d493df7365b5b619fc924374c427834dfd9e47177019da15da92d85628,2018-08,Dorset Police,Dorset Police,-1.874138,50.721824,On or near Fir Vale Road,E01015283,Bournemouth 017A,Violence and sexual offences,Defendant found not guilty,
ffe537d6c536ae5f8fd774285216768295b4f66fdfca0d909ec6a474f8b1726c,2018-08,Dorset Police,Dorset Police,-1.873669,50.722309,On or near Nightclub,E01015283,Bournemouth 017A,Violence and sexual offences,Unable to prosecute suspect,
4c18cb339d4fe1b8ce3f4fa9f631cef920eeea92767c28831ab161a767ad61f3,2018-08,Dorset Police,Dorset Police,-1.879460,50.717882,On or near Exeter Road,E01015283,Bournemouth 017A,Violence and sexual offences,Unable to prosecute suspect,
29aabd5edc727abacf90ca33e9e95464138bb5a9575634b870e6b5f0c4f6658e,2018-08,Dorset Police,Dorset Police,-1.878773,50.720786,On or near Post Office Road,E01015283,Bournemouth 017A,Violence and sexual offences,Status update unavailable,
ed6847d4c7192b9c97f348eb4690e5ec92ad26ace0cba36750a0a725a2bb84c8,2018-08,Dorset Police,Dorset Police,-1.878440,50.718033,On or near Exeter Park Road,E01015283,Bournemouth 017A,Violence and sexual offences,Unable to prosecute suspect,
1ca25eeb6e6ee302228e4d2f3368981ce68cd5291c140019d2122f6bbaa11202,2018-08,Dorset Police,Dorset Police,-1.870865,50.721766,On or near Wootton Gardens,E01015283,Bournemouth 017A,Violence and sexual offences,Unable to prosecute suspect,
5f1d413c9d2782b31b52d3fd9fd63231d8275cd3240169ebe5b8cb533d9977e5,2018-08,Dorset Police,Dorset Police,-1.878440,50.718033,On or near Exeter Park Road,E01015283,Bournemouth 017A,Violence and sexual offences,Unable to prosecute suspect,
ef8a05b7759400d95d210ebcdcef5964ccdc47f94ef39e0c77a1ead580a3ad32,2018-08,Dorset Police,Dorset Police,-1.870865,50.721766,On or near Wootton Gardens,E01015283,Bournemouth 017A,Violence and sexual offences,Investigation complete; no suspect identified,
d1934946e31a3bb67436c8eb604e77efb51b9a76bcce5417bfa9cddaf4ed236d,2018-08,Dorset Police,Dorset Police,-1.878773,50.720786,On or near Post Office Road,E01015283,Bournemouth 017A,Violence and sexual offences,Unable to prosecute suspect,
04343d0e7c47d5389a4c975b87c2e33fedcd6e1ceb059149f7ada2bcc2166699,2018-08,Dorset Police,Dorset Police,-1.875951,50.721844,On or near Supermarket,E01015283,Bournemouth 017A,Violence and sexual offences,Unable to prosecute suspect,
633c8c2c4f55fcf6884be5d8554599f99bbbfc678e9b81008dbcd443eb692f25,2018-08,Dorset Police,Dorset Police,-1.879528,50.718835,On or near Parking Area,E01015283,Bournemouth 017A,Violence and sexual offences,Defendant found not guilty,
8be7ceec769dfb95da0438aec386df8b32ac5e2f520237f663a11126bde06392,2018-08,Dorset Police,Dorset Police,-1.879460,50.717882,On or near Exeter Road,E01015283,Bournemouth 017A,Violence and sexual offences,Investigation complete; no suspect identified,
3147d1fa32bccc1045d9f5f1a0cb671a9c860284efd48aecec3c5b5e6c252ec0,2018-08,Dorset Police,Dorset Police,-1.878773,50.720786,On or near Post Office Road,E01015283,Bournemouth 017A,Violence and sexual offences,Unable to prosecute suspect,
baf7cda7b09ecba796a3fd4c5a472699c198dfa56f1aa01548c41e3822e012ea,2018-08,Dorset Police,Dorset Police,-1.879752,50.719977,On or near Gervis Place,E01015283,Bournemouth 017A,Violence and sexual offences,Unable to prosecute suspect,
319c93c0eb2517c52290708e1cd3dfb0988d7a3a05e385ada5d632dc876b88a0,2018-08,Dorset Police,Dorset Police,-1.879460,50.717882,On or near Exeter Road,E01015283,Bournemouth 017A,Violence and sexual offences,Investigation complete; no suspect identified,
0665c45422b49a393156db3b61624325c607c85620086a074814659474611bf2,2018-08,Dorset Police,Dorset Police,-1.878773,50.720786,On or near Post Office Road,E01015283,Bournemouth 017A,Violence and sexual offences,Investigation complete; no suspect identified,
5267360350d63c67c2150fc096e8edab45a177702f16d26ce420cec438f92f09,2018-08,Dorset Police,Dorset Police,-1.876634,50.720496,On or near Shopping Area,E01015283,Bournemouth 017A,Violence and sexual offences,Court result unavailable,
9a89212291501a47c01cbcff68d14119299d2ba31b50e7e88e610e1e16408c1c,2018-08,Dorset Police,Dorset Police,-1.873669,50.722309,On or near Nightclub,E01015283,Bournemouth 017A,Violence and sexual offences,Investigation complete; no suspect identified,
5521d1f5015191a9b4e775393df49ef75b51dbbb9e654d3564f5351f98b1b8cb,2018-08,Dorset Police,Dorset Police,-1.878773,50.720786,On or near Post Office Road,E01015283,Bournemouth 017A,Violence and sexual offences,Unable to prosecute suspect,
e57d70acac42b81c39c9c4ef194d7610cfb297f12e4ac83eff20d9d1038a7c9e,2018-08,Dorset Police,Dorset Police,-1.875951,50.721844,On or near Supermarket,E01015283,Bournemouth 017A,Violence and sexual offences,Unable to prosecute suspect,
406a419e8e1e3b06325cb807c9e8ea6d8975c75b5617a4107cc92cd6ced788e1,2018-08,Dorset Police,Dorset Police,-1.874138,50.721824,On or near Fir Vale Road,E01015283,Bournemouth 017A,Violence and sexual offences,Local resolution,
1b1ba03b72c6caddc38ee0bb15278bb83184975896eb02f1fe94b11ff08e0f4e,2018-08,Dorset Police,Dorset Police,-1.874138,50.721824,On or near Fir Vale Road,E01015283,Bournemouth 017A,Violence and sexual offences,Local resolution,
75cab76c6771a16a50663f6227011982418823cf4b485cf289c1a947c41a2534,2018-08,Dorset Police,Dorset Police,-1.878773,50.720786,On or near Post Office Road,E01015283,Bournemouth 017A,Violence and sexual offences,Unable to prosecute suspect,
9c9d0eaae2104ab0140932ed587ba851c51b7e147d0d3e6fda25840c828b2e3c,2018-08,Dorset Police,Dorset Police,-1.874138,50.721824,On or near Fir Vale Road,E01015283,Bournemouth 017A,Violence and sexual offences,Unable to prosecute suspect,
0ce6be97a8e9e391cdb74b1fcd7687c612b7863ea7b3cb2394685435f41950f8,2018-08,Dorset Police,Dorset Police,-1.877833,50.717017,On or near Exeter Road,E01015283,Bournemouth 017A,Violence and sexual offences,Status update unavailable,
2449a9de965072e88d3a02994c05e94121ca729394e4210defd60ac5d175376a,2018-08,Dorset Police,Dorset Police,-1.879343,50.719114,On or near Exeter Crescent,E01015283,Bournemouth 017A,Violence and sexual offences,Investigation complete; no suspect identified,
48f868f7c12cd09ba8a316a2ed2cacca1c54265654f828f9ca060b7ba36e864f,2018-08,Dorset Police,Dorset Police,-1.876634,50.720496,On or near Shopping Area,E01015283,Bournemouth 017A,Violence and sexual offences,Unable to prosecute suspect,
c905d538193879464a88fcf7368bb5954e424fcac22200bfa9f6a3ba83d3b749,2018-08,Dorset Police,Dorset Police,-1.877833,50.717017,On or near Exeter Road,E01015283,Bournemouth 017A,Violence and sexual offences,Unable to prosecute suspect,
639b4401e119fc645e64a301e356158a422c4ca8a01820576aba19435f9c8fbd,2018-08,Dorset Police,Dorset Police,-1.874138,50.721824,On or near Fir Vale Road,E01015283,Bournemouth 017A,Violence and sexual offences,Unable to prosecute suspect,
904d0f63eb108d55522b23149158a49b2d3c7556c8ac49d261974ce6d471c657,2018-08,Dorset Police,Dorset Police,-1.878440,50.718033,On or near Exeter Park Road,E01015283,Bournemouth 017A,Violence and sexual offences,Investigation complete; no suspect identified,
0a329bc418fd6a365c232f387681b06596098d46322f4451b1724363de923a04,2018-08,Dorset Police,Dorset Police,-1.879528,50.718835,On or near Parking Area,E01015283,Bournemouth 017A,Violence and sexual offences,Court result unavailable,
1c9c05218fb93536fd3f4ae68b420fb74b241def56cad2026dead4de602dab4f,2018-08,Dorset Police,Dorset Police,-1.875951,50.721844,On or near Supermarket,E01015283,Bournemouth 017A,Violence and sexual offences,Investigation complete; no suspect identified,
966ec4f2e706d2270b67f3126711bd880d19ec3863edbeef3e682613b27a7afb,2018-08,Dorset Police,Dorset Police,-1.878440,50.718033,On or near Exeter Park Road,E01015283,Bournemouth 017A,Violence and sexual offences,Investigation complete; no suspect identified,
3ec171b67ea050ba7d7792169c921d5be92225a7fd9ce61261e8e074b9fe31ce,2018-08,Dorset Police,Dorset Police,-1.877022,50.723868,On or near Pedestrian Subway,E01015283,Bournemouth 017A,Violence and sexual offences,Local resolution,
1f0b2969e14073a794a303cad5ac12ca3ec02d2818a9c5b87cc32d53bd752d87,2018-08,Dorset Police,Dorset Police,-1.875169,50.717535,On or near Theatre/Concert Hall,E01015283,Bournemouth 017A,Violence and sexual offences,Investigation complete; no suspect identified,
8ba1aa6309f8a48d91d609a880117e0285264550f9c0cd577fd0204075a3f2a7,2018-08,Dorset Police,Dorset Police,-1.879752,50.719977,On or near Gervis Place,E01015283,Bournemouth 017A,Violence and sexual offences,Offender given a caution,
743425bba69db8442fbc23f1014452d0362c1ac66099393f5cc7a6f4b2064429,2018-08,Dorset Police,Dorset Police,-1.878440,50.718033,On or near Exeter Park Road,E01015283,Bournemouth 017A,Violence and sexual offences,Investigation complete; no suspect identified,
3d1500060ecf4e7334c39d45d33b9662ecd67fd3c8385a1157922254ffd3340d,2018-08,Dorset Police,Dorset Police,-1.878440,50.718033,On or near Exeter Park Road,E01015283,Bournemouth 017A,Violence and sexual offences,Unable to prosecute suspect,
7390010a7368fa2249c686a184de469e95c0038def49ef58af0fd088f5788321,2018-08,Dorset Police,Dorset Police,-1.878440,50.718033,On or near Exeter Park Road,E01015283,Bournemouth 017A,Violence and sexual offences,Unable to prosecute suspect,
2550ac5d57916b80669922e2e07d1cdfcaf0bba1bd32b7baf3ce242308168345,2018-08,Dorset Police,Dorset Police,-1.874138,50.721824,On or near Fir Vale Road,E01015283,Bournemouth 017A,Violence and sexual offences,Investigation complete; no suspect identified,
e519a874999e46eb5c10a398f5030f21c4b1d18c052f9c4efac39a1feb1b9a1f,2018-08,Dorset Police,Dorset Police,-1.877014,50.721557,On or near Verulam Place,E01015283,Bournemouth 017A,Violence and sexual offences,Unable to prosecute suspect,
c050a13fa5218c1fb3891ea233f258a5548812127b7014ee8bae3c21752de016,2018-08,Dorset Police,Dorset Police,-1.878773,50.720786,On or near Post Office Road,E01015283,Bournemouth 017A,Violence and sexual offences,Court result unavailable,
be610681beaa58ee6ac123c429792814a34186a8e8ab40ac9a84a444210c3b7f,2018-08,Dorset Police,Dorset Police,-1.879752,50.719977,On or near Gervis Place,E01015283,Bournemouth 017A,Violence and sexual offences,Court result unavailable,
87090ec73837505675ff9516829d081715359403936f7812585bf0c5924d7175,2018-08,Dorset Police,Dorset Police,-1.879752,50.719977,On or near Gervis Place,E01015283,Bournemouth 017A,Violence and sexual offences,Unable to prosecute suspect,
bd8e8e0245dddc8661f0187bb4b3dec3302a4ffbed2b5fe4f6566005d17eecb5,2018-08,Dorset Police,Dorset Police,-1.874138,50.721824,On or near Fir Vale Road,E01015283,Bournemouth 017A,Violence and sexual offences,Formal action is not in the public interest,
dd8d881a5c93ca0083d7debc9e6df753bb5bbc76dfc98a4201046975b9d4a5e9,2018-08,Dorset Police,Dorset Police,-1.878773,50.720786,On or near Post Office Road,E01015283,Bournemouth 017A,Violence and sexual offences,Unable to prosecute suspect,
a8d617979c2e165759ae81c12e24bcd33c5f00643aebd0075b90ac9b5ff053cd,2018-08,Dorset Police,Dorset Police,-1.872862,50.722173,On or near Nightclub,E01015283,Bournemouth 017A,Violence and sexual offences,Unable to prosecute suspect,
98f0d2ffe3e043b58cfc2a4dd4d27790cc10eadd0cbf26c152784e86afa24605,2018-08,Dorset Police,Dorset Police,-1.876634,50.720496,On or near Shopping Area,E01015283,Bournemouth 017A,Violence and sexual offences,Investigation complete; no suspect identified,
7fcdfb3e35d25fbe1e1b6d5589e092ce620cdc581862aad5cef8b5386f1ff571,2018-08,Dorset Police,Dorset Police,-1.874909,50.719379,On or near Hinton Road,E01015283,Bournemouth 017A,Violence and sexual offences,Investigation complete; no suspect identified,
990c9e095b974ed75262cf43c9ceef16c25e9cc23e0295fc120dc801058b5065,2018-08,Dorset Police,Dorset Police,-1.879528,50.718835,On or near Parking Area,E01015283,Bournemouth 017A,Violence and sexual offences,Court result unavailable,
dbaa7b0731a653aadf48c18270b548daabe4bb9e0c6f657683992740055fa38c,2018-08,Dorset Police,Dorset Police,-1.875208,50.718669,On or near Westover Road,E01015283,Bournemouth 017A,Violence and sexual offences,Offender given a caution,
ad8744be1fde2594ce1853ca125dce38ac2ea7a6f242eac74984ab76e07c5a45,2018-08,Dorset Police,Dorset Police,-1.879752,50.719977,On or near Gervis Place,E01015283,Bournemouth 017A,Violence and sexual offences,Investigation complete; no suspect identified,
24e54db9833de6eabd5d604282b8e636d7db23f46a4764fed267510cc8dda6f6,2018-08,Dorset Police,Dorset Police,-1.879528,50.718835,On or near Parking Area,E01015283,Bournemouth 017A,Violence and sexual offences,Court result unavailable,
1ee0050636cce2a9940d93ea0def6a31514e37350e23396389fbbacf908ed77e,2018-08,Dorset Police,Dorset Police,-1.875169,50.717535,On or near Theatre/Concert Hall,E01015283,Bournemouth 017A,Violence and sexual offences,Unable to prosecute suspect,
405155d846d7c50c554c75131cb0d01df859cac3b67aa0a3942c70242eb298f5,2018-08,Dorset Police,Dorset Police,-1.872862,50.722173,On or near Nightclub,E01015283,Bournemouth 017A,Violence and sexual offences,Unable to prosecute suspect,
d5e770689cd7c6991a5304e419260314710926faa200786d67847e9f426c59e4,2018-08,Dorset Police,Dorset Police,-1.877538,50.721414,On or near Yelverton Road,E01015283,Bournemouth 017A,Violence and sexual offences,Unable to prosecute suspect,
b7f3966aa86e5007f1ff7254e82e002c0b2104d3907e42ee8e68b538d8e69fbd,2018-08,Dorset Police,Dorset Police,-1.875951,50.721844,On or near Supermarket,E01015283,Bournemouth 017A,Violence and sexual offences,Unable to prosecute suspect,
db7824feaa52249e913c856ba2560e6789095f1ddab653522df46fde29aad809,2018-08,Dorset Police,Dorset Police,-1.878773,50.720786,On or near Post Office Road,E01015283,Bournemouth 017A,Violence and sexual offences,Status update unavailable,
cdc3c311e20fb6c518bd7fb91da1f3b5bac42fd4b278d76a68e1407cb2a97a6a,2018-08,Dorset Police,Dorset Police,-1.874909,50.719379,On or near Hinton Road,E01015283,Bournemouth 017A,Violence and sexual offences,Investigation complete; no suspect identified,
2505f9953f749958b687b1ceff06c16055358b07d9c177a1cbdd21dfd640c4d0,2018-08,Dorset Police,Dorset Police,-1.879752,50.719977,On or near Gervis Place,E01015283,Bournemouth 017A,Violence and sexual offences,Offender given a caution,
5e031c952809539b0b7593f00b251af3bd3c70b551cb484e11183034a6fa5e1f,2018-08,Dorset Police,Dorset Police,-1.878773,50.720786,On or near Post Office Road,E01015283,Bournemouth 017A,Violence and sexual offences,Investigation complete; no suspect identified,
40e45d66fcd24dd8f37659464eb587960ca0cc072643c61c47c492f0b2a20ebb,2018-08,Dorset Police,Dorset Police,-1.881934,50.719818,On or near Orchard Street,E01015283,Bournemouth 017A,Violence and sexual offences,Unable to prosecute suspect,
d2ddbcaa30eecc81d49c9534e14244fd6cf4c191497ffe081064ea061a375f32,2018-08,Dorset Police,Dorset Police,-1.878440,50.718033,On or near Exeter Park Road,E01015283,Bournemouth 017A,Violence and sexual offences,Investigation complete; no suspect identified,
4dfdf7d2747652e434503f13279d99bd16c4c263253232a1ecb61625c35be07f,2018-08,Dorset Police,Dorset Police,-1.870865,50.721766,On or near Wootton Gardens,E01015283,Bournemouth 017A,Violence and sexual offences,Unable to prosecute suspect,
7aaa782cb52407ba8ef90e4f13146cced319982c0ef7d27dba5531f2f6a48e5f,2018-08,Dorset Police,Dorset Police,-1.876634,50.720496,On or near Shopping Area,E01015283,Bournemouth 017A,Other crime,Defendant found not guilty,
,2018-08,Dorset Police,Dorset Police,-1.872219,50.729268,On or near Cavendish Place,E01015286,Bournemouth 017C,Anti-social behaviour,,
,2018-08,Dorset Police,Dorset Police,-1.875166,50.729226,On or near Wimborne Road,E01015286,Bournemouth 017C,Anti-social behaviour,,
,2018-08,Dorset Police,Dorset Police,-1.876406,50.731907,On or near St Augustin'S Road,E01015286,Bournemouth 017C,Anti-social behaviour,,
d6b57d866fe544c76276a66997a2844c7163fb5bf854a6fd189b44c40232a58a,2018-08,Dorset Police,Dorset Police,-1.877317,50.730325,On or near St Winifred'S Road,E01015286,Bournemouth 017C,Criminal damage and arson,Investigation complete; no suspect identified,
59dc7ebd5a038651b7e3ed7b425d438d274e3fd7e886ab99098833fbab5871f6,2018-08,Dorset Police,Dorset Police,-1.877317,50.730325,On or near St Winifred'S Road,E01015286,Bournemouth 017C,Criminal damage and arson,Investigation complete; no suspect identified,
fcc1d3bdd6dfecc00d8a3257c9e206300f7165565d39ca6373909c69fcd7485d,2018-08,Dorset Police,Dorset Police,-1.877317,50.730325,On or near St Winifred'S Road,E01015286,Bournemouth 017C,Criminal damage and arson,Investigation complete; no suspect identified,
f9f35e923d23c4d7fa06b16c68cd7bb5ea8cf4e54064f6437bc28847fd7c5b18,2018-08,Dorset Police,Dorset Police,-1.876406,50.731907,On or near St Augustin'S Road,E01015286,Bournemouth 017C,Other theft,Investigation complete; no suspect identified,
9084e325d4569b9ecdface5c7e34e4f119d2a62b97131a030e1bbeaaeecb32a0,2018-08,Dorset Police,Dorset Police,-1.876406,50.731907,On or near St Augustin'S Road,E01015286,Bournemouth 017C,Other theft,Unable to prosecute suspect,
e46771402214711ba8baa36d8c2e33091ae917d8e0f49243043f20124e0b9ea7,2018-08,Dorset Police,Dorset Police,-1.878158,50.728375,On or near St Valerie Road,E01015286,Bournemouth 017C,Other theft,Status update unavailable,
a37e76b994d779744bfe55c1d188f4f62c15d306dd23422064bf8d58e8fdcc88,2018-08,Dorset Police,Dorset Police,-1.876406,50.731907,On or near St Augustin'S Road,E01015286,Bournemouth 017C,Vehicle crime,Status update unavailable,
23aea713cb77cf9b2662e54dc0f78596809d33e12566782ca9da736e6a459d66,2018-08,Dorset Police,Dorset Police,-1.875751,50.727617,On or near Wimborne Road,E01015286,Bournemouth 017C,Vehicle crime,Suspect charged as part of another case,
e3c788efc3a3fc02ad8058a6d9046e765117d19c82a96a5a521b316a1670e37d,2018-08,Dorset Police,Dorset Police,-1.872834,50.727056,On or near Cavendish Road,E01015286,Bournemouth 017C,Vehicle crime,Investigation complete; no suspect identified,
bbea7064c761c84ab7cfb4484329f15c1d03cd4c35b001047f8d2786bcf1a148,2018-08,Dorset Police,Dorset Police,-1.876406,50.731907,On or near St Augustin'S Road,E01015286,Bournemouth 017C,Violence and sexual offences,Unable to prosecute suspect,
67a27b1aefd5a4d94a9c728dfc7afb1004f509412baf71ce6bfaa2e82d14ac75,2018-08,Dorset Police,Dorset Police,-1.875751,50.727617,On or near Wimborne Road,E01015286,Bournemouth 017C,Violence and sexual offences,Offender given conditional discharge,
9ef63797dbf3124a02e9cdf7026a59c7a3d1f4ea77a3a847305e46d261abb2d4,2018-08,Dorset Police,Dorset Police,-1.878158,50.728375,On or near St Valerie Road,E01015286,Bournemouth 017C,Violence and sexual offences,Unable to prosecute suspect,
e8f3019c1c62a48d1f187fc503437b246c67f36ee3c15f008a1057d9163d98cf,2018-08,Dorset Police,Dorset Police,-1.875166,50.729226,On or near Wimborne Road,E01015286,Bournemouth 017C,Violence and sexual offences,Unable to prosecute suspect,
52d2da01918cfe5a8199c79306257b6c5eb40e62150cf829effe180ca80e1ef3,2018-08,Dorset Police,Dorset Police,-1.878158,50.728375,On or near St Valerie Road,E01015286,Bournemouth 017C,Violence and sexual offences,Unable to prosecute suspect,
77c2487fc07c5126664ab4219ded63b58f7c4e9164cad3b5fe19bae63604d378,2018-08,Dorset Police,Dorset Police,-1.878158,50.728375,On or near St Valerie Road,E01015286,Bournemouth 017C,Violence and sexual offences,Unable to prosecute suspect,
5daab9bdc3b6a3753290bdefd293370cab6ad0aa4f46709b309e030c9ce4d347,2018-08,Dorset Police,Dorset Police,-1.878158,50.728375,On or near St Valerie Road,E01015286,Bournemouth 017C,Violence and sexual offences,Unable to prosecute suspect,
0f381b7865e355047ee48da2dbf6ef0ba292a8dc04f3a04d24abd79e2badf0c2,2018-08,Dorset Police,Dorset Police,-1.878158,50.728375,On or near St Valerie Road,E01015286,Bournemouth 017C,Violence and sexual offences,Unable to prosecute suspect,
,2018-08,Dorset Police,Dorset Police,-1.872087,50.725706,On or near Dean Park Road,E01015287,Bournemouth 017D,Anti-social behaviour,,
,2018-08,Dorset Police,Dorset Police,-1.872087,50.725706,On or near Dean Park Road,E01015287,Bournemouth 017D,Anti-social behaviour,,
,2018-08,Dorset Police,Dorset Police,-1.867704,50.727536,On or near Park Road,E01015287,Bournemouth 017D,Anti-social behaviour,,
,2018-08,Dorset Police,Dorset Police,-1.864726,50.723612,On or near Holdenhurst Road,E01015287,Bournemouth 017D,Anti-social behaviour,,
,2018-08,Dorset Police,Dorset Police,-1.872087,50.725706,On or near Dean Park Road,E01015287,Bournemouth 017D,Anti-social behaviour,,
,2018-08,Dorset Police,Dorset Police,-1.864972,50.726912,On or near Bus/Coach Station,E01015287,Bournemouth 017D,Anti-social behaviour,,
,2018-08,Dorset Police,Dorset Police,-1.864972,50.726912,On or near Bus/Coach Station,E01015287,Bournemouth 017D,Anti-social behaviour,,
,2018-08,Dorset Police,Dorset Police,-1.872087,50.725706,On or near Dean Park Road,E01015287,Bournemouth 017D,Anti-social behaviour,,
,2018-08,Dorset Police,Dorset Police,-1.864972,50.726912,On or near Bus/Coach Station,E01015287,Bournemouth 017D,Anti-social behaviour,,
,2018-08,Dorset Police,Dorset Police,-1.863670,50.726084,On or near Parking Area,E01015287,Bournemouth 017D,Anti-social behaviour,,
,2018-08,Dorset Police,Dorset Police,-1.863670,50.726084,On or near Parking Area,E01015287,Bournemouth 017D,Anti-social behaviour,,
,2018-08,Dorset Police,Dorset Police,-1.867280,50.727203,On or near Parking Area,E01015287,Bournemouth 017D,Anti-social behaviour,,
,2018-08,Dorset Police,Dorset Police,-1.864972,50.726912,On or near Bus/Coach Station,E01015287,Bournemouth 017D,Anti-social behaviour,,
,2018-08,Dorset Police,Dorset Police,-1.872087,50.725706,On or near Dean Park Road,E01015287,Bournemouth 017D,Anti-social behaviour,,
,2018-08,Dorset Police,Dorset Police,-1.876924,50.723562,On or near A347,E01015287,Bournemouth 017D,Anti-social behaviour,,
,2018-08,Dorset Police,Dorset Police,-1.864726,50.723612,On or near Holdenhurst Road,E01015287,Bournemouth 017D,Anti-social behaviour,,
,2018-08,Dorset Police,Dorset Police,-1.874960,50.726960,On or near The Deans,E01015287,Bournemouth 017D,Anti-social behaviour,,
,2018-08,Dorset Police,Dorset Police,-1.868007,50.725774,On or near Wessex Way,E01015287,Bournemouth 017D,Anti-social behaviour,,
,2018-08,Dorset Police,Dorset Police,-1.864726,50.723612,On or near Holdenhurst Road,E01015287,Bournemouth 017D,Anti-social behaviour,,
,2018-08,Dorset Police,Dorset Police,-1.864972,50.726912,On or near Bus/Coach Station,E01015287,Bournemouth 017D,Anti-social behaviour,,
,2018-08,Dorset Police,Dorset Police,-1.864764,50.725132,On or near Parking Area,E01015287,Bournemouth 017D,Anti-social behaviour,,
,2018-08,Dorset Police,Dorset Police,-1.874960,50.726960,On or near The Deans,E01015287,Bournemouth 017D,Anti-social behaviour,,
,2018-08,Dorset Police,Dorset Police,-1.864972,50.726912,On or near Bus/Coach Station,E01015287,Bournemouth 017D,Anti-social behaviour,,
1e0ba32a6f286efa326368a0cefda817ae73ba032d150e397eeb7698fa27019e,2018-08,Dorset Police,Dorset Police,-1.864972,50.726912,On or near Bus/Coach Station,E01015287,Bournemouth 017D,Bicycle theft,Investigation complete; no suspect identified,
45f6c05335595db83f30d111e3e5c02224252a7cf47844aee4f411afb938f72d,2018-08,Dorset Police,Dorset Police,-1.864726,50.723612,On or near Holdenhurst Road,E01015287,Bournemouth 017D,Bicycle theft,Offender given community sentence,
b4c4af39c9503cc0e532a2515c1d19385cdc6e6506119757ab5ef1d6cc22a0ae,2018-08,Dorset Police,Dorset Police,-1.872534,50.722937,On or near Parking Area,E01015287,Bournemouth 017D,Burglary,Unable to prosecute suspect,
972476fa87ae34fd39441633a0a28cc4b460d7b27c809fd0cdd991f576dd762d,2018-08,Dorset Police,Dorset Police,-1.870605,50.723843,On or near Madeira Road,E01015287,Bournemouth 017D,Burglary,Investigation complete; no suspect identified,
261c26db0403d6c39f03cfdd5e39de740c57e8628c67b802caf9e6bc2aaae25a,2018-08,Dorset Police,Dorset Police,-1.867704,50.727536,On or near Park Road,E01015287,Bournemouth 017D,Burglary,Investigation complete; no suspect identified,
30f3b44e85dfd4b8b40197b380e290c7a63fb0e04d2002e3610c8d7c54633bdd,2018-08,Dorset Police,Dorset Police,-1.864764,50.725132,On or near Parking Area,E01015287,Bournemouth 017D,Criminal damage and arson,Offender given a caution,
3bab55c2c86d7bc8bfad71ec2bd3de118c2f11e31dcdb283dd16dd5252da7b80,2018-08,Dorset Police,Dorset Police,-1.872534,50.722937,On or near Parking Area,E01015287,Bournemouth 017D,Criminal damage and arson,Unable to prosecute suspect,
0bc4b44ec0031c14eeb02442c5995419b668a8d64ace175bffef75e0e8c3f86f,2018-08,Dorset Police,Dorset Police,-1.872087,50.725706,On or near Dean Park Road,E01015287,Bournemouth 017D,Criminal damage and arson,Investigation complete; no suspect identified,
417a0147e410aebdea1efb9d5c6ce7d84baa0526c07aa7ada1e5e6213b1b2881,2018-08,Dorset Police,Dorset Police,-1.864764,50.725132,On or near Parking Area,E01015287,Bournemouth 017D,Criminal damage and arson,Investigation complete; no suspect identified,
7f768a75ff686823e4f18bfc30cf918bb2f6792a82cda95b82f301293a16e17d,2018-08,Dorset Police,Dorset Police,-1.872087,50.725706,On or near Dean Park Road,E01015287,Bournemouth 017D,Drugs,Court result unavailable,
504d72e74d8d3afcb140a56285ec8bcbec1f1dab765a411b1e38108bd442986c,2018-08,Dorset Police,Dorset Police,-1.874960,50.726960,On or near The Deans,E01015287,Bournemouth 017D,Other theft,Investigation complete; no suspect identified,
3f8a1458c3fa4ccce7ec9401504a3b32b03f04694f72d15a2d1a74138e27064c,2018-08,Dorset Police,Dorset Police,-1.868007,50.725774,On or near Wessex Way,E01015287,Bournemouth 017D,Other theft,Investigation complete; no suspect identified,
fa821cb00f496dd9d109ca983b57357cfae9c79ae20c473487fc2dd13bef1cca,2018-08,Dorset Police,Dorset Police,-1.864726,50.723612,On or near Holdenhurst Road,E01015287,Bournemouth 017D,Other theft,Investigation complete; no suspect identified,
2f5f29a5851aafddfd30f1ec5c79c3fb47579ba9a8be1b3523f893bc2f10d1ec,2018-08,Dorset Police,Dorset Police,-1.874960,50.726960,On or near The Deans,E01015287,Bournemouth 017D,Other theft,Investigation complete; no suspect identified,
313320f63a9f9f186f8afff1a3412deeca7e5ff4ac70ae96f326c27ad74d06b0,2018-08,Dorset Police,Dorset Police,-1.872087,50.725706,On or near Dean Park Road,E01015287,Bournemouth 017D,Robbery,Formal action is not in the public interest,
592718ccd018fa940e66d53c24322f7cfe6692ae63bf5f5242ce7a347ed51d59,2018-08,Dorset Police,Dorset Police,-1.872087,50.725706,On or near Dean Park Road,E01015287,Bournemouth 017D,Robbery,Investigation complete; no suspect identified,
bd7831d8cb090b0c6422faf467fbe00504a0637d4a9447fec335c6c1b1a9b710,2018-08,Dorset Police,Dorset Police,-1.864972,50.726912,On or near Bus/Coach Station,E01015287,Bournemouth 017D,Shoplifting,Offender given a caution,
624aafbbf6ae72b1fe6285c6646bda08d76381bac24f831306263c3f81937c5b,2018-08,Dorset Police,Dorset Police,-1.864972,50.726912,On or near Bus/Coach Station,E01015287,Bournemouth 017D,Shoplifting,Investigation complete; no suspect identified,
f242607851f57b68b01c2e79b3b409d7b20644b7c1f9805008911b0e26fff835,2018-08,Dorset Police,Dorset Police,-1.872087,50.725706,On or near Dean Park Road,E01015287,Bournemouth 017D,Theft from the person,Investigation complete; no suspect identified,
7d7b2f616fab00dc89e5cf5bb9d54ceb981e334bfd7cf68cfa7505816fcb8831,2018-08,Dorset Police,Dorset Police,-1.871822,50.724060,On or near Pedestrian Subway,E01015287,Bournemouth 017D,Vehicle crime,Status update unavailable,
6b2fdd815cefe4d303552ca8a20afefc7f48e5972fb55673dc619051777aca92,2018-08,Dorset Police,Dorset Police,-1.869795,50.729751,On or near Hospital,E01015287,Bournemouth 017D,Vehicle crime,Investigation complete; no suspect identified,
49014ebade0c6f788744aafdc76f33a3983d2ad89ea7ec8fe8dfb978277581b2,2018-08,Dorset Police,Dorset Police,-1.868370,50.727492,On or near Lansdowne Road,E01015287,Bournemouth 017D,Vehicle crime,Investigation complete; no suspect identified,
0bc03e6885f80b78a644d437794b6b659bc4d8b26711ce9bf4329d61d698d1cf,2018-08,Dorset Police,Dorset Police,-1.871822,50.724060,On or near Pedestrian Subway,E01015287,Bournemouth 017D,Vehicle crime,Investigation complete; no suspect identified,
7056f78c1107fcd30d815510990d04096e45208eacb1d39f72c62c87b414197e,2018-08,Dorset Police,Dorset Police,-1.871822,50.724060,On or near Pedestrian Subway,E01015287,Bournemouth 017D,Vehicle crime,Investigation complete; no suspect identified,
d49223f73dc878891866180b173b0924d52013f554c5a3c10bfebf75535ec6fa,2018-08,Dorset Police,Dorset Police,-1.869795,50.729751,On or near Hospital,E01015287,Bournemouth 017D,Vehicle crime,Investigation complete; no suspect identified,
c361bbe8b95bdc9c51c806f4ad6c492ffd5af619c4ce40cec49533197e699b57,2018-08,Dorset Police,Dorset Police,-1.874960,50.726960,On or near The Deans,E01015287,Bournemouth 017D,Vehicle crime,Investigation complete; no suspect identified,
aceebde4c18b99b55cd836fcffcc8c00e9dbed117965d17df7f4567a492ae043,2018-08,Dorset Police,Dorset Police,-1.864972,50.726912,On or near Bus/Coach Station,E01015287,Bournemouth 017D,Violence and sexual offences,Unable to prosecute suspect,
4c978a8ff071976f18586c1bfa128e2fd65fb4a816cadd8b3fa67dbd48098b8f,2018-08,Dorset Police,Dorset Police,-1.864972,50.726912,On or near Bus/Coach Station,E01015287,Bournemouth 017D,Violence and sexual offences,Unable to prosecute suspect,
186a2d309fabcd76aa227c0782df2ccd0129a9b2cd792100c097433b8b87bf62,2018-08,Dorset Police,Dorset Police,-1.864764,50.725132,On or near Parking Area,E01015287,Bournemouth 017D,Violence and sexual offences,Unable to prosecute suspect,
274260cf8b1b6a55bde931ec447fb1e665e7cfaf46cd1ddaa61b7ca9624fac2e,2018-08,Dorset Police,Dorset Police,-1.864972,50.726912,On or near Bus/Coach Station,E01015287,Bournemouth 017D,Violence and sexual offences,Unable to prosecute suspect,
abd13d26016ea548c14a299fdd06ecd812e500e9f2a13cba549be9a7ed282c8a,2018-08,Dorset Police,Dorset Police,-1.868370,50.727492,On or near Lansdowne Road,E01015287,Bournemouth 017D,Violence and sexual offences,Unable to prosecute suspect,
50d6983eeb88e5880f5c82964094d6c9b0178ffa5cb63865917e18dae81632d5,2018-08,Dorset Police,Dorset Police,-1.874960,50.726960,On or near The Deans,E01015287,Bournemouth 017D,Violence and sexual offences,Action to be taken by another organisation,
fb28c9779d201953c4939a6590043c6c85dfb10329f11fd19fe9ede296cbd14b,2018-08,Dorset Police,Dorset Police,-1.864726,50.723612,On or near Holdenhurst Road,E01015287,Bournemouth 017D,Violence and sexual offences,Court result unavailable,
da3f903acca242d21666e4c07cfa408a30d9f9243aab1339538a31324c96a8fa,2018-08,Dorset Police,Dorset Police,-1.864972,50.726912,On or near Bus/Coach Station,E01015287,Bournemouth 017D,Violence and sexual offences,Offender given suspended prison sentence,
,2018-08,Dorset Police,Dorset Police,-1.867244,50.729793,On or near Wellington Road,E01015328,Bournemouth 017E,Anti-social behaviour,,
,2018-08,Dorset Police,Dorset Police,-1.867467,50.731169,On or near Portchester Road,E01015328,Bournemouth 017E,Anti-social behaviour,,
3f826efd807dcdae32c447ad316ae4e50a31d297f1a3d013434134dbeacb5df7,2018-08,Dorset Police,Dorset Police,-1.862890,50.731253,On or near Methuen Road,E01015328,Bournemouth 017E,Burglary,Investigation complete; no suspect identified,
634bd22d9df1f9de4834cd1ebe05df85df09bb192d5f7b963cb53dba94aea975,2018-08,Dorset Police,Dorset Police,-1.861321,50.730011,On or near Ascham Road,E01015328,Bournemouth 017E,Burglary,Investigation complete; no suspect identified,
b4e5235caafa7326cd4ed825d7fb3090294abdf378a49853cbb184f92a081939,2018-08,Dorset Police,Dorset Police,-1.862890,50.731253,On or near Methuen Road,E01015328,Bournemouth 017E,Burglary,Investigation complete; no suspect identified,
9adc02843f21babf605e4112a23cb892a476829add27fbc49d3972b521ff9435,2018-08,Dorset Police,Dorset Police,-1.867244,50.729793,On or near Wellington Road,E01015328,Bournemouth 017E,Other theft,Action to be taken by another organisation,
e23e8261b7e2aa88f06c63453495e693f6db8d14b3b3e20abff86f8eba9e1f7a,2018-08,Dorset Police,Dorset Police,-1.867271,50.730494,On or near Beechey Road,E01015328,Bournemouth 017E,Vehicle crime,Investigation complete; no suspect identified,
b94a0cd2fc243157664ae519bc254651f24164c903aa9184eb2a3558cc25605e,2018-08,Dorset Police,Dorset Police,-1.863587,50.730481,On or near Ophir Road,E01015328,Bournemouth 017E,Violence and sexual offences,Unable to prosecute suspect,
d3d7ac6f01f5fb806f67e0c5260017a838a22ac8decb2c81d01ca4d5f92a3b1d,2018-08,Dorset Police,Dorset Police,-1.862890,50.731253,On or near Methuen Road,E01015328,Bournemouth 017E,Violence and sexual offences,Unable to prosecute suspect,
9ce9d81e5231d6c2d7512f0ccdf6d3f4d6e78d0ea2920c2f2383905364aaa3e1,2018-08,Dorset Police,Dorset Police,-1.861096,50.729588,On or near Ophir Road,E01015328,Bournemouth 017E,Violence and sexual offences,Unable to prosecute suspect,
,2018-08,Dorset Police,Dorset Police,-1.889338,50.721884,On or near Pedestrian Subway,E01033242,Bournemouth 017F,Anti-social behaviour,,
,2018-08,Dorset Police,Dorset Police,-1.885027,50.723553,On or near Wessex Way,E01033242,Bournemouth 017F,Anti-social behaviour,,
,2018-08,Dorset Police,Dorset Police,-1.889338,50.721884,On or near Pedestrian Subway,E01033242,Bournemouth 017F,Anti-social behaviour,,
,2018-08,Dorset Police,Dorset Police,-1.882281,50.722732,On or near Parking Area,E01033242,Bournemouth 017F,Anti-social behaviour,,
,2018-08,Dorset Police,Dorset Police,-1.886065,50.721872,On or near Bradburne Road,E01033242,Bournemouth 017F,Anti-social behaviour,,
,2018-08,Dorset Police,Dorset Police,-1.886731,50.721909,On or near Crescent Road,E01033242,Bournemouth 017F,Anti-social behaviour,,
,2018-08,Dorset Police,Dorset Police,-1.882281,50.722732,On or near Parking Area,E01033242,Bournemouth 017F,Anti-social behaviour,,
,2018-08,Dorset Police,Dorset Police,-1.885027,50.723553,On or near Wessex Way,E01033242,Bournemouth 017F,Anti-social behaviour,,
,2018-08,Dorset Police,Dorset Police,-1.885027,50.723553,On or near Wessex Way,E01033242,Bournemouth 017F,Anti-social behaviour,,
,2018-08,Dorset Police,Dorset Police,-1.885027,50.723553,On or near Wessex Way,E01033242,Bournemouth 017F,Anti-social behaviour,,
,2018-08,Dorset Police,Dorset Police,-1.885027,50.723553,On or near Wessex Way,E01033242,Bournemouth 017F,Anti-social behaviour,,
,2018-08,Dorset Police,Dorset Police,-1.882281,50.722732,On or near Parking Area,E01033242,Bournemouth 017F,Anti-social behaviour,,
,2018-08,Dorset Police,Dorset Police,-1.889338,50.721884,On or near Pedestrian Subway,E01033242,Bournemouth 017F,Anti-social behaviour,,
,2018-08,Dorset Police,Dorset Police,-1.885027,50.723553,On or near Wessex Way,E01033242,Bournemouth 017F,Anti-social behaviour,,
,2018-08,Dorset Police,Dorset Police,-1.888630,50.721839,On or near Cambridge Road,E01033242,Bournemouth 017F,Anti-social behaviour,,
,2018-08,Dorset Police,Dorset Police,-1.883129,50.723308,On or near Durrant Road,E01033242,Bournemouth 017F,Anti-social behaviour,,
,2018-08,Dorset Police,Dorset Police,-1.885027,50.723553,On or near Wessex Way,E01033242,Bournemouth 017F,Anti-social behaviour,,
3c7050cd8f02dcb742e4cd67e8574c51c96193b66e14acccfe433b04b2db9272,2018-08,Dorset Police,Dorset Police,-1.888630,50.721839,On or near Cambridge Road,E01033242,Bournemouth 017F,Burglary,Investigation complete; no suspect identified,
8c4975f1b591ca3483f5fcf7795af0a4b59688bdd4ad76b15b54e6bdbd3c1d06,2018-08,Dorset Police,Dorset Police,-1.882281,50.722732,On or near Parking Area,E01033242,Bournemouth 017F,Burglary,Investigation complete; no suspect identified,
6a0b0132e0023bf32f541ee73e98f74e0cabc12dfe9e4fac13be1c9a20dd4233,2018-08,Dorset Police,Dorset Police,-1.882281,50.722732,On or near Parking Area,E01033242,Bournemouth 017F,Burglary,Investigation complete; no suspect identified,
0dcc59ce49116966cecb33e40c2b4a55958fd7a54c4b33c68560572d7bbc429f,2018-08,Dorset Police,Dorset Police,-1.885027,50.723553,On or near Wessex Way,E01033242,Bournemouth 017F,Drugs,Offender given a drugs possession warning,
ed4230afd2ea77daee2d1fc01cdb8fb7ce0f26da136701b285d550449a1c3edc,2018-08,Dorset Police,Dorset Police,-1.885027,50.723553,On or near Wessex Way,E01033242,Bournemouth 017F,Other theft,Investigation complete; no suspect identified,
b45d9761b11c6ca382a8250e5816604d6d708e6f074ce7c84d2096607da1cce4,2018-08,Dorset Police,Dorset Police,-1.888630,50.721839,On or near Cambridge Road,E01033242,Bournemouth 017F,Public order,Investigation complete; no suspect identified,
4c6f450a7fb4cfb0b34ad1be569228829e33cacd6c3dd06418cb95788e066662,2018-08,Dorset Police,Dorset Police,-1.885027,50.723553,On or near Wessex Way,E01033242,Bournemouth 017F,Theft from the person,Investigation complete; no suspect identified,
5792cde26e7de2e4186926e61d8f5c2e1a214345a1538e4503659a8643e4856d,2018-08,Dorset Police,Dorset Police,-1.883129,50.723308,On or near Durrant Road,E01033242,Bournemouth 017F,Vehicle crime,Investigation complete; no suspect identified,
07964885d01ba6363bc2acabee9b2fb2a9afc45fcb423f4caceaf5640f9e007f,2018-08,Dorset Police,Dorset Police,-1.882281,50.722732,On or near Parking Area,E01033242,Bournemouth 017F,Vehicle crime,Investigation complete; no suspect identified,
e8d260db30540b0fe61823b61731cc8b965bd6bd3f96f0807dd404418d2f778c,2018-08,Dorset Police,Dorset Police,-1.885027,50.723553,On or near Wessex Way,E01033242,Bournemouth 017F,Vehicle crime,Investigation complete; no suspect identified,
b4e7f7b55e9657627684c4ada6fc2cb95661634cb821783b0635e59739b6b3b5,2018-08,Dorset Police,Dorset Police,-1.882281,50.722732,On or near Parking Area,E01033242,Bournemouth 017F,Vehicle crime,Investigation complete; no suspect identified,
63dbcb51da864d11d0658fdad78e566b1bf0b39145552a1e0c65869c3906d8d4,2018-08,Dorset Police,Dorset Police,-1.882281,50.722732,On or near Parking Area,E01033242,Bournemouth 017F,Vehicle crime,Investigation complete; no suspect identified,
df84293eb2dc827fade56e9f2baf5674a6f98fb026efa2f74f2d4b3d9236420c,2018-08,Dorset Police,Dorset Police,-1.882281,50.722732,On or near Parking Area,E01033242,Bournemouth 017F,Vehicle crime,Investigation complete; no suspect identified,
d7e438bc59c883ff01b54ed508764c73ff9c071e9a1d4d67ae6cd8240263f581,2018-08,Dorset Police,Dorset Police,-1.885027,50.723553,On or near Wessex Way,E01033242,Bournemouth 017F,Vehicle crime,Investigation complete; no suspect identified,
2508022e766bd8b32185cb716f68520e66a5058c91ae3b3468ddc34c362f16ca,2018-08,Dorset Police,Dorset Police,-1.885027,50.723553,On or near Wessex Way,E01033242,Bournemouth 017F,Violence and sexual offences,Unable to prosecute suspect,
7c52e282442463d4e5725f40b5165e11ac80f432eab96066b2857e65d45eb160,2018-08,Dorset Police,Dorset Police,-1.883129,50.723308,On or near Durrant Road,E01033242,Bournemouth 017F,Violence and sexual offences,Investigation complete; no suspect identified,
,2018-08,Dorset Police,Dorset Police,-1.886848,50.720515,On or near Norwich Road,E01033285,Bournemouth 017G,Anti-social behaviour,,
,2018-08,Dorset Police,Dorset Police,-1.885532,50.719695,On or near Commercial Road,E01033285,Bournemouth 017G,Anti-social behaviour,,
,2018-08,Dorset Police,Dorset Police,-1.885191,50.720190,On or near The Triangle,E01033285,Bournemouth 017G,Anti-social behaviour,,
,2018-08,Dorset Police,Dorset Police,-1.885191,50.720190,On or near The Triangle,E01033285,Bournemouth 017G,Anti-social behaviour,,
,2018-08,Dorset Police,Dorset Police,-1.885191,50.720190,On or near The Triangle,E01033285,Bournemouth 017G,Anti-social behaviour,,
,2018-08,Dorset Police,Dorset Police,-1.885716,50.720019,On or near Supermarket,E01033285,Bournemouth 017G,Anti-social behaviour,,
,2018-08,Dorset Police,Dorset Police,-1.879962,50.721120,On or near Parking Area,E01033285,Bournemouth 017G,Anti-social behaviour,,
,2018-08,Dorset Police,Dorset Police,-1.878288,50.721981,On or near Richmond Hill,E01033285,Bournemouth 017G,Anti-social behaviour,,
,2018-08,Dorset Police,Dorset Police,-1.885532,50.719695,On or near Commercial Road,E01033285,Bournemouth 017G,Anti-social behaviour,,
,2018-08,Dorset Police,Dorset Police,-1.879962,50.721120,On or near Parking Area,E01033285,Bournemouth 017G,Anti-social behaviour,,
,2018-08,Dorset Police,Dorset Police,-1.884611,50.720072,On or near Bus/Coach Station,E01033285,Bournemouth 017G,Anti-social behaviour,,
,2018-08,Dorset Police,Dorset Police,-1.887329,50.720875,On or near Norwich Avenue,E01033285,Bournemouth 017G,Anti-social behaviour,,
,2018-08,Dorset Police,Dorset Police,-1.882457,50.720322,On or near Shopping Area,E01033285,Bournemouth 017G,Anti-social behaviour,,
,2018-08,Dorset Police,Dorset Police,-1.885191,50.720190,On or near The Triangle,E01033285,Bournemouth 017G,Anti-social behaviour,,
,2018-08,Dorset Police,Dorset Police,-1.888236,50.720417,On or near The Mews,E01033285,Bournemouth 017G,Anti-social behaviour,,
,2018-08,Dorset Police,Dorset Police,-1.878144,50.722637,On or near Richmond Hill Drive,E01033285,Bournemouth 017G,Anti-social behaviour,,
,2018-08,Dorset Police,Dorset Police,-1.885191,50.720190,On or near The Triangle,E01033285,Bournemouth 017G,Anti-social behaviour,,
,2018-08,Dorset Police,Dorset Police,-1.888236,50.720417,On or near The Mews,E01033285,Bournemouth 017G,Anti-social behaviour,,
,2018-08,Dorset Police,Dorset Police,-1.879962,50.721120,On or near Parking Area,E01033285,Bournemouth 017G,Anti-social behaviour,,
,2018-08,Dorset Police,Dorset Police,-1.879962,50.721120,On or near Parking Area,E01033285,Bournemouth 017G,Anti-social behaviour,,
,2018-08,Dorset Police,Dorset Police,-1.885532,50.719695,On or near Commercial Road,E01033285,Bournemouth 017G,Anti-social behaviour,,
,2018-08,Dorset Police,Dorset Police,-1.883533,50.720557,On or near Avenue Lane,E01033285,Bournemouth 017G,Anti-social behaviour,,
,2018-08,Dorset Police,Dorset Police,-1.879962,50.721120,On or near Parking Area,E01033285,Bournemouth 017G,Anti-social behaviour,,
,2018-08,Dorset Police,Dorset Police,-1.885716,50.720019,On or near Supermarket,E01033285,Bournemouth 017G,Anti-social behaviour,,
,2018-08,Dorset Police,Dorset Police,-1.882457,50.720322,On or near Shopping Area,E01033285,Bournemouth 017G,Anti-social behaviour,,
,2018-08,Dorset Police,Dorset Police,-1.878288,50.721981,On or near Richmond Hill,E01033285,Bournemouth 017G,Anti-social behaviour,,
,2018-08,Dorset Police,Dorset Police,-1.879962,50.721120,On or near Parking Area,E01033285,Bournemouth 017G,Anti-social behaviour,,
,2018-08,Dorset Police,Dorset Police,-1.883533,50.720557,On or near Avenue Lane,E01033285,Bournemouth 017G,Anti-social behaviour,,
,2018-08,Dorset Police,Dorset Police,-1.888236,50.720417,On or near The Mews,E01033285,Bournemouth 017G,Anti-social behaviour,,
,2018-08,Dorset Police,Dorset Police,-1.879962,50.721120,On or near Parking Area,E01033285,Bournemouth 017G,Anti-social behaviour,,
00f2f1d982e9082ac9ffebb0030e69b3d877872030b2333d0aa99d463b5bea4d,2018-08,Dorset Police,Dorset Police,-1.883533,50.720557,On or near Avenue Lane,E01033285,Bournemouth 017G,Bicycle theft,Investigation complete; no suspect identified,
22f8408d05a27686487cf7c5f83cf0ebe07fae6108b314ecd3e64791427a5642,2018-08,Dorset Police,Dorset Police,-1.887329,50.720875,On or near Norwich Avenue,E01033285,Bournemouth 017G,Bicycle theft,Investigation complete; no suspect identified,
457c4e642103fa81bcaa58ebfa8aa871d3d7ff77c95eb8b9dd03e28bdd2b7843,2018-08,Dorset Police,Dorset Police,-1.878288,50.721981,On or near Richmond Hill,E01033285,Bournemouth 017G,Bicycle theft,Investigation complete; no suspect identified,
6d72647e4b2148f3f27c2cf6b9f65e55cda095a086db92b8f24c2667b75c7b45,2018-08,Dorset Police,Dorset Police,-1.878288,50.721981,On or near Richmond Hill,E01033285,Bournemouth 017G,Bicycle theft,Investigation complete; no suspect identified,
29ef0665a886c044226800e23ac42f47c867ae001fbf359859db8130eb0e6914,2018-08,Dorset Police,Dorset Police,-1.882457,50.720322,On or near Shopping Area,E01033285,Bournemouth 017G,Bicycle theft,Investigation complete; no suspect identified,
9b205ae9da5fa2ceafe52e7a91916aa75b1477021e0e7db0451cb2318e95106e,2018-08,Dorset Police,Dorset Police,-1.878288,50.721981,On or near Richmond Hill,E01033285,Bournemouth 017G,Criminal damage and arson,Investigation complete; no suspect identified,
1a8334cf0e6f88adab9a5e0cefc2ce2d4c620eab8bf5e6e1ad81f85fcc5cc672,2018-08,Dorset Police,Dorset Police,-1.885532,50.719695,On or near Commercial Road,E01033285,Bournemouth 017G,Criminal damage and arson,Investigation complete; no suspect identified,
3bceb4c78356575e99ad1eb86bc46c8ba3aefb0c7c0ad298dc8e55b1b50237ab,2018-08,Dorset Police,Dorset Police,-1.885532,50.719695,On or near Commercial Road,E01033285,Bournemouth 017G,Criminal damage and arson,Investigation complete; no suspect identified,
33f5e5485842a6987cb1687cbdb4d45c0a4d37171c2833b7d4fcba7238bb9de2,2018-08,Dorset Police,Dorset Police,-1.884611,50.720072,On or near Bus/Coach Station,E01033285,Bournemouth 017G,Other theft,Investigation complete; no suspect identified,
2f6130268a3ade1ca8a64d9d6efb0ae8d469512f77bb8340d33d05c33fb78a10,2018-08,Dorset Police,Dorset Police,-1.885191,50.720190,On or near The Triangle,E01033285,Bournemouth 017G,Other theft,Investigation complete; no suspect identified,
fbf4f289e6eb3861649ccce5a035aba3309fa54bc5847105d61bd5acbf7d9eff,2018-08,Dorset Police,Dorset Police,-1.882457,50.720322,On or near Shopping Area,E01033285,Bournemouth 017G,Other theft,Unable to prosecute suspect,
8ce75e18cf12b6364d68d99f32b00fee36122ce433cf9069a0c536b2d366812e,2018-08,Dorset Police,Dorset Police,-1.878288,50.721981,On or near Richmond Hill,E01033285,Bournemouth 017G,Other theft,Investigation complete; no suspect identified,
db81360c40587ca682d02e096bd2f542dbec861c648faef5b83127c653400f95,2018-08,Dorset Police,Dorset Police,-1.885191,50.720190,On or near The Triangle,E01033285,Bournemouth 017G,Other theft,Investigation complete; no suspect identified,
bdcc49f1e1f2c6eabee3b62671a4b3758e226cca35bf3f717eeee943f00c9dfa,2018-08,Dorset Police,Dorset Police,-1.879962,50.721120,On or near Parking Area,E01033285,Bournemouth 017G,Public order,Court result unavailable,
411adb8a16a7fb7928f500d807bd5eab080956a6beda01e1128a65dda2c2a796,2018-08,Dorset Police,Dorset Police,-1.884611,50.720072,On or near Bus/Coach Station,E01033285,Bournemouth 017G,Public order,Further investigation is not in the public interest,
6a98282960a4553369da48e7df60ad83855fabdaff34048150bf774a40fa8b12,2018-08,Dorset Police,Dorset Police,-1.879962,50.721120,On or near Parking Area,E01033285,Bournemouth 017G,Robbery,Investigation complete; no suspect identified,
468a24df581d54e64b2fe5e20c75195be030c13eb2822684a1d8740b10a63b75,2018-08,Dorset Police,Dorset Police,-1.883051,50.720781,On or near Shopping Area,E01033285,Bournemouth 017G,Shoplifting,Investigation complete; no suspect identified,
d73356f71323fbf33aacfb0ba086c01f0104a1c491250594096dd60c7d8c664b,2018-08,Dorset Police,Dorset Police,-1.882457,50.720322,On or near Shopping Area,E01033285,Bournemouth 017G,Shoplifting,Unable to prosecute suspect,
c6dbff8b045b975429d6d582d59dfbf22c29ac1b8d987905290f59b2852cf865,2018-08,Dorset Police,Dorset Police,-1.879962,50.721120,On or near Parking Area,E01033285,Bournemouth 017G,Shoplifting,Investigation complete; no suspect identified,
14a3109fe5de779f2aa3af403ddc88a80978937ae878e60437fb2fc17a4caf9e,2018-08,Dorset Police,Dorset Police,-1.883533,50.720557,On or near Avenue Lane,E01033285,Bournemouth 017G,Shoplifting,Unable to prosecute suspect,
2dd5ecd4eec3a26696ffcb5d992d19d98e4bfe12b0f6b76ad2ad9789f9c7d1be,2018-08,Dorset Police,Dorset Police,-1.883533,50.720557,On or near Avenue Lane,E01033285,Bournemouth 017G,Shoplifting,Investigation complete; no suspect identified,
ea342e9bf1031ead4506894434d7ba7fd596eaf2f3f2028811482a1b5494accd,2018-08,Dorset Police,Dorset Police,-1.882457,50.720322,On or near Shopping Area,E01033285,Bournemouth 017G,Shoplifting,Formal action is not in the public interest,
57497e0ab8905ae963f9797ad631711c1a2b094dea5d32e6bca74d291e115770,2018-08,Dorset Police,Dorset Police,-1.885532,50.719695,On or near Commercial Road,E01033285,Bournemouth 017G,Theft from the person,Investigation complete; no suspect identified,
627271a1619664ea65377257bd0ab3944c75d77849461f7f11ae6364daf3bd7f,2018-08,Dorset Police,Dorset Police,-1.879971,50.722873,On or near Parking Area,E01033285,Bournemouth 017G,Vehicle crime,Investigation complete; no suspect identified,
cf453e8d3a831570a5f2cfc6206b01bc8d352f7d1bf9367c17b9f1783c6510ea,2018-08,Dorset Police,Dorset Police,-1.878288,50.721981,On or near Richmond Hill,E01033285,Bournemouth 017G,Vehicle crime,Investigation complete; no suspect identified,
a689b99fdfcd4e0a2a36f75273f8a34afe290473dd8c780e2b23420b95ed2984,2018-08,Dorset Police,Dorset Police,-1.879971,50.722873,On or near Parking Area,E01033285,Bournemouth 017G,Vehicle crime,Investigation complete; no suspect identified,
239b24b926c0464a1b750dc9d63fa7a86a4d660fbd25b1c90bc75c0f517b03ca,2018-08,Dorset Police,Dorset Police,-1.888236,50.720417,On or near The Mews,E01033285,Bournemouth 017G,Vehicle crime,Investigation complete; no suspect identified,
227b801f04accfd82bffb125725417acd85c61a47f697672e57627b113604c26,2018-08,Dorset Police,Dorset Police,-1.879962,50.721120,On or near Parking Area,E01033285,Bournemouth 017G,Violence and sexual offences,Offender sent to prison,
5634b79249c32934b589ebc0538d854f8a7c4d7d8516e1c7f91d9d8cf3537d4e,2018-08,Dorset Police,Dorset Police,-1.879962,50.721120,On or near Parking Area,E01033285,Bournemouth 017G,Violence and sexual offences,Offender given suspended prison sentence,
e2bd0234a91b0505cfe7ac9cd9fd1a93d56226b3bacd4c9d9dbebefe08bc7cbb,2018-08,Dorset Police,Dorset Police,-1.885716,50.720019,On or near Supermarket,E01033285,Bournemouth 017G,Violence and sexual offences,Offender given a caution,
489d4359ffe9d947a020cfe3c90d40156aef2b6fee30199f3f35854ae29d65ab,2018-08,Dorset Police,Dorset Police,-1.888236,50.720417,On or near The Mews,E01033285,Bournemouth 017G,Violence and sexual offences,Offender given a caution,
2c02637f9df7c41e833ebe67f214ad9c75d7f96ebb23b3b84b7bdee0392c0a51,2018-08,Dorset Police,Dorset Police,-1.885191,50.720190,On or near The Triangle,E01033285,Bournemouth 017G,Violence and sexual offences,Unable to prosecute suspect,
,2018-08,Dorset Police,Dorset Police,-1.818331,50.726885,On or near Seabourne Road,E01015274,Bournemouth 018A,Anti-social behaviour,,
,2018-08,Dorset Police,Dorset Police,-1.816863,50.729131,On or near Oxford Avenue,E01015274,Bournemouth 018A,Anti-social behaviour,,
,2018-08,Dorset Police,Dorset Police,-1.816863,50.729131,On or near Oxford Avenue,E01015274,Bournemouth 018A,Anti-social behaviour,,
,2018-08,Dorset Police,Dorset Police,-1.816863,50.729131,On or near Oxford Avenue,E01015274,Bournemouth 018A,Anti-social behaviour,,
,2018-08,Dorset Police,Dorset Police,-1.818045,50.727649,On or near Stedman Road,E01015274,Bournemouth 018A,Anti-social behaviour,,
,2018-08,Dorset Police,Dorset Police,-1.816863,50.729131,On or near Oxford Avenue,E01015274,Bournemouth 018A,Anti-social behaviour,,
,2018-08,Dorset Police,Dorset Police,-1.818712,50.723810,On or near Portman Crescent,E01015274,Bournemouth 018A,Anti-social behaviour,,
,2018-08,Dorset Police,Dorset Police,-1.820033,50.726375,On or near Woodside Road,E01015274,Bournemouth 018A,Anti-social behaviour,,
,2018-08,Dorset Police,Dorset Police,-1.818712,50.723810,On or near Portman Crescent,E01015274,Bournemouth 018A,Anti-social behaviour,,
,2018-08,Dorset Police,Dorset Police,-1.817296,50.727153,On or near Beresford Road,E01015274,Bournemouth 018A,Anti-social behaviour,,
,2018-08,Dorset Police,Dorset Police,-1.823042,50.725139,On or near Wentworth Avenue,E01015274,Bournemouth 018A,Anti-social behaviour,,
,2018-08,Dorset Police,Dorset Police,-1.818415,50.727209,On or near Supermarket,E01015274,Bournemouth 018A,Anti-social behaviour,,
,2018-08,Dorset Police,Dorset Police,-1.816863,50.729131,On or near Oxford Avenue,E01015274,Bournemouth 018A,Anti-social behaviour,,
58694c343aa035cc768f7418de1196877cac437118c83ecdc3356916fdb4abcf,2018-08,Dorset Police,Dorset Police,-1.817296,50.727153,On or near Beresford Road,E01015274,Bournemouth 018A,Burglary,Offender fined,
e2893e34eb1be61bee4bdae62a80aadf13f947003991a798b8aac6d6c4f454e3,2018-08,Dorset Police,Dorset Police,-1.818712,50.723810,On or near Portman Crescent,E01015274,Bournemouth 018A,Burglary,Investigation complete; no suspect identified,
4a7330d96097ac33c338947bc5ae127f9663fcbf4ab35cf444eacb6949bf3fb6,2018-08,Dorset Police,Dorset Police,-1.816377,50.730416,On or near Appletree Close,E01015274,Bournemouth 018A,Criminal damage and arson,Unable to prosecute suspect,
b753c293971a4aad45854fece963a33eaf7acbfb97efb42762cbfcaefaf507a1,2018-08,Dorset Police,Dorset Police,-1.817718,50.731533,On or near Chilcombe Road,E01015274,Bournemouth 018A,Vehicle crime,Investigation complete; no suspect identified,
56e0a6442031ea7cc10e3d761f09b4578df0aa281d017d172bc40ee4efb09960,2018-08,Dorset Police,Dorset Police,-1.818913,50.726589,On or near Parking Area,E01015274,Bournemouth 018A,Violence and sexual offences,Local resolution,
db7d6c6cffa051b451f977ce36fb545580f3999abdaf754073b5b250ddb93574,2018-08,Dorset Police,Dorset Police,-1.820033,50.726375,On or near Woodside Road,E01015274,Bournemouth 018A,Violence and sexual offences,Unable to prosecute suspect,
c8b70c85519b8399d967dc6f3aee1e81bebab16a93dffaef6370345567bc75a3,2018-08,Dorset Police,Dorset Police,-1.816863,50.729131,On or near Oxford Avenue,E01015274,Bournemouth 018A,Violence and sexual offences,Unable to prosecute suspect,
27bbff5f96b98d36162a875fea770f1da18f96b4ca2b2720f91970492331ef0d,2018-08,Dorset Police,Dorset Police,-1.820033,50.726375,On or near Woodside Road,E01015274,Bournemouth 018A,Violence and sexual offences,Unable to prosecute suspect,
af97627e17be65634e7b70c2553cc23fbb62bd430a966f8b6f76b28cbeecf1f9,2018-08,Dorset Police,Dorset Police,-1.818045,50.727649,On or near Stedman Road,E01015274,Bournemouth 018A,Violence and sexual offences,Unable to prosecute suspect,
,2018-08,Dorset Police,Dorset Police,-1.800051,50.721199,On or near Bolton Close,E01015297,Bournemouth 018B,Anti-social behaviour,,
,2018-08,Dorset Police,Dorset Police,-1.800672,50.721596,On or near Bolton Road,E01015297,Bournemouth 018B,Anti-social behaviour,,
,2018-08,Dorset Police,Dorset Police,-1.800672,50.721596,On or near Bolton Road,E01015297,Bournemouth 018B,Anti-social behaviour,,
,2018-08,Dorset Police,Dorset Police,-1.803130,50.723362,On or near Newstead Road,E01015297,Bournemouth 018B,Anti-social behaviour,,
dcbbe4cc8951a6840de06b0cb0dce0f4649cec1fb1a1bbb95a57b4cd448a8e80,2018-08,Dorset Police,Dorset Police,-1.800672,50.721596,On or near Bolton Road,E01015297,Bournemouth 018B,Criminal damage and arson,Investigation complete; no suspect identified,
dc98c421cf8b580485a8aad298cc3e94300f7b0fdc9ebbac35eb9b4077b72b5b,2018-08,Dorset Police,Dorset Police,-1.800672,50.721596,On or near Bolton Road,E01015297,Bournemouth 018B,Criminal damage and arson,Investigation complete; no suspect identified,
4713c655ec6abc09113c72c2d7f4dfe3c0008c032db9312bbf0dfa1fd2cff98e,2018-08,Dorset Police,Dorset Police,-1.803130,50.723362,On or near Newstead Road,E01015297,Bournemouth 018B,Criminal damage and arson,Investigation complete; no suspect identified,
00afbc65defcade467d68ea73c5e24d6efdbdd4c66170077bb92fe252391c163,2018-08,Dorset Police,Dorset Police,-1.803130,50.723362,On or near Newstead Road,E01015297,Bournemouth 018B,Drugs,Offender given a drugs possession warning,
a87546405def23258fe012aed609c636bab2d8fc03c4a7b2e14a7fa1ae14b403,2018-08,Dorset Police,Dorset Police,-1.803130,50.723362,On or near Newstead Road,E01015297,Bournemouth 018B,Vehicle crime,Investigation complete; no suspect identified,
93081476db576eaaf1d86af9207cbdf226cf4e14cd26b0d3947ba324d43542a4,2018-08,Dorset Police,Dorset Police,-1.800051,50.721199,On or near Bolton Close,E01015297,Bournemouth 018B,Violence and sexual offences,Unable to prosecute suspect,
7dd86ddbd1ad3285dada93dabac0edb53931f80d45abc8dde0b6d0d544807766,2018-08,Dorset Police,Dorset Police,-1.800051,50.721199,On or near Bolton Close,E01015297,Bournemouth 018B,Violence and sexual offences,Investigation complete; no suspect identified,
e5cb2ad38016d0f65bd8dbba1b6a097f9a6230802868b67a6714a062e1689973,2018-08,Dorset Police,Dorset Police,-1.796290,50.722811,On or near Twynham Road,E01015297,Bournemouth 018B,Violence and sexual offences,Unable to prosecute suspect,
a02315bfd2ce748dc57f85117c8d8d99d3476468f74d7e826c272e0093cc8272,2018-08,Dorset Police,Dorset Police,-1.800051,50.721199,On or near Bolton Close,E01015297,Bournemouth 018B,Violence and sexual offences,Investigation complete; no suspect identified,
,2018-08,Dorset Police,Dorset Police,-1.809837,50.725388,On or near Southbourne Road,E01015364,Bournemouth 018C,Anti-social behaviour,,
,2018-08,Dorset Police,Dorset Police,-1.808375,50.729351,On or near Irving Road,E01015364,Bournemouth 018C,Anti-social behaviour,,
48d9f6c9fd79c672bdc146680c673a2f5c306bcbacc54d38163017a852cf5184,2018-08,Dorset Police,Dorset Police,-1.809837,50.725388,On or near Southbourne Road,E01015364,Bournemouth 018C,Bicycle theft,Investigation complete; no suspect identified,
09218fd895050cb17c0d7d54c8c122e64b3a87b513c40ba66ef7e3fa07e0bb73,2018-08,Dorset Police,Dorset Police,-1.806789,50.729196,On or near Watcombe Road,E01015364,Bournemouth 018C,Criminal damage and arson,Investigation complete; no suspect identified,
335bf5df218aa74b917944d47a6e461a207ed09975c4c956451bd8210cf3bdce,2018-08,Dorset Police,Dorset Police,-1.806739,50.724097,On or near Belle Vue Road,E01015364,Bournemouth 018C,Drugs,Offender given a caution,
8814941a9d109e937606cc4a5ba99d24c492c2eafe038c390811d900c3d99aae,2018-08,Dorset Police,Dorset Police,-1.809325,50.729407,On or near Irving Lane,E01015364,Bournemouth 018C,Vehicle crime,Investigation complete; no suspect identified,
fcb22ea56801e5af129fb5e21c55579ae08b0eb328f4a4912d5a9444763527d8,2018-08,Dorset Police,Dorset Police,-1.809325,50.729407,On or near Irving Lane,E01015364,Bournemouth 018C,Vehicle crime,Investigation complete; no suspect identified,
0312789b01a27a85a38c4f3264e5d0995bd007a75d1501f8c3ae9f8f0649b0f7,2018-08,Dorset Police,Dorset Police,-1.809325,50.729407,On or near Irving Lane,E01015364,Bournemouth 018C,Vehicle crime,Investigation complete; no suspect identified,
94a4b74a56475725d2e78d9c0ec681d19cd4e9f7e664aa967044a0a8a81c0ed6,2018-08,Dorset Police,Dorset Police,-1.809325,50.729407,On or near Irving Lane,E01015364,Bournemouth 018C,Vehicle crime,Unable to prosecute suspect,
9a01afd354d1abea98073cca7625977f9dd49f38ecb82a4ea17a9c24f31c0dcf,2018-08,Dorset Police,Dorset Police,-1.809325,50.729407,On or near Irving Lane,E01015364,Bournemouth 018C,Vehicle crime,Status update unavailable,
e679f8612ded4f84022d97b65b77916a38abac5f5172d82494147a0b98b2e322,2018-08,Dorset Police,Dorset Police,-1.806789,50.729196,On or near Watcombe Road,E01015364,Bournemouth 018C,Violence and sexual offences,Unable to prosecute suspect,
baf65194b6681dfda7685a911a5be03c368f11611754f90ad22a318acdb01968,2018-08,Dorset Police,Dorset Police,-1.809837,50.725388,On or near Southbourne Road,E01015364,Bournemouth 018C,Violence and sexual offences,Status update unavailable,
,2018-08,Dorset Police,Dorset Police,-1.816278,50.726540,On or near Supermarket,E01015365,Bournemouth 018D,Anti-social behaviour,,
,2018-08,Dorset Police,Dorset Police,-1.811564,50.725723,On or near Carbery Lane,E01015365,Bournemouth 018D,Anti-social behaviour,,
,2018-08,Dorset Police,Dorset Police,-1.816278,50.726540,On or near Supermarket,E01015365,Bournemouth 018D,Anti-social behaviour,,
,2018-08,Dorset Police,Dorset Police,-1.814029,50.725808,On or near Southbourne Lane East,E01015365,Bournemouth 018D,Anti-social behaviour,,
,2018-08,Dorset Police,Dorset Police,-1.812997,50.728603,On or near Ravenscourt Road,E01015365,Bournemouth 018D,Anti-social behaviour,,
,2018-08,Dorset Police,Dorset Police,-1.817428,50.726119,On or near Southbourne Lane West,E01015365,Bournemouth 018D,Anti-social behaviour,,
,2018-08,Dorset Police,Dorset Police,-1.817428,50.726119,On or near Southbourne Lane West,E01015365,Bournemouth 018D,Anti-social behaviour,,
,2018-08,Dorset Police,Dorset Police,-1.817897,50.725661,On or near Fisherman'S Avenue,E01015365,Bournemouth 018D,Anti-social behaviour,,
,2018-08,Dorset Police,Dorset Police,-1.814920,50.726178,On or near Southbourne Grove,E01015365,Bournemouth 018D,Anti-social behaviour,,
,2018-08,Dorset Police,Dorset Police,-1.816278,50.726540,On or near Supermarket,E01015365,Bournemouth 018D,Anti-social behaviour,,
69c6fd3a5794cc8b6aa493d3429e2535208da98f2694adff03016e38595d53c8,2018-08,Dorset Police,Dorset Police,-1.812076,50.725221,On or near Winsley Avenue,E01015365,Bournemouth 018D,Burglary,Suspect charged as part of another case,
0a906a58fdca011d3721f4710ccb39e269b15f18e4a87dda180aa1e48a565d8b,2018-08,Dorset Police,Dorset Police,-1.813608,50.728191,On or near Hospital,E01015365,Bournemouth 018D,Criminal damage and arson,Status update unavailable,
dac71a9c4ad7da41ad7661a041fc58a220091bd972cc36109cf09b5bde99f4fc,2018-08,Dorset Police,Dorset Police,-1.817282,50.727153,On or near Beresford Road,E01015365,Bournemouth 018D,Criminal damage and arson,Further investigation is not in the public interest,
5f0128f9f7b276eef9a7477e9c6a0f40b05c3533b7365a7b812dd0e483f602e6,2018-08,Dorset Police,Dorset Police,-1.816278,50.726540,On or near Supermarket,E01015365,Bournemouth 018D,Public order,Unable to prosecute suspect,
d69353245cd24d4f6b7a88c7de1ab9bfe871b40f4b76cce7422bc807ffc47182,2018-08,Dorset Police,Dorset Police,-1.813608,50.728191,On or near Hospital,E01015365,Bournemouth 018D,Public order,Investigation complete; no suspect identified,
55a283d02468824b7b1f9a922e41688f81250df3ddc5f854ef7cb42749fca4a4,2018-08,Dorset Police,Dorset Police,-1.816278,50.726540,On or near Supermarket,E01015365,Bournemouth 018D,Public order,Unable to prosecute suspect,
e66d92cb766f81638ac0fb350f3d171753f0da175ce58e906a54631de5d862e5,2018-08,Dorset Police,Dorset Police,-1.811564,50.725723,On or near Carbery Lane,E01015365,Bournemouth 018D,Shoplifting,Investigation complete; no suspect identified,
14dc36b2323a37617d5eacf0ef9db17cd4976ec15bb1789f6a9fa8dcfa504ca5,2018-08,Dorset Police,Dorset Police,-1.816278,50.726540,On or near Supermarket,E01015365,Bournemouth 018D,Shoplifting,Status update unavailable,
d04462e2a66592cdf87d60f4423b2253147d34de4a4a514d347b00b0a8fe6402,2018-08,Dorset Police,Dorset Police,-1.814560,50.727626,On or near Douglas Mews,E01015365,Bournemouth 018D,Vehicle crime,Investigation complete; no suspect identified,
8f071156c101e42f9673076fe38bc171413ac0015aaaf6725da1085a28958690,2018-08,Dorset Police,Dorset Police,-1.814560,50.727626,On or near Douglas Mews,E01015365,Bournemouth 018D,Vehicle crime,Investigation complete; no suspect identified,
da04bec03d89d2b562d98c6e6bd39c3069d9a52afec4f355641c9c88fd5b470f,2018-08,Dorset Police,Dorset Police,-1.811841,50.727253,On or near Frankston Road,E01015365,Bournemouth 018D,Vehicle crime,Investigation complete; no suspect identified,
b8951e09ff24e41ab1ef11786f608bd8c554ded18896eeac14aa867a9fb7b0b0,2018-08,Dorset Police,Dorset Police,-1.811841,50.727253,On or near Frankston Road,E01015365,Bournemouth 018D,Vehicle crime,Investigation complete; no suspect identified,
b3f9c02574271b0e1278d5e1ccbf02db7d13833c09ecaf259085fbd203723ef8,2018-08,Dorset Police,Dorset Police,-1.815371,50.726755,On or near New Park Road,E01015365,Bournemouth 018D,Violence and sexual offences,Action to be taken by another organisation,
159c051d26e87e78451dcdd9e0489a5a544509502ad0252acc6fff3595d6c2e4,2018-08,Dorset Police,Dorset Police,-1.817428,50.726119,On or near Southbourne Lane West,E01015365,Bournemouth 018D,Violence and sexual offences,Unable to prosecute suspect,
571cbd6973452d66d1acf3c2ed1a5d021f7abf066d9f24a18924467f213662e1,2018-08,Dorset Police,Dorset Police,-1.815371,50.726755,On or near New Park Road,E01015365,Bournemouth 018D,Violence and sexual offences,Unable to prosecute suspect,
63083aa567a90255194810f39aae6e9c284414669f112ba182fcbd5d3fc61d73,2018-08,Dorset Police,Dorset Police,-1.811884,50.723683,On or near Stourcliffe Avenue,E01015365,Bournemouth 018D,Violence and sexual offences,Unable to prosecute suspect,
0334bdd2ebbcc8debba43a9dfa61b6d69f6a7d9c76688b76799d1cd0499759ef,2018-08,Dorset Police,Dorset Police,-1.811884,50.723683,On or near Stourcliffe Avenue,E01015365,Bournemouth 018D,Violence and sexual offences,Unable to prosecute suspect,
9ca9e40e2634e3eb3a7a36b14692678d1314a62782d32abbe6fc25557900027c,2018-08,Dorset Police,Dorset Police,-1.815371,50.726755,On or near New Park Road,E01015365,Bournemouth 018D,Violence and sexual offences,Action to be taken by another organisation,
e54e0515ee3b68b4e8b9c910146c33e8f6085c07d6c93079b70f9d2dd8777395,2018-08,Dorset Police,Dorset Police,-1.816278,50.726540,On or near Supermarket,E01015365,Bournemouth 018D,Violence and sexual offences,Formal action is not in the public interest,
91065941dd23811faa72703d6548af116a61231efb3fd3bcdacfcc22a098321d,2018-08,Dorset Police,Dorset Police,-1.815371,50.726755,On or near New Park Road,E01015365,Bournemouth 018D,Violence and sexual offences,Unable to prosecute suspect,
273f12828a1ef08bbb4234e3e13ce2b2eb8c24a9897c497dd05c8866e5e7b069,2018-08,Dorset Police,Dorset Police,-1.814920,50.726178,On or near Southbourne Grove,E01015365,Bournemouth 018D,Violence and sexual offences,Unable to prosecute suspect,
,2018-08,Dorset Police,Dorset Police,-1.816750,50.721820,On or near Southbourne Overcliff Drive,E01015366,Bournemouth 018E,Anti-social behaviour,,
,2018-08,Dorset Police,Dorset Police,-1.812693,50.723099,On or near Pinecliffe Avenue,E01015366,Bournemouth 018E,Anti-social behaviour,,
,2018-08,Dorset Police,Dorset Police,-1.817055,50.723457,On or near Seaward Avenue,E01015366,Bournemouth 018E,Anti-social behaviour,,
,2018-08,Dorset Police,Dorset Police,-1.812430,50.721570,On or near Southbourne Overcliff Drive,E01015366,Bournemouth 018E,Anti-social behaviour,,
,2018-08,Dorset Police,Dorset Police,-1.816750,50.721820,On or near Southbourne Overcliff Drive,E01015366,Bournemouth 018E,Anti-social behaviour,,
3f3ed4cb2eca196ef38b87edd867f5d2d57a9e40bcd1aa83b22d779ea9df43fd,2018-08,Dorset Police,Dorset Police,-1.815995,50.722979,On or near Southern Road,E01015366,Bournemouth 018E,Criminal damage and arson,Unable to prosecute suspect,
6be388319e5e329228ab1048d961e126e818f0b6b2eef7b3fd84eb237f260511,2018-08,Dorset Police,Dorset Police,-1.816750,50.721820,On or near Southbourne Overcliff Drive,E01015366,Bournemouth 018E,Robbery,Investigation complete; no suspect identified,
6242aca490dd9c4fccc70b53898619124a44dd396fcb68dbefa146ce95a238c1,2018-08,Dorset Police,Dorset Police,-1.813755,50.723326,On or near Southwood Avenue,E01015366,Bournemouth 018E,Vehicle crime,Investigation complete; no suspect identified,
7f791867356d91344112c39bfd2815fd2b701050b887be3a9805730b88e91612,2018-08,Dorset Police,Dorset Police,-1.815056,50.723939,On or near Grand Avenue,E01015366,Bournemouth 018E,Vehicle crime,Investigation complete; no suspect identified,
d1444ccecf9d306ea2b9574364e20cbd8cb813c1d719091b84bc37ae2a8efdaa,2018-08,Dorset Police,Dorset Police,-1.816750,50.721820,On or near Southbourne Overcliff Drive,E01015366,Bournemouth 018E,Vehicle crime,Investigation complete; no suspect identified,
2f298c658fc939cad05d3bc499d1663af7968cfaf45b418e166eaa7784147922,2018-08,Dorset Police,Dorset Police,-1.812693,50.723099,On or near Pinecliffe Avenue,E01015366,Bournemouth 018E,Violence and sexual offences,Status update unavailable,
fe62c0a8b76be5600020c2040b1b62364a8ce95602f37e04f748c82cf8eca4a7,2018-08,Dorset Police,Dorset Police,-1.815995,50.722979,On or near Southern Road,E01015366,Bournemouth 018E,Violence and sexual offences,Unable to prosecute suspect,
0c570b3bd2e4b0adadf3a52e005891d4c2608335b172b7cec8edca8580749a79,2018-08,Dorset Police,Dorset Police,-1.816750,50.721820,On or near Southbourne Overcliff Drive,E01015366,Bournemouth 018E,Violence and sexual offences,Unable to prosecute suspect,
,2018-08,Dorset Police,Dorset Police,-1.843188,50.724880,On or near Adeline Road,E01015279,Bournemouth 019B,Anti-social behaviour,,
,2018-08,Dorset Police,Dorset Police,-1.846167,50.723769,On or near Wharncliffe Road,E01015279,Bournemouth 019B,Anti-social behaviour,,
,2018-08,Dorset Police,Dorset Police,-1.846086,50.722600,On or near Boscombe Spa Road,E01015279,Bournemouth 019B,Anti-social behaviour,,
,2018-08,Dorset Police,Dorset Police,-1.846167,50.723769,On or near Wharncliffe Road,E01015279,Bournemouth 019B,Anti-social behaviour,,
,2018-08,Dorset Police,Dorset Police,-1.846167,50.723769,On or near Wharncliffe Road,E01015279,Bournemouth 019B,Anti-social behaviour,,
,2018-08,Dorset Police,Dorset Police,-1.846167,50.723769,On or near Wharncliffe Road,E01015279,Bournemouth 019B,Anti-social behaviour,,
,2018-08,Dorset Police,Dorset Police,-1.848556,50.725337,On or near Gordon Road,E01015279,Bournemouth 019B,Anti-social behaviour,,
,2018-08,Dorset Police,Dorset Police,-1.846167,50.723769,On or near Wharncliffe Road,E01015279,Bournemouth 019B,Anti-social behaviour,,
,2018-08,Dorset Police,Dorset Police,-1.846167,50.723769,On or near Wharncliffe Road,E01015279,Bournemouth 019B,Anti-social behaviour,,
,2018-08,Dorset Police,Dorset Police,-1.846167,50.723769,On or near Wharncliffe Road,E01015279,Bournemouth 019B,Anti-social behaviour,,
,2018-08,Dorset Police,Dorset Police,-1.848556,50.725337,On or near Gordon Road,E01015279,Bournemouth 019B,Anti-social behaviour,,
,2018-08,Dorset Police,Dorset Police,-1.848556,50.725337,On or near Gordon Road,E01015279,Bournemouth 019B,Anti-social behaviour,,
,2018-08,Dorset Police,Dorset Police,-1.846167,50.723769,On or near Wharncliffe Road,E01015279,Bournemouth 019B,Anti-social behaviour,,
330187bcc31857c342e32609f106abaa32399e05c0587de42f9be5492d381293,2018-08,Dorset Police,Dorset Police,-1.847022,50.726576,On or near Hamilton Road,E01015279,Bournemouth 019B,Burglary,Investigation complete; no suspect identified,
e39f65f5f9605f1ab46e164d3dd1367d360fe1fd8630ff96b196d23f7f769602,2018-08,Dorset Police,Dorset Police,-1.844341,50.723380,On or near St John'S Road,E01015279,Bournemouth 019B,Burglary,Investigation complete; no suspect identified,
44648ffecb50e1771f883cdb53134fa097da7642afb39b1f9a7eef78731a7fda,2018-08,Dorset Police,Dorset Police,-1.844341,50.723380,On or near St John'S Road,E01015279,Bournemouth 019B,Burglary,Investigation complete; no suspect identified,
5850c2e460d0ff03ef6dbef6a004ecd2546d2e97b49d5c4d5bd58ed632369f30,2018-08,Dorset Police,Dorset Police,-1.847959,50.726073,On or near Drummond Road,E01015279,Bournemouth 019B,Burglary,Investigation complete; no suspect identified,
8a5179b32528d94328279604944a1b37a24e0cccfe714bcbbde8bbf99d4a798b,2018-08,Dorset Police,Dorset Police,-1.846167,50.723769,On or near Wharncliffe Road,E01015279,Bournemouth 019B,Criminal damage and arson,Investigation complete; no suspect identified,
7557f0b444bec7463ddd359fadc13f77c71d520094b66308ed65ab073427094e,2018-08,Dorset Police,Dorset Police,-1.846167,50.723769,On or near Wharncliffe Road,E01015279,Bournemouth 019B,Criminal damage and arson,Investigation complete; no suspect identified,
b26ed08700156252ce3e3c5ada6f5e594c5de14c66f65a822bc80b86fcb57dc0,2018-08,Dorset Police,Dorset Police,-1.848556,50.725337,On or near Gordon Road,E01015279,Bournemouth 019B,Criminal damage and arson,Investigation complete; no suspect identified,
c9957835f539b730ee0cdfb75a7b4bf930a58d3aad862cf633dec05e3451ff7a,2018-08,Dorset Police,Dorset Police,-1.843188,50.724880,On or near Adeline Road,E01015279,Bournemouth 019B,Criminal damage and arson,Investigation complete; no suspect identified,
c4f565dd79ddb64a21b11bf6d22210ad047abc8de70a196e3bfedb1b929ed5ea,2018-08,Dorset Police,Dorset Police,-1.848008,50.723924,On or near Knole Road,E01015279,Bournemouth 019B,Criminal damage and arson,Investigation complete; no suspect identified,
9eac9b614c502351d2ffe2177b8f87923bd6af98dda6ddacfe2349f572e0bd6f,2018-08,Dorset Police,Dorset Police,-1.846086,50.722600,On or near Boscombe Spa Road,E01015279,Bournemouth 019B,Drugs,Offender given a drugs possession warning,
5aa0bcf2dc8694464e89fad62181d9a3c9c716a024a95fab018adde971e2b18d,2018-08,Dorset Police,Dorset Police,-1.846086,50.722600,On or near Boscombe Spa Road,E01015279,Bournemouth 019B,Drugs,Court result unavailable,
d845e4a592421e4649615d95b7eb27445f6fdc94879f62230f18976984628e50,2018-08,Dorset Police,Dorset Police,-1.848008,50.723924,On or near Knole Road,E01015279,Bournemouth 019B,Other theft,Formal action is not in the public interest,
d99c2e09cd7b8d635bbde8ea20f67bef9acaacde02e3fccf99fc0ac22f6d4d94,2018-08,Dorset Police,Dorset Police,-1.846086,50.722600,On or near Boscombe Spa Road,E01015279,Bournemouth 019B,Other theft,Investigation complete; no suspect identified,
a6844de49c13ef0b4b38c1507cac2524ab98c23ddc00afdf546d814879fff3df,2018-08,Dorset Police,Dorset Police,-1.846086,50.722600,On or near Boscombe Spa Road,E01015279,Bournemouth 019B,Other theft,Investigation complete; no suspect identified,
2dc19b8eb14936cbda81062d9ee392cea54a22d9c842c63d92fb1e75abef7ee4,2018-08,Dorset Police,Dorset Police,-1.846086,50.722600,On or near Boscombe Spa Road,E01015279,Bournemouth 019B,Other theft,Investigation complete; no suspect identified,
494149eb9d074eb3c115f2b0305638ddc377c4acd24ef10f265ec15ab5330d39,2018-08,Dorset Police,Dorset Police,-1.846167,50.723769,On or near Wharncliffe Road,E01015279,Bournemouth 019B,Public order,Unable to prosecute suspect,
a4f16b28099d960c57c5df54e4c9805b6b70f2bdbedab19bcc3bb5bbd0aafca9,2018-08,Dorset Police,Dorset Police,-1.848008,50.723924,On or near Knole Road,E01015279,Bournemouth 019B,Violence and sexual offences,Unable to prosecute suspect,
2c4bc0be3437913db01da53f5e87782e8e24edf52fe61b05747767b1c89e3fbf,2018-08,Dorset Police,Dorset Police,-1.848556,50.725337,On or near Gordon Road,E01015279,Bournemouth 019B,Violence and sexual offences,Status update unavailable,
b37e27cd3ed27666bdd616932bb6ff5365bb05c87874bce5cda00b2304e03a98,2018-08,Dorset Police,Dorset Police,-1.848008,50.723924,On or near Knole Road,E01015279,Bournemouth 019B,Violence and sexual offences,Unable to prosecute suspect,
94db7cbb8ec183487ee20976497191a14782f61bc59d39f88b3381d5be1a313c,2018-08,Dorset Police,Dorset Police,-1.846167,50.723769,On or near Wharncliffe Road,E01015279,Bournemouth 019B,Violence and sexual offences,Unable to prosecute suspect,
6c55053d8f15a74f91e7829288abbd6112afae051592d293c7ae42139cc6c8aa,2018-08,Dorset Police,Dorset Police,-1.848008,50.723924,On or near Knole Road,E01015279,Bournemouth 019B,Violence and sexual offences,Unable to prosecute suspect,
1f0d410daa2fd6caf6ac85461d506e633d95774d23f10ee45faf0a7e19f64f11,2018-08,Dorset Police,Dorset Police,-1.847959,50.726073,On or near Drummond Road,E01015279,Bournemouth 019B,Violence and sexual offences,Unable to prosecute suspect,
ac9d98aa3c5b13a4d7fb2c257070002a0c763520ebcde7f68cca510c590bb327,2018-08,Dorset Police,Dorset Police,-1.843188,50.724880,On or near Adeline Road,E01015279,Bournemouth 019B,Violence and sexual offences,Unable to prosecute suspect,
d59feb0a38f6d3581826bb6b9ad09fcceca1e14c80837dc3a30e1fb08f2f7465,2018-08,Dorset Police,Dorset Police,-1.848008,50.723924,On or near Knole Road,E01015279,Bournemouth 019B,Violence and sexual offences,Offender given a caution,
7f1d8ec89a7cc3a6e980633a48611a4059da54149301964b6ae9e7704b3589c0,2018-08,Dorset Police,Dorset Police,-1.846167,50.723769,On or near Wharncliffe Road,E01015279,Bournemouth 019B,Violence and sexual offences,Unable to prosecute suspect,
7085f7e3a6efb5982b8a68b61aa60389a8d1c89f453d22b68038d0c8947294b8,2018-08,Dorset Police,Dorset Police,-1.846086,50.722600,On or near Boscombe Spa Road,E01015279,Bournemouth 019B,Violence and sexual offences,Unable to prosecute suspect,
,2018-08,Dorset Police,Dorset Police,-1.836297,50.726651,On or near Heathcote Road,E01015280,Bournemouth 019C,Anti-social behaviour,,
,2018-08,Dorset Police,Dorset Police,-1.837296,50.724620,On or near Florence Road,E01015280,Bournemouth 019C,Anti-social behaviour,,
,2018-08,Dorset Police,Dorset Police,-1.837430,50.726706,On or near Supermarket,E01015280,Bournemouth 019C,Anti-social behaviour,,
,2018-08,Dorset Police,Dorset Police,-1.838747,50.727005,On or near Shopping Area,E01015280,Bournemouth 019C,Anti-social behaviour,,
,2018-08,Dorset Police,Dorset Police,-1.837767,50.727723,On or near Haviland Road West,E01015280,Bournemouth 019C,Anti-social behaviour,,
,2018-08,Dorset Police,Dorset Police,-1.837222,50.725501,On or near Westby Road,E01015280,Bournemouth 019C,Anti-social behaviour,,
,2018-08,Dorset Police,Dorset Police,-1.837639,50.723595,On or near Glen Road,E01015280,Bournemouth 019C,Anti-social behaviour,,
,2018-08,Dorset Police,Dorset Police,-1.836297,50.726651,On or near Heathcote Road,E01015280,Bournemouth 019C,Anti-social behaviour,,
,2018-08,Dorset Police,Dorset Police,-1.837767,50.727723,On or near Haviland Road West,E01015280,Bournemouth 019C,Anti-social behaviour,,
,2018-08,Dorset Police,Dorset Police,-1.838747,50.727005,On or near Shopping Area,E01015280,Bournemouth 019C,Anti-social behaviour,,
,2018-08,Dorset Police,Dorset Police,-1.836297,50.726651,On or near Heathcote Road,E01015280,Bournemouth 019C,Anti-social behaviour,,
,2018-08,Dorset Police,Dorset Police,-1.838747,50.727005,On or near Shopping Area,E01015280,Bournemouth 019C,Anti-social behaviour,,
,2018-08,Dorset Police,Dorset Police,-1.838747,50.727005,On or near Shopping Area,E01015280,Bournemouth 019C,Anti-social behaviour,,
,2018-08,Dorset Police,Dorset Police,-1.836297,50.726651,On or near Heathcote Road,E01015280,Bournemouth 019C,Anti-social behaviour,,
,2018-08,Dorset Police,Dorset Police,-1.838747,50.727005,On or near Shopping Area,E01015280,Bournemouth 019C,Anti-social behaviour,,
96936d7877376f4639339cf26330de2ab92de3f7dcd0582ee468d77af4e10ace,2018-08,Dorset Police,Dorset Police,-1.837222,50.725501,On or near Westby Road,E01015280,Bournemouth 019C,Burglary,Investigation complete; no suspect identified,
6b2cff70561412fb0e5bc0e284f4be831bc41653f79acb2309a3a11bae3930d5,2018-08,Dorset Police,Dorset Police,-1.834392,50.724562,On or near Wilfred Road,E01015280,Bournemouth 019C,Burglary,Investigation complete; no suspect identified,
3d84687f7056e742e6d2df1d6d5ff9b32b8b7a8ded5dcf7b24560f5ec8b27a6d,2018-08,Dorset Police,Dorset Police,-1.837639,50.723595,On or near Glen Road,E01015280,Bournemouth 019C,Criminal damage and arson,Unable to prosecute suspect,
ff04c311a0d761e1c5fd14d1dd1f5fcadc9991549242a48c5373a75d43a3670c,2018-08,Dorset Police,Dorset Police,-1.838747,50.727005,On or near Shopping Area,E01015280,Bournemouth 019C,Drugs,Court result unavailable,
1d10ab6adceac8d719009de6e41341c2b381d067b5b14b82e7f6e80f971c3bff,2018-08,Dorset Police,Dorset Police,-1.837430,50.726706,On or near Supermarket,E01015280,Bournemouth 019C,Other theft,Investigation complete; no suspect identified,
7a14c7de0ba100ac2e97d833e5dcd2764cd31a83c5db9b4119c565619ce3cb32,2018-08,Dorset Police,Dorset Police,-1.836297,50.726651,On or near Heathcote Road,E01015280,Bournemouth 019C,Other theft,Status update unavailable,
0aa03554d1e8a00f136d783233b14cf5b3fb9fa91d8b13c4168f13b1235fd036,2018-08,Dorset Police,Dorset Police,-1.837767,50.727723,On or near Haviland Road West,E01015280,Bournemouth 019C,Other theft,Unable to prosecute suspect,
7d93aa72a82b00d4f06296fcdd4974784f224027973dab45508745333bcfa737,2018-08,Dorset Police,Dorset Police,-1.837767,50.727723,On or near Haviland Road West,E01015280,Bournemouth 019C,Other theft,Unable to prosecute suspect,
9d405e51c0479fb7e9b0fe5f82991064de5189a9786c632a6652138ca6f16f67,2018-08,Dorset Police,Dorset Police,-1.834145,50.726108,On or near Crabton Close Road,E01015280,Bournemouth 019C,Other theft,Investigation complete; no suspect identified,
d13787f498c2b344324f2b548a640b047ac340805bda09fd2cd9e777596ab554,2018-08,Dorset Police,Dorset Police,-1.838747,50.727005,On or near Shopping Area,E01015280,Bournemouth 019C,Other theft,Investigation complete; no suspect identified,
77af3d1ef8fcbb8bc97fa4325f1f569f127e83b5c1446e0dfc9026637383a5b6,2018-08,Dorset Police,Dorset Police,-1.836297,50.726651,On or near Heathcote Road,E01015280,Bournemouth 019C,Other theft,Investigation complete; no suspect identified,
e664be0521788c930e8620f3363406f6ee5118f170dde53c2247cf2bbe085e65,2018-08,Dorset Police,Dorset Police,-1.837767,50.727723,On or near Haviland Road West,E01015280,Bournemouth 019C,Public order,Court result unavailable,
a4082c86824f534b620fc81e0cf949fa206aa322764c4c38b8ef1a67c0a1df19,2018-08,Dorset Police,Dorset Police,-1.836297,50.726651,On or near Heathcote Road,E01015280,Bournemouth 019C,Public order,Investigation complete; no suspect identified,
ad187e9af77daa608be7046ad5b8b9cea4fcf5db375cf48c89329da8345865c5,2018-08,Dorset Police,Dorset Police,-1.838747,50.727005,On or near Shopping Area,E01015280,Bournemouth 019C,Public order,Investigation complete; no suspect identified,
06c55ca047fbe59de7537fa92687bd106b2685b89df4e53c9976363e6aa2de3d,2018-08,Dorset Police,Dorset Police,-1.836297,50.726651,On or near Heathcote Road,E01015280,Bournemouth 019C,Public order,Investigation complete; no suspect identified,
661dbd386352c2e1df6fe71d1db2a705fe583165f9308ec7180e58f79656acdb,2018-08,Dorset Police,Dorset Police,-1.836297,50.726651,On or near Heathcote Road,E01015280,Bournemouth 019C,Public order,Unable to prosecute suspect,
4ba6d408c5092c910bcd98f11cfc4d398ad80e2482078abc3ff768ba78184891,2018-08,Dorset Police,Dorset Police,-1.837767,50.727723,On or near Haviland Road West,E01015280,Bournemouth 019C,Public order,Court result unavailable,
1339ee452df1d710669ac02b10b483a6b209914c4d63acb7c1f99bd23b218761,2018-08,Dorset Police,Dorset Police,-1.838747,50.727005,On or near Shopping Area,E01015280,Bournemouth 019C,Shoplifting,Unable to prosecute suspect,
d5d5cc3889ad590c339c852395f5112fcfb3abebe7ec41dd6f3adedda5d7df61,2018-08,Dorset Police,Dorset Police,-1.838747,50.727005,On or near Shopping Area,E01015280,Bournemouth 019C,Shoplifting,Unable to prosecute suspect,
275ad4540c4b0f8d079dbdfe1d5846a07253adb8c24f57686972979e9ac787ff,2018-08,Dorset Police,Dorset Police,-1.838747,50.727005,On or near Shopping Area,E01015280,Bournemouth 019C,Shoplifting,Investigation complete; no suspect identified,
37f37f1a169ce729e4b0356b543d197eff1d9d2ad599ec6126344aa4944000cd,2018-08,Dorset Police,Dorset Police,-1.837767,50.727723,On or near Haviland Road West,E01015280,Bournemouth 019C,Shoplifting,Further investigation is not in the public interest,
63b7b69e28b87a06eabd74920284ee486883848d8aa5fdb157d2a5698917a080,2018-08,Dorset Police,Dorset Police,-1.838747,50.727005,On or near Shopping Area,E01015280,Bournemouth 019C,Shoplifting,Investigation complete; no suspect identified,
f46a99c97355e67a274165ad1a7ca25034d8b3f73936f934a82691c05b2e521f,2018-08,Dorset Police,Dorset Police,-1.837430,50.726706,On or near Supermarket,E01015280,Bournemouth 019C,Shoplifting,Unable to prosecute suspect,
be72f44e0238cb495da9ce6b68459392193127e74261bacf654a1ff94bab4672,2018-08,Dorset Police,Dorset Police,-1.838747,50.727005,On or near Shopping Area,E01015280,Bournemouth 019C,Shoplifting,Investigation complete; no suspect identified,
adbd25f16e966dfc70bcaf441bdc09cecf25872480f7afdf95213749dd35d406,2018-08,Dorset Police,Dorset Police,-1.834392,50.724562,On or near Wilfred Road,E01015280,Bournemouth 019C,Shoplifting,Formal action is not in the public interest,
00038f8b2d6f532d4f3e11b76b3691efc11d033812ea2b7f8e74c00e161073ba,2018-08,Dorset Police,Dorset Police,-1.838747,50.727005,On or near Shopping Area,E01015280,Bournemouth 019C,Shoplifting,Formal action is not in the public interest,
b4ed702f17a3b1740de29040a82d6ced9519c08c66ffff50941c389c0c029fa0,2018-08,Dorset Police,Dorset Police,-1.838747,50.727005,On or near Shopping Area,E01015280,Bournemouth 019C,Shoplifting,Court result unavailable,
cde35effa6d0b390d4930268b0d4aeb4020247acb0f99a62ad7832e72c251418,2018-08,Dorset Police,Dorset Police,-1.838747,50.727005,On or near Shopping Area,E01015280,Bournemouth 019C,Shoplifting,Unable to prosecute suspect,
2bce0c0d20306d1b23a98118644a155f097ba14417415e9f97a9035e773f37e6,2018-08,Dorset Police,Dorset Police,-1.836297,50.726651,On or near Heathcote Road,E01015280,Bournemouth 019C,Vehicle crime,Investigation complete; no suspect identified,
16b85d2db5f24080f25fab07745a502e1b7ca8495f03e1799199b8100c60e8ff,2018-08,Dorset Police,Dorset Police,-1.834145,50.726108,On or near Crabton Close Road,E01015280,Bournemouth 019C,Violence and sexual offences,Formal action is not in the public interest,
127989efa769088325bcc09d3ad801f1076cc71243b8a44a85616592c2c0deab,2018-08,Dorset Police,Dorset Police,-1.838747,50.727005,On or near Shopping Area,E01015280,Bournemouth 019C,Violence and sexual offences,Court result unavailable,
b4b03ec7a2f5298e4565f2edd5e92a68e29aec61c8fa28a6273c689cfe0b20d4,2018-08,Dorset Police,Dorset Police,-1.836297,50.726651,On or near Heathcote Road,E01015280,Bournemouth 019C,Violence and sexual offences,Unable to prosecute suspect,
53a52d7f978cea8a29395af182ec68272fab8b148a90f6c7c78eaf02d887ad39,2018-08,Dorset Police,Dorset Police,-1.836297,50.726651,On or near Heathcote Road,E01015280,Bournemouth 019C,Violence and sexual offences,Court result unavailable,
c2865572dc43e8112522353238c1d8a04c1fce5854ee3eeab079a2cf333bede8,2018-08,Dorset Police,Dorset Police,-1.837430,50.726706,On or near Supermarket,E01015280,Bournemouth 019C,Violence and sexual offences,Unable to prosecute suspect,
2f5d9d8ef0b6a9b9f301b16e7fd6e4c46679888a1679154a99870e2fbba3a2c8,2018-08,Dorset Police,Dorset Police,-1.834392,50.724562,On or near Wilfred Road,E01015280,Bournemouth 019C,Violence and sexual offences,Unable to prosecute suspect,
e878bee4abfefcf7a9e86ac83677ee9bfa7fd5016c31ec68179ab7d0da972170,2018-08,Dorset Police,Dorset Police,-1.836297,50.726651,On or near Heathcote Road,E01015280,Bournemouth 019C,Violence and sexual offences,Unable to prosecute suspect,
45155969c7655e6fac319fb12bb8c42b6e49628058eec36ffb870546ebeaebc2,2018-08,Dorset Police,Dorset Police,-1.834145,50.726108,On or near Crabton Close Road,E01015280,Bournemouth 019C,Violence and sexual offences,Formal action is not in the public interest,
eacf0b2dd568f0daa05e61d45e1edb08c1716a9abc3cf34ab7a5604975e0c684,2018-08,Dorset Police,Dorset Police,-1.837767,50.727723,On or near Haviland Road West,E01015280,Bournemouth 019C,Violence and sexual offences,Investigation complete; no suspect identified,
bc023c330c09e4c7507edd67889c0652469e0d0856ba4087e8791e119334f222,2018-08,Dorset Police,Dorset Police,-1.836297,50.726651,On or near Heathcote Road,E01015280,Bournemouth 019C,Violence and sexual offences,Defendant found not guilty,
6c07e4ee9a53a953fe8f3162cca7dbe02db5d1068e3c40e6b01184d72f84ec9c,2018-08,Dorset Police,Dorset Police,-1.836297,50.726651,On or near Heathcote Road,E01015280,Bournemouth 019C,Violence and sexual offences,Investigation complete; no suspect identified,
7d4f37cdda0defe7acf2d8e4c6b141f02a4de5885e5e8f6d0be342de5dddc9c3,2018-08,Dorset Police,Dorset Police,-1.837222,50.725501,On or near Westby Road,E01015280,Bournemouth 019C,Violence and sexual offences,Unable to prosecute suspect,
8210c8115b87138da5692f59e18939082dfccd9356a2ef8b7efdcbbb880a4d8d,2018-08,Dorset Police,Dorset Police,-1.837767,50.727723,On or near Haviland Road West,E01015280,Bournemouth 019C,Violence and sexual offences,Offender given community sentence,
59e49b7c66dd98716127f84b5e45d760e111912650cd505357179e8d0bd55f52,2018-08,Dorset Police,Dorset Police,-1.836500,50.725257,On or near Grantley Road,E01015280,Bournemouth 019C,Violence and sexual offences,Action to be taken by another organisation,
f63a73887ac4dfaccb7ff0c166b34f8dfb61a802971c527d69d175cc02733834,2018-08,Dorset Police,Dorset Police,-1.834392,50.724562,On or near Wilfred Road,E01015280,Bournemouth 019C,Violence and sexual offences,Unable to prosecute suspect,
,2018-08,Dorset Police,Dorset Police,-1.847380,50.729840,On or near St Clement'S Road,E01015281,Bournemouth 019D,Anti-social behaviour,,
,2018-08,Dorset Police,Dorset Police,-1.845795,50.729200,On or near Sports/Recreation Area,E01015281,Bournemouth 019D,Anti-social behaviour,,
,2018-08,Dorset Police,Dorset Police,-1.847380,50.729840,On or near St Clement'S Road,E01015281,Bournemouth 019D,Anti-social behaviour,,
,2018-08,Dorset Police,Dorset Police,-1.847595,50.729049,On or near St Clements Gardens,E01015281,Bournemouth 019D,Anti-social behaviour,,
,2018-08,Dorset Police,Dorset Police,-1.845374,50.727940,On or near Walpole Road,E01015281,Bournemouth 019D,Anti-social behaviour,,
,2018-08,Dorset Police,Dorset Police,-1.847443,50.727889,On or near Hamilton Close,E01015281,Bournemouth 019D,Anti-social behaviour,,
,2018-08,Dorset Police,Dorset Police,-1.845795,50.729200,On or near Sports/Recreation Area,E01015281,Bournemouth 019D,Anti-social behaviour,,
,2018-08,Dorset Police,Dorset Police,-1.847443,50.727889,On or near Hamilton Close,E01015281,Bournemouth 019D,Anti-social behaviour,,
,2018-08,Dorset Police,Dorset Police,-1.847380,50.729840,On or near St Clement'S Road,E01015281,Bournemouth 019D,Anti-social behaviour,,
,2018-08,Dorset Police,Dorset Police,-1.845374,50.727940,On or near Walpole Road,E01015281,Bournemouth 019D,Anti-social behaviour,,
,2018-08,Dorset Police,Dorset Police,-1.847380,50.729840,On or near St Clement'S Road,E01015281,Bournemouth 019D,Anti-social behaviour,,
,2018-08,Dorset Police,Dorset Police,-1.842027,50.729006,On or near Parking Area,E01015281,Bournemouth 019D,Anti-social behaviour,,
,2018-08,Dorset Police,Dorset Police,-1.840978,50.729067,On or near Shelley Road,E01015281,Bournemouth 019D,Anti-social behaviour,,
,2018-08,Dorset Police,Dorset Police,-1.840978,50.729067,On or near Shelley Road,E01015281,Bournemouth 019D,Anti-social behaviour,,
,2018-08,Dorset Police,Dorset Police,-1.845382,50.729757,On or near Churchill Road,E01015281,Bournemouth 019D,Anti-social behaviour,,
,2018-08,Dorset Police,Dorset Police,-1.842193,50.730211,On or near Tower Road,E01015281,Bournemouth 019D,Anti-social behaviour,,
,2018-08,Dorset Police,Dorset Police,-1.845374,50.727940,On or near Walpole Road,E01015281,Bournemouth 019D,Anti-social behaviour,,
,2018-08,Dorset Police,Dorset Police,-1.845382,50.729757,On or near Churchill Road,E01015281,Bournemouth 019D,Anti-social behaviour,,
,2018-08,Dorset Police,Dorset Police,-1.845374,50.727940,On or near Walpole Road,E01015281,Bournemouth 019D,Anti-social behaviour,,
,2018-08,Dorset Police,Dorset Police,-1.847595,50.729049,On or near St Clements Gardens,E01015281,Bournemouth 019D,Anti-social behaviour,,
1fc59b895a00cf260fb6ce696eb03d88594018d8904c6a5b2893632b4e9d3f1d,2018-08,Dorset Police,Dorset Police,-1.844365,50.728838,On or near Borthwick Road,E01015281,Bournemouth 019D,Burglary,Investigation complete; no suspect identified,
b1907003bfd298f7c7946c7a68cfeb758fca535af1736266c0da72cfe4bf7493,2018-08,Dorset Police,Dorset Police,-1.840400,50.728176,On or near Gladstone Road West,E01015281,Bournemouth 019D,Burglary,Investigation complete; no suspect identified,
5836327fff1d77b54850e72ccd9a10f0f4e1d8b26b1636424edb624b6cde5c09,2018-08,Dorset Police,Dorset Police,-1.845382,50.729757,On or near Churchill Road,E01015281,Bournemouth 019D,Burglary,Suspect charged as part of another case,
9ed347f3ebb50c4742e4064b9aae3ba84998bf847f8a9f4d595ae83e66564057,2018-08,Dorset Police,Dorset Police,-1.840764,50.729643,On or near Shelley Gardens,E01015281,Bournemouth 019D,Burglary,Investigation complete; no suspect identified,
d424d249bfb93ba93978733668504ca4eb486d10fd2c992ad4c2d4ecb6688885,2018-08,Dorset Police,Dorset Police,-1.842965,50.728036,On or near Parking Area,E01015281,Bournemouth 019D,Criminal damage and arson,Investigation complete; no suspect identified,
ec22889fcf511c55cd510044aac5acbc48159a5a06f4c7ea6d2fc8a9566b49a7,2018-08,Dorset Police,Dorset Police,-1.845795,50.729200,On or near Sports/Recreation Area,E01015281,Bournemouth 019D,Criminal damage and arson,Unable to prosecute suspect,
9ef55f4b2d7fcb0e2bf0d9d6e8231363bd744e0ce8044b729e29c7e4d8b9c0e7,2018-08,Dorset Police,Dorset Police,-1.847595,50.729049,On or near St Clements Gardens,E01015281,Bournemouth 019D,Other theft,Offender given conditional discharge,
c4f077f10a58e2a2a54f06aba9ed122073bf39a481738fd06188c19eddb0fcac,2018-08,Dorset Police,Dorset Police,-1.845374,50.727940,On or near Walpole Road,E01015281,Bournemouth 019D,Other theft,Investigation complete; no suspect identified,
50a580ab1aefd5f54566b7d201637f75e40515a6377d256e2c33419648ec1608,2018-08,Dorset Police,Dorset Police,-1.844365,50.728838,On or near Borthwick Road,E01015281,Bournemouth 019D,Other theft,Investigation complete; no suspect identified,
9673786a96a04f45c9f6826cc18fb6abedee4e6e1c8c7cf0c1e1b62d336a20b9,2018-08,Dorset Police,Dorset Police,-1.845795,50.729200,On or near Sports/Recreation Area,E01015281,Bournemouth 019D,Other theft,Investigation complete; no suspect identified,
9040d02a7f667f75bded56ee8cd60c2723486a3326582f25b4af8b877587f2be,2018-08,Dorset Police,Dorset Police,-1.845382,50.729757,On or near Churchill Road,E01015281,Bournemouth 019D,Other theft,Investigation complete; no suspect identified,
3697ad643d9b4b8fdf4c3970a49101d10ecf7904c99c824231243f98c08d543e,2018-08,Dorset Police,Dorset Police,-1.845374,50.727940,On or near Walpole Road,E01015281,Bournemouth 019D,Possession of weapons,Offender given suspended prison sentence,
d4d609afcff87ec8f3e645acf1a9772b387ed72a6c0fda1a5387b2eadc8c5adf,2018-08,Dorset Police,Dorset Police,-1.845795,50.729200,On or near Sports/Recreation Area,E01015281,Bournemouth 019D,Public order,Investigation complete; no suspect identified,
e6677c291a6588795335fe7099630b1bdfa6410baf98584ec4daf5b52410aeeb,2018-08,Dorset Police,Dorset Police,-1.847443,50.727889,On or near Hamilton Close,E01015281,Bournemouth 019D,Public order,Offender given penalty notice,
b346b4663fdf37b7acd25608fd99bccbd0c254ea38bee91d25dbde1ce6923c28,2018-08,Dorset Police,Dorset Police,-1.845374,50.727940,On or near Walpole Road,E01015281,Bournemouth 019D,Public order,Status update unavailable,
0b0ac4915e2a0df5720cfaf7424d7d4555b29492ad208fd52575a9ea67da7496,2018-08,Dorset Police,Dorset Police,-1.845374,50.727940,On or near Walpole Road,E01015281,Bournemouth 019D,Theft from the person,Investigation complete; no suspect identified,
483e627758d92583fc07c6c7115d552670d643770b12d5bd8a3b48b244a2895c,2018-08,Dorset Police,Dorset Police,-1.840400,50.728176,On or near Gladstone Road West,E01015281,Bournemouth 019D,Vehicle crime,Investigation complete; no suspect identified,
f441dfd9335e85a7e9956fb10756e0be19e798609ae6f12429945d880511cad6,2018-08,Dorset Police,Dorset Police,-1.847380,50.729840,On or near St Clement'S Road,E01015281,Bournemouth 019D,Vehicle crime,Investigation complete; no suspect identified,
3bd929eb7567b3f72c8501baa7e912484e34ce433a519de723965eb160b8ab55,2018-08,Dorset Police,Dorset Police,-1.840400,50.728176,On or near Gladstone Road West,E01015281,Bournemouth 019D,Violence and sexual offences,Unable to prosecute suspect,
46e3a1e71fa9fffaef79227057bba1ba38ed9c46715fb355398384268627bc89,2018-08,Dorset Police,Dorset Police,-1.845374,50.727940,On or near Walpole Road,E01015281,Bournemouth 019D,Violence and sexual offences,Unable to prosecute suspect,
4e2d2afb1527d3a78f21563488ac5206a3081b617cb5b7f638a5729c1dd5d2ae,2018-08,Dorset Police,Dorset Police,-1.847443,50.727889,On or near Hamilton Close,E01015281,Bournemouth 019D,Violence and sexual offences,Unable to prosecute suspect,
ebbc08dc42e38d3678bf18a84b00ab3d308775983824baa9c0bba67aa09199a2,2018-08,Dorset Police,Dorset Police,-1.847380,50.729840,On or near St Clement'S Road,E01015281,Bournemouth 019D,Violence and sexual offences,Unable to prosecute suspect,
c8dd56c532adcf062dfc1a357fd5882932c9371c9af0aa106300f86ac8f5c445,2018-08,Dorset Police,Dorset Police,-1.845382,50.729757,On or near Churchill Road,E01015281,Bournemouth 019D,Violence and sexual offences,Unable to prosecute suspect,
6a06fe7b4a97dc6b7f24daea2dc61ce993c2f0439e5ba24ddf217e79b937ed68,2018-08,Dorset Police,Dorset Police,-1.842027,50.729006,On or near Parking Area,E01015281,Bournemouth 019D,Violence and sexual offences,Unable to prosecute suspect,
2c80bbe2a091c51adf2d39d08e07369237a69c244c2c5ead932b6455efe72829,2018-08,Dorset Police,Dorset Police,-1.845795,50.729200,On or near Sports/Recreation Area,E01015281,Bournemouth 019D,Violence and sexual offences,Investigation complete; no suspect identified,
,2018-08,Dorset Police,Dorset Police,-1.839827,50.726062,On or near Parking Area,E01015282,Bournemouth 019E,Anti-social behaviour,,
,2018-08,Dorset Police,Dorset Police,-1.839827,50.726062,On or near Parking Area,E01015282,Bournemouth 019E,Anti-social behaviour,,
,2018-08,Dorset Police,Dorset Police,-1.841158,50.726154,On or near Christchurch Road,E01015282,Bournemouth 019E,Anti-social behaviour,,
,2018-08,Dorset Police,Dorset Police,-1.842548,50.725571,On or near Supermarket,E01015282,Bournemouth 019E,Anti-social behaviour,,
,2018-08,Dorset Police,Dorset Police,-1.842816,50.726111,On or near Salisbury Road,E01015282,Bournemouth 019E,Anti-social behaviour,,
,2018-08,Dorset Police,Dorset Police,-1.841158,50.726154,On or near Christchurch Road,E01015282,Bournemouth 019E,Anti-social behaviour,,
,2018-08,Dorset Police,Dorset Police,-1.842617,50.726273,On or near Carnarvon Road,E01015282,Bournemouth 019E,Anti-social behaviour,,
,2018-08,Dorset Police,Dorset Police,-1.839827,50.726062,On or near Parking Area,E01015282,Bournemouth 019E,Anti-social behaviour,,
,2018-08,Dorset Police,Dorset Police,-1.843861,50.726958,On or near Grosvenor Gardens,E01015282,Bournemouth 019E,Anti-social behaviour,,
,2018-08,Dorset Police,Dorset Police,-1.841587,50.725004,On or near Windsor Road,E01015282,Bournemouth 019E,Anti-social behaviour,,
,2018-08,Dorset Police,Dorset Police,-1.841784,50.725445,On or near Roumelia Lane,E01015282,Bournemouth 019E,Anti-social behaviour,,
,2018-08,Dorset Police,Dorset Police,-1.841784,50.725445,On or near Roumelia Lane,E01015282,Bournemouth 019E,Anti-social behaviour,,
,2018-08,Dorset Police,Dorset Police,-1.845815,50.727365,On or near Carysfort Road,E01015282,Bournemouth 019E,Anti-social behaviour,,
,2018-08,Dorset Police,Dorset Police,-1.839827,50.726062,On or near Parking Area,E01015282,Bournemouth 019E,Anti-social behaviour,,
,2018-08,Dorset Police,Dorset Police,-1.841158,50.726154,On or near Christchurch Road,E01015282,Bournemouth 019E,Anti-social behaviour,,
,2018-08,Dorset Police,Dorset Police,-1.844255,50.727822,On or near Campbell Road,E01015282,Bournemouth 019E,Anti-social behaviour,,
,2018-08,Dorset Police,Dorset Police,-1.841158,50.726154,On or near Christchurch Road,E01015282,Bournemouth 019E,Anti-social behaviour,,
,2018-08,Dorset Police,Dorset Police,-1.845040,50.725997,On or near Aylesbury Road,E01015282,Bournemouth 019E,Anti-social behaviour,,
,2018-08,Dorset Police,Dorset Police,-1.845040,50.725997,On or near Aylesbury Road,E01015282,Bournemouth 019E,Anti-social behaviour,,
,2018-08,Dorset Police,Dorset Police,-1.839827,50.726062,On or near Parking Area,E01015282,Bournemouth 019E,Anti-social behaviour,,
,2018-08,Dorset Police,Dorset Police,-1.842816,50.726111,On or near Salisbury Road,E01015282,Bournemouth 019E,Anti-social behaviour,,
,2018-08,Dorset Police,Dorset Police,-1.841660,50.724275,On or near Horace Road,E01015282,Bournemouth 019E,Anti-social behaviour,,
,2018-08,Dorset Police,Dorset Police,-1.841977,50.727009,On or near Supermarket,E01015282,Bournemouth 019E,Anti-social behaviour,,
,2018-08,Dorset Police,Dorset Police,-1.839971,50.725136,On or near Bus/Coach Station,E01015282,Bournemouth 019E,Anti-social behaviour,,
,2018-08,Dorset Police,Dorset Police,-1.839971,50.725136,On or near Bus/Coach Station,E01015282,Bournemouth 019E,Anti-social behaviour,,
,2018-08,Dorset Police,Dorset Police,-1.842617,50.726273,On or near Carnarvon Road,E01015282,Bournemouth 019E,Anti-social behaviour,,
,2018-08,Dorset Police,Dorset Police,-1.845815,50.727365,On or near Carysfort Road,E01015282,Bournemouth 019E,Anti-social behaviour,,
,2018-08,Dorset Police,Dorset Police,-1.841784,50.725445,On or near Roumelia Lane,E01015282,Bournemouth 019E,Anti-social behaviour,,
,2018-08,Dorset Police,Dorset Police,-1.841158,50.726154,On or near Christchurch Road,E01015282,Bournemouth 019E,Anti-social behaviour,,
,2018-08,Dorset Police,Dorset Police,-1.845040,50.725997,On or near Aylesbury Road,E01015282,Bournemouth 019E,Anti-social behaviour,,
,2018-08,Dorset Police,Dorset Police,-1.842617,50.726273,On or near Carnarvon Road,E01015282,Bournemouth 019E,Anti-social behaviour,,
,2018-08,Dorset Police,Dorset Police,-1.845040,50.725997,On or near Aylesbury Road,E01015282,Bournemouth 019E,Anti-social behaviour,,
,2018-08,Dorset Police,Dorset Police,-1.841158,50.726154,On or near Christchurch Road,E01015282,Bournemouth 019E,Anti-social behaviour,,
,2018-08,Dorset Police,Dorset Police,-1.843861,50.726958,On or near Grosvenor Gardens,E01015282,Bournemouth 019E,Anti-social behaviour,,
,2018-08,Dorset Police,Dorset Police,-1.844255,50.727822,On or near Campbell Road,E01015282,Bournemouth 019E,Anti-social behaviour,,
,2018-08,Dorset Police,Dorset Police,-1.842617,50.726273,On or near Carnarvon Road,E01015282,Bournemouth 019E,Anti-social behaviour,,
,2018-08,Dorset Police,Dorset Police,-1.845040,50.725997,On or near Aylesbury Road,E01015282,Bournemouth 019E,Anti-social behaviour,,
,2018-08,Dorset Police,Dorset Police,-1.842548,50.725571,On or near Supermarket,E01015282,Bournemouth 019E,Anti-social behaviour,,
dd3c3e2bf87a9d6c2b4bee7aef977f66e7691fef4a5385a5181cd9fb50f9cc91,2018-08,Dorset Police,Dorset Police,-1.842680,50.728656,On or near Palmerston Road,E01015282,Bournemouth 019E,Bicycle theft,Unable to prosecute suspect,
4ea0bc30b4c3f5ea7ac14ceacafe3660d7e2c82efb91a88338f7a64e8bb326cc,2018-08,Dorset Police,Dorset Police,-1.841158,50.726154,On or near Christchurch Road,E01015282,Bournemouth 019E,Bicycle theft,Investigation complete; no suspect identified,
b04971ab104a7e00bddfec0179ea24aff9316078bab818d1f8ebbcca85a72773,2018-08,Dorset Police,Dorset Police,-1.842680,50.728656,On or near Palmerston Road,E01015282,Bournemouth 019E,Bicycle theft,Unable to prosecute suspect,
3d23c816d190654b2b00e9b25b98acdf2c1ba36d2ec5655bf564847f3150f31c,2018-08,Dorset Police,Dorset Police,-1.839827,50.726062,On or near Parking Area,E01015282,Bournemouth 019E,Bicycle theft,Investigation complete; no suspect identified,
b9ac6848cf678f2bae5f26b3167030345a75148d2ac42d5ea07f10d0dedbee98,2018-08,Dorset Police,Dorset Police,-1.841660,50.724275,On or near Horace Road,E01015282,Bournemouth 019E,Bicycle theft,Investigation complete; no suspect identified,
a1698f2fd943dd225e44bdbcc8d4b4ad23960a96bd3ba4c64a7c2d93b6ccb0fd,2018-08,Dorset Police,Dorset Police,-1.842680,50.728656,On or near Palmerston Road,E01015282,Bournemouth 019E,Burglary,Suspect charged as part of another case,
aa99f923e89c8e3e81b706a96a3f5020d15dbb74e4ffd6eef6ab97be1ba7b3e1,2018-08,Dorset Police,Dorset Police,-1.845815,50.727365,On or near Carysfort Road,E01015282,Bournemouth 019E,Burglary,Unable to prosecute suspect,
302f07d3f890fea6144731af5b52a08f4aa0ff502142b82ca3fa94abc3d5ceb2,2018-08,Dorset Police,Dorset Police,-1.845815,50.727365,On or near Carysfort Road,E01015282,Bournemouth 019E,Burglary,Unable to prosecute suspect,
be4699969840b27374c7078d1acac038695960455b991134f22b7780f08fb109,2018-08,Dorset Police,Dorset Police,-1.841660,50.724275,On or near Horace Road,E01015282,Bournemouth 019E,Criminal damage and arson,Investigation complete; no suspect identified,
af3597d56fc8505c7ec42e192db30bd0684c52791120b957e6a75ea3017aca9e,2018-08,Dorset Police,Dorset Police,-1.844813,50.726294,On or near Randolph Road,E01015282,Bournemouth 019E,Criminal damage and arson,Investigation complete; no suspect identified,
ec4639bc3ab49d27162ad6b54e93e636d9e744374e95f00bb81274f0f35cf32b,2018-08,Dorset Police,Dorset Police,-1.839971,50.725136,On or near Bus/Coach Station,E01015282,Bournemouth 019E,Criminal damage and arson,Investigation complete; no suspect identified,
247adcf3d0c48beb6598b90831a3106b9708555432f260a507f511e07f747ddb,2018-08,Dorset Police,Dorset Police,-1.839971,50.725136,On or near Bus/Coach Station,E01015282,Bournemouth 019E,Criminal damage and arson,Investigation complete; no suspect identified,
89e5c086d9d937e845324c5615c7d39c8db52378a641691e47e4b6088e3a20b8,2018-08,Dorset Police,Dorset Police,-1.839971,50.725136,On or near Bus/Coach Station,E01015282,Bournemouth 019E,Criminal damage and arson,Investigation complete; no suspect identified,
4b0942e945df272363b68395635306c8bf53ef954f1670f7afbb5725d82a4a28,2018-08,Dorset Police,Dorset Police,-1.839971,50.725136,On or near Bus/Coach Station,E01015282,Bournemouth 019E,Criminal damage and arson,Investigation complete; no suspect identified,
502f7f2e10acaf35458cd434a8cb2e4a1615fdefab9f0fd8aeeb1179f4c0ab8b,2018-08,Dorset Police,Dorset Police,-1.845308,50.726537,On or near Donoughmore Road,E01015282,Bournemouth 019E,Criminal damage and arson,Unable to prosecute suspect,
620d2e85732b0c1af1c545f9e01c367b04ccb6aabe4b0a48c7f954009cf895ce,2018-08,Dorset Police,Dorset Police,-1.841158,50.726154,On or near Christchurch Road,E01015282,Bournemouth 019E,Criminal damage and arson,Unable to prosecute suspect,
c7cbcf45eecc17f23b120a4f2b7df6f48ebaf8a795a5cad7e99a47f4ef6bbd3f,2018-08,Dorset Police,Dorset Police,-1.845040,50.725997,On or near Aylesbury Road,E01015282,Bournemouth 019E,Drugs,Offender given a drugs possession warning,
8ebb25dc9bf1a066b0203a561421323d3dd65a9d28b5fb2232596f32606680ad,2018-08,Dorset Police,Dorset Police,-1.841587,50.725004,On or near Windsor Road,E01015282,Bournemouth 019E,Drugs,Status update unavailable,
dce23db310866c7a714198d662aeeed40fd03d7d53c1e1579dc7cc2de780e87f,2018-08,Dorset Police,Dorset Police,-1.839827,50.726062,On or near Parking Area,E01015282,Bournemouth 019E,Other theft,Unable to prosecute suspect,
f54b5328f89fc17d8792a666955799b2cbd59e8ed7da3417bad0626de5e83273,2018-08,Dorset Police,Dorset Police,-1.842548,50.725571,On or near Supermarket,E01015282,Bournemouth 019E,Other theft,Offender sent to prison,
eba7059242457e0216fed1b13d67c3f77cbf38909d5b582434fae7d511f7a107,2018-08,Dorset Police,Dorset Police,-1.839971,50.725136,On or near Bus/Coach Station,E01015282,Bournemouth 019E,Other theft,Unable to prosecute suspect,
906a2ed0d965178233f96518b4ca629b5721ef5ebd4439e859aa80c363ec24ef,2018-08,Dorset Police,Dorset Police,-1.842472,50.727361,On or near Petrol Station,E01015282,Bournemouth 019E,Other theft,Unable to prosecute suspect,
894a2deb4e5236c078704dea246d17b9dada72e0d28d7e69ce7c73ec55297681,2018-08,Dorset Police,Dorset Police,-1.842548,50.725571,On or near Supermarket,E01015282,Bournemouth 019E,Other theft,Investigation complete; no suspect identified,
2daa2579d4e7b076d4df1cf2cace3fff24db407e075d9f5a5aa277c588d41488,2018-08,Dorset Police,Dorset Police,-1.841158,50.726154,On or near Christchurch Road,E01015282,Bournemouth 019E,Other theft,Unable to prosecute suspect,
1a9263b3b9859f5aaa8dee16fd4c0bef8e0c61380ca324417945f70d8ca04c63,2018-08,Dorset Police,Dorset Police,-1.841977,50.727009,On or near Supermarket,E01015282,Bournemouth 019E,Other theft,Investigation complete; no suspect identified,
41f85d71ea5cce85870c2649cd7dbc58ab1d9bcb733a2711842a3382699bf7a5,2018-08,Dorset Police,Dorset Police,-1.841587,50.725004,On or near Windsor Road,E01015282,Bournemouth 019E,Other theft,Unable to prosecute suspect,
c64e9f3ce14a104e3c5ce9103d48d9211ce3126251b6563ae6e668759c1d5630,2018-08,Dorset Police,Dorset Police,-1.845040,50.725997,On or near Aylesbury Road,E01015282,Bournemouth 019E,Other theft,Formal action is not in the public interest,
73a3eed66ca9d91843f8e334e5a821bda7c3bf6f593d0f130f35faa9242b8842,2018-08,Dorset Police,Dorset Police,-1.841784,50.725445,On or near Roumelia Lane,E01015282,Bournemouth 019E,Public order,Investigation complete; no suspect identified,
eca959af7986a4cdfeb8f2aad10edb703182a874dd5e7567734e8546f7a5a3be,2018-08,Dorset Police,Dorset Police,-1.841158,50.726154,On or near Christchurch Road,E01015282,Bournemouth 019E,Public order,Unable to prosecute suspect,
73b21333462c6a1317be6be5d0352cd2a735d8417f259703f8c6867d5f2d4b5d,2018-08,Dorset Police,Dorset Police,-1.839827,50.726062,On or near Parking Area,E01015282,Bournemouth 019E,Public order,Investigation complete; no suspect identified,
5d08f2894dbc2fb6e09a4a301541d95ad3bc7d9b61d2bccf3e9bc70ad2ea3516,2018-08,Dorset Police,Dorset Police,-1.845815,50.727365,On or near Carysfort Road,E01015282,Bournemouth 019E,Public order,Unable to prosecute suspect,
b3d61692948ff06b40eb5729a6a625a6061a9b1cb5892daa6e3bead24fd7e520,2018-08,Dorset Police,Dorset Police,-1.842548,50.725571,On or near Supermarket,E01015282,Bournemouth 019E,Public order,Unable to prosecute suspect,
f080ae83bef02404e961a166cc11673c31ab99dcb162511d522de7729d8bb4ab,2018-08,Dorset Police,Dorset Police,-1.841158,50.726154,On or near Christchurch Road,E01015282,Bournemouth 019E,Robbery,Unable to prosecute suspect,
d14cb5bc5685a38105e687ca21d1fd1cb5fdd2287c84a2b93241dc096f20422d,2018-08,Dorset Police,Dorset Police,-1.839827,50.726062,On or near Parking Area,E01015282,Bournemouth 019E,Shoplifting,Local resolution,
7035c4202e04c19ce474ee07236ad913de332b044d8d67887bbd4106e7d66277,2018-08,Dorset Police,Dorset Police,-1.841496,50.726883,On or near Palmerston Road,E01015282,Bournemouth 019E,Shoplifting,Status update unavailable,
ab1d8c7b5c2a4b141ff652b2588eb6f07b6429390dd473564ab550e286fd1860,2018-08,Dorset Police,Dorset Police,-1.840151,50.726620,On or near Sports/Recreation Area,E01015282,Bournemouth 019E,Shoplifting,Investigation complete; no suspect identified,
8006365273a1a6e98e97b6b39b43314ef873c2f0caf8748ab0931f28baa426cb,2018-08,Dorset Police,Dorset Police,-1.839827,50.726062,On or near Parking Area,E01015282,Bournemouth 019E,Shoplifting,Local resolution,
9a17af90b5d6d2aa913a123e6d45ed69fd24ee65d2c935f4414f22d89263460d,2018-08,Dorset Police,Dorset Police,-1.841496,50.726883,On or near Palmerston Road,E01015282,Bournemouth 019E,Shoplifting,Offender given suspended prison sentence,
486bcb8d5b22b0d9be9228c43444deba91d42d4e3a3fbb3bb360e84578d90e3f,2018-08,Dorset Police,Dorset Police,-1.839827,50.726062,On or near Parking Area,E01015282,Bournemouth 019E,Shoplifting,Local resolution,
ce61927fe441335447cc23ee8f1bd11cff68bbe5db2b48ddc4b92c7fd3fafb65,2018-08,Dorset Police,Dorset Police,-1.839827,50.726062,On or near Parking Area,E01015282,Bournemouth 019E,Shoplifting,Local resolution,
8b96d36bcb04b3ad61ee2b0065166dc2fd0ced4d9dcf41f860ae4bfac9b68504,2018-08,Dorset Police,Dorset Police,-1.841784,50.725445,On or near Roumelia Lane,E01015282,Bournemouth 019E,Shoplifting,Offender fined,
c60a73af592ad9453926f19c1ffa51d13f5d123c72130cfd6e92075e48953c65,2018-08,Dorset Police,Dorset Police,-1.841660,50.724275,On or near Horace Road,E01015282,Bournemouth 019E,Shoplifting,Unable to prosecute suspect,
b8cdf899ebfffc307477deebce2cf924911d4192408d82cd954c25e46753d75a,2018-08,Dorset Police,Dorset Police,-1.841977,50.727009,On or near Supermarket,E01015282,Bournemouth 019E,Shoplifting,Offender fined,
a3046b59d7fed7e2816814d88254a2480d09b2b33089633e88aa7fdfc3db2e6e,2018-08,Dorset Police,Dorset Police,-1.841496,50.726883,On or near Palmerston Road,E01015282,Bournemouth 019E,Shoplifting,Local resolution,
7255beda8c26a76868208906a381d1569b1d31d0787a1011c01b753efa70c226,2018-08,Dorset Police,Dorset Police,-1.841158,50.726154,On or near Christchurch Road,E01015282,Bournemouth 019E,Shoplifting,Unable to prosecute suspect,
face85c46580f4e7b7fad68707d5e8da8650d8be0c96108cc5f1e75aac8cb49e,2018-08,Dorset Police,Dorset Police,-1.839480,50.727941,On or near Parking Area,E01015282,Bournemouth 019E,Shoplifting,Offender sent to prison,
0ceba11cf8d88d86b0fd5bfb0d0a95ebea1d54dc99e4ea44e9bd48bfc6db0d0e,2018-08,Dorset Police,Dorset Police,-1.843861,50.726958,On or near Grosvenor Gardens,E01015282,Bournemouth 019E,Vehicle crime,Investigation complete; no suspect identified,
8436cd537a3eed71cfa2ceb4777712bf0b3a03e2566969ad75653b7d61b084e7,2018-08,Dorset Police,Dorset Police,-1.842472,50.727361,On or near Petrol Station,E01015282,Bournemouth 019E,Violence and sexual offences,Unable to prosecute suspect,
cf2ede0403c9d9afca3a5c217e86f9af135118c02a20b6357418890229707b86,2018-08,Dorset Police,Dorset Police,-1.841158,50.726154,On or near Christchurch Road,E01015282,Bournemouth 019E,Violence and sexual offences,Unable to prosecute suspect,
f012dcd6503bb76ec4495044fff7a2ce19823e82ada9bccd944aa62aea1f5ae9,2018-08,Dorset Police,Dorset Police,-1.842548,50.725571,On or near Supermarket,E01015282,Bournemouth 019E,Violence and sexual offences,Unable to prosecute suspect,
39bb99cedeba3f9e9d89df07df458613f9b1bfbd67b91183fe9798ea4db26436,2018-08,Dorset Police,Dorset Police,-1.842816,50.726111,On or near Salisbury Road,E01015282,Bournemouth 019E,Violence and sexual offences,Unable to prosecute suspect,
35b4bd930f5bd259e9444ac9bdf8e59d9ad9d231777e4a2185b68d86478f3a64,2018-08,Dorset Police,Dorset Police,-1.841977,50.727009,On or near Supermarket,E01015282,Bournemouth 019E,Violence and sexual offences,Unable to prosecute suspect,
c19725f7a5e1b864a19f16d9b4558acf48065479d5ae0a93d7bc714460d01b18,2018-08,Dorset Police,Dorset Police,-1.841158,50.726154,On or near Christchurch Road,E01015282,Bournemouth 019E,Violence and sexual offences,Unable to prosecute suspect,
3fb48bed88ee0c9f91ef9291b3379e93a7abe51cf22962a025283f6972ef1ed3,2018-08,Dorset Police,Dorset Police,-1.842548,50.725571,On or near Supermarket,E01015282,Bournemouth 019E,Violence and sexual offences,Unable to prosecute suspect,
35ade13375417f110b4d6ae216e26ce365cba9420527582debaab94cfa1c9337,2018-08,Dorset Police,Dorset Police,-1.841158,50.726154,On or near Christchurch Road,E01015282,Bournemouth 019E,Violence and sexual offences,Investigation complete; no suspect identified,
2d3868a0ae7ccc862766afc20d5c58f2f20da6d194ab4aae566d31f3d089048a,2018-08,Dorset Police,Dorset Police,-1.843808,50.725861,On or near The Crescent,E01015282,Bournemouth 019E,Violence and sexual offences,Unable to prosecute suspect,
7a2e810b59049a0552cf5e6f11a0bc871f88cd465dd3ec46a90e6fe9cc20317d,2018-08,Dorset Police,Dorset Police,-1.845815,50.727365,On or near Carysfort Road,E01015282,Bournemouth 019E,Violence and sexual offences,Status update unavailable,
61d78e57857fb5ada5bf112e64e3a2e268968609d9384ebe6ccceead29fb15f9,2018-08,Dorset Police,Dorset Police,-1.841158,50.726154,On or near Christchurch Road,E01015282,Bournemouth 019E,Violence and sexual offences,Unable to prosecute suspect,
dd054243ae0bbc90b6f505dde958787a7933061153fbdc98d3d3a013701f02ce,2018-08,Dorset Police,Dorset Police,-1.839971,50.725136,On or near Bus/Coach Station,E01015282,Bournemouth 019E,Violence and sexual offences,Unable to prosecute suspect,
a92d85d791ac30a873ad98b34e5c5995cd9386efbf1d4dba3058e1e18a256dfd,2018-08,Dorset Police,Dorset Police,-1.841158,50.726154,On or near Christchurch Road,E01015282,Bournemouth 019E,Violence and sexual offences,Investigation complete; no suspect identified,
ff999531391470547aa0ebf6cbbeae9814cc541cd12acfb8a074f4ed34c9520c,2018-08,Dorset Police,Dorset Police,-1.843861,50.726958,On or near Grosvenor Gardens,E01015282,Bournemouth 019E,Violence and sexual offences,Investigation complete; no suspect identified,
c53c55aab354c46d3d12ada4342394bf4427318e80dc6e3e7b970d81712d503b,2018-08,Dorset Police,Dorset Police,-1.841158,50.726154,On or near Christchurch Road,E01015282,Bournemouth 019E,Violence and sexual offences,Unable to prosecute suspect,
0a03fda15786807894723da520a9e46b41aba21e7abe70b4b24351e77d79e698,2018-08,Dorset Police,Dorset Police,-1.842816,50.726111,On or near Salisbury Road,E01015282,Bournemouth 019E,Violence and sexual offences,Status update unavailable,
2ec6f9b5dfd05843c9d7a77ddc9178b90b5a02eaf36a1dffc58a928a78822202,2018-08,Dorset Police,Dorset Police,-1.841158,50.726154,On or near Christchurch Road,E01015282,Bournemouth 019E,Violence and sexual offences,Offender sent to prison,
,2018-08,Dorset Police,Dorset Police,-1.838052,50.723137,On or near Percy Road,E01033241,Bournemouth 019F,Anti-social behaviour,,
,2018-08,Dorset Police,Dorset Police,-1.842198,50.724411,On or near Cecil Road,E01033241,Bournemouth 019F,Anti-social behaviour,,
78389c0f8e748b68fc6dd8548c10efc169d130f9dfa40abe0b33b7604a172e39,2018-08,Dorset Police,Dorset Police,-1.842455,50.723863,On or near Argyll Road,E01033241,Bournemouth 019F,Public order,Offender fined,
eb0e7377a93c749dc0a6317ca8369cadf048933c78dc88f5560dae296d8379cb,2018-08,Dorset Police,Dorset Police,-1.843365,50.722848,On or near Owls Road,E01033241,Bournemouth 019F,Public order,Unable to prosecute suspect,
58e6a157dbd3904c40aea77dc951f44f7d8e55941d59cd920c2762ca62899c0a,2018-08,Dorset Police,Dorset Police,-1.842198,50.724411,On or near Cecil Road,E01033241,Bournemouth 019F,Vehicle crime,Investigation complete; no suspect identified,
cdc3310969002aa011b1bae2d381d2d81c5cd5d2bb896618ea98b7383f929e62,2018-08,Dorset Police,Dorset Police,-1.843365,50.722848,On or near Owls Road,E01033241,Bournemouth 019F,Violence and sexual offences,Unable to prosecute suspect,
655fc8c53b939030271a945b8b063daca0be0b006fc7bc0031a9d1a0a3571a88,2018-08,Dorset Police,Dorset Police,-1.842198,50.724411,On or near Cecil Road,E01033241,Bournemouth 019F,Violence and sexual offences,Unable to prosecute suspect,
,2018-08,Dorset Police,Dorset Police,-1.842240,50.720472,On or near Parking Area,E01033283,Bournemouth 019G,Anti-social behaviour,,
,2018-08,Dorset Police,Dorset Police,-1.840972,50.722422,On or near Sea Road,E01033283,Bournemouth 019G,Anti-social behaviour,,
,2018-08,Dorset Police,Dorset Police,-1.839278,50.720648,On or near Parking Area,E01033283,Bournemouth 019G,Anti-social behaviour,,
db06cae738a61dc21add484b1630cea253b7f4b40b1d02b96a101bcc13d68469,2018-08,Dorset Police,Dorset Police,-1.842240,50.720472,On or near Parking Area,E01033283,Bournemouth 019G,Bicycle theft,Investigation complete; no suspect identified,
c3f9f994a19655e2ac9d253028855e4c5b39fc924dcae2aafaba6b339310532e,2018-08,Dorset Police,Dorset Police,-1.840972,50.722422,On or near Sea Road,E01033283,Bournemouth 019G,Burglary,Status update unavailable,
5e23c676c64d0f67c2b35d6aa344fae1b96cb0f14a5de5db4921373470492cc5,2018-08,Dorset Police,Dorset Police,-1.842240,50.720472,On or near Parking Area,E01033283,Bournemouth 019G,Burglary,Investigation complete; no suspect identified,
74de6dd8a778ce31efa126eb1179a4c0f4a63772d3e66223cb2406278e9dc4c7,2018-08,Dorset Police,Dorset Police,-1.842240,50.720472,On or near Parking Area,E01033283,Bournemouth 019G,Burglary,Investigation complete; no suspect identified,
6f761e3e891887fa3cda1a7af64f3e594396911d48336eb3383ba16ae511c44e,2018-08,Dorset Police,Dorset Police,-1.842240,50.720472,On or near Parking Area,E01033283,Bournemouth 019G,Burglary,Investigation complete; no suspect identified,
e744772a2a2fe7b9c9774a6c26d042955466eeda01169dd560d4c006c37f1f69,2018-08,Dorset Police,Dorset Police,-1.842240,50.720472,On or near Parking Area,E01033283,Bournemouth 019G,Public order,Further investigation is not in the public interest,
9bf1b8412c1cd80fcef037f318804193591953a1ff9ba3b5e30e92027728c0b6,2018-08,Dorset Police,Dorset Police,-1.842240,50.720472,On or near Parking Area,E01033283,Bournemouth 019G,Violence and sexual offences,Investigation complete; no suspect identified,
,2018-08,Dorset Police,Dorset Police,-1.777692,50.719108,On or near Parking Area,E01015295,Bournemouth 020A,Anti-social behaviour,,
,2018-08,Dorset Police,Dorset Police,-1.782102,50.721275,On or near Harbour Road,E01015295,Bournemouth 020A,Anti-social behaviour,,
,2018-08,Dorset Police,Dorset Police,-1.777692,50.719108,On or near Parking Area,E01015295,Bournemouth 020A,Anti-social behaviour,,
,2018-08,Dorset Police,Dorset Police,-1.777692,50.719108,On or near Parking Area,E01015295,Bournemouth 020A,Anti-social behaviour,,
22388c58746921de10e756746ddeb91c59492750360729a33ce435d0ff9ec7a1,2018-08,Dorset Police,Dorset Police,-1.788082,50.723894,On or near Nugent Road,E01015295,Bournemouth 020A,Criminal damage and arson,Unable to prosecute suspect,
e85137d63c8475fbb8341811c863ce0016bf66289ff6bc053e4a69eed1571625,2018-08,Dorset Police,Dorset Police,-1.788082,50.723894,On or near Nugent Road,E01015295,Bournemouth 020A,Criminal damage and arson,Status update unavailable,
1357b37eb2494cd562c4515a1c66617a95735e253adb17f33b402140acc2a7af,2018-08,Dorset Police,Dorset Police,-1.777692,50.719108,On or near Parking Area,E01015295,Bournemouth 020A,Other theft,Investigation complete; no suspect identified,
90a8b53abcc68aee15d97e9ea7fd0d9750685a1df438c061be51b9d71ee0c2b1,2018-08,Dorset Police,Dorset Police,-1.790024,50.720561,On or near Admiralty Road,E01015295,Bournemouth 020A,Public order,Further investigation is not in the public interest,
afe2deaad0db8661c7236a8d6ffa2abfe7b47c3644c4c281a5e97a8b89527a70,2018-08,Dorset Police,Dorset Police,-1.777692,50.719108,On or near Parking Area,E01015295,Bournemouth 020A,Public order,Investigation complete; no suspect identified,
,2018-08,Dorset Police,Dorset Police,-1.795973,50.724007,On or near Foxholes Road,E01015296,Bournemouth 020B,Anti-social behaviour,,
,2018-08,Dorset Police,Dorset Police,-1.797489,50.720646,On or near Parking Area,E01015296,Bournemouth 020B,Anti-social behaviour,,
5dacfa348b2bfa8aa684cc80a044833e5daeaddc158e4d23a3c285b7e260cecb,2018-08,Dorset Police,Dorset Police,-1.794171,50.724714,On or near Belle Vue Road,E01015296,Bournemouth 020B,Burglary,Investigation complete; no suspect identified,
c602054bec73a16acf3b9764c3e0b9b1997c734e938f6d9308f9ddad9e0b348c,2018-08,Dorset Police,Dorset Police,-1.797489,50.720646,On or near Parking Area,E01015296,Bournemouth 020B,Other theft,Investigation complete; no suspect identified,
912da05d94e842e89160e998db619a99da41a7a3cd8e88a69553b58ba7afeedc,2018-08,Dorset Police,Dorset Police,-1.794171,50.724714,On or near Belle Vue Road,E01015296,Bournemouth 020B,Violence and sexual offences,Further investigation is not in the public interest,
,2018-08,Dorset Police,Dorset Police,-1.784658,50.729328,On or near Sports/Recreation Area,E01015298,Bournemouth 020C,Anti-social behaviour,,
,2018-08,Dorset Police,Dorset Police,-1.784658,50.729328,On or near Sports/Recreation Area,E01015298,Bournemouth 020C,Anti-social behaviour,,
62874650a6f1cce450251ef82b62a9d7d8f7dc71f2b1fafb30ad2ab0db2ee5a1,2018-08,Dorset Police,Dorset Police,-1.784658,50.729328,On or near Sports/Recreation Area,E01015298,Bournemouth 020C,Other theft,Investigation complete; no suspect identified,
a7a51645724c9680d60214a4a285a0ac9046dd06a63d5072123e5dc7602ce0a8,2018-08,Dorset Police,Dorset Police,-1.777891,50.722085,On or near Rolls Drive,E01015298,Bournemouth 020C,Violence and sexual offences,Investigation complete; no suspect identified,
,2018-08,Dorset Police,Dorset Police,-1.793799,50.728751,On or near Supermarket,E01015299,Bournemouth 020D,Anti-social behaviour,,
,2018-08,Dorset Police,Dorset Police,-1.793799,50.728751,On or near Supermarket,E01015299,Bournemouth 020D,Anti-social behaviour,,
,2018-08,Dorset Police,Dorset Police,-1.791573,50.729008,On or near Riverside Lane,E01015299,Bournemouth 020D,Anti-social behaviour,,
,2018-08,Dorset Police,Dorset Police,-1.795244,50.731955,On or near Ilford Close,E01015299,Bournemouth 020D,Anti-social behaviour,,
847c067ce6a426b51223c5742a556ab6395e4c5ff62604153245459313e3535b,2018-08,Dorset Police,Dorset Police,-1.791573,50.729008,On or near Riverside Lane,E01015299,Bournemouth 020D,Bicycle theft,Investigation complete; no suspect identified,
5ba6446aad036f21ee72c4291e11e73fba0549fa8ed954f24a81e7169a834206,2018-08,Dorset Police,Dorset Police,-1.797483,50.735169,On or near Sports/Recreation Area,E01015299,Bournemouth 020D,Criminal damage and arson,Investigation complete; no suspect identified,
f4b8d9f56c7dfdefd2c2d0291271ff432a22ac215b6a9e329d2bbc59f0216534,2018-08,Dorset Police,Dorset Police,-1.791573,50.729008,On or near Riverside Lane,E01015299,Bournemouth 020D,Other theft,Investigation complete; no suspect identified,
f9b12084dc33b2d6718b47e9d5106f2d380f55ba2150f9da08892147ba79734b,2018-08,Dorset Police,Dorset Police,-1.791573,50.729008,On or near Riverside Lane,E01015299,Bournemouth 020D,Other theft,Investigation complete; no suspect identified,
ada80f4395a54dba58d47b948e9bbc3745ea719629de815e4403d418fd3ba65a,2018-08,Dorset Police,Dorset Police,-1.793451,50.727266,On or near Danesbury Avenue,E01015299,Bournemouth 020D,Public order,Investigation complete; no suspect identified,
ab38481c8508b3b88ace5c290715cf14958390ad021c4b1328062a42c3306f43,2018-08,Dorset Police,Dorset Police,-1.793799,50.728751,On or near Supermarket,E01015299,Bournemouth 020D,Shoplifting,Suspect charged as part of another case,
83ceb146aa0fb06b6d4ac11309ac3b2f9c36744956fc8a0795765edd2a7a4368,2018-08,Dorset Police,Dorset Police,-1.797483,50.735169,On or near Sports/Recreation Area,E01015299,Bournemouth 020D,Violence and sexual offences,Unable to prosecute suspect,
93afaca1f37db26e0f762910545d7027878434fb2d2b10ceb141e2e3046b3333,2018-08,Dorset Police,Dorset Police,-1.795244,50.731955,On or near Ilford Close,E01015299,Bournemouth 020D,Violence and sexual offences,Unable to prosecute suspect,
,2018-08,Dorset Police,Dorset Police,-1.797417,50.724216,On or near Wayside Road,E01015300,Bournemouth 020E,Anti-social behaviour,,
,2018-08,Dorset Police,Dorset Police,-1.800427,50.725993,On or near Tuckton Road,E01015300,Bournemouth 020E,Anti-social behaviour,,
,2018-08,Dorset Police,Dorset Police,-1.800948,50.726785,On or near Elms Way,E01015300,Bournemouth 020E,Anti-social behaviour,,
,2018-08,Dorset Police,Dorset Police,-1.802094,50.727218,On or near Glenroyd Gardens,E01015300,Bournemouth 020E,Anti-social behaviour,,
9a9fbfc2eb517b9b1453d7683dedfdf34365a4b610ec6701a6759b0dd2d7699c,2018-08,Dorset Police,Dorset Police,-1.800427,50.725993,On or near Tuckton Road,E01015300,Bournemouth 020E,Burglary,Offender sent to prison,
9c3c233b582aec494487669dfa368a8b19e07f16c2817a49f6fa66e504a311cb,2018-08,Dorset Police,Dorset Police,-1.797417,50.724216,On or near Wayside Road,E01015300,Bournemouth 020E,Vehicle crime,Investigation complete; no suspect identified,
9980dc8d871d395997c1dd996354d5666aa47c95946a16fdaef4e95415c6fc34,2018-08,Dorset Police,Dorset Police,-1.798804,50.724605,On or near Ken Road,E01015300,Bournemouth 020E,Violence and sexual offences,Status update unavailable,
592d0220e55ef0367381de6d1e5be41b62a647e74f8a7bb3d124aa2016b62d0b,2018-08,Dorset Police,Dorset Police,-1.797417,50.724216,On or near Wayside Road,E01015300,Bournemouth 020E,Violence and sexual offences,Unable to prosecute suspect,
,2018-08,Dorset Police,Dorset Police,-1.875668,50.716097,On or near Theatre/Concert Hall,E01015285,Bournemouth 021A,Anti-social behaviour,,
,2018-08,Dorset Police,Dorset Police,-1.864106,50.722379,On or near Further/Higher Educational Building,E01015285,Bournemouth 021A,Anti-social behaviour,,
,2018-08,Dorset Police,Dorset Police,-1.871700,50.722082,On or near Old Christchurch Road,E01015285,Bournemouth 021A,Anti-social behaviour,,
,2018-08,Dorset Police,Dorset Police,-1.865580,50.722228,On or near Further/Higher Educational Building,E01015285,Bournemouth 021A,Anti-social behaviour,,
,2018-08,Dorset Police,Dorset Police,-1.864106,50.722379,On or near Further/Higher Educational Building,E01015285,Bournemouth 021A,Anti-social behaviour,,
,2018-08,Dorset Police,Dorset Police,-1.864106,50.722379,On or near Further/Higher Educational Building,E01015285,Bournemouth 021A,Anti-social behaviour,,
,2018-08,Dorset Police,Dorset Police,-1.871700,50.722082,On or near Old Christchurch Road,E01015285,Bournemouth 021A,Anti-social behaviour,,
,2018-08,Dorset Police,Dorset Police,-1.875668,50.716097,On or near Theatre/Concert Hall,E01015285,Bournemouth 021A,Anti-social behaviour,,
,2018-08,Dorset Police,Dorset Police,-1.870367,50.722584,On or near Cumnor Road,E01015285,Bournemouth 021A,Anti-social behaviour,,
,2018-08,Dorset Police,Dorset Police,-1.864106,50.722379,On or near Further/Higher Educational Building,E01015285,Bournemouth 021A,Anti-social behaviour,,
,2018-08,Dorset Police,Dorset Police,-1.871700,50.722082,On or near Old Christchurch Road,E01015285,Bournemouth 021A,Anti-social behaviour,,
,2018-08,Dorset Police,Dorset Police,-1.875668,50.716097,On or near Theatre/Concert Hall,E01015285,Bournemouth 021A,Anti-social behaviour,,
,2018-08,Dorset Police,Dorset Police,-1.868775,50.724615,On or near Parking Area,E01015285,Bournemouth 021A,Anti-social behaviour,,
,2018-08,Dorset Police,Dorset Police,-1.875668,50.716097,On or near Theatre/Concert Hall,E01015285,Bournemouth 021A,Anti-social behaviour,,
,2018-08,Dorset Police,Dorset Police,-1.874884,50.718264,On or near Parking Area,E01015285,Bournemouth 021A,Anti-social behaviour,,
,2018-08,Dorset Police,Dorset Police,-1.867853,50.719874,On or near Gervis Road,E01015285,Bournemouth 021A,Anti-social behaviour,,
,2018-08,Dorset Police,Dorset Police,-1.863696,50.722145,On or near Christchurch Road,E01015285,Bournemouth 021A,Anti-social behaviour,,
,2018-08,Dorset Police,Dorset Police,-1.866743,50.721888,On or near B3064,E01015285,Bournemouth 021A,Anti-social behaviour,,
,2018-08,Dorset Police,Dorset Police,-1.865338,50.722659,On or near Supermarket,E01015285,Bournemouth 021A,Anti-social behaviour,,
,2018-08,Dorset Police,Dorset Police,-1.871439,50.719240,On or near Bath Road,E01015285,Bournemouth 021A,Anti-social behaviour,,
,2018-08,Dorset Police,Dorset Police,-1.871700,50.722082,On or near Old Christchurch Road,E01015285,Bournemouth 021A,Anti-social behaviour,,
,2018-08,Dorset Police,Dorset Police,-1.871700,50.722082,On or near Old Christchurch Road,E01015285,Bournemouth 021A,Anti-social behaviour,,
,2018-08,Dorset Police,Dorset Police,-1.866743,50.721888,On or near B3064,E01015285,Bournemouth 021A,Anti-social behaviour,,
,2018-08,Dorset Police,Dorset Police,-1.871700,50.722082,On or near Old Christchurch Road,E01015285,Bournemouth 021A,Anti-social behaviour,,
,2018-08,Dorset Police,Dorset Police,-1.870593,50.722809,On or near Lorne Park Road,E01015285,Bournemouth 021A,Anti-social behaviour,,
,2018-08,Dorset Police,Dorset Police,-1.865338,50.722659,On or near Supermarket,E01015285,Bournemouth 021A,Anti-social behaviour,,
,2018-08,Dorset Police,Dorset Police,-1.874234,50.717346,On or near Parking Area,E01015285,Bournemouth 021A,Anti-social behaviour,,
,2018-08,Dorset Police,Dorset Police,-1.867853,50.719874,On or near Gervis Road,E01015285,Bournemouth 021A,Anti-social behaviour,,
,2018-08,Dorset Police,Dorset Police,-1.866300,50.723164,On or near Lansdowne Mews,E01015285,Bournemouth 021A,Anti-social behaviour,,
,2018-08,Dorset Police,Dorset Police,-1.871700,50.722082,On or near Old Christchurch Road,E01015285,Bournemouth 021A,Anti-social behaviour,,
,2018-08,Dorset Police,Dorset Police,-1.865580,50.722228,On or near Further/Higher Educational Building,E01015285,Bournemouth 021A,Anti-social behaviour,,
,2018-08,Dorset Police,Dorset Police,-1.871439,50.719240,On or near Bath Road,E01015285,Bournemouth 021A,Anti-social behaviour,,
,2018-08,Dorset Police,Dorset Police,-1.868896,50.721782,On or near Wootton Mount,E01015285,Bournemouth 021A,Anti-social behaviour,,
,2018-08,Dorset Police,Dorset Police,-1.868775,50.724615,On or near Parking Area,E01015285,Bournemouth 021A,Anti-social behaviour,,
,2018-08,Dorset Police,Dorset Police,-1.865338,50.722659,On or near Supermarket,E01015285,Bournemouth 021A,Anti-social behaviour,,
,2018-08,Dorset Police,Dorset Police,-1.867853,50.719874,On or near Gervis Road,E01015285,Bournemouth 021A,Anti-social behaviour,,
,2018-08,Dorset Police,Dorset Police,-1.868775,50.724615,On or near Parking Area,E01015285,Bournemouth 021A,Anti-social behaviour,,
,2018-08,Dorset Police,Dorset Police,-1.873620,50.719413,On or near Upper Hinton Road,E01015285,Bournemouth 021A,Anti-social behaviour,,
,2018-08,Dorset Police,Dorset Police,-1.874884,50.718264,On or near Parking Area,E01015285,Bournemouth 021A,Anti-social behaviour,,
,2018-08,Dorset Police,Dorset Police,-1.866642,50.722292,On or near Lansdowne Crescent,E01015285,Bournemouth 021A,Anti-social behaviour,,
,2018-08,Dorset Police,Dorset Police,-1.875668,50.716097,On or near Theatre/Concert Hall,E01015285,Bournemouth 021A,Anti-social behaviour,,
,2018-08,Dorset Police,Dorset Police,-1.875668,50.716097,On or near Theatre/Concert Hall,E01015285,Bournemouth 021A,Anti-social behaviour,,
,2018-08,Dorset Police,Dorset Police,-1.873620,50.719413,On or near Upper Hinton Road,E01015285,Bournemouth 021A,Anti-social behaviour,,
,2018-08,Dorset Police,Dorset Police,-1.863696,50.722145,On or near Christchurch Road,E01015285,Bournemouth 021A,Anti-social behaviour,,
,2018-08,Dorset Police,Dorset Police,-1.865040,50.722911,On or near Nightclub,E01015285,Bournemouth 021A,Anti-social behaviour,,
,2018-08,Dorset Police,Dorset Police,-1.863696,50.722145,On or near Christchurch Road,E01015285,Bournemouth 021A,Anti-social behaviour,,
,2018-08,Dorset Police,Dorset Police,-1.866218,50.721887,On or near B3064,E01015285,Bournemouth 021A,Anti-social behaviour,,
,2018-08,Dorset Police,Dorset Police,-1.866642,50.722292,On or near Lansdowne Crescent,E01015285,Bournemouth 021A,Anti-social behaviour,,
,2018-08,Dorset Police,Dorset Police,-1.866218,50.721887,On or near B3064,E01015285,Bournemouth 021A,Anti-social behaviour,,
,2018-08,Dorset Police,Dorset Police,-1.875668,50.716097,On or near Theatre/Concert Hall,E01015285,Bournemouth 021A,Anti-social behaviour,,
,2018-08,Dorset Police,Dorset Police,-1.864106,50.722379,On or near Further/Higher Educational Building,E01015285,Bournemouth 021A,Anti-social behaviour,,
,2018-08,Dorset Police,Dorset Police,-1.871700,50.722082,On or near Old Christchurch Road,E01015285,Bournemouth 021A,Anti-social behaviour,,
,2018-08,Dorset Police,Dorset Police,-1.861444,50.722052,On or near Further/Higher Educational Building,E01015285,Bournemouth 021A,Anti-social behaviour,,
,2018-08,Dorset Police,Dorset Police,-1.866218,50.721887,On or near B3064,E01015285,Bournemouth 021A,Anti-social behaviour,,
,2018-08,Dorset Police,Dorset Police,-1.863696,50.722145,On or near Christchurch Road,E01015285,Bournemouth 021A,Anti-social behaviour,,
,2018-08,Dorset Police,Dorset Police,-1.866743,50.721888,On or near B3064,E01015285,Bournemouth 021A,Anti-social behaviour,,
,2018-08,Dorset Police,Dorset Police,-1.870367,50.722584,On or near Cumnor Road,E01015285,Bournemouth 021A,Anti-social behaviour,,
,2018-08,Dorset Police,Dorset Police,-1.875668,50.716097,On or near Theatre/Concert Hall,E01015285,Bournemouth 021A,Anti-social behaviour,,
,2018-08,Dorset Police,Dorset Police,-1.866743,50.721888,On or near B3064,E01015285,Bournemouth 021A,Anti-social behaviour,,
,2018-08,Dorset Police,Dorset Police,-1.866642,50.722292,On or near Lansdowne Crescent,E01015285,Bournemouth 021A,Anti-social behaviour,,
,2018-08,Dorset Police,Dorset Police,-1.867853,50.719874,On or near Gervis Road,E01015285,Bournemouth 021A,Anti-social behaviour,,
,2018-08,Dorset Police,Dorset Police,-1.866743,50.721888,On or near B3064,E01015285,Bournemouth 021A,Anti-social behaviour,,
,2018-08,Dorset Police,Dorset Police,-1.867853,50.719874,On or near Gervis Road,E01015285,Bournemouth 021A,Anti-social behaviour,,
,2018-08,Dorset Police,Dorset Police,-1.863696,50.722145,On or near Christchurch Road,E01015285,Bournemouth 021A,Anti-social behaviour,,
,2018-08,Dorset Police,Dorset Police,-1.865580,50.722228,On or near Further/Higher Educational Building,E01015285,Bournemouth 021A,Anti-social behaviour,,
,2018-08,Dorset Police,Dorset Police,-1.868694,50.723194,On or near Stafford Road,E01015285,Bournemouth 021A,Anti-social behaviour,,
,2018-08,Dorset Police,Dorset Police,-1.867853,50.719874,On or near Gervis Road,E01015285,Bournemouth 021A,Anti-social behaviour,,
,2018-08,Dorset Police,Dorset Police,-1.866743,50.721888,On or near B3064,E01015285,Bournemouth 021A,Anti-social behaviour,,
ba1a991bc60d4a464ea078ff3ea80d76c5c147d1d0768a9b74f20ca6c864b314,2018-08,Dorset Police,Dorset Police,-1.868694,50.723194,On or near Stafford Road,E01015285,Bournemouth 021A,Bicycle theft,Investigation complete; no suspect identified,
dc233f413893d022c76c1f92caf5f68b1c2c3af9b829a00af6b196d9effa4886,2018-08,Dorset Police,Dorset Police,-1.873620,50.719413,On or near Upper Hinton Road,E01015285,Bournemouth 021A,Bicycle theft,Investigation complete; no suspect identified,
2a3c4ae1a8e0f350afd5f2f5b58596cb934b7fd873d38a130745af97bd70ed4b,2018-08,Dorset Police,Dorset Police,-1.866642,50.722292,On or near Lansdowne Crescent,E01015285,Bournemouth 021A,Bicycle theft,Investigation complete; no suspect identified,
87dc756630ef87f9f19c755115c7049ba758a4d2cd068c7b34bef1744091c869,2018-08,Dorset Police,Dorset Police,-1.868694,50.723194,On or near Stafford Road,E01015285,Bournemouth 021A,Bicycle theft,Investigation complete; no suspect identified,
0c146ab7c040b4f65488a644c5f6b60b769f5b2d5498ecda0032057f70a2e995,2018-08,Dorset Police,Dorset Police,-1.873620,50.719413,On or near Upper Hinton Road,E01015285,Bournemouth 021A,Bicycle theft,Investigation complete; no suspect identified,
0fc3006f25e9c5dd442a5171487a51acdbc6e9c7344d65d863ad8d934bb051c6,2018-08,Dorset Police,Dorset Police,-1.865580,50.722228,On or near Further/Higher Educational Building,E01015285,Bournemouth 021A,Bicycle theft,Investigation complete; no suspect identified,
a5a364b6b712ca3ef2cad939b912ba70dfa3d56ba0c14c9e158799539a9405aa,2018-08,Dorset Police,Dorset Police,-1.863696,50.722145,On or near Christchurch Road,E01015285,Bournemouth 021A,Bicycle theft,Investigation complete; no suspect identified,
70100dbc1c11faf6278a4b40de1af8e0df31a593e66ce7ed0922cf6eb493b3cd,2018-08,Dorset Police,Dorset Police,-1.870961,50.717837,On or near Russell Cotes Road,E01015285,Bournemouth 021A,Bicycle theft,Unable to prosecute suspect,
d87b7c3a65a8b74233b866bc5e96bb1a3306b094af06497f5d8c3ad63b9c5394,2018-08,Dorset Police,Dorset Police,-1.866300,50.723164,On or near Lansdowne Mews,E01015285,Bournemouth 021A,Bicycle theft,Investigation complete; no suspect identified,
60a38ea3d32aad504c3c2f11244dbf0b74cc185233bc17a6231113f50b60ffd4,2018-08,Dorset Police,Dorset Police,-1.874234,50.717346,On or near Parking Area,E01015285,Bournemouth 021A,Burglary,Investigation complete; no suspect identified,
ae649c8bd6114982f68693db34cbc90cc6e0cf688d1fd0f2692e14556148ae24,2018-08,Dorset Police,Dorset Police,-1.873620,50.719413,On or near Upper Hinton Road,E01015285,Bournemouth 021A,Burglary,Investigation complete; no suspect identified,
099c8d4a28f2da5726e831ee190e47b4066968f7693a4f21d6ab0112ba8a0ada,2018-08,Dorset Police,Dorset Police,-1.865040,50.722911,On or near Nightclub,E01015285,Bournemouth 021A,Burglary,Investigation complete; no suspect identified,
55a896dc5d34a31ccc0a6f1fa5491b7875fdb7844612172a3bf9094069ee501a,2018-08,Dorset Police,Dorset Police,-1.874234,50.717346,On or near Parking Area,E01015285,Bournemouth 021A,Burglary,Investigation complete; no suspect identified,
22e4d4d26a1e34c04958defacaad3b5676c6805a21953fb736da0008b4535e4f,2018-08,Dorset Police,Dorset Police,-1.861444,50.722052,On or near Further/Higher Educational Building,E01015285,Bournemouth 021A,Burglary,Unable to prosecute suspect,
4ee1e196b558d04170c942273219ab753bf762acb0587fe144775dba869a2938,2018-08,Dorset Police,Dorset Police,-1.866300,50.723164,On or near Lansdowne Mews,E01015285,Bournemouth 021A,Burglary,Unable to prosecute suspect,
74ea91d1b2f3b4e1beab99254224c64d04b7ea13d146e4a150bb99a262dd15e0,2018-08,Dorset Police,Dorset Police,-1.875668,50.716097,On or near Theatre/Concert Hall,E01015285,Bournemouth 021A,Burglary,Offender given a caution,
3d2bd190b2b1b84dae86e8a1a0fdb50940b3dcd0fb228ebc52e888d6db350f8b,2018-08,Dorset Police,Dorset Police,-1.873620,50.719413,On or near Upper Hinton Road,E01015285,Bournemouth 021A,Burglary,Investigation complete; no suspect identified,
eec8ab032807604e656c4196bb74ba59140caf30d0d1f77ef8218bccbb59629b,2018-08,Dorset Police,Dorset Police,-1.868694,50.723194,On or near Stafford Road,E01015285,Bournemouth 021A,Criminal damage and arson,Unable to prosecute suspect,
f8ea0667ef042fa669453abd51b5570f6271b05c771ac535241e1502ba234eea,2018-08,Dorset Police,Dorset Police,-1.861401,50.722295,On or near Christchurch Road,E01015285,Bournemouth 021A,Criminal damage and arson,Investigation complete; no suspect identified,
12cc9fa1a50b9f206f36e3a3c421ffb5ca55a577020c26fa5df3d778d9f703ee,2018-08,Dorset Police,Dorset Police,-1.867853,50.719874,On or near Gervis Road,E01015285,Bournemouth 021A,Criminal damage and arson,Investigation complete; no suspect identified,
37674c920a31c3b5828a8e4e67fd1d32e0a4ef036573c55fd3fc15c66224e099,2018-08,Dorset Police,Dorset Police,-1.871700,50.722082,On or near Old Christchurch Road,E01015285,Bournemouth 021A,Criminal damage and arson,Unable to prosecute suspect,
7a967b6f79b1f55cb6cedcaee2c3cd4af436ce6c8b347f32a54c1fb419618372,2018-08,Dorset Police,Dorset Police,-1.867853,50.719874,On or near Gervis Road,E01015285,Bournemouth 021A,Criminal damage and arson,Unable to prosecute suspect,
718b80d029f118d6e7db517218ff3f1a556cb7ac4ea9c70174af024da5ae0904,2018-08,Dorset Police,Dorset Police,-1.866642,50.722292,On or near Lansdowne Crescent,E01015285,Bournemouth 021A,Criminal damage and arson,Investigation complete; no suspect identified,
5c177b05c0fc8afce57f4939f0cd8c67372a53ce09e3b1bd11b6bf8bcf3b5c3b,2018-08,Dorset Police,Dorset Police,-1.870367,50.722584,On or near Cumnor Road,E01015285,Bournemouth 021A,Criminal damage and arson,Unable to prosecute suspect,
d01b285ba5331185026041120d1e78645c62a5da0cd64b4f99fafe23c200a653,2018-08,Dorset Police,Dorset Police,-1.866151,50.720637,On or near Meyrick Road,E01015285,Bournemouth 021A,Criminal damage and arson,Unable to prosecute suspect,
252614640e0fcef8c880f39a38e6551b5d8c63b06e8fd566df58c142722f9029,2018-08,Dorset Police,Dorset Police,-1.865338,50.722659,On or near Supermarket,E01015285,Bournemouth 021A,Criminal damage and arson,Local resolution,
fd4da3bb2423fdc2f7e50ddadd706e545b666a07467ddcaf3cf7d0eb9ad1fc7d,2018-08,Dorset Police,Dorset Police,-1.867853,50.719874,On or near Gervis Road,E01015285,Bournemouth 021A,Criminal damage and arson,Investigation complete; no suspect identified,
d4cc6b42035b853da41c8d3302a64034aeb53c50ee02a04b3c0fac34d7bb9342,2018-08,Dorset Police,Dorset Police,-1.866151,50.720637,On or near Meyrick Road,E01015285,Bournemouth 021A,Criminal damage and arson,Investigation complete; no suspect identified,
28f0e7ed09916e1475c3861b07d55e85b4f3d368c654264715ed17f0163af227,2018-08,Dorset Police,Dorset Police,-1.861878,50.723842,On or near Parking Area,E01015285,Bournemouth 021A,Criminal damage and arson,Investigation complete; no suspect identified,
051dafd8208a0c887c520bb3acf3ee2df4c21dd68b3b3c126796eee7ed750d85,2018-08,Dorset Police,Dorset Police,-1.867660,50.718112,On or near East Overcliff Drive,E01015285,Bournemouth 021A,Criminal damage and arson,Investigation complete; no suspect identified,
c83c9b44dc9cbebc3c8109374ff8b50ffd9b31a15dd391b1f2057b92f525d8a0,2018-08,Dorset Police,Dorset Police,-1.862325,50.721190,On or near Weston Drive,E01015285,Bournemouth 021A,Criminal damage and arson,Investigation complete; no suspect identified,
cdca78b1a8173df989324396f59528425bb048ca149f1f25a7527031f26f1ffa,2018-08,Dorset Police,Dorset Police,-1.868775,50.724615,On or near Parking Area,E01015285,Bournemouth 021A,Criminal damage and arson,Court result unavailable,
4ca692cc9fe4713a5c4e47578282bffc3efa371c4028a52be2af0af5fa5158f6,2018-08,Dorset Police,Dorset Police,-1.871700,50.722082,On or near Old Christchurch Road,E01015285,Bournemouth 021A,Drugs,Offender sent to prison,
7d6f2eac3dcc891e4cf94ddd3d3225dfa962766c3002a1345a2e5d30ed4c6db7,2018-08,Dorset Police,Dorset Police,-1.868775,50.724615,On or near Parking Area,E01015285,Bournemouth 021A,Drugs,Offender given a caution,
9a8ba9e85c8ed91ed91f2ea039914c81c75cb40d7706dc41ea2f192bf7d80e36,2018-08,Dorset Police,Dorset Police,-1.868775,50.724615,On or near Parking Area,E01015285,Bournemouth 021A,Drugs,Offender fined,
280c37a94199633da20b16edf78ae5d84bbb177c87e9746f1683b717d34d4d76,2018-08,Dorset Police,Dorset Police,-1.867660,50.718112,On or near East Overcliff Drive,E01015285,Bournemouth 021A,Drugs,Offender deprived of property,
dda2ceca581d83fdf0d95f8f01b279e3e1e7296415565563d9771210a0c306f1,2018-08,Dorset Police,Dorset Police,-1.868694,50.723194,On or near Stafford Road,E01015285,Bournemouth 021A,Drugs,Formal action is not in the public interest,
ea0bc395e040dd43f8689bf0b7cdc1033e3d3b3ada62b04372d151103196f774,2018-08,Dorset Police,Dorset Police,-1.868694,50.723194,On or near Stafford Road,E01015285,Bournemouth 021A,Drugs,Offender given a caution,
e1f9d5828d8b9751ab18aef24a22976675b9a30351e496319a7f15472df8ead8,2018-08,Dorset Police,Dorset Police,-1.873620,50.719413,On or near Upper Hinton Road,E01015285,Bournemouth 021A,Other theft,Investigation complete; no suspect identified,
7300ac639872e8ea52c71d1940adccb65b159069f1611ff0ebbf4439077dd020,2018-08,Dorset Police,Dorset Police,-1.865580,50.722228,On or near Further/Higher Educational Building,E01015285,Bournemouth 021A,Other theft,Investigation complete; no suspect identified,
860a949fc937cc6478aa455b80f63c5a83ca0d90332813a7304104b593c22927,2018-08,Dorset Police,Dorset Police,-1.875668,50.716097,On or near Theatre/Concert Hall,E01015285,Bournemouth 021A,Other theft,Investigation complete; no suspect identified,
78982dfcf6599073be7c185bff0b8059e217e04ad1aa6100b0b0fcad0fe20d71,2018-08,Dorset Police,Dorset Police,-1.875668,50.716097,On or near Theatre/Concert Hall,E01015285,Bournemouth 021A,Other theft,Court result unavailable,
bc193cc2ab8c7868b46cd596aa771cb0a824a047e3ea7a95b8f93b514cef309f,2018-08,Dorset Police,Dorset Police,-1.875668,50.716097,On or near Theatre/Concert Hall,E01015285,Bournemouth 021A,Other theft,Investigation complete; no suspect identified,
50de7696e8c762532233c807fb00bdaac08d97b0e13910832992a9a9ad55cb3b,2018-08,Dorset Police,Dorset Police,-1.875668,50.716097,On or near Theatre/Concert Hall,E01015285,Bournemouth 021A,Other theft,Investigation complete; no suspect identified,
be6ea040cc169116c1ba0bf1634a413b3f84bb091487c8da0c2e6266442d6d6c,2018-08,Dorset Police,Dorset Police,-1.868775,50.724615,On or near Parking Area,E01015285,Bournemouth 021A,Other theft,Offender given suspended prison sentence,
da24e706dda088b9a0185320e0a206690f77cf6dc37e0aec92fff31b3df9ef83,2018-08,Dorset Police,Dorset Police,-1.866300,50.723164,On or near Lansdowne Mews,E01015285,Bournemouth 021A,Other theft,Investigation complete; no suspect identified,
85ab883f3b49d9832b65cbe9ce3503c5507d86ade693a44d89ea3532b9ba4bb1,2018-08,Dorset Police,Dorset Police,-1.866300,50.723164,On or near Lansdowne Mews,E01015285,Bournemouth 021A,Other theft,Investigation complete; no suspect identified,
cbcd241b9dc12108c330b1eadc808e0b36b496fef64d74520fc018b9d4afc6e1,2018-08,Dorset Police,Dorset Police,-1.871700,50.722082,On or near Old Christchurch Road,E01015285,Bournemouth 021A,Other theft,Unable to prosecute suspect,
533f57ea11ad4d6ecaa995056a085cffd7c0f657fbe5b9728b76c4bc8b00c044,2018-08,Dorset Police,Dorset Police,-1.875668,50.716097,On or near Theatre/Concert Hall,E01015285,Bournemouth 021A,Other theft,Investigation complete; no suspect identified,
c50d7b2c2e96e22ba0fca035664523e902841d4b2e011f44bac004d629056353,2018-08,Dorset Police,Dorset Police,-1.875668,50.716097,On or near Theatre/Concert Hall,E01015285,Bournemouth 021A,Other theft,Investigation complete; no suspect identified,
6943add6eb23381fdc8b9f9dd70ca4c8133fa80c73be68e0ed0a50880e11ca6d,2018-08,Dorset Police,Dorset Police,-1.869439,50.720038,On or near Petrol Station,E01015285,Bournemouth 021A,Other theft,Investigation complete; no suspect identified,
2e7b99f3daad082c45d40b227419a4a1d82481b9dbed8de36fad88a62f1ebb87,2018-08,Dorset Police,Dorset Police,-1.875668,50.716097,On or near Theatre/Concert Hall,E01015285,Bournemouth 021A,Other theft,Investigation complete; no suspect identified,
9ce88056172a2e90e88fc45795548dac3625503d5b5aa15a96092f1ed53c39bb,2018-08,Dorset Police,Dorset Police,-1.875668,50.716097,On or near Theatre/Concert Hall,E01015285,Bournemouth 021A,Other theft,Investigation complete; no suspect identified,
6e3122c733274c274db2062efac6668740fe014293598bb44580b6bb5f7e2070,2018-08,Dorset Police,Dorset Police,-1.875668,50.716097,On or near Theatre/Concert Hall,E01015285,Bournemouth 021A,Other theft,Investigation complete; no suspect identified,
d216c2ad932490f6191f65b473878d1f4762cb77c651f1b264d11c95697c4673,2018-08,Dorset Police,Dorset Police,-1.875668,50.716097,On or near Theatre/Concert Hall,E01015285,Bournemouth 021A,Other theft,Investigation complete; no suspect identified,
8207199befa9acc9c18b0ee9d3ee840e01dc0ebb506dde59da351af789b9c896,2018-08,Dorset Police,Dorset Police,-1.873620,50.719413,On or near Upper Hinton Road,E01015285,Bournemouth 021A,Other theft,Investigation complete; no suspect identified,
3d08fd5a123a2c2f3fdda23940c2bfd03706fb57d5724971a95de6bae66c398f,2018-08,Dorset Police,Dorset Police,-1.875668,50.716097,On or near Theatre/Concert Hall,E01015285,Bournemouth 021A,Other theft,Investigation complete; no suspect identified,
13b8982971c381a1fd44b3ebab81bdf80ac3f1e395f1c83f08514d40d2941188,2018-08,Dorset Police,Dorset Police,-1.875668,50.716097,On or near Theatre/Concert Hall,E01015285,Bournemouth 021A,Other theft,Investigation complete; no suspect identified,
dc887237aa72d7c5b7556bbaa026fb977a7a2ff3537f533ab0609e3ec5cace57,2018-08,Dorset Police,Dorset Police,-1.875668,50.716097,On or near Theatre/Concert Hall,E01015285,Bournemouth 021A,Other theft,Investigation complete; no suspect identified,
dfe82fe7b0df782f10adb401c7d98867708950ca8913e1c6605c24c5fbd6127d,2018-08,Dorset Police,Dorset Police,-1.874234,50.717346,On or near Parking Area,E01015285,Bournemouth 021A,Other theft,Investigation complete; no suspect identified,
741b4151dcf57ff439243733b7f63b5b7fab4a61e67d259eec2b02f6171f2ec9,2018-08,Dorset Police,Dorset Police,-1.870367,50.722584,On or near Cumnor Road,E01015285,Bournemouth 021A,Other theft,Investigation complete; no suspect identified,
cb65c4dfa2f4439aaa52ab8564b9071bc6bb5a942935d73ae74009cf49ff4ab2,2018-08,Dorset Police,Dorset Police,-1.871439,50.719240,On or near Bath Road,E01015285,Bournemouth 021A,Other theft,Investigation complete; no suspect identified,
e0ebe4d5ddc6790b278b8cbc1cfc09235dcd45bf856e557e7efe69149115aba2,2018-08,Dorset Police,Dorset Police,-1.869439,50.720038,On or near Petrol Station,E01015285,Bournemouth 021A,Other theft,Investigation complete; no suspect identified,
61d60bce1125b709ea8081f26811ec0b6253a9c7017b2394a7efadae87671e12,2018-08,Dorset Police,Dorset Police,-1.875668,50.716097,On or near Theatre/Concert Hall,E01015285,Bournemouth 021A,Other theft,Investigation complete; no suspect identified,
b00be7541e9cee5961f13b6740c1ae72f649df007f4fea174d2c49520d7644c7,2018-08,Dorset Police,Dorset Police,-1.875668,50.716097,On or near Theatre/Concert Hall,E01015285,Bournemouth 021A,Other theft,Investigation complete; no suspect identified,
ee1ada641a9cbf8b127737c8890a61c3deef38b800f7cc41bdc4002cc5fed1ea,2018-08,Dorset Police,Dorset Police,-1.875668,50.716097,On or near Theatre/Concert Hall,E01015285,Bournemouth 021A,Other theft,Investigation complete; no suspect identified,
b833d317380f2200b41cfe68a4909e029fa5f10122c96eeeda4730d9ff3a5541,2018-08,Dorset Police,Dorset Police,-1.868694,50.723194,On or near Stafford Road,E01015285,Bournemouth 021A,Other theft,Unable to prosecute suspect,
1214065664af9cff0ab2150331f54c7b44945d2ab4dd6bbec1c0e2cba805bc33,2018-08,Dorset Police,Dorset Police,-1.869439,50.720038,On or near Petrol Station,E01015285,Bournemouth 021A,Other theft,Unable to prosecute suspect,
6c731aa66287f89182342014b7f7ee4b5ea04dbc541883a2f66dc2b9052e2621,2018-08,Dorset Police,Dorset Police,-1.868775,50.724615,On or near Parking Area,E01015285,Bournemouth 021A,Other theft,Investigation complete; no suspect identified,
c8441d5fc8b23902129ee43eee53b6db839a585c4aedb26a7d06648818739e6e,2018-08,Dorset Police,Dorset Police,-1.869439,50.720038,On or near Petrol Station,E01015285,Bournemouth 021A,Other theft,Investigation complete; no suspect identified,
ca14863bb6c5d9f54d043552060c1850c5aa32f1296a05fad8dd6cb45452acef,2018-08,Dorset Police,Dorset Police,-1.868775,50.724615,On or near Parking Area,E01015285,Bournemouth 021A,Other theft,Further investigation is not in the public interest,
5e8997e60e6e5a410703e55741f6a6952c35f1c7f2182786e5523c9d72b83a09,2018-08,Dorset Police,Dorset Police,-1.875668,50.716097,On or near Theatre/Concert Hall,E01015285,Bournemouth 021A,Other theft,Investigation complete; no suspect identified,
f7f049f5a9da229843f8e74b418c9297ed51b53b7c0a0b973b467cde9981f272,2018-08,Dorset Police,Dorset Police,-1.875668,50.716097,On or near Theatre/Concert Hall,E01015285,Bournemouth 021A,Other theft,Investigation complete; no suspect identified,
d2e77a24150fc003fbf74f176e7ca253337ab6e6728b8af380d78a1cab67ba05,2018-08,Dorset Police,Dorset Police,-1.875668,50.716097,On or near Theatre/Concert Hall,E01015285,Bournemouth 021A,Other theft,Investigation complete; no suspect identified,
04c523af49342c2040db1cb6e8c448ee7a51f2598dbd4276045de0a77fd145a8,2018-08,Dorset Police,Dorset Police,-1.875668,50.716097,On or near Theatre/Concert Hall,E01015285,Bournemouth 021A,Other theft,Investigation complete; no suspect identified,
32d4290d57e640e3378d293d8f9d79aa1f3c1babcee2cf71fc3aeb38f424db94,2018-08,Dorset Police,Dorset Police,-1.875668,50.716097,On or near Theatre/Concert Hall,E01015285,Bournemouth 021A,Other theft,Investigation complete; no suspect identified,
d9f27055dd601f74f9313875a222e8b347a03900a0ceef37ed1799028cd7696e,2018-08,Dorset Police,Dorset Police,-1.867853,50.719874,On or near Gervis Road,E01015285,Bournemouth 021A,Other theft,Investigation complete; no suspect identified,
b69d0f3b32e398850b63c690d0080932140bfb60f9fa84758e501e33d8f8ce54,2018-08,Dorset Police,Dorset Police,-1.866151,50.720637,On or near Meyrick Road,E01015285,Bournemouth 021A,Other theft,Investigation complete; no suspect identified,
ae2db9099d738846d5add8b3bf6a2f9575712dba6ace0218dd2db50481df7fc3,2018-08,Dorset Police,Dorset Police,-1.875668,50.716097,On or near Theatre/Concert Hall,E01015285,Bournemouth 021A,Other theft,Investigation complete; no suspect identified,
8221f9f3a32fe2fbdc8ea9ee8dd63ced562a24ecc6971a93ba4e66a155d7351e,2018-08,Dorset Police,Dorset Police,-1.865338,50.722659,On or near Supermarket,E01015285,Bournemouth 021A,Possession of weapons,Offender sent to prison,
6786b3ae9b8db55644338aa814ba188f0b754c9fd5ff0baa97634b33df5a73b7,2018-08,Dorset Police,Dorset Police,-1.868694,50.723194,On or near Stafford Road,E01015285,Bournemouth 021A,Public order,Offender given conditional discharge,
5b0a33d382344c84dd06037d5482866d9f3416f80b75f79d294da2622b534120,2018-08,Dorset Police,Dorset Police,-1.866642,50.722292,On or near Lansdowne Crescent,E01015285,Bournemouth 021A,Public order,Investigation complete; no suspect identified,
05829b5a6700898531bee54137665001f92c97ad36b3ad43c82982e8ba9ca161,2018-08,Dorset Police,Dorset Police,-1.863696,50.722145,On or near Christchurch Road,E01015285,Bournemouth 021A,Public order,Offender fined,
24b73df972dd49a1058125116d7f1a410f81cd9bbedf0231b57bb717d3c91957,2018-08,Dorset Police,Dorset Police,-1.868775,50.724615,On or near Parking Area,E01015285,Bournemouth 021A,Public order,Court result unavailable,
fbe05d460d2fb0014010021f6685729ba7243d931ca9140850416bf17c4031eb,2018-08,Dorset Police,Dorset Police,-1.868896,50.721782,On or near Wootton Mount,E01015285,Bournemouth 021A,Public order,Offender given a caution,
55380ac1d7dc1abe7282cc4b972ccc62f162d371b91952d371eef7597ec5e5ca,2018-08,Dorset Police,Dorset Police,-1.867853,50.719874,On or near Gervis Road,E01015285,Bournemouth 021A,Public order,Unable to prosecute suspect,
f1ded1199badf9d78aee50a29ad0b90dc20adbc40d0cbb9f3e918540645ae3ef,2018-08,Dorset Police,Dorset Police,-1.874884,50.718264,On or near Parking Area,E01015285,Bournemouth 021A,Public order,Investigation complete; no suspect identified,
d80c5b1366b249fa76905abe0718627dd48ffa3c4b0c6e887c53fc920bd2679f,2018-08,Dorset Police,Dorset Police,-1.871700,50.722082,On or near Old Christchurch Road,E01015285,Bournemouth 021A,Shoplifting,Investigation complete; no suspect identified,
de507caef938e732f5e48bd1ca9d9daa4c4f7fc2aef258ee78c4dff3cc731f8d,2018-08,Dorset Police,Dorset Police,-1.875668,50.716097,On or near Theatre/Concert Hall,E01015285,Bournemouth 021A,Theft from the person,Investigation complete; no suspect identified,
1a9960cd00123357f926a6ad0c7cc0d7009f074004d96984253769be6f21c71c,2018-08,Dorset Police,Dorset Police,-1.867853,50.719874,On or near Gervis Road,E01015285,Bournemouth 021A,Theft from the person,Investigation complete; no suspect identified,
b7cbff4a5e38d152ebed36e1101b3a41416148324cbe02d6a11e252fbf18a332,2018-08,Dorset Police,Dorset Police,-1.867853,50.719874,On or near Gervis Road,E01015285,Bournemouth 021A,Theft from the person,Unable to prosecute suspect,
f91925d70af4a003cc66dd98777ed280355840a237fdcaf5bbf929e928990927,2018-08,Dorset Police,Dorset Police,-1.875668,50.716097,On or near Theatre/Concert Hall,E01015285,Bournemouth 021A,Theft from the person,Investigation complete; no suspect identified,
a008663716eb961eb720ebc5df5a29b3808c92b82898b4d6e0442f55a32fa635,2018-08,Dorset Police,Dorset Police,-1.875668,50.716097,On or near Theatre/Concert Hall,E01015285,Bournemouth 021A,Theft from the person,Investigation complete; no suspect identified,
9977966791c39438449f2cf05507fc95d3683561a979b48f44bbd566a1139642,2018-08,Dorset Police,Dorset Police,-1.868775,50.724615,On or near Parking Area,E01015285,Bournemouth 021A,Theft from the person,Investigation complete; no suspect identified,
6c0d5e7c2c1e78205e4ff96d29dfaf3307e2d4b6a739ac9a71cd2fbbbcd3616d,2018-08,Dorset Police,Dorset Police,-1.875668,50.716097,On or near Theatre/Concert Hall,E01015285,Bournemouth 021A,Theft from the person,Investigation complete; no suspect identified,
1ac5f583e5aacbc301879b42e50994848c608421d0899191f7dc6636e3478f27,2018-08,Dorset Police,Dorset Police,-1.875668,50.716097,On or near Theatre/Concert Hall,E01015285,Bournemouth 021A,Theft from the person,Investigation complete; no suspect identified,
a3dadca4ee2ce9112b78a712f6ea184336023c499819eab25a852483466a1950,2018-08,Dorset Police,Dorset Police,-1.865338,50.722659,On or near Supermarket,E01015285,Bournemouth 021A,Theft from the person,Investigation complete; no suspect identified,
bd4eb046285b615de6a0dd2524bbe4adf62f6e12ce695fce7d3b2a845107d450,2018-08,Dorset Police,Dorset Police,-1.875668,50.716097,On or near Theatre/Concert Hall,E01015285,Bournemouth 021A,Theft from the person,Investigation complete; no suspect identified,
0f4ee94bd7a6e36cffca1ffb37e490ae21d95edbca071f6a354b978b0d96af83,2018-08,Dorset Police,Dorset Police,-1.865580,50.722228,On or near Further/Higher Educational Building,E01015285,Bournemouth 021A,Theft from the person,Investigation complete; no suspect identified,
1c53026355c486c89930dfd959e115665aea4c013a14ae7a3349edfc98a1c261,2018-08,Dorset Police,Dorset Police,-1.873620,50.719413,On or near Upper Hinton Road,E01015285,Bournemouth 021A,Vehicle crime,Investigation complete; no suspect identified,
82feff8242c3c9e31f5b884e1c983f0e6d3fe6aa84fa60f77ea2e73e0509f0e4,2018-08,Dorset Police,Dorset Police,-1.873620,50.719413,On or near Upper Hinton Road,E01015285,Bournemouth 021A,Vehicle crime,Investigation complete; no suspect identified,
77fec0748d9c9f7a8a1a45b214488a70c4831f67eafb340836228589443036f9,2018-08,Dorset Police,Dorset Police,-1.863696,50.722145,On or near Christchurch Road,E01015285,Bournemouth 021A,Vehicle crime,Investigation complete; no suspect identified,
ff09c102dc8becd2c61bf6ecf53137e0480d77517f41f59d50eeb280f5f26060,2018-08,Dorset Police,Dorset Police,-1.862325,50.721190,On or near Weston Drive,E01015285,Bournemouth 021A,Vehicle crime,Investigation complete; no suspect identified,
f2e1da84bf8c9fa709d0e59c88ed8ac5abe92176e7835c877f8f345c0b8071e2,2018-08,Dorset Police,Dorset Police,-1.874234,50.717346,On or near Parking Area,E01015285,Bournemouth 021A,Vehicle crime,Investigation complete; no suspect identified,
81ef7f4cc6842fe4b543cc9b94ff25211c25f98706bc1c2b4a5f21c396b1f795,2018-08,Dorset Police,Dorset Police,-1.862383,50.720597,On or near Gervis Road,E01015285,Bournemouth 021A,Vehicle crime,Investigation complete; no suspect identified,
dc0950e93db709a49656684e636baa38b8518c2f16d9be4b22cd4a3b46ae5cd1,2018-08,Dorset Police,Dorset Police,-1.861878,50.723842,On or near Parking Area,E01015285,Bournemouth 021A,Vehicle crime,Investigation complete; no suspect identified,
babed88cfe1b7b0c45553f1d9e4d47d96b09928939ef3bf0844002fc7328291f,2018-08,Dorset Police,Dorset Police,-1.873620,50.719413,On or near Upper Hinton Road,E01015285,Bournemouth 021A,Vehicle crime,Investigation complete; no suspect identified,
48c22f86560cf706c4846f03f49c8bf085b6e011219a2328dac17b702a7e38d9,2018-08,Dorset Police,Dorset Police,-1.861878,50.723842,On or near Parking Area,E01015285,Bournemouth 021A,Vehicle crime,Investigation complete; no suspect identified,
8ad932ca51eaae5e95debdb1090eb5d97245cc9d034cce10a4c9785e8b4108a1,2018-08,Dorset Police,Dorset Police,-1.866300,50.723164,On or near Lansdowne Mews,E01015285,Bournemouth 021A,Violence and sexual offences,Offender given a caution,
3b7ad69163d113618e5db6bfb62609f780bca3c919049c807d85d975b50ddb5d,2018-08,Dorset Police,Dorset Police,-1.870367,50.722584,On or near Cumnor Road,E01015285,Bournemouth 021A,Violence and sexual offences,Court result unavailable,
3fae3f9784beb5cfc14c7ba19a6c9b031e25b9efe1375dccb03d60a2273e5593,2018-08,Dorset Police,Dorset Police,-1.866300,50.723164,On or near Lansdowne Mews,E01015285,Bournemouth 021A,Violence and sexual offences,Unable to prosecute suspect,
5b0fb99f70fe233bc8f92db5563cefaebedd4adae6282fddde69c004be14fc30,2018-08,Dorset Police,Dorset Police,-1.875668,50.716097,On or near Theatre/Concert Hall,E01015285,Bournemouth 021A,Violence and sexual offences,Unable to prosecute suspect,
ea7e8be0513073db793ac37b3ce9f0aa6be6d5b4426c76c22fe6cedcc63f1b0b,2018-08,Dorset Police,Dorset Police,-1.868775,50.724615,On or near Parking Area,E01015285,Bournemouth 021A,Violence and sexual offences,Further investigation is not in the public interest,
a2b470e53eeeecc47305945c9276059d1f9a762c898ec3c671a147de223f257f,2018-08,Dorset Police,Dorset Police,-1.868694,50.723194,On or near Stafford Road,E01015285,Bournemouth 021A,Violence and sexual offences,Status update unavailable,
f79503882b348a4d2fe04ef99267beaf0ff33b95997a2cdc30a138bec2b219c6,2018-08,Dorset Police,Dorset Police,-1.867660,50.718112,On or near East Overcliff Drive,E01015285,Bournemouth 021A,Violence and sexual offences,Investigation complete; no suspect identified,
f362abbbd867c736150068d4c7d92f7eea3e562995d6af8ba656eac091ce7dcc,2018-08,Dorset Police,Dorset Police,-1.862325,50.721190,On or near Weston Drive,E01015285,Bournemouth 021A,Violence and sexual offences,Unable to prosecute suspect,
f97c07e1a440d0b7eae034ece092304875a87d9fc9fe305f8652df4926e9f18f,2018-08,Dorset Police,Dorset Police,-1.862325,50.721190,On or near Weston Drive,E01015285,Bournemouth 021A,Violence and sexual offences,Unable to prosecute suspect,
5fea2cbfdc8f4b35b52fa350c559682cdd44f746f087ba92d12f5bfcee40bf64,2018-08,Dorset Police,Dorset Police,-1.865338,50.722659,On or near Supermarket,E01015285,Bournemouth 021A,Violence and sexual offences,Unable to prosecute suspect,
f3739fd5c0cb5441b5a69cb391e9135323f2fb9df881c66128af363ab248958d,2018-08,Dorset Police,Dorset Police,-1.868775,50.724615,On or near Parking Area,E01015285,Bournemouth 021A,Violence and sexual offences,Unable to prosecute suspect,
36ca30fd1bf5051afdf3fd50daf1b8cb61c9c7a8f464597366c29472a4bd62f8,2018-08,Dorset Police,Dorset Police,-1.875668,50.716097,On or near Theatre/Concert Hall,E01015285,Bournemouth 021A,Violence and sexual offences,Unable to prosecute suspect,
c5bed6fc1b21d99ba0eacabac7de1c79281daeee21ddbd27d46f82afa8d47108,2018-08,Dorset Police,Dorset Police,-1.868775,50.724615,On or near Parking Area,E01015285,Bournemouth 021A,Violence and sexual offences,Court result unavailable,
d6713bb2cd117612e43e6c7438ec6a2bed8f0f92ed1e54aeb3e67b6084c37cf2,2018-08,Dorset Police,Dorset Police,-1.865338,50.722659,On or near Supermarket,E01015285,Bournemouth 021A,Violence and sexual offences,Investigation complete; no suspect identified,
173f7f6c7e6ffa3ab57b12318a15c822a9aa3c961b8946edf01a2373ddfc3830,2018-08,Dorset Police,Dorset Police,-1.873620,50.719413,On or near Upper Hinton Road,E01015285,Bournemouth 021A,Violence and sexual offences,Unable to prosecute suspect,
df51fd303a7896898721febad7c0fdb201c911200c79a1820b38f3ae35977aa0,2018-08,Dorset Police,Dorset Police,-1.874884,50.718264,On or near Parking Area,E01015285,Bournemouth 021A,Violence and sexual offences,Court result unavailable,
9475982fe06c3d5de968012a26ac8fabff4e652168b767ca1a9ab48e458f4d4b,2018-08,Dorset Police,Dorset Police,-1.868694,50.723194,On or near Stafford Road,E01015285,Bournemouth 021A,Violence and sexual offences,Unable to prosecute suspect,
139161a0848cbdc2b38ce8053eca12a7781b12895623554bbef001322268792a,2018-08,Dorset Police,Dorset Police,-1.874884,50.718264,On or near Parking Area,E01015285,Bournemouth 021A,Violence and sexual offences,Unable to prosecute suspect,
4ae1d63870174589d781785b48b853b4ce80e5059f0c262b1b213b1bc23cab46,2018-08,Dorset Police,Dorset Police,-1.871439,50.719240,On or near Bath Road,E01015285,Bournemouth 021A,Violence and sexual offences,Unable to prosecute suspect,
b312078b8c5221259e16b7a065ff8999f798f7de91113c7ed4cb5f0f8a0f89c1,2018-08,Dorset Police,Dorset Police,-1.867660,50.718112,On or near East Overcliff Drive,E01015285,Bournemouth 021A,Violence and sexual offences,Offender given community sentence,
e47cc92e03337327721b7f582a2488eb244f6efc8069672fef7b45f47ec9c581,2018-08,Dorset Police,Dorset Police,-1.871700,50.722082,On or near Old Christchurch Road,E01015285,Bournemouth 021A,Violence and sexual offences,Unable to prosecute suspect,
2d9765322cb46febebb4ad49fbd2a450e0a649037ca1031e4d214ea7bc2419e6,2018-08,Dorset Police,Dorset Police,-1.871700,50.722082,On or near Old Christchurch Road,E01015285,Bournemouth 021A,Violence and sexual offences,Court result unavailable,
ce880bd24abc94a8dac61ac1bde037213c550bbea648f03294994bb0f443a391,2018-08,Dorset Police,Dorset Police,-1.868775,50.724615,On or near Parking Area,E01015285,Bournemouth 021A,Violence and sexual offences,Court result unavailable,
1cceda91629b906025be62dba049c2e682751ca584a4ac8af0bcb2b3c73e160c,2018-08,Dorset Police,Dorset Police,-1.871439,50.719240,On or near Bath Road,E01015285,Bournemouth 021A,Violence and sexual offences,Unable to prosecute suspect,
a046723180f761729df2fc969a407f0d96afe04509afe8f562f5405b63b0e433,2018-08,Dorset Police,Dorset Police,-1.869439,50.720038,On or near Petrol Station,E01015285,Bournemouth 021A,Violence and sexual offences,Unable to prosecute suspect,
a3ed2b1b73dcf0c47e5b1c37c0932149cea5c54a58bf2715093253682cf49ec8,2018-08,Dorset Police,Dorset Police,-1.866642,50.722292,On or near Lansdowne Crescent,E01015285,Bournemouth 021A,Violence and sexual offences,Unable to prosecute suspect,
d54217ed132afd47cbbf2a0edd80afc3ceae33ff88c98afb294025635140179b,2018-08,Dorset Police,Dorset Police,-1.866151,50.720637,On or near Meyrick Road,E01015285,Bournemouth 021A,Violence and sexual offences,Court result unavailable,
cc0c5c5b8d71e6ae1c7ef83a1fd1c5d805af49a999fecad3857816145679000f,2018-08,Dorset Police,Dorset Police,-1.866642,50.722292,On or near Lansdowne Crescent,E01015285,Bournemouth 021A,Violence and sexual offences,Offender given a caution,
78b581f7d0b95fcb89b087a4001a7e6ea00ffbbacbde60a59d658aa7e668cecf,2018-08,Dorset Police,Dorset Police,-1.866743,50.721888,On or near B3064,E01015285,Bournemouth 021A,Violence and sexual offences,Unable to prosecute suspect,
5b980d13cd2298c16990ff99dbb62538d015dd3963313a7b4c4099ca4d1324f1,2018-08,Dorset Police,Dorset Police,-1.866151,50.720637,On or near Meyrick Road,E01015285,Bournemouth 021A,Violence and sexual offences,Offender given a caution,
93e4124fedf4d24adaaa0efc3ad8b2f77a713fd3dee9d3d16adeb06c9d6aa09e,2018-08,Dorset Police,Dorset Police,-1.871700,50.722082,On or near Old Christchurch Road,E01015285,Bournemouth 021A,Violence and sexual offences,Unable to prosecute suspect,
69a3175ccbc78ed3482c6bfb265ef0e2d55544bb7ad5628e7a93db80a7c1444f,2018-08,Dorset Police,Dorset Police,-1.870961,50.717837,On or near Russell Cotes Road,E01015285,Bournemouth 021A,Violence and sexual offences,Unable to prosecute suspect,
fe1f8139b7d4d831f5c16b26245298e6351317ca2fc7e67756ee945075d493a9,2018-08,Dorset Police,Dorset Police,-1.866151,50.720637,On or near Meyrick Road,E01015285,Bournemouth 021A,Violence and sexual offences,Offender given a caution,
6eb844d60493d4fc3a3953a7178f066ea5ec7e2d6d79193b0c97c6f517f5b7b4,2018-08,Dorset Police,Dorset Police,-1.866151,50.720637,On or near Meyrick Road,E01015285,Bournemouth 021A,Violence and sexual offences,Unable to prosecute suspect,
d62a39bec1db809be63ccd8e659932691eb4f87fd941b33dc0d8e1c4acaf8ec4,2018-08,Dorset Police,Dorset Police,-1.866300,50.723164,On or near Lansdowne Mews,E01015285,Bournemouth 021A,Violence and sexual offences,Unable to prosecute suspect,
eb73fb82ef1022a777c0a88c9cf94123c91f839460089f96d695e0d889dc1b0f,2018-08,Dorset Police,Dorset Police,-1.871700,50.722082,On or near Old Christchurch Road,E01015285,Bournemouth 021A,Violence and sexual offences,Investigation complete; no suspect identified,
568c006f88384fecc713a9ff257e355d9a09903db8179b6fb43887c8bae9093f,2018-08,Dorset Police,Dorset Police,-1.875668,50.716097,On or near Theatre/Concert Hall,E01015285,Bournemouth 021A,Violence and sexual offences,Unable to prosecute suspect,
1544ff7636eae94626a619860016e1096b14a5304cf23da3099d1fd5eb33f85c,2018-08,Dorset Police,Dorset Police,-1.875668,50.716097,On or near Theatre/Concert Hall,E01015285,Bournemouth 021A,Violence and sexual offences,Unable to prosecute suspect,
96de9c503af3d1bf0bb0fb5273699e69ba7cbb77c42f43c0295c35af9ef3eb94,2018-08,Dorset Police,Dorset Police,-1.871700,50.722082,On or near Old Christchurch Road,E01015285,Bournemouth 021A,Violence and sexual offences,Investigation complete; no suspect identified,
6be2f6aec9ff615ba564d0ced164890636c63791f6574bd610e4401291763f2d,2018-08,Dorset Police,Dorset Police,-1.863696,50.722145,On or near Christchurch Road,E01015285,Bournemouth 021A,Violence and sexual offences,Unable to prosecute suspect,
c24745175225d404d39e7f1928fe7fe2d5a76794ed9104a590e69d76230a7d3b,2018-08,Dorset Police,Dorset Police,-1.870367,50.722584,On or near Cumnor Road,E01015285,Bournemouth 021A,Violence and sexual offences,Unable to prosecute suspect,
8efac98f9c5d44c02a75f6d2fd1a07e9cdfa158d86c633de48ef19ea7d8e3ae9,2018-08,Dorset Police,Dorset Police,-1.870961,50.717837,On or near Russell Cotes Road,E01015285,Bournemouth 021A,Violence and sexual offences,Unable to prosecute suspect,
bc1c31b5e29d6f184b1c5264ee08b5b30bf4e03a43923f9030df916676a365c9,2018-08,Dorset Police,Dorset Police,-1.874884,50.718264,On or near Parking Area,E01015285,Bournemouth 021A,Violence and sexual offences,Unable to prosecute suspect,
21bf70d3a28d4f65d551f6e2aaa5d877961f18316282838f4d5cc3378f49e158,2018-08,Dorset Police,Dorset Police,-1.870367,50.722584,On or near Cumnor Road,E01015285,Bournemouth 021A,Violence and sexual offences,Unable to prosecute suspect,
ddc9ba95cf5e1023c59c623adab6731de72f47b288cd9fda1563f1ec960b7e38,2018-08,Dorset Police,Dorset Police,-1.868775,50.724615,On or near Parking Area,E01015285,Bournemouth 021A,Violence and sexual offences,Offender given a caution,
8914452759a8421df0a6af0485767e0eda7f07d5d1392c359bc85533cc7cfae0,2018-08,Dorset Police,Dorset Police,-1.871700,50.722082,On or near Old Christchurch Road,E01015285,Bournemouth 021A,Violence and sexual offences,Formal action is not in the public interest,
1c914378ab90c9d7f9071cbd5e090c48d3ab21636a5d3e19f4eb0b28e6b47578,2018-08,Dorset Police,Dorset Police,-1.868694,50.723194,On or near Stafford Road,E01015285,Bournemouth 021A,Violence and sexual offences,Offender given a caution,
d339984cc69ef13c599cbfce7df0280d9bbe92551fce5273d4f875b93bd99ad2,2018-08,Dorset Police,Dorset Police,-1.869727,50.723546,On or near Trinity Road,E01015285,Bournemouth 021A,Violence and sexual offences,Investigation complete; no suspect identified,
4d8b01eba7e47cc26a37c8b5e16a74aca877f74b757ddbf433057d51706944f8,2018-08,Dorset Police,Dorset Police,-1.871700,50.722082,On or near Old Christchurch Road,E01015285,Bournemouth 021A,Violence and sexual offences,Awaiting court outcome,
d9fd3ebdfeaa14c36708ba6ca4338f6db810b9a3767a8f0646d14ade79618902,2018-08,Dorset Police,Dorset Police,-1.871700,50.722082,On or near Old Christchurch Road,E01015285,Bournemouth 021A,Violence and sexual offences,Unable to prosecute suspect,
0e85ccff545a3b9f90154bfd586759b2d839b4e46f4414ac7fc3117c0f0a3569,2018-08,Dorset Police,Dorset Police,-1.866300,50.723164,On or near Lansdowne Mews,E01015285,Bournemouth 021A,Violence and sexual offences,Unable to prosecute suspect,
50076eedf30bb3d93dcf0919b6a93de5ffb0c2c4e8cdf431da1216437159db93,2018-08,Dorset Police,Dorset Police,-1.868775,50.724615,On or near Parking Area,E01015285,Bournemouth 021A,Violence and sexual offences,Unable to prosecute suspect,
906b1c7abaa3103b48ada97954ad3c9038bff6a02e13fd202a48234dbe67b127,2018-08,Dorset Police,Dorset Police,-1.874234,50.717346,On or near Parking Area,E01015285,Bournemouth 021A,Violence and sexual offences,Unable to prosecute suspect,
84bf47565985d422f87e36ba63208db9cbc1678b6349e476c8f24ce96cf278f5,2018-08,Dorset Police,Dorset Police,-1.868775,50.724615,On or near Parking Area,E01015285,Bournemouth 021A,Violence and sexual offences,Offender given a caution,
dc65424db8a8658752fce8a2348a53735ddf0dfb5d2460a5b8eb00057e80aa9c,2018-08,Dorset Police,Dorset Police,-1.868775,50.724615,On or near Parking Area,E01015285,Bournemouth 021A,Other crime,Formal action is not in the public interest,
,2018-08,Dorset Police,Dorset Police,-1.860905,50.726980,On or near Nightclub,E01015288,Bournemouth 021B,Anti-social behaviour,,
,2018-08,Dorset Police,Dorset Police,-1.859482,50.729028,On or near Ophir Gardens,E01015288,Bournemouth 021B,Anti-social behaviour,,
,2018-08,Dorset Police,Dorset Police,-1.864997,50.728010,On or near Police Station,E01015288,Bournemouth 021B,Anti-social behaviour,,
,2018-08,Dorset Police,Dorset Police,-1.858522,50.728056,On or near Lytton Road,E01015288,Bournemouth 021B,Anti-social behaviour,,
,2018-08,Dorset Police,Dorset Police,-1.860391,50.728256,On or near Portchester Place,E01015288,Bournemouth 021B,Anti-social behaviour,,
,2018-08,Dorset Police,Dorset Police,-1.855467,50.730867,On or near Stewart Close,E01015288,Bournemouth 021B,Anti-social behaviour,,
,2018-08,Dorset Police,Dorset Police,-1.860905,50.726980,On or near Nightclub,E01015288,Bournemouth 021B,Anti-social behaviour,,
,2018-08,Dorset Police,Dorset Police,-1.857936,50.729683,On or near Methuen Close,E01015288,Bournemouth 021B,Anti-social behaviour,,
,2018-08,Dorset Police,Dorset Police,-1.857936,50.729683,On or near Methuen Close,E01015288,Bournemouth 021B,Anti-social behaviour,,
,2018-08,Dorset Police,Dorset Police,-1.864997,50.728010,On or near Police Station,E01015288,Bournemouth 021B,Anti-social behaviour,,
,2018-08,Dorset Police,Dorset Police,-1.855467,50.730867,On or near Stewart Close,E01015288,Bournemouth 021B,Anti-social behaviour,,
,2018-08,Dorset Police,Dorset Police,-1.855467,50.730867,On or near Stewart Close,E01015288,Bournemouth 021B,Anti-social behaviour,,
,2018-08,Dorset Police,Dorset Police,-1.860905,50.726980,On or near Nightclub,E01015288,Bournemouth 021B,Anti-social behaviour,,
,2018-08,Dorset Police,Dorset Police,-1.860905,50.726980,On or near Nightclub,E01015288,Bournemouth 021B,Anti-social behaviour,,
,2018-08,Dorset Police,Dorset Police,-1.859482,50.729028,On or near Ophir Gardens,E01015288,Bournemouth 021B,Anti-social behaviour,,
af075036cec417aba01de21afe319921029166bdab218a48bf9bc5d7f9dc7022,2018-08,Dorset Police,Dorset Police,-1.856432,50.730391,On or near Lowther Gardens,E01015288,Bournemouth 021B,Bicycle theft,Investigation complete; no suspect identified,
fea39aec715dab54cad7bf71892c8755737ef5de8c69c933bcaaa225a23f2a3d,2018-08,Dorset Police,Dorset Police,-1.857936,50.729683,On or near Methuen Close,E01015288,Bournemouth 021B,Bicycle theft,Investigation complete; no suspect identified,
4d7603e972e4dabe7d79b5f6589aaa1a747ed959db778d3366aad00c3b2ae806,2018-08,Dorset Police,Dorset Police,-1.858634,50.728542,On or near Elwyn Road,E01015288,Bournemouth 021B,Burglary,Investigation complete; no suspect identified,
a4bc5f88ceefd3a93d80729b9b819a40ce7a81621569f19b8daf763f771424fd,2018-08,Dorset Police,Dorset Police,-1.859712,50.727958,On or near Corporation Road,E01015288,Bournemouth 021B,Criminal damage and arson,Investigation complete; no suspect identified,
99649d79024f4e519809417fec73461b2682b59767020b9480675592027c5fe1,2018-08,Dorset Police,Dorset Police,-1.858292,50.729072,On or near Holdenhurst Road,E01015288,Bournemouth 021B,Criminal damage and arson,Investigation complete; no suspect identified,
25970c74752c88a68777e21fd5f2043b7b4189e6ed41bf52d1d30c7097969e3a,2018-08,Dorset Police,Dorset Police,-1.854043,50.728626,On or near Windham Road,E01015288,Bournemouth 021B,Criminal damage and arson,Investigation complete; no suspect identified,
da86d481f6f4fb32b9b0882f33e90e31e1165d9ce12b92ae2440d729fde377b8,2018-08,Dorset Police,Dorset Police,-1.862119,50.728690,On or near Portchester Court,E01015288,Bournemouth 021B,Criminal damage and arson,Investigation complete; no suspect identified,
d162f5656c914d702b9d4f5626198ffab94b5e6f91f97122d4e257555d473b31,2018-08,Dorset Police,Dorset Police,-1.855467,50.730867,On or near Stewart Close,E01015288,Bournemouth 021B,Other theft,Investigation complete; no suspect identified,
23ba768e914b7b7f5072cc96a93dde833455a88e094ba194c3143c595eb274ac,2018-08,Dorset Police,Dorset Police,-1.859712,50.727958,On or near Corporation Road,E01015288,Bournemouth 021B,Other theft,Unable to prosecute suspect,
5ff4da5c53b452faa6e47be3bb67fd52c0c158efccd66acdfbd8ada5c7c6490d,2018-08,Dorset Police,Dorset Police,-1.856432,50.730391,On or near Lowther Gardens,E01015288,Bournemouth 021B,Other theft,Investigation complete; no suspect identified,
5478152868bd144d038a9ff58a60eadb7371adf1c5a4c9b101cdf57fa1dc0f76,2018-08,Dorset Police,Dorset Police,-1.858292,50.729072,On or near Holdenhurst Road,E01015288,Bournemouth 021B,Other theft,Unable to prosecute suspect,
831591d5c74ce8c1ad07d371c45be5b5bdd631436f87e7ec0aeff1b25b68fa4d,2018-08,Dorset Police,Dorset Police,-1.860905,50.726980,On or near Nightclub,E01015288,Bournemouth 021B,Public order,Unable to prosecute suspect,
05e4124fe585c925a91c13a6bb7f87df2b70627a7994afe3758a9553a8fea4ea,2018-08,Dorset Police,Dorset Police,-1.862119,50.728690,On or near Portchester Court,E01015288,Bournemouth 021B,Public order,Unable to prosecute suspect,
6fecafd5a3ded099ea52b71e8ff7351ae606f6c925d910e3bd8ad7a8cec22e9d,2018-08,Dorset Police,Dorset Police,-1.857936,50.729683,On or near Methuen Close,E01015288,Bournemouth 021B,Robbery,Unable to prosecute suspect,
9d03a11bea5dbc6b1d628ee3bc20577af709a305516d0a764af4f480a4ef312e,2018-08,Dorset Police,Dorset Police,-1.855097,50.731253,On or near Supermarket,E01015288,Bournemouth 021B,Shoplifting,Offender sent to prison,
57d409dc6aaff63ffbe7c7f6229b2bc133cb4f0d885af8847caa08ed959f8c28,2018-08,Dorset Police,Dorset Police,-1.860905,50.726980,On or near Nightclub,E01015288,Bournemouth 021B,Shoplifting,Unable to prosecute suspect,
dfa6e43f46944ce02bff34a8388c3bc653655290ab50ccb7f6a0fba836427ffd,2018-08,Dorset Police,Dorset Police,-1.855097,50.731253,On or near Supermarket,E01015288,Bournemouth 021B,Shoplifting,Unable to prosecute suspect,
c9cf5ca3146ee3d09a4816ddaffc6551361d970cb9d54ac8ce3c2b0492067ed9,2018-08,Dorset Police,Dorset Police,-1.858821,50.727481,On or near Northcote Road,E01015288,Bournemouth 021B,Theft from the person,Unable to prosecute suspect,
a49d3dbd81a9a6bf5f302b838333739521e7bfe0ea0a60a558f5d9e31cf695c1,2018-08,Dorset Police,Dorset Police,-1.854043,50.728626,On or near Windham Road,E01015288,Bournemouth 021B,Vehicle crime,Investigation complete; no suspect identified,
13955c61c39016d6df0a07270341a88b41ac429c619e0d1006727996325a583b,2018-08,Dorset Police,Dorset Police,-1.858522,50.728056,On or near Lytton Road,E01015288,Bournemouth 021B,Vehicle crime,Investigation complete; no suspect identified,
b7940b31a6c9b45ba6d66ebd7c63dfc0ca8bb4ffabf738e3c18a471a11bc6d17,2018-08,Dorset Police,Dorset Police,-1.857936,50.729683,On or near Methuen Close,E01015288,Bournemouth 021B,Vehicle crime,Unable to prosecute suspect,
e168bc804b67e0c4427b2959295b683190df08a70c58faa9074869f5ebf04f9c,2018-08,Dorset Police,Dorset Police,-1.857936,50.729683,On or near Methuen Close,E01015288,Bournemouth 021B,Violence and sexual offences,Unable to prosecute suspect,
4aa80e85ab08e93391d26ee5bcef153ddfba62c09ec7a1f6bb2b7d423623eae3,2018-08,Dorset Police,Dorset Police,-1.859712,50.727958,On or near Corporation Road,E01015288,Bournemouth 021B,Violence and sexual offences,Investigation complete; no suspect identified,
411aadfe47a8e8fb929191daf965349358352b40ef95c96267fdc46e5e584ca1,2018-08,Dorset Police,Dorset Police,-1.856432,50.730391,On or near Lowther Gardens,E01015288,Bournemouth 021B,Violence and sexual offences,Investigation complete; no suspect identified,
aaa8aad4f8dd9718365a1f52e892258872bbcf491598e8c4f27413d98dd17f92,2018-08,Dorset Police,Dorset Police,-1.860905,50.726980,On or near Nightclub,E01015288,Bournemouth 021B,Violence and sexual offences,Unable to prosecute suspect,
ea8b8599ac050d19aa1544af447974447aa156f665d48923e25052ae26c92f65,2018-08,Dorset Police,Dorset Police,-1.855467,50.730867,On or near Stewart Close,E01015288,Bournemouth 021B,Violence and sexual offences,Unable to prosecute suspect,
5008023d0383419a618e4fba1ac319298ea78c2825a39e7ce75afde34d41ae98,2018-08,Dorset Police,Dorset Police,-1.855467,50.730867,On or near Stewart Close,E01015288,Bournemouth 021B,Violence and sexual offences,Unable to prosecute suspect,
2d7aae242f063cc8bf98be4d542b9a93db5069ab8a400c219b4a40db7d095e2a,2018-08,Dorset Police,Dorset Police,-1.861396,50.728617,On or near Portchester Place,E01015288,Bournemouth 021B,Violence and sexual offences,Unable to prosecute suspect,
848032df6d3e4466fc53927b9c19ed2decdd01a525174d05ac9acb822f8f812d,2018-08,Dorset Police,Dorset Police,-1.861396,50.728617,On or near Portchester Place,E01015288,Bournemouth 021B,Violence and sexual offences,Court result unavailable,
3cbc9d809346ca626f1378142093eb7a94cc3515eb69842b83bb1c1844ea4007,2018-08,Dorset Police,Dorset Police,-1.859712,50.727958,On or near Corporation Road,E01015288,Bournemouth 021B,Violence and sexual offences,Unable to prosecute suspect,
4aa1484bd6f56a1f7561cae2718c2d34e027bf40e2360e731e4753a8c4dd7444,2018-08,Dorset Police,Dorset Police,-1.861396,50.728617,On or near Portchester Place,E01015288,Bournemouth 021B,Violence and sexual offences,Investigation complete; no suspect identified,
097f33f700a30ef4b89aec9b9e773fa8c5f438569f2ea385943fed31f64b7a71,2018-08,Dorset Police,Dorset Police,-1.857936,50.729683,On or near Methuen Close,E01015288,Bournemouth 021B,Violence and sexual offences,Unable to prosecute suspect,
09e7c4e0a8a49c90fc6ac9f3b95956b6a10e38d1e8036f10754b19c9cb373c9f,2018-08,Dorset Police,Dorset Police,-1.862119,50.728690,On or near Portchester Court,E01015288,Bournemouth 021B,Violence and sexual offences,Unable to prosecute suspect,
acc2cb6070195bead81fbeb543368ebc43fa963a2edf45bf6acdf5ce57d0f31e,2018-08,Dorset Police,Dorset Police,-1.862119,50.728690,On or near Portchester Court,E01015288,Bournemouth 021B,Violence and sexual offences,Unable to prosecute suspect,
5eefb1aa2b72db00eaac7d97b3b3f33074a5abda5ad4440a8230c61148614a91,2018-08,Dorset Police,Dorset Police,-1.858292,50.729072,On or near Holdenhurst Road,E01015288,Bournemouth 021B,Violence and sexual offences,Unable to prosecute suspect,
49c8b5ed5d3f605c35687324f92c478e8dad8414f21eceb7e5c36b3274d84f20,2018-08,Dorset Police,Dorset Police,-1.861396,50.728617,On or near Portchester Place,E01015288,Bournemouth 021B,Violence and sexual offences,Unable to prosecute suspect,
,2018-08,Dorset Police,Dorset Police,-1.851803,50.724513,On or near Further/Higher Educational Building,E01015289,Bournemouth 021C,Anti-social behaviour,,
,2018-08,Dorset Police,Dorset Police,-1.853866,50.726351,On or near Carlton Road,E01015289,Bournemouth 021C,Anti-social behaviour,,
,2018-08,Dorset Police,Dorset Police,-1.849989,50.729169,On or near Cleveland Road,E01015289,Bournemouth 021C,Anti-social behaviour,,
,2018-08,Dorset Police,Dorset Police,-1.851025,50.728487,On or near St Clement'S Road,E01015289,Bournemouth 021C,Anti-social behaviour,,
,2018-08,Dorset Police,Dorset Police,-1.854514,50.722907,On or near Christchurch Road,E01015289,Bournemouth 021C,Anti-social behaviour,,
,2018-08,Dorset Police,Dorset Police,-1.854514,50.722907,On or near Christchurch Road,E01015289,Bournemouth 021C,Anti-social behaviour,,
,2018-08,Dorset Police,Dorset Police,-1.851025,50.728487,On or near St Clement'S Road,E01015289,Bournemouth 021C,Anti-social behaviour,,
,2018-08,Dorset Police,Dorset Police,-1.849989,50.729169,On or near Cleveland Road,E01015289,Bournemouth 021C,Anti-social behaviour,,
,2018-08,Dorset Police,Dorset Police,-1.855749,50.726713,On or near Southcote Road,E01015289,Bournemouth 021C,Anti-social behaviour,,
,2018-08,Dorset Police,Dorset Police,-1.855749,50.726713,On or near Southcote Road,E01015289,Bournemouth 021C,Anti-social behaviour,,
,2018-08,Dorset Police,Dorset Police,-1.855749,50.726713,On or near Southcote Road,E01015289,Bournemouth 021C,Anti-social behaviour,,
,2018-08,Dorset Police,Dorset Police,-1.855749,50.726713,On or near Southcote Road,E01015289,Bournemouth 021C,Anti-social behaviour,,
,2018-08,Dorset Police,Dorset Police,-1.851803,50.724513,On or near Further/Higher Educational Building,E01015289,Bournemouth 021C,Anti-social behaviour,,
,2018-08,Dorset Police,Dorset Police,-1.855749,50.726713,On or near Southcote Road,E01015289,Bournemouth 021C,Anti-social behaviour,,
,2018-08,Dorset Police,Dorset Police,-1.849989,50.729169,On or near Cleveland Road,E01015289,Bournemouth 021C,Anti-social behaviour,,
f1610f1e4608db1da25d38ff520765796707e3aaf537129c894f1d31d9766f58,2018-08,Dorset Police,Dorset Police,-1.854514,50.722907,On or near Christchurch Road,E01015289,Bournemouth 021C,Bicycle theft,Investigation complete; no suspect identified,
ef517977cc7e1e2dc58bcea39432188c3c5c067a4e83be42f427c0f0fb194d29,2018-08,Dorset Police,Dorset Police,-1.851803,50.724513,On or near Further/Higher Educational Building,E01015289,Bournemouth 021C,Bicycle theft,Investigation complete; no suspect identified,
91c4b831399b31fbe23495eba399ec1f5189ec4513b648f3b9e8bf44f85cff05,2018-08,Dorset Police,Dorset Police,-1.854514,50.722907,On or near Christchurch Road,E01015289,Bournemouth 021C,Bicycle theft,Investigation complete; no suspect identified,
d981bb1b2052f620d7fdc8563d34731fc0b68a965a17e08b66c2017b8acf75ca,2018-08,Dorset Police,Dorset Police,-1.851025,50.728487,On or near St Clement'S Road,E01015289,Bournemouth 021C,Bicycle theft,Unable to prosecute suspect,
04d52714028a8cb4cc5a53f3c0c2e4866c0a0d69753d7ad6b063ba3b06ded6fa,2018-08,Dorset Police,Dorset Police,-1.854514,50.722907,On or near Christchurch Road,E01015289,Bournemouth 021C,Bicycle theft,Investigation complete; no suspect identified,
5226da389457944ca3773a4c2559beb1b75df6bca4bfae9d4c1a774525f6ff9d,2018-08,Dorset Police,Dorset Police,-1.851803,50.724513,On or near Further/Higher Educational Building,E01015289,Bournemouth 021C,Bicycle theft,Investigation complete; no suspect identified,
b9c12b2931a32cddbfe58b3f5edcb60ae05a4ab084537f6fe12b2b91d64da9e2,2018-08,Dorset Police,Dorset Police,-1.849758,50.726183,On or near Knole Road,E01015289,Bournemouth 021C,Burglary,Offender sent to prison,
fbc911a185bb6a95b7a4eadc025de0b1a5a8fa135adf2f243dcdc90ece8fb97d,2018-08,Dorset Police,Dorset Police,-1.853866,50.726351,On or near Carlton Road,E01015289,Bournemouth 021C,Burglary,Unable to prosecute suspect,
e6a339610614f3010b3f6c259e64ee088f433b45fb50b7e6a55e88c5362986a6,2018-08,Dorset Police,Dorset Police,-1.854514,50.722907,On or near Christchurch Road,E01015289,Bournemouth 021C,Criminal damage and arson,Court result unavailable,
c1a983939e14f42d1ef3260d61c246a50a7246b69c918c1c25eb0eb8a21b7fec,2018-08,Dorset Police,Dorset Police,-1.850455,50.725195,On or near Knole Gardens,E01015289,Bournemouth 021C,Drugs,Offender given a drugs possession warning,
cd0de080272e17571dd76de6ddc3d40942b1cd386deb868b0b42bece50a8fa4e,2018-08,Dorset Police,Dorset Police,-1.855749,50.726713,On or near Southcote Road,E01015289,Bournemouth 021C,Drugs,Unable to prosecute suspect,
f25ce97f110a89436c228281137558049b0fc04ffe93faf02c9aea90ecd8eeec,2018-08,Dorset Police,Dorset Police,-1.854514,50.722907,On or near Christchurch Road,E01015289,Bournemouth 021C,Other theft,Investigation complete; no suspect identified,
0bacf5634207ee3025e6343bf064e2217b8c634e31f6fe32a18b87d4ec0a1c7e,2018-08,Dorset Police,Dorset Police,-1.851017,50.726644,On or near Moorland Road,E01015289,Bournemouth 021C,Other theft,Investigation complete; no suspect identified,
61653b52922b2e8a95c9794d198f2f050ea4f89d57bd12ac8c756dcc7d961731,2018-08,Dorset Police,Dorset Police,-1.849758,50.726183,On or near Knole Road,E01015289,Bournemouth 021C,Other theft,Investigation complete; no suspect identified,
ac4b52708bb347bb005fad7075a7a2cfe227c1c81b2b8eebe416019a10aba6e7,2018-08,Dorset Police,Dorset Police,-1.853866,50.726351,On or near Carlton Road,E01015289,Bournemouth 021C,Public order,Unable to prosecute suspect,
3aaf7ee2e5c7bc8d7a2d2fe3abb79548383d8a22df066efdb97b972226023a2d,2018-08,Dorset Police,Dorset Police,-1.855749,50.726713,On or near Southcote Road,E01015289,Bournemouth 021C,Shoplifting,Local resolution,
1b665069f488508bb69460cdd0c470f13c03fe3564f8cc72feee66e72bfdccf2,2018-08,Dorset Police,Dorset Police,-1.849758,50.726183,On or near Knole Road,E01015289,Bournemouth 021C,Vehicle crime,Unable to prosecute suspect,
54c9609a36e73acb3245ac8111f21989c62bfe43cf6f7cc3fa25a0d9ca533508,2018-08,Dorset Police,Dorset Police,-1.855749,50.726713,On or near Southcote Road,E01015289,Bournemouth 021C,Violence and sexual offences,Unable to prosecute suspect,
7f829ef061a3edb60dec20705ab4119f0c2f2df8903b0e0bfd4a8f8e0c85078d,2018-08,Dorset Police,Dorset Police,-1.855749,50.726713,On or near Southcote Road,E01015289,Bournemouth 021C,Violence and sexual offences,Unable to prosecute suspect,
d2a84850acfd70ce4540b3d1c7cce74d1d97fe86edcd00815e11a5f30a2c98d3,2018-08,Dorset Police,Dorset Police,-1.855749,50.726713,On or near Southcote Road,E01015289,Bournemouth 021C,Violence and sexual offences,Unable to prosecute suspect,
,2018-08,Dorset Police,Dorset Police,-1.859060,50.723407,On or near Annerley Road,E01015290,Bournemouth 021D,Anti-social behaviour,,
,2018-08,Dorset Police,Dorset Police,-1.861518,50.725919,On or near Nightclub,E01015290,Bournemouth 021D,Anti-social behaviour,,
,2018-08,Dorset Police,Dorset Police,-1.855302,50.724590,On or near Knyveton Road,E01015290,Bournemouth 021D,Anti-social behaviour,,
,2018-08,Dorset Police,Dorset Police,-1.862625,50.725246,On or near Holdenhurst Road,E01015290,Bournemouth 021D,Anti-social behaviour,,
,2018-08,Dorset Police,Dorset Police,-1.854194,50.725614,On or near Spencer Road,E01015290,Bournemouth 021D,Anti-social behaviour,,
,2018-08,Dorset Police,Dorset Police,-1.858605,50.723811,On or near Woodford Road,E01015290,Bournemouth 021D,Anti-social behaviour,,
,2018-08,Dorset Police,Dorset Police,-1.854194,50.725614,On or near Spencer Road,E01015290,Bournemouth 021D,Anti-social behaviour,,
,2018-08,Dorset Police,Dorset Police,-1.859060,50.723407,On or near Annerley Road,E01015290,Bournemouth 021D,Anti-social behaviour,,
,2018-08,Dorset Police,Dorset Police,-1.858558,50.725394,On or near Frances Road,E01015290,Bournemouth 021D,Anti-social behaviour,,
,2018-08,Dorset Police,Dorset Police,-1.855302,50.724590,On or near Knyveton Road,E01015290,Bournemouth 021D,Anti-social behaviour,,
,2018-08,Dorset Police,Dorset Police,-1.855302,50.724590,On or near Knyveton Road,E01015290,Bournemouth 021D,Anti-social behaviour,,
,2018-08,Dorset Police,Dorset Police,-1.859060,50.723407,On or near Annerley Road,E01015290,Bournemouth 021D,Anti-social behaviour,,
,2018-08,Dorset Police,Dorset Police,-1.855302,50.724590,On or near Knyveton Road,E01015290,Bournemouth 021D,Anti-social behaviour,,
,2018-08,Dorset Police,Dorset Police,-1.860930,50.723338,On or near St Swithun'S Road South,E01015290,Bournemouth 021D,Anti-social behaviour,,
a9ee9edc7ab7425fc6dad6dda113e5e9fb50c084a1c00fee8a7de96edba9a76e,2018-08,Dorset Police,Dorset Police,-1.854194,50.725614,On or near Spencer Road,E01015290,Bournemouth 021D,Bicycle theft,Unable to prosecute suspect,
fcc632ad686bff70cb84b99f18166a7274c6f14cbbd7fb717c7a37d07c014e60,2018-08,Dorset Police,Dorset Police,-1.854194,50.725614,On or near Spencer Road,E01015290,Bournemouth 021D,Bicycle theft,Unable to prosecute suspect,
1e196458794c56e3d0bf16ee129992fd606304058e157190be4ada78135d678d,2018-08,Dorset Police,Dorset Police,-1.861518,50.725919,On or near Nightclub,E01015290,Bournemouth 021D,Bicycle theft,Investigation complete; no suspect identified,
22685c04c33b127d3aed342d8bf8316b99ff5bff714877da382f86628a45d56d,2018-08,Dorset Police,Dorset Police,-1.855302,50.724590,On or near Knyveton Road,E01015290,Bournemouth 021D,Burglary,Court case unable to proceed,
75261f7e7ad5392d5aa580ecf829d08c0e72ac650e011132d30d6b3b5bdd7bd8,2018-08,Dorset Police,Dorset Police,-1.859060,50.723407,On or near Annerley Road,E01015290,Bournemouth 021D,Drugs,Further investigation is not in the public interest,
bb564f11d82ae2b51ebf84935bcc8d60bc912051960ae1b87f9b4cca3345a941,2018-08,Dorset Police,Dorset Police,-1.858558,50.725394,On or near Frances Road,E01015290,Bournemouth 021D,Other theft,Unable to prosecute suspect,
80d4fd14ae024e76c19547107dae38e04fad3cf439e90d8186acbfef99d64643,2018-08,Dorset Police,Dorset Police,-1.859060,50.723407,On or near Annerley Road,E01015290,Bournemouth 021D,Other theft,Unable to prosecute suspect,
667ce6b786a21a155d96d18da4ae0d353151ad276ad2fd8d6b6044f29b1df290,2018-08,Dorset Police,Dorset Police,-1.859060,50.723407,On or near Annerley Road,E01015290,Bournemouth 021D,Public order,Unable to prosecute suspect,
13b0fe3baf4c3c0b450ba543fb0a6eba05267c555933541d6833979167864ec1,2018-08,Dorset Police,Dorset Police,-1.859060,50.723407,On or near Annerley Road,E01015290,Bournemouth 021D,Theft from the person,Unable to prosecute suspect,
11fbc8706a2073d6142724af8c22e708882c6ace17d5dbe754c750dc7ebd9d12,2018-08,Dorset Police,Dorset Police,-1.859060,50.723407,On or near Annerley Road,E01015290,Bournemouth 021D,Vehicle crime,Investigation complete; no suspect identified,
d94239d1b3ed041619cdfab4f8fa85d852e49d4989f47113abc33bb16472b15e,2018-08,Dorset Police,Dorset Police,-1.861080,50.725190,On or near St Swithun'S Road,E01015290,Bournemouth 021D,Vehicle crime,Unable to prosecute suspect,
0710bee2d213dff89f1454139c6f80cafde65f76f6161e062211a361e057df64,2018-08,Dorset Police,Dorset Police,-1.861518,50.725919,On or near Nightclub,E01015290,Bournemouth 021D,Vehicle crime,Investigation complete; no suspect identified,
3193cd5ba7a3f1b973444c34a60a96f937df9b1d385293a5150e4f31d4134fd4,2018-08,Dorset Police,Dorset Police,-1.855302,50.724590,On or near Knyveton Road,E01015290,Bournemouth 021D,Vehicle crime,Investigation complete; no suspect identified,
5940b21bf74b68c076228d0ea887c49b7e7c8228a3f44a0996d08de7356d2b6a,2018-08,Dorset Police,Dorset Police,-1.861080,50.725190,On or near St Swithun'S Road,E01015290,Bournemouth 021D,Violence and sexual offences,Unable to prosecute suspect,
a0fae00b0f3c95132870a198e26733c8a92a7a73dabd4ec8603089bcc65e4a9e,2018-08,Dorset Police,Dorset Police,-1.858558,50.725394,On or near Frances Road,E01015290,Bournemouth 021D,Violence and sexual offences,Court result unavailable,
30a929d5092b55d9dcfeba6e765b2c9c4f0a2ac8970308f69cd93750e92c7284,2018-08,Dorset Police,Dorset Police,-1.855302,50.724590,On or near Knyveton Road,E01015290,Bournemouth 021D,Violence and sexual offences,Formal action is not in the public interest,
0fb95eb6799d643be84764d12660d9390841690c97aaafdfbdbcdff27e1f46b9,2018-08,Dorset Police,Dorset Police,-1.861518,50.725919,On or near Nightclub,E01015290,Bournemouth 021D,Violence and sexual offences,Unable to prosecute suspect,
f074eaa19368060b75eb2fb128521fcb145f845737842b988525988b19ee584a,2018-08,Dorset Police,Dorset Police,-1.861518,50.725919,On or near Nightclub,E01015290,Bournemouth 021D,Violence and sexual offences,Unable to prosecute suspect,
ac8f4b16d9cebde4352bfb1978acc986b6d5b5113cf6cc1fceb54bb244a52e98,2018-08,Dorset Police,Dorset Police,-1.858558,50.725394,On or near Frances Road,E01015290,Bournemouth 021D,Violence and sexual offences,Unable to prosecute suspect,
d627a4193221945b619341d1bb8a72c217d1786559c745aa4fa817b33666ade5,2018-08,Dorset Police,Dorset Police,-1.855302,50.724590,On or near Knyveton Road,E01015290,Bournemouth 021D,Violence and sexual offences,Formal action is not in the public interest,
8f417dc6e346951905376d7579cd69828ba8e839f3bcea6f36cd72b589115d8a,2018-08,Dorset Police,Dorset Police,-1.855302,50.724590,On or near Knyveton Road,E01015290,Bournemouth 021D,Violence and sexual offences,Formal action is not in the public interest,
d2c8da6cbfac158f8a598dfbe3018f010583ff7ea6f2981a666b4e6c35567f71,2018-08,Dorset Police,Dorset Police,-1.859060,50.723407,On or near Annerley Road,E01015290,Bournemouth 021D,Violence and sexual offences,Unable to prosecute suspect,
a9b5f4dd80201ab29c06b0b86a7689d9c47a9679690b6dbdc757379fbe423010,2018-08,Dorset Police,Dorset Police,-1.855302,50.724590,On or near Knyveton Road,E01015290,Bournemouth 021D,Violence and sexual offences,Formal action is not in the public interest,
c1b81aa6ba87c0df77c8e96329b968047b9fa0a2a40e9120e77c41a6fa60f761,2018-08,Dorset Police,Dorset Police,-1.855302,50.724590,On or near Knyveton Road,E01015290,Bournemouth 021D,Violence and sexual offences,Formal action is not in the public interest,
4cdeaa78a4b60496eefad9b962f7e0f5f68ee667f3b10bf2bf3bcfa25bf427c3,2018-08,Dorset Police,Dorset Police,-1.855302,50.724590,On or near Knyveton Road,E01015290,Bournemouth 021D,Violence and sexual offences,Formal action is not in the public interest,
96edd50e74af91465b2a15a146211ac51821c71170e5becd605f31b3816cbe2a,2018-08,Dorset Police,Dorset Police,-1.855302,50.724590,On or near Knyveton Road,E01015290,Bournemouth 021D,Violence and sexual offences,Formal action is not in the public interest,
82dc6df70e75e4de7d734d0498ad5f32b59eef6b46a2072308d1ae22745c0712,2018-08,Dorset Police,Dorset Police,-1.861080,50.725190,On or near St Swithun'S Road,E01015290,Bournemouth 021D,Violence and sexual offences,Unable to prosecute suspect,
174f6ed5265687e172c935c84c3b20894f010fb90f327021bab17d2de2570042,2018-08,Dorset Police,Dorset Police,-1.860930,50.723338,On or near St Swithun'S Road South,E01015290,Bournemouth 021D,Violence and sexual offences,Unable to prosecute suspect,
a068c4ea09d834fb668ae1e174844f1ba786448c5024e31d4540f2a6e76f5f1c,2018-08,Dorset Police,Dorset Police,-1.855302,50.724590,On or near Knyveton Road,E01015290,Bournemouth 021D,Violence and sexual offences,Unable to prosecute suspect,
8ca9c77ece4198e5540014840110724a52c89aef0c5d0c66873fbf233410bad8,2018-08,Dorset Police,Dorset Police,-1.855302,50.724590,On or near Knyveton Road,E01015290,Bournemouth 021D,Violence and sexual offences,Offender fined,
f740171f3b8abd9726a095076e78cd04e34e9132ec7e4058794453873bd06f39,2018-08,Dorset Police,Dorset Police,-1.859060,50.723407,On or near Annerley Road,E01015290,Bournemouth 021D,Violence and sexual offences,Unable to prosecute suspect,
0d2b37a3297abd1df090e4320b4f670f051d7face3b6c5edbf29df81b5724f5c,2018-08,Dorset Police,Dorset Police,-1.858558,50.725394,On or near Frances Road,E01015290,Bournemouth 021D,Violence and sexual offences,Unable to prosecute suspect,
,2018-08,Dorset Police,Dorset Police,-1.843698,50.720636,On or near Undercliff Road,E01015291,Bournemouth 021E,Anti-social behaviour,,
,2018-08,Dorset Police,Dorset Police,-1.843698,50.720636,On or near Undercliff Road,E01015291,Bournemouth 021E,Anti-social behaviour,,
,2018-08,Dorset Police,Dorset Police,-1.843698,50.720636,On or near Undercliff Road,E01015291,Bournemouth 021E,Anti-social behaviour,,
,2018-08,Dorset Police,Dorset Police,-1.856352,50.719420,On or near East Overcliff Drive,E01015291,Bournemouth 021E,Anti-social behaviour,,
,2018-08,Dorset Police,Dorset Police,-1.855842,50.723943,On or near Derby Road,E01015291,Bournemouth 021E,Anti-social behaviour,,
,2018-08,Dorset Police,Dorset Police,-1.843698,50.720636,On or near Undercliff Road,E01015291,Bournemouth 021E,Anti-social behaviour,,
,2018-08,Dorset Police,Dorset Police,-1.855842,50.723943,On or near Derby Road,E01015291,Bournemouth 021E,Anti-social behaviour,,
,2018-08,Dorset Police,Dorset Police,-1.856352,50.719420,On or near East Overcliff Drive,E01015291,Bournemouth 021E,Anti-social behaviour,,
9d474af52254a92095717014157dafda8e11a132f1312ac83ebd4c9d3519d151,2018-08,Dorset Police,Dorset Police,-1.861791,50.719688,On or near Grove Road,E01015291,Bournemouth 021E,Criminal damage and arson,Investigation complete; no suspect identified,
1f6101c0a5240f58ec8d2f1eef9fcd1c144f49562a1c67bc0c7e5ee876fa2039,2018-08,Dorset Police,Dorset Police,-1.861791,50.719688,On or near Grove Road,E01015291,Bournemouth 021E,Criminal damage and arson,Investigation complete; no suspect identified,
eb33d31fef6d6db261a9d89e5d1856510f7f5cc42ae76f4ff0f35edc2134bdf9,2018-08,Dorset Police,Dorset Police,-1.861791,50.719688,On or near Grove Road,E01015291,Bournemouth 021E,Other theft,Unable to prosecute suspect,
2c4c5e4070a45debb28737cf8acf07ce81636dbdc0caee361e0e9e3c6118c8d8,2018-08,Dorset Police,Dorset Police,-1.861791,50.719688,On or near Grove Road,E01015291,Bournemouth 021E,Other theft,Investigation complete; no suspect identified,
e3efc60066963b43e5ddeccae16116651187e0d80d0e1805637a5fe556d70e24,2018-08,Dorset Police,Dorset Police,-1.849181,50.720310,On or near Parking Area,E01015291,Bournemouth 021E,Violence and sexual offences,Unable to prosecute suspect,
c9d8e7d6494c01604cdc2f9671fbcc3dd386fa7ca406fd8142c4e7dbeb0cf17b,2018-08,Dorset Police,Dorset Police,-1.855842,50.723943,On or near Derby Road,E01015291,Bournemouth 021E,Violence and sexual offences,Unable to prosecute suspect,
717afab87a44515ea239da622fbc89c0da0f31a4597ef3067b9ca6c63427fe53,2018-08,Dorset Police,Dorset Police,-1.854958,50.721226,On or near Manor Road,E01015291,Bournemouth 021E,Violence and sexual offences,Unable to prosecute suspect,
31c2cc13b8ebdbfde5b422c1e665afb6aea855d990c256cbb77c9951f512474f,2018-08,Dorset Police,Dorset Police,-1.843698,50.720636,On or near Undercliff Road,E01015291,Bournemouth 021E,Violence and sexual offences,Court case unable to proceed,
,2018-08,Dorset Police,Dorset Police,-1.905043,50.724236,On or near Princess Road,E01015371,Bournemouth 023A,Anti-social behaviour,,
,2018-08,Dorset Police,Dorset Police,-1.905103,50.722941,On or near Shopping Area,E01015371,Bournemouth 023A,Anti-social behaviour,,
,2018-08,Dorset Police,Dorset Police,-1.903049,50.722832,On or near Eldon Place,E01015371,Bournemouth 023A,Anti-social behaviour,,
,2018-08,Dorset Police,Dorset Police,-1.902289,50.720520,On or near Alum Chine Road,E01015371,Bournemouth 023A,Anti-social behaviour,,
,2018-08,Dorset Police,Dorset Police,-1.901535,50.721778,On or near Heatherbank Road,E01015371,Bournemouth 023A,Anti-social behaviour,,
,2018-08,Dorset Police,Dorset Police,-1.903049,50.722832,On or near Eldon Place,E01015371,Bournemouth 023A,Anti-social behaviour,,
,2018-08,Dorset Police,Dorset Police,-1.903843,50.722248,On or near Seamoor Road,E01015371,Bournemouth 023A,Anti-social behaviour,,
,2018-08,Dorset Police,Dorset Police,-1.905103,50.722941,On or near Shopping Area,E01015371,Bournemouth 023A,Anti-social behaviour,,
,2018-08,Dorset Police,Dorset Police,-1.904267,50.723012,On or near Seamoor Lane,E01015371,Bournemouth 023A,Anti-social behaviour,,
,2018-08,Dorset Police,Dorset Police,-1.901278,50.723010,On or near Landseer Road,E01015371,Bournemouth 023A,Anti-social behaviour,,
,2018-08,Dorset Police,Dorset Police,-1.901278,50.723010,On or near Landseer Road,E01015371,Bournemouth 023A,Anti-social behaviour,,
,2018-08,Dorset Police,Dorset Police,-1.905515,50.722042,On or near Westgate Park,E01015371,Bournemouth 023A,Anti-social behaviour,,
,2018-08,Dorset Police,Dorset Police,-1.903747,50.720791,On or near R L Stevenson Avenue,E01015371,Bournemouth 023A,Anti-social behaviour,,
,2018-08,Dorset Police,Dorset Police,-1.905103,50.722941,On or near Shopping Area,E01015371,Bournemouth 023A,Anti-social behaviour,,
,2018-08,Dorset Police,Dorset Police,-1.903652,50.718965,On or near Denewood Road,E01015371,Bournemouth 023A,Anti-social behaviour,,
,2018-08,Dorset Police,Dorset Police,-1.903747,50.720791,On or near R L Stevenson Avenue,E01015371,Bournemouth 023A,Anti-social behaviour,,
,2018-08,Dorset Police,Dorset Police,-1.903652,50.718965,On or near Denewood Road,E01015371,Bournemouth 023A,Anti-social behaviour,,
,2018-08,Dorset Police,Dorset Police,-1.903049,50.722832,On or near Eldon Place,E01015371,Bournemouth 023A,Anti-social behaviour,,
,2018-08,Dorset Police,Dorset Police,-1.901278,50.723010,On or near Landseer Road,E01015371,Bournemouth 023A,Anti-social behaviour,,
6b11728ffe9eb82a96802449f1fcec22836eec871b924b933c6ecb47a83aab68,2018-08,Dorset Police,Dorset Police,-1.901535,50.721778,On or near Heatherbank Road,E01015371,Bournemouth 023A,Bicycle theft,Investigation complete; no suspect identified,
7aab46608357fca55e9a66a5210adb9e274fe22d29000a5c1f19c6ebb6012933,2018-08,Dorset Police,Dorset Police,-1.903049,50.722832,On or near Eldon Place,E01015371,Bournemouth 023A,Bicycle theft,Investigation complete; no suspect identified,
208935f9d035e89be5c18be48bf516c83c077f514101aa0ca9280f09971c0dda,2018-08,Dorset Police,Dorset Police,-1.901278,50.723010,On or near Landseer Road,E01015371,Bournemouth 023A,Bicycle theft,Investigation complete; no suspect identified,
440c6abc712c505ce68ab3dee6bc0f606193a76ddaf5472b78fc6313381a3ba2,2018-08,Dorset Police,Dorset Police,-1.901801,50.723235,On or near Parking Area,E01015371,Bournemouth 023A,Bicycle theft,Investigation complete; no suspect identified,
fa2f1ed65851d78c3ae0979b0b9d2b6d9e8c76df9687982480fff1a8cbdcac7c,2018-08,Dorset Police,Dorset Police,-1.902289,50.720520,On or near Alum Chine Road,E01015371,Bournemouth 023A,Burglary,Investigation complete; no suspect identified,
068f6ea4ef4d00acf97d3310417732473ece7ee7585853c86c3757649a87f878,2018-08,Dorset Police,Dorset Police,-1.903843,50.722248,On or near Seamoor Road,E01015371,Bournemouth 023A,Burglary,Investigation complete; no suspect identified,
811194ea51a6e072cad9b811b25feebaaefd1a83e151fcae94258407130a4fc3,2018-08,Dorset Police,Dorset Police,-1.903843,50.722248,On or near Seamoor Road,E01015371,Bournemouth 023A,Burglary,Unable to prosecute suspect,
44bef2e0ff58507c4e53e1d3c5cf551df779f0c373c10610d39cb8e31173d416,2018-08,Dorset Police,Dorset Police,-1.903843,50.722248,On or near Seamoor Road,E01015371,Bournemouth 023A,Burglary,Investigation complete; no suspect identified,
7704350d7d37820b9b635080090668455a690c261d6ff863f576e53fea623bec,2018-08,Dorset Police,Dorset Police,-1.905043,50.724236,On or near Princess Road,E01015371,Bournemouth 023A,Burglary,Investigation complete; no suspect identified,
e192ea603f1ee5d897e219b7e09eeb9d787cc62b51577b1765da009ded4b4f34,2018-08,Dorset Police,Dorset Police,-1.903843,50.722248,On or near Seamoor Road,E01015371,Bournemouth 023A,Criminal damage and arson,Offender given conditional discharge,
24a606d9e19f35d4b809a17c48e56f0d22509e97aa448b076be65cccc5fcf791,2018-08,Dorset Police,Dorset Police,-1.903843,50.722248,On or near Seamoor Road,E01015371,Bournemouth 023A,Criminal damage and arson,Investigation complete; no suspect identified,
e9df8da5c59c334e6d0e5da081418c1a193cc3b63066a57c40e113a23c1ef1b5,2018-08,Dorset Police,Dorset Police,-1.901278,50.723010,On or near Landseer Road,E01015371,Bournemouth 023A,Drugs,Offender given penalty notice,
b9302c44af634e351788cdee620ddc847bbf9850187fb5ed0fd626840c942f26,2018-08,Dorset Police,Dorset Police,-1.903843,50.722248,On or near Seamoor Road,E01015371,Bournemouth 023A,Other theft,Investigation complete; no suspect identified,
bccf414e7ce8db707312c3bdbb48000936b6b069588bf507c22c81023ee8ec07,2018-08,Dorset Police,Dorset Police,-1.903843,50.722248,On or near Seamoor Road,E01015371,Bournemouth 023A,Other theft,Investigation complete; no suspect identified,
70986835877b13dffdb2bfbad0f598d343b96d0049b2772807f645ccd0dee034,2018-08,Dorset Police,Dorset Police,-1.904719,50.723741,On or near County Gates Lane,E01015371,Bournemouth 023A,Other theft,Unable to prosecute suspect,
35895cdc3d4832c61fcec95e42412d6d85dc1b337e0b1b84db220d07fba53e82,2018-08,Dorset Police,Dorset Police,-1.903747,50.720791,On or near R L Stevenson Avenue,E01015371,Bournemouth 023A,Other theft,Status update unavailable,
38040cc174cc87c760d10e161884da9a126029f4b8a29f9909315b5ae163b13c,2018-08,Dorset Police,Dorset Police,-1.901535,50.721778,On or near Heatherbank Road,E01015371,Bournemouth 023A,Public order,Investigation complete; no suspect identified,
92d1021b1963e1ca7c049044ac7fb2fcba10e66ac8af2390ec4eeb485098b766,2018-08,Dorset Police,Dorset Police,-1.905515,50.722042,On or near Westgate Park,E01015371,Bournemouth 023A,Public order,Investigation complete; no suspect identified,
52836f5e042b70815ef98cc2f9aa0e9b0fcdde9c7b585ead0b2524bc25a6fc1e,2018-08,Dorset Police,Dorset Police,-1.903049,50.722832,On or near Eldon Place,E01015371,Bournemouth 023A,Shoplifting,Suspect charged as part of another case,
a95fe5758bba486c3c35dd2a954be80f3c77756ea946ad7e8deffadb5f4bda08,2018-08,Dorset Police,Dorset Police,-1.903843,50.722248,On or near Seamoor Road,E01015371,Bournemouth 023A,Shoplifting,Investigation complete; no suspect identified,
67231565465e03ef3c3afb0f3ed5f58e2555e763ce48bc4362aadf7b93565b7e,2018-08,Dorset Police,Dorset Police,-1.903843,50.722248,On or near Seamoor Road,E01015371,Bournemouth 023A,Shoplifting,Investigation complete; no suspect identified,
fecb68a4e96ec3c123cc27823fc7aa12f2b8222795974a5e5b386d2056bf0192,2018-08,Dorset Police,Dorset Police,-1.905103,50.722941,On or near Shopping Area,E01015371,Bournemouth 023A,Shoplifting,Investigation complete; no suspect identified,
476b253a4209b1a5740d6c08002b3bb9f0e52f6b404c9f6a438a99c0bcd96f35,2018-08,Dorset Police,Dorset Police,-1.904719,50.723741,On or near County Gates Lane,E01015371,Bournemouth 023A,Vehicle crime,Unable to prosecute suspect,
855e7050ead08bb6550c7dc3a0a2b58b61a233d6660a258d4e0d29e74fed5e98,2018-08,Dorset Police,Dorset Police,-1.902289,50.720520,On or near Alum Chine Road,E01015371,Bournemouth 023A,Vehicle crime,Investigation complete; no suspect identified,
09544162f999985dd1ab922fb9e7de8ecdc9c81371383c8e0250f7e85be6d8ce,2018-08,Dorset Police,Dorset Police,-1.903843,50.722248,On or near Seamoor Road,E01015371,Bournemouth 023A,Violence and sexual offences,Investigation complete; no suspect identified,
831c056de2a3d7d9865613bd34ae89524a5e05e091cc221d5e3e0ff1ee1e6c29,2018-08,Dorset Police,Dorset Police,-1.905515,50.722042,On or near Westgate Park,E01015371,Bournemouth 023A,Violence and sexual offences,Investigation complete; no suspect identified,
4df261f7d115020f7b4c6ecdbcb1ca56793fec15398dc4c582359b0ebe6a6f7a,2018-08,Dorset Police,Dorset Police,-1.903747,50.720791,On or near R L Stevenson Avenue,E01015371,Bournemouth 023A,Violence and sexual offences,Unable to prosecute suspect,
7e20f265b32a63128923d507fab7b82cab9949460550fd33a22abbdcb8a87be7,2018-08,Dorset Police,Dorset Police,-1.903843,50.722248,On or near Seamoor Road,E01015371,Bournemouth 023A,Violence and sexual offences,Court result unavailable,
25ef850fd6acdbe51442fd3562b6290158b6f99130cfb6a41007819576974053,2018-08,Dorset Police,Dorset Police,-1.901278,50.723010,On or near Landseer Road,E01015371,Bournemouth 023A,Violence and sexual offences,Unable to prosecute suspect,
ff68a37c69dc7f582653300fee54d7504f41bd6191db412409196f3f712feab9,2018-08,Dorset Police,Dorset Police,-1.904719,50.723741,On or near County Gates Lane,E01015371,Bournemouth 023A,Violence and sexual offences,Unable to prosecute suspect,
e56dcc4634e388d94671d5a549fdfb50a096e9ea122970662376afcec4155249,2018-08,Dorset Police,Dorset Police,-1.903843,50.722248,On or near Seamoor Road,E01015371,Bournemouth 023A,Violence and sexual offences,Unable to prosecute suspect,
a521f90ad71a895f5426da9db1810d2cc353b7fb9063dd94f0fbcf5eed85b063,2018-08,Dorset Police,Dorset Police,-1.902289,50.720520,On or near Alum Chine Road,E01015371,Bournemouth 023A,Other crime,Action to be taken by another organisation,
,2018-08,Dorset Police,Dorset Police,-1.897978,50.722522,On or near Pine Tree Glen,E01015372,Bournemouth 023B,Anti-social behaviour,,
,2018-08,Dorset Police,Dorset Police,-1.891379,50.721517,On or near Norwich Avenue West,E01015372,Bournemouth 023B,Anti-social behaviour,,
,2018-08,Dorset Police,Dorset Police,-1.893247,50.721978,On or near Bourne Close,E01015372,Bournemouth 023B,Anti-social behaviour,,
,2018-08,Dorset Police,Dorset Police,-1.893247,50.721978,On or near Bourne Close,E01015372,Bournemouth 023B,Anti-social behaviour,,
,2018-08,Dorset Police,Dorset Police,-1.889622,50.721345,On or near B3066,E01015372,Bournemouth 023B,Anti-social behaviour,,
,2018-08,Dorset Police,Dorset Police,-1.891379,50.721517,On or near Norwich Avenue West,E01015372,Bournemouth 023B,Anti-social behaviour,,
,2018-08,Dorset Police,Dorset Police,-1.899494,50.722307,On or near Poole Road,E01015372,Bournemouth 023B,Anti-social behaviour,,
,2018-08,Dorset Police,Dorset Police,-1.889622,50.721345,On or near B3066,E01015372,Bournemouth 023B,Anti-social behaviour,,
766da70187ae0a1c18d57489d27b435046de5cb7eeb935c821b59e45f3c17538,2018-08,Dorset Police,Dorset Police,-1.891379,50.721517,On or near Norwich Avenue West,E01015372,Bournemouth 023B,Bicycle theft,Investigation complete; no suspect identified,
b15364a4eb570320aa7dd178a01b7d60a7ef93808be9dd50e1dcc696fa2bea89,2018-08,Dorset Police,Dorset Police,-1.899494,50.722307,On or near Poole Road,E01015372,Bournemouth 023B,Burglary,Investigation complete; no suspect identified,
452fca12b808f973d7df2a4642a31f4f6e58a577ea6f97c500ab703280c5f1e0,2018-08,Dorset Police,Dorset Police,-1.890928,50.720438,On or near Poole Road,E01015372,Bournemouth 023B,Burglary,Investigation complete; no suspect identified,
f9c5ea7e9caadfb0fa2ccf500a33956e14ac9d6a623871a818d6555a2ddd9cba,2018-08,Dorset Police,Dorset Police,-1.897978,50.722522,On or near Pine Tree Glen,E01015372,Bournemouth 023B,Criminal damage and arson,Unable to prosecute suspect,
f1b3ff469b56e263f5d31d5c2ac70b0a9f5b252a2b7c9c46ee76eae105523421,2018-08,Dorset Police,Dorset Police,-1.891379,50.721517,On or near Norwich Avenue West,E01015372,Bournemouth 023B,Public order,Unable to prosecute suspect,
8cbd243c31683f55b4af250c532688cb67283c6571d2331089800f2d143580a4,2018-08,Dorset Police,Dorset Police,-1.896691,50.721324,On or near Netherhall Gardens,E01015372,Bournemouth 023B,Violence and sexual offences,Unable to prosecute suspect,
62e05dada6b58c59ffdb3f3f4409c5ed4ea75564354390d09c22f76e12f6acb1,2018-08,Dorset Police,Dorset Police,-1.889622,50.721345,On or near B3066,E01015372,Bournemouth 023B,Violence and sexual offences,Unable to prosecute suspect,
479fb401c67c1e85dd7c3b526186fc16c3f0ba1614ccc2bca9891d800f5ff9cc,2018-08,Dorset Police,Dorset Police,-1.891379,50.721517,On or near Norwich Avenue West,E01015372,Bournemouth 023B,Violence and sexual offences,Unable to prosecute suspect,
,2018-08,Dorset Police,Dorset Police,-1.889632,50.723395,On or near Surrey Road,E01033286,Bournemouth 023C,Anti-social behaviour,,
,2018-08,Dorset Police,Dorset Police,-1.891588,50.722983,On or near Suffolk Road South,E01033286,Bournemouth 023C,Anti-social behaviour,,
,2018-08,Dorset Police,Dorset Police,-1.892054,50.723272,On or near Queen'S Road,E01033286,Bournemouth 023C,Anti-social behaviour,,
faa65455064b21be3baadbd8f921a37f7aee2c88babdf267ede1dbad5c9c9d78,2018-08,Dorset Police,Dorset Police,-1.892054,50.723272,On or near Queen'S Road,E01033286,Bournemouth 023C,Criminal damage and arson,Unable to prosecute suspect,
2a08f552031a9663f046fbbd49143ff92f232ac958addf983553dc4c7e7f2727,2018-08,Dorset Police,Dorset Police,-1.892054,50.723272,On or near Queen'S Road,E01033286,Bournemouth 023C,Criminal damage and arson,Investigation complete; no suspect identified,
f419dcbad0baf4c6f600c88e14864dd4c117ceef3042fa1da024ab218542dbdb,2018-08,Dorset Police,Dorset Police,-1.892054,50.723272,On or near Queen'S Road,E01033286,Bournemouth 023C,Other theft,Investigation complete; no suspect identified,
4f4a9ab7b62a00327ebde6252e708df7b8f8d96776459acaabe8d5f26e2c6eba,2018-08,Dorset Police,Dorset Police,-1.892054,50.723272,On or near Queen'S Road,E01033286,Bournemouth 023C,Violence and sexual offences,Investigation complete; no suspect identified,
d75a16d5fd6d1e48d624d89e1070a1d90b7abd97a227b73d1d86a24479eef2cc,2018-08,Dorset Police,Dorset Police,-1.896403,50.723689,On or near Surrey Road South,E01033286,Bournemouth 023C,Violence and sexual offences,Unable to prosecute suspect,
,2018-08,Dorset Police,Dorset Police,-1.901495,50.727488,On or near Eton Gardens,E01033288,Bournemouth 023D,Anti-social behaviour,,
,2018-08,Dorset Police,Dorset Police,-1.903778,50.726456,On or near Ipswich Road,E01033288,Bournemouth 023D,Anti-social behaviour,,
,2018-08,Dorset Police,Dorset Police,-1.882233,50.719161,On or near Upper Terrace Road,E01015367,Bournemouth 024A,Anti-social behaviour,,
,2018-08,Dorset Police,Dorset Police,-1.885378,50.719192,On or near St Michael'S Place,E01015367,Bournemouth 024A,Anti-social behaviour,,
,2018-08,Dorset Police,Dorset Police,-1.887927,50.719590,On or near Nightclub,E01015367,Bournemouth 024A,Anti-social behaviour,,
,2018-08,Dorset Police,Dorset Police,-1.885378,50.719192,On or near St Michael'S Place,E01015367,Bournemouth 024A,Anti-social behaviour,,
,2018-08,Dorset Police,Dorset Police,-1.883057,50.718281,On or near Tregonwell Road,E01015367,Bournemouth 024A,Anti-social behaviour,,
,2018-08,Dorset Police,Dorset Police,-1.885039,50.718553,On or near Purbeck Road,E01015367,Bournemouth 024A,Anti-social behaviour,,
,2018-08,Dorset Police,Dorset Police,-1.888275,50.715849,On or near Durley Gardens,E01015367,Bournemouth 024A,Anti-social behaviour,,
,2018-08,Dorset Police,Dorset Police,-1.881475,50.716418,On or near Kerley Road,E01015367,Bournemouth 024A,Anti-social behaviour,,
,2018-08,Dorset Police,Dorset Police,-1.887927,50.719590,On or near Nightclub,E01015367,Bournemouth 024A,Anti-social behaviour,,
,2018-08,Dorset Police,Dorset Police,-1.883909,50.717356,On or near St Michael'S Road,E01015367,Bournemouth 024A,Anti-social behaviour,,
,2018-08,Dorset Police,Dorset Police,-1.881475,50.716418,On or near Kerley Road,E01015367,Bournemouth 024A,Anti-social behaviour,,
,2018-08,Dorset Police,Dorset Police,-1.881513,50.718261,On or near Cranborne Road,E01015367,Bournemouth 024A,Anti-social behaviour,,
,2018-08,Dorset Police,Dorset Police,-1.888906,50.718880,On or near Somerville Road,E01015367,Bournemouth 024A,Anti-social behaviour,,
,2018-08,Dorset Police,Dorset Police,-1.887927,50.719590,On or near Nightclub,E01015367,Bournemouth 024A,Anti-social behaviour,,
,2018-08,Dorset Police,Dorset Police,-1.887397,50.715947,On or near West Cliff Gardens,E01015367,Bournemouth 024A,Anti-social behaviour,,
,2018-08,Dorset Police,Dorset Police,-1.881513,50.718261,On or near Cranborne Road,E01015367,Bournemouth 024A,Anti-social behaviour,,
,2018-08,Dorset Police,Dorset Police,-1.885129,50.716502,On or near West Cliff Road,E01015367,Bournemouth 024A,Anti-social behaviour,,
,2018-08,Dorset Police,Dorset Police,-1.882627,50.714657,On or near West Undercliff Promenade,E01015367,Bournemouth 024A,Anti-social behaviour,,
,2018-08,Dorset Police,Dorset Police,-1.885466,50.717888,On or near West Hill Road,E01015367,Bournemouth 024A,Anti-social behaviour,,
,2018-08,Dorset Police,Dorset Police,-1.887927,50.719590,On or near Nightclub,E01015367,Bournemouth 024A,Anti-social behaviour,,
,2018-08,Dorset Police,Dorset Police,-1.881475,50.716418,On or near Kerley Road,E01015367,Bournemouth 024A,Anti-social behaviour,,
,2018-08,Dorset Police,Dorset Police,-1.886200,50.719012,On or near Parking Area,E01015367,Bournemouth 024A,Anti-social behaviour,,
,2018-08,Dorset Police,Dorset Police,-1.885129,50.716502,On or near West Cliff Road,E01015367,Bournemouth 024A,Anti-social behaviour,,
,2018-08,Dorset Police,Dorset Police,-1.882627,50.714657,On or near West Undercliff Promenade,E01015367,Bournemouth 024A,Anti-social behaviour,,
,2018-08,Dorset Police,Dorset Police,-1.881475,50.716418,On or near Kerley Road,E01015367,Bournemouth 024A,Anti-social behaviour,,
,2018-08,Dorset Police,Dorset Police,-1.885466,50.717888,On or near West Hill Road,E01015367,Bournemouth 024A,Anti-social behaviour,,
,2018-08,Dorset Police,Dorset Police,-1.886200,50.719012,On or near Parking Area,E01015367,Bournemouth 024A,Anti-social behaviour,,
,2018-08,Dorset Police,Dorset Police,-1.885039,50.718553,On or near Purbeck Road,E01015367,Bournemouth 024A,Anti-social behaviour,,
,2018-08,Dorset Police,Dorset Police,-1.886072,50.719309,On or near West Hill Place,E01015367,Bournemouth 024A,Anti-social behaviour,,
,2018-08,Dorset Police,Dorset Police,-1.883909,50.717356,On or near St Michael'S Road,E01015367,Bournemouth 024A,Anti-social behaviour,,
,2018-08,Dorset Police,Dorset Police,-1.887533,50.718294,On or near Durley Road,E01015367,Bournemouth 024A,Anti-social behaviour,,
,2018-08,Dorset Police,Dorset Police,-1.885378,50.719192,On or near St Michael'S Place,E01015367,Bournemouth 024A,Anti-social behaviour,,
,2018-08,Dorset Police,Dorset Police,-1.885129,50.716502,On or near West Cliff Road,E01015367,Bournemouth 024A,Anti-social behaviour,,
,2018-08,Dorset Police,Dorset Police,-1.885466,50.717888,On or near West Hill Road,E01015367,Bournemouth 024A,Anti-social behaviour,,
,2018-08,Dorset Police,Dorset Police,-1.886200,50.719012,On or near Parking Area,E01015367,Bournemouth 024A,Anti-social behaviour,,
,2018-08,Dorset Police,Dorset Police,-1.881475,50.716418,On or near Kerley Road,E01015367,Bournemouth 024A,Anti-social behaviour,,
,2018-08,Dorset Police,Dorset Police,-1.885378,50.719192,On or near St Michael'S Place,E01015367,Bournemouth 024A,Anti-social behaviour,,
fd0448818493a2c951bfe97bb46ed2d6c0fdb1ac572f28a0fe0ad7e292206246,2018-08,Dorset Police,Dorset Police,-1.885660,50.719435,On or near Mannington Place,E01015367,Bournemouth 024A,Bicycle theft,Investigation complete; no suspect identified,
ffc63c22ec8d2332942f2eabc5fb7009ba709a606b555e2c8c92f852337cd779,2018-08,Dorset Police,Dorset Police,-1.885466,50.717888,On or near West Hill Road,E01015367,Bournemouth 024A,Bicycle theft,Investigation complete; no suspect identified,
95492facff301e9344d7a9938dd9688c89d3c49b8472ae55475403cce5a9410d,2018-08,Dorset Police,Dorset Police,-1.885466,50.717888,On or near West Hill Road,E01015367,Bournemouth 024A,Bicycle theft,Investigation complete; no suspect identified,
f7fdddb56159a2b0e7bd63353362e54ebf84dc5a37b1d3feb7d8d3635eea89d9,2018-08,Dorset Police,Dorset Police,-1.887397,50.715947,On or near West Cliff Gardens,E01015367,Bournemouth 024A,Burglary,Unable to prosecute suspect,
09bba8aa606e9ba39fed1a0d9c1f14b844a85f0d3d3e5e26a815afd9340c864d,2018-08,Dorset Police,Dorset Police,-1.881513,50.718261,On or near Cranborne Road,E01015367,Bournemouth 024A,Burglary,Investigation complete; no suspect identified,
8c792cf2113cd5cc395b285d99c36cc1c352b47cf44cc273e6e92f9e148e6e11,2018-08,Dorset Police,Dorset Police,-1.887533,50.718294,On or near Durley Road,E01015367,Bournemouth 024A,Burglary,Investigation complete; no suspect identified,
c7a16c8dd511278ce27bbb3537a2003253d17c85ab7fcafdbe0955a1eef9b2f7,2018-08,Dorset Police,Dorset Police,-1.883537,50.719001,On or near Tregonwell Close,E01015367,Bournemouth 024A,Burglary,Unable to prosecute suspect,
b210d6c4f8e11ed5a88c1bb031ba99dabfcb05ad80d100aacecd606c66f64eb7,2018-08,Dorset Police,Dorset Police,-1.887927,50.719590,On or near Nightclub,E01015367,Bournemouth 024A,Burglary,Investigation complete; no suspect identified,
1931db391f11cf8134b79257de1a727bdc477ae9dd9549c2bbede59a0282caae,2018-08,Dorset Police,Dorset Police,-1.882627,50.714657,On or near West Undercliff Promenade,E01015367,Bournemouth 024A,Burglary,Offender sent to prison,
1668c00f960453791eba434cd3a9bc4b5c2daecb60003e08fe5afa56cb3baf40,2018-08,Dorset Police,Dorset Police,-1.887533,50.718294,On or near Durley Road,E01015367,Bournemouth 024A,Burglary,Investigation complete; no suspect identified,
b4b0f3d3906cb56183d7ee69dfd2e167a260a4e585f6966b76b4eeeb95e2bbb4,2018-08,Dorset Police,Dorset Police,-1.887533,50.718294,On or near Durley Road,E01015367,Bournemouth 024A,Burglary,Investigation complete; no suspect identified,
6b411e9bb025e86ede7da94b7f6f205d8099c41715501067e535e064753e377f,2018-08,Dorset Police,Dorset Police,-1.887533,50.718294,On or near Durley Road,E01015367,Bournemouth 024A,Burglary,Investigation complete; no suspect identified,
9da638c0cfa8cf770553fbdc68c8990426592a578a808365427a6df7eda014a5,2018-08,Dorset Police,Dorset Police,-1.882627,50.714657,On or near West Undercliff Promenade,E01015367,Bournemouth 024A,Burglary,Offender sent to prison,
4cd050ae7688d1430bef30d24b2cc73e75c48268d2b8b297055598b068ef3197,2018-08,Dorset Police,Dorset Police,-1.887927,50.719590,On or near Nightclub,E01015367,Bournemouth 024A,Criminal damage and arson,Investigation complete; no suspect identified,
64950b98e818a5c54f0c14873ec5bfb2ea885d8eb4a6955fcc91a0f6fec21d29,2018-08,Dorset Police,Dorset Police,-1.885378,50.719192,On or near St Michael'S Place,E01015367,Bournemouth 024A,Criminal damage and arson,Investigation complete; no suspect identified,
b263cb7bf9361b9a425ed3db40e3316750653c3082c0e64b5c9d176070165d7a,2018-08,Dorset Police,Dorset Police,-1.883537,50.719001,On or near Tregonwell Close,E01015367,Bournemouth 024A,Criminal damage and arson,Unable to prosecute suspect,
ec097ead5731375880706f4df041aca344c6b47258903dfe70b32bdc715bd963,2018-08,Dorset Police,Dorset Police,-1.887927,50.719590,On or near Nightclub,E01015367,Bournemouth 024A,Criminal damage and arson,Investigation complete; no suspect identified,
3217bb624ea2cfa86e78568540dc11143822a458b8bb594689d4ecd76a162a7b,2018-08,Dorset Police,Dorset Police,-1.883909,50.717356,On or near St Michael'S Road,E01015367,Bournemouth 024A,Drugs,Offender given a drugs possession warning,
b50e69dbc42ae9417c5b7746ab79b2750686d2b018410aef528e8f178cd1645a,2018-08,Dorset Police,Dorset Police,-1.883909,50.717356,On or near St Michael'S Road,E01015367,Bournemouth 024A,Drugs,Offender given a drugs possession warning,
30d1800d2daf22371c9a3b9bc45611d342717eb469fbea288d6d2370fd3c4899,2018-08,Dorset Police,Dorset Police,-1.880654,50.716255,On or near Beacon Road,E01015367,Bournemouth 024A,Other theft,Investigation complete; no suspect identified,
c43b9a755a1fdee934c1bc3d919edd1ea73bf60bfff63f25c5c1863bbf92a276,2018-08,Dorset Police,Dorset Police,-1.885129,50.716502,On or near West Cliff Road,E01015367,Bournemouth 024A,Other theft,Unable to prosecute suspect,
662c6514521dfbac2a85be4056c2659d7b10ce1ccc728745d72a9d7c5af8505c,2018-08,Dorset Police,Dorset Police,-1.887397,50.715947,On or near West Cliff Gardens,E01015367,Bournemouth 024A,Other theft,Investigation complete; no suspect identified,
8d9e75bcbd868b9b49c0c7f9215f083cde6ecaec96e7579dd1cf443034469a5e,2018-08,Dorset Police,Dorset Police,-1.885378,50.719192,On or near St Michael'S Place,E01015367,Bournemouth 024A,Other theft,Investigation complete; no suspect identified,
3344faa96ec44828822c0a238b6a8e2098d6f45e13387b98f31e059152265609,2018-08,Dorset Police,Dorset Police,-1.889788,50.717217,On or near Durley Chine Road South,E01015367,Bournemouth 024A,Other theft,Investigation complete; no suspect identified,
538784356295cd33919f190de0e7a52903a359955e40135011ed738eef505fd3,2018-08,Dorset Police,Dorset Police,-1.880654,50.716255,On or near Beacon Road,E01015367,Bournemouth 024A,Other theft,Unable to prosecute suspect,
bab416564f70f1d185bed6c0c192f805963373f8b840389d487328fb2d6b0d1c,2018-08,Dorset Police,Dorset Police,-1.887927,50.719590,On or near Nightclub,E01015367,Bournemouth 024A,Other theft,Offender fined,
c6384292abfcfad2de461208b7828a158703708554ef2cfbe2888e4728ba9cc8,2018-08,Dorset Police,Dorset Police,-1.880654,50.716255,On or near Beacon Road,E01015367,Bournemouth 024A,Other theft,Investigation complete; no suspect identified,
26e3bdc3ea1a2dc226add3416d5eb232b6e83f6c0d5cc7377313bd6a19da2e83,2018-08,Dorset Police,Dorset Police,-1.883909,50.717356,On or near St Michael'S Road,E01015367,Bournemouth 024A,Other theft,Investigation complete; no suspect identified,
52e31764b6e533b2a71db6dde2c4dcc0d1d2bd02b1745e9772e8792ee2902282,2018-08,Dorset Police,Dorset Police,-1.881513,50.718261,On or near Cranborne Road,E01015367,Bournemouth 024A,Other theft,Investigation complete; no suspect identified,
1ff94e394bc2d9150bde524a5bdb00370f1ba3cbf8ca6f190079b95918418996,2018-08,Dorset Police,Dorset Police,-1.885039,50.718553,On or near Purbeck Road,E01015367,Bournemouth 024A,Other theft,Investigation complete; no suspect identified,
872ead6adcbe66855979102ef9f9cc3f1e6eab1440aa9be33a0823c3c620c3a1,2018-08,Dorset Police,Dorset Police,-1.888906,50.718880,On or near Somerville Road,E01015367,Bournemouth 024A,Public order,Unable to prosecute suspect,
684e749b2eb755dbe2d6fe6c573481f1f3e9bd8b479e48060843f97142fc7579,2018-08,Dorset Police,Dorset Police,-1.887927,50.719590,On or near Nightclub,E01015367,Bournemouth 024A,Public order,Status update unavailable,
71ac8beb234172855c3ecf02114a5353d3d4592826267c11b3741570183a9bba,2018-08,Dorset Police,Dorset Police,-1.887927,50.719590,On or near Nightclub,E01015367,Bournemouth 024A,Public order,Investigation complete; no suspect identified,
629603d2f972765c8aec3179a2d70e7c501beb533beb8533047df034e9863eab,2018-08,Dorset Police,Dorset Police,-1.880654,50.716255,On or near Beacon Road,E01015367,Bournemouth 024A,Public order,Investigation complete; no suspect identified,
6495fb28a43569e20dcca145b4732253160704e186973c0535ee63fb2a6efb5f,2018-08,Dorset Police,Dorset Police,-1.887927,50.719590,On or near Nightclub,E01015367,Bournemouth 024A,Theft from the person,Investigation complete; no suspect identified,
e7489adaadab377a1a14027d455df8b7e5517fcf9ac6eaf47a1c5912143d0f19,2018-08,Dorset Police,Dorset Police,-1.885466,50.717888,On or near West Hill Road,E01015367,Bournemouth 024A,Theft from the person,Investigation complete; no suspect identified,
3a8ec620b9ce5cc4f6ca27430bbe0ecbee8fbd477ad4f2dd74634c2a3435fd59,2018-08,Dorset Police,Dorset Police,-1.888906,50.718880,On or near Somerville Road,E01015367,Bournemouth 024A,Vehicle crime,Status update unavailable,
c774982bd1b7eb707911c783fe3d04581646f91d59baed08d1e8bf5581668368,2018-08,Dorset Police,Dorset Police,-1.887397,50.715947,On or near West Cliff Gardens,E01015367,Bournemouth 024A,Vehicle crime,Investigation complete; no suspect identified,
d1858cfb2efd5a19ac23f507f66fe908f79689c27a61dede6963a526c44b6f76,2018-08,Dorset Police,Dorset Police,-1.885466,50.717888,On or near West Hill Road,E01015367,Bournemouth 024A,Vehicle crime,Investigation complete; no suspect identified,
f2c29e4d3ff49de6cf8af459a951babc0464d82165a8a9b1eaa5b57b0d266976,2018-08,Dorset Police,Dorset Police,-1.881475,50.716418,On or near Kerley Road,E01015367,Bournemouth 024A,Vehicle crime,Investigation complete; no suspect identified,
95136b2dfac2364f301af8e3ecac2d14bedb97462dbc0b76adfc962f8b145087,2018-08,Dorset Police,Dorset Police,-1.883909,50.717356,On or near St Michael'S Road,E01015367,Bournemouth 024A,Violence and sexual offences,Unable to prosecute suspect,
3b5a860bdc955953295f457eeeb8060b8b78f5de2036b71b0608782120d813ae,2018-08,Dorset Police,Dorset Police,-1.882627,50.714657,On or near West Undercliff Promenade,E01015367,Bournemouth 024A,Violence and sexual offences,Unable to prosecute suspect,
f70f2604c9cfee071eb39a0d50b95f6f78fc9292e924cff5452d79649dfeae64,2018-08,Dorset Police,Dorset Police,-1.885039,50.718553,On or near Purbeck Road,E01015367,Bournemouth 024A,Violence and sexual offences,Unable to prosecute suspect,
bdff91257bb4a7b71873e9580355ced6378c642429ff207ca2a9a9972fa35fde,2018-08,Dorset Police,Dorset Police,-1.886072,50.719309,On or near West Hill Place,E01015367,Bournemouth 024A,Violence and sexual offences,Formal action is not in the public interest,
a1ad3bdf42130ba3963eae735d963a610c50f5e8f0a83aedd8c9b11b1c288e28,2018-08,Dorset Police,Dorset Police,-1.881513,50.718261,On or near Cranborne Road,E01015367,Bournemouth 024A,Violence and sexual offences,Unable to prosecute suspect,
0e267ea5fc96db2f2d175c10a821da7eb94a6c32598a4628c8de7cca63d3fbb7,2018-08,Dorset Police,Dorset Police,-1.885039,50.718553,On or near Purbeck Road,E01015367,Bournemouth 024A,Violence and sexual offences,Investigation complete; no suspect identified,
446b90ffc630d098ffda1d951dff80f2db37c6fa36f4956fd106906a6ed95f89,2018-08,Dorset Police,Dorset Police,-1.885039,50.718553,On or near Purbeck Road,E01015367,Bournemouth 024A,Violence and sexual offences,Unable to prosecute suspect,
25a03e71281da29172b1f104756eaf07b68deefb730848186b4e388f7f7887e7,2018-08,Dorset Police,Dorset Police,-1.887927,50.719590,On or near Nightclub,E01015367,Bournemouth 024A,Violence and sexual offences,Unable to prosecute suspect,
20f29983421243ef02a7779ef2533198c8f8fe8349a6998361feed7fd6b446b2,2018-08,Dorset Police,Dorset Police,-1.888275,50.715849,On or near Durley Gardens,E01015367,Bournemouth 024A,Violence and sexual offences,Unable to prosecute suspect,
22c65f43048242f8665bc6656149db3f17ee6c0f20d0c33a7df51c9fde077c04,2018-08,Dorset Police,Dorset Police,-1.883909,50.717356,On or near St Michael'S Road,E01015367,Bournemouth 024A,Violence and sexual offences,Unable to prosecute suspect,
57067bcea36b508e7566ac65041b99e06665375b323ae24be926589f0cb311a8,2018-08,Dorset Police,Dorset Police,-1.887533,50.718294,On or near Durley Road,E01015367,Bournemouth 024A,Violence and sexual offences,Unable to prosecute suspect,
3ff6bf53ebcfcee5d306ca1e7cc282d696fe74ec302db39ea6068e1b45962c72,2018-08,Dorset Police,Dorset Police,-1.881513,50.718261,On or near Cranborne Road,E01015367,Bournemouth 024A,Violence and sexual offences,Court result unavailable,
75a9e673859c5df19874f788b6599a39812cd870783817abe8c78e549c30c761,2018-08,Dorset Police,Dorset Police,-1.881513,50.718261,On or near Cranborne Road,E01015367,Bournemouth 024A,Violence and sexual offences,Court result unavailable,
bd5bb899ce032d8535fa10886efc154b4fee28cbb1878db44e528cefa0afc19f,2018-08,Dorset Police,Dorset Police,-1.887397,50.715947,On or near West Cliff Gardens,E01015367,Bournemouth 024A,Violence and sexual offences,Status update unavailable,
30b51e5904789fb5fb97133c2fd7becc31ecd2e93182b68ddb0890bb593ed277,2018-08,Dorset Police,Dorset Police,-1.881513,50.718261,On or near Cranborne Road,E01015367,Bournemouth 024A,Violence and sexual offences,Unable to prosecute suspect,
a082a4d1c824095408b3f2716cee828fa3104f66d97dd8753e9c5b18d09feb7b,2018-08,Dorset Police,Dorset Police,-1.885129,50.716502,On or near West Cliff Road,E01015367,Bournemouth 024A,Violence and sexual offences,Investigation complete; no suspect identified,
d8890e1be85eda85f540e24df0e819d8b907b242f6602dd9cb9640bf183c0ba4,2018-08,Dorset Police,Dorset Police,-1.887927,50.719590,On or near Nightclub,E01015367,Bournemouth 024A,Violence and sexual offences,Offender given conditional discharge,
dcce2e0a67846b26fafb582b6f31990aaa8c38158c3ddaabdd1f628130c5e6f7,2018-08,Dorset Police,Dorset Police,-1.883909,50.717356,On or near St Michael'S Road,E01015367,Bournemouth 024A,Violence and sexual offences,Unable to prosecute suspect,
60830838de9c1cd8d399c87f8e6fcb0a798e068a85639f9af38bb49fe7acac70,2018-08,Dorset Police,Dorset Police,-1.887533,50.718294,On or near Durley Road,E01015367,Bournemouth 024A,Violence and sexual offences,Unable to prosecute suspect,
e17807658149003c86e6c56fb4be1c0112949132db21ca57134c8548079d3dc1,2018-08,Dorset Police,Dorset Police,-1.883057,50.718281,On or near Tregonwell Road,E01015367,Bournemouth 024A,Violence and sexual offences,Unable to prosecute suspect,
b3d78aed9308e685e579234c3fb0addef24169e37d8d6195f9b38e4007cf97d6,2018-08,Dorset Police,Dorset Police,-1.885129,50.716502,On or near West Cliff Road,E01015367,Bournemouth 024A,Violence and sexual offences,Unable to prosecute suspect,
f18f2433c108c2e3b2b613140a60367f84ed4b1b74f26e91044484929374c7cb,2018-08,Dorset Police,Dorset Police,-1.887927,50.719590,On or near Nightclub,E01015367,Bournemouth 024A,Violence and sexual offences,Investigation complete; no suspect identified,
06c0d2582ab6aaf46f45424a776f21d38603adfa7910ca066f241e724642ad66,2018-08,Dorset Police,Dorset Police,-1.885129,50.716502,On or near West Cliff Road,E01015367,Bournemouth 024A,Violence and sexual offences,Further investigation is not in the public interest,
2fe1f8e30bc27aa2b9d7beca1e405a7707f1687d47ee9229e8e51686255c5893,2018-08,Dorset Police,Dorset Police,-1.881475,50.716418,On or near Kerley Road,E01015367,Bournemouth 024A,Violence and sexual offences,Unable to prosecute suspect,
267dff68927f31b33aef41541ed8b3610a058043c7299ec8d059ff93df82b455,2018-08,Dorset Police,Dorset Police,-1.885660,50.719435,On or near Mannington Place,E01015367,Bournemouth 024A,Violence and sexual offences,Unable to prosecute suspect,
9dce93190e104586f994adec6cd4f434766f6794b8ea0cca55c0e4f9bb0f5afc,2018-08,Dorset Police,Dorset Police,-1.887533,50.718294,On or near Durley Road,E01015367,Bournemouth 024A,Violence and sexual offences,Unable to prosecute suspect,
129d0f29d1dac0bf55972087128e5b4aab321abfaa1e4634cf84d5f30ab16d7d,2018-08,Dorset Police,Dorset Police,-1.885660,50.719435,On or near Mannington Place,E01015367,Bournemouth 024A,Violence and sexual offences,Unable to prosecute suspect,
730fd1982d8433d1653fbf1f815b01a6da7271aab16c3a0fe07a58cba830e35f,2018-08,Dorset Police,Dorset Police,-1.885660,50.719435,On or near Mannington Place,E01015367,Bournemouth 024A,Violence and sexual offences,Investigation complete; no suspect identified,
291763553cd690d9afd3fbb52b9b4cd2960788dc708706a2b470c48126663120,2018-08,Dorset Police,Dorset Police,-1.887927,50.719590,On or near Nightclub,E01015367,Bournemouth 024A,Violence and sexual offences,Unable to prosecute suspect,
1fa4b289c9a34aacd39aebc0519194b2efbca5f3adcc35b0ec5098e4fc568c2a,2018-08,Dorset Police,Dorset Police,-1.887927,50.719590,On or near Nightclub,E01015367,Bournemouth 024A,Violence and sexual offences,Investigation complete; no suspect identified,
,2018-08,Dorset Police,Dorset Police,-1.893739,50.717734,On or near Portarlington Close,E01015368,Bournemouth 024B,Anti-social behaviour,,
,2018-08,Dorset Police,Dorset Police,-1.891306,50.715960,On or near West Cliff Road,E01015368,Bournemouth 024B,Anti-social behaviour,,
,2018-08,Dorset Police,Dorset Police,-1.891306,50.715960,On or near West Cliff Road,E01015368,Bournemouth 024B,Anti-social behaviour,,
,2018-08,Dorset Police,Dorset Police,-1.891306,50.715960,On or near West Cliff Road,E01015368,Bournemouth 024B,Anti-social behaviour,,
,2018-08,Dorset Police,Dorset Police,-1.891306,50.715960,On or near West Cliff Road,E01015368,Bournemouth 024B,Anti-social behaviour,,
d336b96e196c537a749f74dcf65c5c584fa8e62f55b425665e7d446b774274f4,2018-08,Dorset Police,Dorset Police,-1.890347,50.720365,On or near Poole Road,E01015368,Bournemouth 024B,Burglary,Investigation complete; no suspect identified,
269940291c91991975676cf3676f7b74a60a2a1c8ea37564969e22f67b7604e7,2018-08,Dorset Police,Dorset Police,-1.890347,50.720365,On or near Poole Road,E01015368,Bournemouth 024B,Burglary,Investigation complete; no suspect identified,
9b53e61324aa253c0131888abafc34439eaf561519a086c3d3f165f13ca898b8,2018-08,Dorset Police,Dorset Police,-1.897717,50.718852,On or near Portarlington Road,E01015368,Bournemouth 024B,Criminal damage and arson,Investigation complete; no suspect identified,
e7fb788fd88c7a33d5ac08322e5f9a4f5f2921332c9f488be4b5c9f6cd1dac5c,2018-08,Dorset Police,Dorset Police,-1.891306,50.715960,On or near West Cliff Road,E01015368,Bournemouth 024B,Criminal damage and arson,Status update unavailable,
31740fcae2bc42511a27cb06a8282c2862d83a99983ddc04f63bbe75c536e66c,2018-08,Dorset Police,Dorset Police,-1.891306,50.715960,On or near West Cliff Road,E01015368,Bournemouth 024B,Criminal damage and arson,Investigation complete; no suspect identified,
ef7436e2357fbfb5fa31cffac334e04be419dbac3831af664d3c09eb38584e95,2018-08,Dorset Police,Dorset Police,-1.891306,50.715960,On or near West Cliff Road,E01015368,Bournemouth 024B,Drugs,Offender given a drugs possession warning,
4f7668b9967ec507137b66f40729be2695d23a780d4eae0e5b2dc7b54f7a15fd,2018-08,Dorset Police,Dorset Police,-1.890631,50.714206,On or near Parking Area,E01015368,Bournemouth 024B,Drugs,Court result unavailable,
e33d129499250715b9f43bfee6021288b3adb2ae8f5b88660309f11769b11748,2018-08,Dorset Police,Dorset Police,-1.891459,50.717255,On or near Chine Crescent Road,E01015368,Bournemouth 024B,Other theft,Unable to prosecute suspect,
96f76ba5636c2fa6d1827ed335cf5beeff7a2063681517ee04945243d8022aab,2018-08,Dorset Police,Dorset Police,-1.890347,50.720365,On or near Poole Road,E01015368,Bournemouth 024B,Theft from the person,Status update unavailable,
4bb5beb06275320295e15e5810b7b45fb8ed964b527012e02ee31ffeb4447e95,2018-08,Dorset Police,Dorset Police,-1.893739,50.717734,On or near Portarlington Close,E01015368,Bournemouth 024B,Vehicle crime,Court result unavailable,
f7509851512089e4de431663025214706c9ca929e6db04adf756ff0bec6effdb,2018-08,Dorset Police,Dorset Police,-1.891306,50.715960,On or near West Cliff Road,E01015368,Bournemouth 024B,Vehicle crime,Investigation complete; no suspect identified,
6c4c37c8f6034ecba3666632183838f40c648a5f100f1dfc7e358f9fba8c9e35,2018-08,Dorset Police,Dorset Police,-1.897717,50.718852,On or near Portarlington Road,E01015368,Bournemouth 024B,Vehicle crime,Investigation complete; no suspect identified,
01b963c859f1f5d0c3ae87f95c754077537fcd3dcf06b30d66f2bffd0f52e87c,2018-08,Dorset Police,Dorset Police,-1.891306,50.715960,On or near West Cliff Road,E01015368,Bournemouth 024B,Vehicle crime,Investigation complete; no suspect identified,
107f1aa8841fd3f0ed333c80543c27073db74350a2b7b2ae1d1362e877f5653c,2018-08,Dorset Police,Dorset Police,-1.891306,50.715960,On or near West Cliff Road,E01015368,Bournemouth 024B,Vehicle crime,Investigation complete; no suspect identified,
d25b520c4653c86656addfb1b1e170da348df224b44e84dbfcb648d79b058678,2018-08,Dorset Police,Dorset Police,-1.893848,50.719559,On or near Clarendon Road,E01015368,Bournemouth 024B,Violence and sexual offences,Unable to prosecute suspect,
5ac8f74462794b752a16cc0c666f911d64fe44b7e9627ed60a47e34e3599c6b8,2018-08,Dorset Police,Dorset Police,-1.891306,50.715960,On or near West Cliff Road,E01015368,Bournemouth 024B,Violence and sexual offences,Investigation complete; no suspect identified,
2be46342e7bce4022d9c236497272efb2bcc689a2ba4cc9d0f321141e3e6de3e,2018-08,Dorset Police,Dorset Police,-1.890631,50.714206,On or near Parking Area,E01015368,Bournemouth 024B,Violence and sexual offences,Unable to prosecute suspect,
61b72ed49911c629656bba5890268a536bcb47cbfe1fe5de72c2f4dcc8bc5ced,2018-08,Dorset Police,Dorset Police,-1.891306,50.715960,On or near West Cliff Road,E01015368,Bournemouth 024B,Violence and sexual offences,Investigation complete; no suspect identified,
0404ef3eb73f0bfb391bdb11094a96598cc62965f9f47bd3cc83e06d1eacf6a8,2018-08,Dorset Police,Dorset Police,-1.891306,50.715960,On or near West Cliff Road,E01015368,Bournemouth 024B,Violence and sexual offences,Investigation complete; no suspect identified,
,2018-08,Dorset Police,Dorset Police,-1.906473,50.717780,On or near Westbourne Park Road,E01015369,Bournemouth 024C,Anti-social behaviour,,
,2018-08,Dorset Police,Dorset Police,-1.904490,50.717743,On or near Warren Road,E01015369,Bournemouth 024C,Anti-social behaviour,,
,2018-08,Dorset Police,Dorset Police,-1.900603,50.720393,On or near Grosvenor Road,E01015369,Bournemouth 024C,Anti-social behaviour,,
7cd36d0741bc1aca9e491abba7fafe83cd21dc104de278a3dc0457acaf0e92ce,2018-08,Dorset Police,Dorset Police,-1.904490,50.717743,On or near Warren Road,E01015369,Bournemouth 024C,Other theft,Investigation complete; no suspect identified,
3ba3c1a0b5c901ea684ff0a86542cd0757744d072c573b4d8995422cd48c7ded,2018-08,Dorset Police,Dorset Police,-1.903274,50.716798,On or near Hospital,E01015369,Bournemouth 024C,Violence and sexual offences,Formal action is not in the public interest,
6ea043e01fd29dbae09ddac769cb8f150e0be0eefcc14ee472aa221d004509eb,2018-08,Dorset Police,Dorset Police,-1.900603,50.720393,On or near Grosvenor Road,E01015369,Bournemouth 024C,Violence and sexual offences,Unable to prosecute suspect,
,2018-08,Dorset Police,Dorset Police,-1.902640,50.714783,On or near Alumdale Road,E01015370,Bournemouth 024D,Anti-social behaviour,,
,2018-08,Dorset Police,Dorset Police,-1.903149,50.715467,On or near Rosemount Road,E01015370,Bournemouth 024D,Anti-social behaviour,,
,2018-08,Dorset Police,Dorset Police,-1.903149,50.715467,On or near Rosemount Road,E01015370,Bournemouth 024D,Anti-social behaviour,,
,2018-08,Dorset Police,Dorset Police,-1.903149,50.715467,On or near Rosemount Road,E01015370,Bournemouth 024D,Anti-social behaviour,,
,2018-08,Dorset Police,Dorset Police,-1.906079,50.716341,On or near Herbert Road,E01015370,Bournemouth 024D,Anti-social behaviour,,
,2018-08,Dorset Police,Dorset Police,-1.901058,50.713001,On or near Earle Road,E01015370,Bournemouth 024D,Anti-social behaviour,,
2ce09bb7dd595f28e98ab7664209edb5ac61493557176318dc92102bc61ce422,2018-08,Dorset Police,Dorset Police,-1.900383,50.710779,On or near Sandbourne Road,E01015370,Bournemouth 024D,Criminal damage and arson,Investigation complete; no suspect identified,
a8c72e2731670a37d8f0563ee6787fbc89b65d99bd62b91a4218ddd1a412c5a4,2018-08,Dorset Police,Dorset Police,-1.898049,50.715831,On or near Mckinley Road,E01015370,Bournemouth 024D,Vehicle crime,Unable to prosecute suspect,
fb62dd75fc48209c0f501a11c5f0f5bd16d9df161009f47abccf5d900127968f,2018-08,Dorset Police,Dorset Police,-1.899345,50.712676,On or near Studland Road,E01015370,Bournemouth 024D,Vehicle crime,Investigation complete; no suspect identified,
f4a43dbf81ae8632470f43baf7f05de950d7d4809a0689fc05aa05e6bf9b19a2,2018-08,Dorset Police,Dorset Police,-1.904620,50.716592,On or near Alumhurst Road,E01015370,Bournemouth 024D,Violence and sexual offences,Unable to prosecute suspect,
,2018-08,Dorset Police,Dorset Police,-1.768256,50.748379,On or near Shorts Close,E01020343,Christchurch 001A,Anti-social behaviour,,
,2018-08,Dorset Police,Dorset Police,-1.768526,50.745259,On or near Lineside,E01020343,Christchurch 001A,Anti-social behaviour,,
3fb82c0a3f7953cb5775a14f27e4e9efbd8cdf13bddeefad5c65710e03fdba12,2018-08,Dorset Police,Dorset Police,-1.765091,50.749182,On or near Treebys Close,E01020343,Christchurch 001A,Other theft,Unable to prosecute suspect,
ea17500f4022e91b916d4c9427b699f8d2455486a3a2bb67807b74ddd22699cd,2018-08,Dorset Police,Dorset Police,-1.768526,50.745259,On or near Lineside,E01020343,Christchurch 001A,Violence and sexual offences,Unable to prosecute suspect,
edb5503aee5209cd4277b1ca3ae926bf9f286161d6adeee2509f400e680af21b,2018-08,Dorset Police,Dorset Police,-1.767648,50.745041,On or near Sandy Plot,E01020343,Christchurch 001A,Violence and sexual offences,Unable to prosecute suspect,
,2018-08,Dorset Police,Dorset Police,-1.769837,50.752447,On or near Meadow Lane,E01020344,Christchurch 001B,Anti-social behaviour,,
,2018-08,Dorset Police,Dorset Police,-1.770276,50.755586,On or near Katherine Chance Close,E01020344,Christchurch 001B,Anti-social behaviour,,
,2018-08,Dorset Police,Dorset Police,-1.768680,50.754396,On or near Heathlands Close,E01020344,Christchurch 001B,Anti-social behaviour,,
600fae3d182168da5722a6990216f9e4b44f604255ff8855f2e10f770bd59bcd,2018-08,Dorset Police,Dorset Police,-1.770276,50.755586,On or near Katherine Chance Close,E01020344,Christchurch 001B,Public order,Unable to prosecute suspect,
a0c6280fdd89e6014c7e066cbfd0b3c603f4df84989953b334829ab39b825375,2018-08,Dorset Police,Dorset Police,-1.771105,50.754086,On or near Summerfield Close,E01020344,Christchurch 001B,Violence and sexual offences,Action to be taken by another organisation,
,2018-08,Dorset Police,Dorset Police,-1.771655,50.751821,On or near Crabtree Close,E01020345,Christchurch 001C,Anti-social behaviour,,
,2018-08,Dorset Police,Dorset Police,-1.857072,50.785517,On or near Chapel Lane,E01020365,Christchurch 001D,Anti-social behaviour,,
,2018-08,Dorset Police,Dorset Police,-1.821106,50.772059,On or near Christchurch Road,E01020365,Christchurch 001D,Anti-social behaviour,,
,2018-08,Dorset Police,Dorset Police,-1.858979,50.783334,On or near Sports/Recreation Area,E01020365,Christchurch 001D,Anti-social behaviour,,
,2018-08,Dorset Police,Dorset Police,-1.789866,50.759130,On or near Dudmoor Farm Road,E01020365,Christchurch 001D,Anti-social behaviour,,
4a8e57b8b1ba2c9d463b4fce60af931c2603c1257166ef3ca1352b216209b374,2018-08,Dorset Police,Dorset Police,-1.789866,50.759130,On or near Dudmoor Farm Road,E01020365,Christchurch 001D,Burglary,Investigation complete; no suspect identified,
fadbbcea0c6c71e2137827e66f5fe0ac0784731b9d7378bb23819f64077ab295,2018-08,Dorset Police,Dorset Police,-1.855712,50.775839,On or near Parley Lane,E01020365,Christchurch 001D,Burglary,Investigation complete; no suspect identified,
1f80ad577e21e3a78c96d5dd22356f9d91db18f05fbc8ecb66b1a5384937b1e3,2018-08,Dorset Police,Dorset Police,-1.821106,50.772059,On or near Christchurch Road,E01020365,Christchurch 001D,Burglary,Investigation complete; no suspect identified,
d07f75d4d36b8b4285a34a7a0c74ea4fbabaf93fc0a3dbcc5d6b6f9d1b60f859,2018-08,Dorset Police,Dorset Police,-1.840219,50.773094,On or near Dales Lane,E01020365,Christchurch 001D,Burglary,Investigation complete; no suspect identified,
40b517f9a6ca6382eed7c127896c8dbc0a8f48f59e58b930321e87b97af96add,2018-08,Dorset Police,Dorset Police,-1.802479,50.756814,On or near Marlow Drive,E01020365,Christchurch 001D,Burglary,Investigation complete; no suspect identified,
4e5f5fbecfd3f803936113b8946d868e7797d145200f0034c8b2df5f49290c20,2018-08,Dorset Police,Dorset Police,-1.805819,50.761810,On or near Hestan Close,E01020365,Christchurch 001D,Criminal damage and arson,Investigation complete; no suspect identified,
0b6b49c77aae6cbba13ffa0ec82b8808735662551ba71183f9e466d5abc8bd3d,2018-08,Dorset Police,Dorset Police,-1.797236,50.753163,On or near Sandy Lane,E01020365,Christchurch 001D,Criminal damage and arson,Investigation complete; no suspect identified,
be883e1bdd521b26d7378c774ae784369c5fc64f69b52b3089df824f97075a64,2018-08,Dorset Police,Dorset Police,-1.817646,50.775750,On or near Park/Open Space,E01020365,Christchurch 001D,Criminal damage and arson,Further investigation is not in the public interest,
81253f6d346a8cd7d693fd4acb60359c519fbd6f3704537e4fd381a91ec96c50,2018-08,Dorset Police,Dorset Police,-1.832517,50.777598,On or near Airport/Airfield,E01020365,Christchurch 001D,Criminal damage and arson,Investigation complete; no suspect identified,
84d5aad2e14076a48700cb14870da8f604288c57b228389ee93f13ce7c914af3,2018-08,Dorset Police,Dorset Police,-1.832517,50.777598,On or near Airport/Airfield,E01020365,Christchurch 001D,Criminal damage and arson,Investigation complete; no suspect identified,
2d3dbc500bb7a638aea33eab0c505577844ea62c8fdcea9ceb9c3fcdf1235a4f,2018-08,Dorset Police,Dorset Police,-1.805997,50.759715,On or near Valencia Close,E01020365,Christchurch 001D,Other theft,Investigation complete; no suspect identified,
544b08a967294451e1d48d559419de3b5bd25a1738ce961596e94ace95c8c61e,2018-08,Dorset Police,Dorset Police,-1.851861,50.782723,On or near Enterprise Way,E01020365,Christchurch 001D,Other theft,Offender given a caution,
3773065fa6eb3a591bd7a9618d759a81cce4e391a54cb27415e5399e562de0ff,2018-08,Dorset Police,Dorset Police,-1.821106,50.772059,On or near Christchurch Road,E01020365,Christchurch 001D,Public order,Unable to prosecute suspect,
ead113ca9f1fa99272658d9d36900b9178fca222be631c96fef038b23a968338,2018-08,Dorset Police,Dorset Police,-1.830007,50.777333,On or near Parking Area,E01020365,Christchurch 001D,Vehicle crime,Investigation complete; no suspect identified,
b26631d3e2c7a25dcf98cf19239ba8faaf2be52f4e85dcbc046ddf49952848d5,2018-08,Dorset Police,Dorset Police,-1.858467,50.779071,On or near Chapel Gate,E01020365,Christchurch 001D,Violence and sexual offences,Unable to prosecute suspect,
8b75f00b87a90dfcc8e5c39122d41ade6927afb6e166c7c676b76e00baec7d5a,2018-08,Dorset Police,Dorset Police,-1.821172,50.795863,On or near Plantation Road,E01020365,Christchurch 001D,Violence and sexual offences,Formal action is not in the public interest,
870c81ca6289957ce4443afd3c0523a21af7a1871138c0197dc1903755055512,2018-08,Dorset Police,Dorset Police,-1.817646,50.775750,On or near Park/Open Space,E01020365,Christchurch 001D,Violence and sexual offences,Unable to prosecute suspect,
f33983669602d875d5e6083d00aec8d5bc9e1f3e764c0fe64242b31606ceab1b,2018-08,Dorset Police,Dorset Police,-1.858467,50.779071,On or near Chapel Gate,E01020365,Christchurch 001D,Violence and sexual offences,Unable to prosecute suspect,
0288fae4ae4e4c6091a8b9077cdfca9c865d5ee1a5900fc8fb25d1789b21e4e9,2018-08,Dorset Police,Dorset Police,-1.809032,50.777013,On or near A338,E01020365,Christchurch 001D,Violence and sexual offences,Action to be taken by another organisation,
,2018-08,Dorset Police,Dorset Police,-1.800925,50.745624,On or near Perth Close,E01020351,Christchurch 002A,Anti-social behaviour,,
,2018-08,Dorset Police,Dorset Police,-1.800925,50.745624,On or near Perth Close,E01020351,Christchurch 002A,Anti-social behaviour,,
,2018-08,Dorset Police,Dorset Police,-1.798975,50.747402,On or near Canberra Road,E01020351,Christchurch 002A,Anti-social behaviour,,
795d5277bf2c10c5806cf4aa7394b7b9eab31eba523b27e670bc59707cead5ed,2018-08,Dorset Police,Dorset Police,-1.798711,50.749649,On or near Driftwood Park,E01020351,Christchurch 002A,Burglary,Investigation complete; no suspect identified,
68825317e1519b60e126bfc097277f87ad879908c66830f02431e8b19f1132bd,2018-08,Dorset Police,Dorset Police,-1.793324,50.749829,On or near Essex Avenue,E01020351,Christchurch 002A,Violence and sexual offences,Unable to prosecute suspect,
2bcb1447c9d093d6a1ffaaf1d366328081756498f47eee6648f25751faa22fda,2018-08,Dorset Police,Dorset Police,-1.800925,50.745624,On or near Perth Close,E01020351,Christchurch 002A,Violence and sexual offences,Unable to prosecute suspect,
39e340f4cec4cb45e8ef2c2151f3d7e09512a343e19a284c231cad6ae6d9282d,2018-08,Dorset Police,Dorset Police,-1.785824,50.746920,On or near Branwell Close,E01020352,Christchurch 002B,Burglary,Investigation complete; no suspect identified,
3322b320d1a89456a338017c650379d84dd4d14475db32047f444c41ea6bc03e,2018-08,Dorset Police,Dorset Police,-1.788690,50.746349,On or near Emily Close,E01020352,Christchurch 002B,Public order,Unable to prosecute suspect,
,2018-08,Dorset Police,Dorset Police,-1.798485,50.746007,On or near Brisbane Road,E01020353,Christchurch 002C,Anti-social behaviour,,
e9602afc7d04cbcd7c76b8c1ded3686ed87171dfd71a1290f5305578ad5a0d52,2018-08,Dorset Police,Dorset Police,-1.793189,50.748156,On or near Petrol Station,E01020353,Christchurch 002C,Burglary,Investigation complete; no suspect identified,
20733cdd0672b08db5aabc1d5d93423f4c87e5ea90c749704662c4f87d1217c8,2018-08,Dorset Police,Dorset Police,-1.793189,50.748156,On or near Petrol Station,E01020353,Christchurch 002C,Shoplifting,Investigation complete; no suspect identified,
b1b78fd62227c00b58e196e6b6968330233afbdc00ad09d3789e4157c12e17a5,2018-08,Dorset Police,Dorset Police,-1.791995,50.748891,On or near Rutland Road,E01020353,Christchurch 002C,Violence and sexual offences,Status update unavailable,
80c715c8d932c8c5bf44a0b3d00fc8002d99cfeb07cee6380b8fc2855cf285c3,2018-08,Dorset Police,Dorset Police,-1.792273,50.743892,On or near Loring Road,E01020353,Christchurch 002C,Violence and sexual offences,Action to be taken by another organisation,
d6289f46c248aa720693caf34245ff866f98402392ac61b25d90a2d4f3f46471,2018-08,Dorset Police,Dorset Police,-1.797533,50.746527,On or near Sydney Road,E01020353,Christchurch 002C,Violence and sexual offences,Unable to prosecute suspect,
1fea42fef5f8cb4aa5b297702b7fd5e407fcdca8e3c1588a538fe969729e5106,2018-08,Dorset Police,Dorset Police,-1.798485,50.746007,On or near Brisbane Road,E01020353,Christchurch 002C,Violence and sexual offences,Investigation complete; no suspect identified,
e31ff35605920cb55e2f71913887f025dc5723fcfc4a749138dc70c6f9bfb18e,2018-08,Dorset Police,Dorset Police,-1.791760,50.744403,On or near Hospital,E01020353,Christchurch 002C,Violence and sexual offences,Unable to prosecute suspect,
000dfb841b4a40804aa226a03a4c48da377ffba40d2c72a84ee0c333e16f47ed,2018-08,Dorset Police,Dorset Police,-1.791995,50.748891,On or near Rutland Road,E01020353,Christchurch 002C,Violence and sexual offences,Status update unavailable,
4e74d78fcebb410267aa79260355343af20155322da408b5350c90b9ff281162,2018-08,Dorset Police,Dorset Police,-1.792273,50.743892,On or near Loring Road,E01020353,Christchurch 002C,Violence and sexual offences,Action to be taken by another organisation,
5d3caa4a9cc15f5e6d51baca950377f0d69d0cd99093e04e90dce5b182080f37,2018-08,Dorset Police,Dorset Police,-1.792273,50.743892,On or near Loring Road,E01020353,Christchurch 002C,Violence and sexual offences,Action to be taken by another organisation,
,2018-08,Dorset Police,Dorset Police,-1.784650,50.743365,On or near Tidemill Close,E01020359,Christchurch 002D,Anti-social behaviour,,
,2018-08,Dorset Police,Dorset Police,-1.784650,50.743365,On or near Tidemill Close,E01020359,Christchurch 002D,Anti-social behaviour,,
35e90239a2388d67a5f84a6ec5eb3b71f7595dc80ec3cc57c01710483da382f3,2018-08,Dorset Police,Dorset Police,-1.784650,50.743365,On or near Tidemill Close,E01020359,Christchurch 002D,Public order,Offender given community sentence,
88fc1bb7a740711922d27a77dd702916cf15d00183c65e75256cc7de3173dc02,2018-08,Dorset Police,Dorset Police,-1.786617,50.740779,On or near Portfield Close,E01020359,Christchurch 002D,Violence and sexual offences,Unable to prosecute suspect,
68007ab099e114ddb31dd26c6a48307baae53cba9b0662a8d4c51b0bb4e3dbd1,2018-08,Dorset Police,Dorset Police,-1.786617,50.740779,On or near Portfield Close,E01020359,Christchurch 002D,Violence and sexual offences,Unable to prosecute suspect,
fddc4ad59f66310ab23bcf3e131e0249f2dea23cdcb9d858262ab9045415bc72,2018-08,Dorset Police,Dorset Police,-1.790545,50.743520,On or near Tasman Close,E01020359,Christchurch 002D,Other crime,Court result unavailable,
,2018-08,Dorset Police,Dorset Police,-1.806527,50.744807,On or near Beech Avenue,E01020366,Christchurch 002E,Anti-social behaviour,,
,2018-08,Dorset Police,Dorset Police,-1.810147,50.750397,On or near Sports/Recreation Area,E01020366,Christchurch 002E,Anti-social behaviour,,
a9683c9b752afc9632a85580f538d2eb8a885209559255972c5985d9a0b79e74,2018-08,Dorset Police,Dorset Police,-1.810147,50.750397,On or near Sports/Recreation Area,E01020366,Christchurch 002E,Burglary,Investigation complete; no suspect identified,
fbecb5598e9917e4dd23a38dc320e9db3f271f570329e599353d762f3e2b5626,2018-08,Dorset Police,Dorset Police,-1.806878,50.742208,On or near Park/Open Space,E01020366,Christchurch 002E,Drugs,Offender given a drugs possession warning,
3c3223baab692ff0db71e618cf5fe70634e87229bfb1a849238392ace0da83d6,2018-08,Dorset Police,Dorset Police,-1.806878,50.742208,On or near Park/Open Space,E01020366,Christchurch 002E,Other theft,Investigation complete; no suspect identified,
ad26be502d7c0306e360d9119d15065fd1693bc42ed770a93a9fa5553f158c81,2018-08,Dorset Police,Dorset Police,-1.803197,50.754711,On or near Glendale Close,E01020366,Christchurch 002E,Public order,Court result unavailable,
eb8659d0139e2165a6798baf27763661b09271d4e628919eaaebfad4eb961b4d,2018-08,Dorset Police,Dorset Police,-1.800840,50.752180,On or near Katterns Close,E01020366,Christchurch 002E,Vehicle crime,Investigation complete; no suspect identified,
6e6f793d44138244cbdf7444946cd02c28717097df4b2ce99eeee3afd94fc073,2018-08,Dorset Police,Dorset Police,-1.806289,50.744006,On or near Cedar Avenue,E01020366,Christchurch 002E,Violence and sexual offences,Unable to prosecute suspect,
302b4fa3fd750ca2ad589ee205bab829120d03721151247807e5506548ba2704,2018-08,Dorset Police,Dorset Police,-1.806878,50.742208,On or near Park/Open Space,E01020366,Christchurch 002E,Violence and sexual offences,Unable to prosecute suspect,
,2018-08,Dorset Police,Dorset Police,-1.699457,50.741235,On or near Supermarket,E01020349,Christchurch 003A,Anti-social behaviour,,
,2018-08,Dorset Police,Dorset Police,-1.699457,50.741235,On or near Supermarket,E01020349,Christchurch 003A,Anti-social behaviour,,
,2018-08,Dorset Police,Dorset Police,-1.699457,50.741235,On or near Supermarket,E01020349,Christchurch 003A,Anti-social behaviour,,
7d36110af32e3c7986ef2ac50cf521d2d1dcd167b45a7443b2d84f44b27eea08,2018-08,Dorset Police,Dorset Police,-1.700042,50.740652,On or near Parking Area,E01020349,Christchurch 003A,Burglary,Investigation complete; no suspect identified,
b44b15f787584a61235a40a799ce1a01ea179e5971620dae88276143669964ac,2018-08,Dorset Police,Dorset Police,-1.694209,50.741941,On or near Stuart Road,E01020349,Christchurch 003A,Criminal damage and arson,Unable to prosecute suspect,
6735c0afa6953e87c048d9c73ab58a16ec15d40b701e8d8c57ababee2eef82b7,2018-08,Dorset Police,Dorset Police,-1.699457,50.741235,On or near Supermarket,E01020349,Christchurch 003A,Public order,Investigation complete; no suspect identified,
07f0c889180d97b000e43ec92208832969cdd504517f41f601ce8a5b714347c0,2018-08,Dorset Police,Dorset Police,-1.696843,50.742199,On or near Lymington Road,E01020349,Christchurch 003A,Shoplifting,Offender given conditional discharge,
7e295cb469b5d0228ae3626331d92de3b85ddaf9366708ea2be5ae6bcba289c7,2018-08,Dorset Police,Dorset Police,-1.688130,50.743840,On or near Studley Close,E01020349,Christchurch 003A,Shoplifting,Unable to prosecute suspect,
47016458ac6363fbae6665e7ac5ce7105a688ea79e20a88d42948a1a3d403e39,2018-08,Dorset Police,Dorset Police,-1.690982,50.743335,On or near Chewton Lodge,E01020349,Christchurch 003A,Theft from the person,Unable to prosecute suspect,
bc4a564d1b9db86c8ffad7cd3368b3b2380b759757eb6a7d03ecb226e50e6f80,2018-08,Dorset Police,Dorset Police,-1.690982,50.743335,On or near Chewton Lodge,E01020349,Christchurch 003A,Violence and sexual offences,Unable to prosecute suspect,
a200543ab6c033853e5ec98a28689d2f98a39248ce2bb405638dc469ff1c5ddd,2018-08,Dorset Police,Dorset Police,-1.694209,50.741941,On or near Stuart Road,E01020349,Christchurch 003A,Violence and sexual offences,Unable to prosecute suspect,
,2018-08,Dorset Police,Dorset Police,-1.695962,50.738222,On or near Parking Area,E01020350,Christchurch 003B,Anti-social behaviour,,
7a85e8d89e1e9ba1fc0d1777e97d29715734a05d225466a44bd3d21c8fc8ca03,2018-08,Dorset Police,Dorset Police,-1.704200,50.741957,On or near Jesmond Avenue,E01020350,Christchurch 003B,Drugs,Offender given a caution,
b38a1d4a0c6546ec73e0392de0dde5322479215ed536d04e22a466f3a01469b1,2018-08,Dorset Police,Dorset Police,-1.705538,50.738849,On or near Redan Close,E01020350,Christchurch 003B,Violence and sexual offences,Unable to prosecute suspect,
10c028ac0dae4146ea2bd94cf4eb8b582eb24b7531e8afe7f70181ff455279aa,2018-08,Dorset Police,Dorset Police,-1.703306,50.739860,On or near Sports/Recreation Area,E01020350,Christchurch 003B,Violence and sexual offences,Unable to prosecute suspect,
998a643ed37894f0153d605cdf010daa13e029b843ed0ffd1debe994d29df976,2018-08,Dorset Police,Dorset Police,-1.704200,50.741957,On or near Jesmond Avenue,E01020350,Christchurch 003B,Violence and sexual offences,Offender given a caution,
,2018-08,Dorset Police,Dorset Police,-1.694958,50.746619,On or near Chewton Way,E01020357,Christchurch 003C,Anti-social behaviour,,
47a47a156463c72e24f657542215e439d60ee5288a5bf5a027317b1719e5ece4,2018-08,Dorset Police,Dorset Police,-1.696820,50.745787,On or near Upper Gordon Road,E01020357,Christchurch 003C,Criminal damage and arson,Investigation complete; no suspect identified,
daba7a95dfc9a693cba7dd090ec683046b2ed61d136c25347d4f1034818a708e,2018-08,Dorset Police,Dorset Police,-1.688665,50.750874,On or near Hurst Close,E01020357,Christchurch 003C,Criminal damage and arson,Investigation complete; no suspect identified,
615a885e7df0cc688cdf91cbf87ca98585194b2df7f2876b1d18279231315d2a,2018-08,Dorset Police,Dorset Police,-1.688580,50.748625,On or near Seaview Road,E01020357,Christchurch 003C,Public order,Further investigation is not in the public interest,
129a88a0716f35284d6479fc0f977909afe0842cb9e04ca615b417e81915831a,2018-08,Dorset Police,Dorset Police,-1.696820,50.745787,On or near Upper Gordon Road,E01020357,Christchurch 003C,Robbery,Unable to prosecute suspect,
4ba57d0cffa8d4f9d576a7564265805e32b560831817a80e7de6679a2ff4511a,2018-08,Dorset Police,Dorset Police,-1.688580,50.748625,On or near Seaview Road,E01020357,Christchurch 003C,Violence and sexual offences,Unable to prosecute suspect,
59e9708178f4df42c8a9ee0414d1779f21dd9b76a98ee9c5c444b97e2cbd23f2,2018-08,Dorset Police,Dorset Police,-1.690009,50.751255,On or near Broadlands Close,E01020357,Christchurch 003C,Violence and sexual offences,Unable to prosecute suspect,
f4995a4824dc72c1ef046d75cd2dff9201d6b0c593eed139bbad49f54ee7db5c,2018-08,Dorset Police,Dorset Police,-1.690009,50.751255,On or near Broadlands Close,E01020357,Christchurch 003C,Violence and sexual offences,Unable to prosecute suspect,
d87b9ea7721cd0bd1f0a201814d8e86b24f1b4f750e27cdde138effe4229c5ca,2018-08,Dorset Police,Dorset Police,-1.699179,50.751441,On or near Marlpit Drive,E01020357,Christchurch 003C,Violence and sexual offences,Further investigation is not in the public interest,
6c3a8caf9a9c3a1351a32807c56230df1cfd894a9ba9216f82991f6604d12906,2018-08,Dorset Police,Dorset Police,-1.699179,50.751441,On or near Marlpit Drive,E01020357,Christchurch 003C,Violence and sexual offences,Unable to prosecute suspect,
689d319bb3e8766fe4b231d96db33710b42c90ca455d764a8e71ff646026a8bf,2018-08,Dorset Police,Dorset Police,-1.711379,50.745365,On or near Hinton Wood Avenue,E01020358,Christchurch 003D,Burglary,Investigation complete; no suspect identified,
ad59680d92848fab63527cc60002a67259f588339841eee2158e35ac276f34de,2018-08,Dorset Police,Dorset Police,-1.697021,50.749789,On or near Heather Close,E01020358,Christchurch 003D,Shoplifting,Investigation complete; no suspect identified,
ad976294a68650cbbd153bd4312d4ceeb8578b624014ea7dd06b7bfee134194b,2018-08,Dorset Police,Dorset Police,-1.710045,50.747826,On or near Holmhurst Avenue,E01020358,Christchurch 003D,Vehicle crime,Investigation complete; no suspect identified,
f83308594914374b49357288cd396ca8020f502cc83d3a8d344d3a725b1630e5,2018-08,Dorset Police,Dorset Police,-1.715007,50.740617,On or near Pine Crescent,E01020369,Christchurch 004A,Burglary,Investigation complete; no suspect identified,
14ef28d49bf35b08ad57429644e983f24c7d45b5a8daafab6f444315290ea1e1,2018-08,Dorset Police,Dorset Police,-1.721475,50.746847,On or near Parkside,E01020369,Christchurch 004A,Burglary,Investigation complete; no suspect identified,
34688bf2861074da4b1c9e954cb400fd99a79287626eeebbfd4d9b1218a18159,2018-08,Dorset Police,Dorset Police,-1.721277,50.744499,On or near Farmdene Close,E01020369,Christchurch 004A,Burglary,Unable to prosecute suspect,
0e632dd2c4f805c4f0ad8b73cfd04182538b616825bf886f68eb11e6c7867859,2018-08,Dorset Police,Dorset Police,-1.724173,50.743616,On or near Saulfland Place,E01020369,Christchurch 004A,Shoplifting,Unable to prosecute suspect,
20e13410e6249bc90430e8dd1f10275f1355389b797069c4880ea93f4d2155ec,2018-08,Dorset Police,Dorset Police,-1.721116,50.742979,On or near Rowan Drive,E01020369,Christchurch 004A,Vehicle crime,Investigation complete; no suspect identified,
,2018-08,Dorset Police,Dorset Police,-1.739068,50.738758,On or near Delta Close,E01020370,Christchurch 004B,Anti-social behaviour,,
006016fb39fa9202e19f4d9da14b7f3660820ba28b47e2624f1ed7a654b85026,2018-08,Dorset Police,Dorset Police,-1.739068,50.738758,On or near Delta Close,E01020370,Christchurch 004B,Bicycle theft,Unable to prosecute suspect,
ed03350e9f9140dbd29389945586f8f20f5688d37feade8cf6e1996e3bef5ae3,2018-08,Dorset Police,Dorset Police,-1.733286,50.741128,On or near Highcliffe Road,E01020370,Christchurch 004B,Burglary,Investigation complete; no suspect identified,
6a042b0927752e451f77a427fc6918068e65a38e6b7a6541bc013a669c5a9e1f,2018-08,Dorset Police,Dorset Police,-1.740027,50.736908,On or near Parking Area,E01020370,Christchurch 004B,Criminal damage and arson,Investigation complete; no suspect identified,
21c43b35ce6d7485ceeef75151921c404b26fd31d9ac14362ec6a61c919807ef,2018-08,Dorset Police,Dorset Police,-1.733286,50.741128,On or near Highcliffe Road,E01020370,Christchurch 004B,Criminal damage and arson,Investigation complete; no suspect identified,
2643ffd4400fd293af1db7f219a962acce2bb8e1e7d3c31e4e8dafe926c18b43,2018-08,Dorset Police,Dorset Police,-1.740027,50.736908,On or near Parking Area,E01020370,Christchurch 004B,Violence and sexual offences,Unable to prosecute suspect,
52f348759be146310e43b1f1c3992a59f7e92893357bbf44376d40732b080b09,2018-08,Dorset Police,Dorset Police,-1.724859,50.749966,On or near Treeside,E01020371,Christchurch 004C,Violence and sexual offences,Unable to prosecute suspect,
122d3b0cd2dc11f5fc763734c6ea20985880c2fca543c922a091836eb0c254c6,2018-08,Dorset Police,Dorset Police,-1.737927,50.745122,On or near Lyndhurst Road,E01020372,Christchurch 004D,Bicycle theft,Investigation complete; no suspect identified,
c9e334b87e905f0954fe74068b98e6d9fe1fadf86f1dca77ca58bd6e52e618db,2018-08,Dorset Police,Dorset Police,-1.726967,50.745772,On or near Manning Avenue,E01020372,Christchurch 004D,Burglary,Investigation complete; no suspect identified,
a8f093d1c9684e3b7cbf51219fdb3e2b80df9679e13b38b94122c4c43d005282,2018-08,Dorset Police,Dorset Police,-1.741786,50.744331,On or near Supermarket,E01020372,Christchurch 004D,Other theft,Investigation complete; no suspect identified,
e79e527a1a8a5a2ebf587a073443e2f1c63a921939cf54322986cc5a53e143d2,2018-08,Dorset Police,Dorset Police,-1.741786,50.744331,On or near Supermarket,E01020372,Christchurch 004D,Shoplifting,Suspect charged as part of another case,
0a9ccd1610f69fe2ac44674777188f47612fdbdcf245a3ee34ec7fa9ddfc3d56,2018-08,Dorset Police,Dorset Police,-1.741786,50.744331,On or near Supermarket,E01020372,Christchurch 004D,Shoplifting,Investigation complete; no suspect identified,
9e00901827e0081c990d80e1af29b3cbcbe768e11e6c9bc680c1d2d9f758e5c9,2018-08,Dorset Police,Dorset Police,-1.741786,50.744331,On or near Supermarket,E01020372,Christchurch 004D,Violence and sexual offences,Investigation complete; no suspect identified,
,2018-08,Dorset Police,Dorset Police,-1.759119,50.736283,On or near Court Close,E01020346,Christchurch 005A,Anti-social behaviour,,
,2018-08,Dorset Police,Dorset Police,-1.752186,50.736862,On or near Dennistoun Avenue,E01020346,Christchurch 005A,Anti-social behaviour,,
,2018-08,Dorset Police,Dorset Police,-1.756894,50.736315,On or near Supermarket,E01020346,Christchurch 005A,Anti-social behaviour,,
ce47de90d17cd3707135f261cc7abc8796d934d21c58ba99e9a01ec0fdf2a858,2018-08,Dorset Police,Dorset Police,-1.753332,50.737278,On or near Petrol Station,E01020346,Christchurch 005A,Burglary,Investigation complete; no suspect identified,
75ca58aecf4834a55906006043a0674bb976ea0e49150b45fac48c49aaaf9544,2018-08,Dorset Police,Dorset Police,-1.752907,50.734571,On or near Meadowland,E01020346,Christchurch 005A,Drugs,Offender given a caution,
7cec5c86b5f0ce3c3f5e157c254a3c7143f3362a0f5295a3b6171f20e3266bd6,2018-08,Dorset Police,Dorset Police,-1.753332,50.737278,On or near Petrol Station,E01020346,Christchurch 005A,Other theft,Investigation complete; no suspect identified,
1dd458e96bd00737915077b36f87627fbea891358ab151ec8e0d97fbe2a5154b,2018-08,Dorset Police,Dorset Police,-1.756894,50.736315,On or near Supermarket,E01020346,Christchurch 005A,Public order,Investigation complete; no suspect identified,
ccb7777ef0662ac058c7d07c6ce844fd204eed8c14502f69055dee22f9dc19a3,2018-08,Dorset Police,Dorset Police,-1.756894,50.736315,On or near Supermarket,E01020346,Christchurch 005A,Public order,Offender fined,
c2d52aa93642d676fc77b25511a69aefa21e49f5f8564b78ea35666a717b4cd3,2018-08,Dorset Police,Dorset Police,-1.752186,50.736862,On or near Dennistoun Avenue,E01020346,Christchurch 005A,Shoplifting,Investigation complete; no suspect identified,
732afd28df310818fb3f10713b52bd8e56e0d1103214d02fffb1fe0b53e3299a,2018-08,Dorset Police,Dorset Police,-1.756894,50.736315,On or near Supermarket,E01020346,Christchurch 005A,Vehicle crime,Unable to prosecute suspect,
fff4f6e7220d8d044e06fef966afafec64a61d454c4425a2961c8f8289063f88,2018-08,Dorset Police,Dorset Police,-1.752907,50.734571,On or near Meadowland,E01020346,Christchurch 005A,Violence and sexual offences,Unable to prosecute suspect,
d247df7f78cae17031994b36d2b770a7bc087183687e4e0e1c05a617557544d9,2018-08,Dorset Police,Dorset Police,-1.756894,50.736315,On or near Supermarket,E01020346,Christchurch 005A,Violence and sexual offences,Offender sent to prison,
9ca21bbd0f6bc55f7e41e5e03d36c122db435146870ffd8f75c0c3300142fbeb,2018-08,Dorset Police,Dorset Police,-1.752186,50.736862,On or near Dennistoun Avenue,E01020346,Christchurch 005A,Violence and sexual offences,Unable to prosecute suspect,
,2018-08,Dorset Police,Dorset Police,-1.748956,50.741918,On or near Scott'S Green,E01020347,Christchurch 005B,Anti-social behaviour,,
,2018-08,Dorset Police,Dorset Police,-1.744129,50.743562,On or near Sports/Recreation Area,E01020347,Christchurch 005B,Anti-social behaviour,,
,2018-08,Dorset Police,Dorset Police,-1.746779,50.741050,On or near Coleridge Green,E01020347,Christchurch 005B,Anti-social behaviour,,
,2018-08,Dorset Police,Dorset Police,-1.750055,50.740590,On or near Southey Road,E01020347,Christchurch 005B,Anti-social behaviour,,
,2018-08,Dorset Police,Dorset Police,-1.747263,50.743299,On or near Mallory Close,E01020347,Christchurch 005B,Anti-social behaviour,,
a35710d3a7346e84a17b38f9a294dd21aa85dd3c9d34ee79da814c7909f696f7,2018-08,Dorset Police,Dorset Police,-1.749841,50.743422,On or near Charles Road,E01020347,Christchurch 005B,Burglary,Investigation complete; no suspect identified,
f35be7f38c259d80e345d5ce2904f364219b1903b649e23dab653962f6c79fed,2018-08,Dorset Police,Dorset Police,-1.743131,50.739388,On or near Wilverley Road,E01020347,Christchurch 005B,Burglary,Investigation complete; no suspect identified,
d9466776ba1a83e002c4ee4c96a548f8bc388b37684c465ea8fcd7f8877a8b80,2018-08,Dorset Police,Dorset Police,-1.744129,50.743562,On or near Sports/Recreation Area,E01020347,Christchurch 005B,Criminal damage and arson,Investigation complete; no suspect identified,
72c81d8292c50059a9663efe68e61fef2e04bd9e5480aed39d4a83598eb88190,2018-08,Dorset Police,Dorset Police,-1.744129,50.743562,On or near Sports/Recreation Area,E01020347,Christchurch 005B,Criminal damage and arson,Investigation complete; no suspect identified,
30d8f3ac6380f3f3bf71241af12edeeade854682adfcf649458cac2ea2f1c6bc,2018-08,Dorset Police,Dorset Police,-1.747263,50.743299,On or near Mallory Close,E01020347,Christchurch 005B,Drugs,Offender given a caution,
161f3da52466b3b0f3fb4d3283678f0401904619bd38730081cf143cb6c20cca,2018-08,Dorset Police,Dorset Police,-1.748136,50.739012,On or near Pennant Way,E01020347,Christchurch 005B,Other theft,Unable to prosecute suspect,
d2e1089df621412b0e108b181c748d2750b57e5c5d6992e3f968dbfa1561a2b6,2018-08,Dorset Police,Dorset Police,-1.747369,50.742023,On or near Edward Road,E01020347,Christchurch 005B,Other theft,Investigation complete; no suspect identified,
64be11d5cae23a2a8e9bc589726e2ab0ce9f60d745bcece473a031ee288c5a23,2018-08,Dorset Police,Dorset Police,-1.746136,50.739277,On or near Caxton Close,E01020347,Christchurch 005B,Shoplifting,Investigation complete; no suspect identified,
50f84a233d05db6537612532a204637c5bf566f760287381fae3f691b2d34d27,2018-08,Dorset Police,Dorset Police,-1.746779,50.741050,On or near Coleridge Green,E01020347,Christchurch 005B,Violence and sexual offences,Unable to prosecute suspect,
b8a1e2b734e28aeafe4a577518421d1c25a56fdcf188e623dfc6067ff5c0927c,2018-08,Dorset Police,Dorset Police,-1.748136,50.739012,On or near Pennant Way,E01020347,Christchurch 005B,Violence and sexual offences,Unable to prosecute suspect,
dc555272a87c1e116b30b2fb887466713d62fbc50e18d3772fb1dc3ce1e7c36f,2018-08,Dorset Police,Dorset Police,-1.748136,50.739012,On or near Pennant Way,E01020347,Christchurch 005B,Violence and sexual offences,Investigation complete; no suspect identified,
3c30e75e68803c2418a3d8ffbb9cf37e8b2aa0e5fccd287cbef35379e630c414,2018-08,Dorset Police,Dorset Police,-1.747263,50.743299,On or near Mallory Close,E01020347,Christchurch 005B,Violence and sexual offences,Status update unavailable,
ef63d6d22526ce0261e8a450fadee82e2e08d65985269e7ae1fa0c942949f5ae,2018-08,Dorset Police,Dorset Police,-1.748136,50.739012,On or near Pennant Way,E01020347,Christchurch 005B,Violence and sexual offences,Unable to prosecute suspect,
8fe963034ad4f61c72df51097d4235874c6a0728e3a8a31237baddd6980ee474,2018-08,Dorset Police,Dorset Police,-1.749626,50.743934,On or near Dorset Road,E01020347,Christchurch 005B,Violence and sexual offences,Court result unavailable,
cd5e083a579fec7bb64b96a5229f8b5d7b6a1622fc0031972dea13c2b8f3d3c0,2018-08,Dorset Police,Dorset Police,-1.749626,50.743934,On or near Dorset Road,E01020347,Christchurch 005B,Violence and sexual offences,Court result unavailable,
9c472d50f7cbf18d73c00973336d38ff8939e494549aafb4b0b77b5dd158bec1,2018-08,Dorset Police,Dorset Police,-1.748136,50.739012,On or near Pennant Way,E01020347,Christchurch 005B,Violence and sexual offences,Unable to prosecute suspect,
44c99825cffd83517da1c5cf3655cd296631c8ac69807cdf6c430c736a98adad,2018-08,Dorset Police,Dorset Police,-1.744129,50.743562,On or near Sports/Recreation Area,E01020347,Christchurch 005B,Violence and sexual offences,Unable to prosecute suspect,
,2018-08,Dorset Police,Dorset Police,-1.756906,50.739318,On or near Draper Road,E01020348,Christchurch 005C,Anti-social behaviour,,
,2018-08,Dorset Police,Dorset Police,-1.750488,50.739035,On or near Somerford Road,E01020348,Christchurch 005C,Anti-social behaviour,,
,2018-08,Dorset Police,Dorset Police,-1.751234,50.742750,On or near Hunt Road,E01020348,Christchurch 005C,Anti-social behaviour,,
,2018-08,Dorset Police,Dorset Police,-1.751234,50.742750,On or near Hunt Road,E01020348,Christchurch 005C,Anti-social behaviour,,
65bab4c412d297c70351fef12cf2eb8a4a96e0efa80a5136d55d80b39d39e98b,2018-08,Dorset Police,Dorset Police,-1.750488,50.739035,On or near Somerford Road,E01020348,Christchurch 005C,Bicycle theft,Investigation complete; no suspect identified,
780b29a4f8edb5fa39d2d91877145994d1848cbb2fc9457cf7b2847c8c16f8c4,2018-08,Dorset Police,Dorset Police,-1.750488,50.739035,On or near Somerford Road,E01020348,Christchurch 005C,Criminal damage and arson,Investigation complete; no suspect identified,
c17614a4d7671a432082befbf43b4751912ea0fdf10825bcbd34818b04fbdb05,2018-08,Dorset Police,Dorset Police,-1.752220,50.741107,On or near Druitt Road,E01020348,Christchurch 005C,Possession of weapons,Unable to prosecute suspect,
4910c29b4178e58914efdd5bef825faf2dadd9c3d14f3d7ca4a3e195d7084ffc,2018-08,Dorset Police,Dorset Police,-1.750488,50.739035,On or near Somerford Road,E01020348,Christchurch 005C,Public order,Unable to prosecute suspect,
63215ead434e486907563f2f4cce6c905ffcd0328027ef0b0f2aa4c6cc358e05,2018-08,Dorset Police,Dorset Police,-1.756906,50.739318,On or near Draper Road,E01020348,Christchurch 005C,Public order,Unable to prosecute suspect,
2bc7749068cd55def639768f9bc40ba86e11ce2f9fa344482f68cb3a7a7adf8a,2018-08,Dorset Police,Dorset Police,-1.756561,50.743121,On or near Irvine Way,E01020348,Christchurch 005C,Violence and sexual offences,Investigation complete; no suspect identified,
130d50104fa4b3c4bee4418fc02443275fef880b16b2227b74c1df8a85d0fd76,2018-08,Dorset Police,Dorset Police,-1.751234,50.742750,On or near Hunt Road,E01020348,Christchurch 005C,Violence and sexual offences,Investigation complete; no suspect identified,
12d6697ac6537d3beccbe5fe544ef91db3faac232f1965e7c8c96039a1d03775,2018-08,Dorset Police,Dorset Police,-1.756708,50.742025,On or near Hillary Road,E01020348,Christchurch 005C,Violence and sexual offences,Unable to prosecute suspect,
1f1d596149e9b1f8c1ebf562f507186fe9879cb570a52446cd27d60e023f48be,2018-08,Dorset Police,Dorset Police,-1.750488,50.739035,On or near Somerford Road,E01020348,Christchurch 005C,Violence and sexual offences,Investigation complete; no suspect identified,
ad3d261f946d5d4311c83a33479b197aac99b02338999cb522f82574db7527dc,2018-08,Dorset Police,Dorset Police,-1.756708,50.742025,On or near Hillary Road,E01020348,Christchurch 005C,Violence and sexual offences,Action to be taken by another organisation,
debe000b204fc00af26148271683760da7ab839d52a351137adc7a478e65f2d0,2018-08,Dorset Police,Dorset Police,-1.751234,50.742750,On or near Hunt Road,E01020348,Christchurch 005C,Violence and sexual offences,Unable to prosecute suspect,
,2018-08,Dorset Police,Dorset Police,-1.759721,50.740448,On or near Knowles Close,E01020363,Christchurch 005D,Anti-social behaviour,,
,2018-08,Dorset Police,Dorset Police,-1.759721,50.740448,On or near Knowles Close,E01020363,Christchurch 005D,Anti-social behaviour,,
,2018-08,Dorset Police,Dorset Police,-1.759460,50.741563,On or near Troak Close,E01020363,Christchurch 005D,Anti-social behaviour,,
,2018-08,Dorset Police,Dorset Police,-1.759460,50.741563,On or near Troak Close,E01020363,Christchurch 005D,Anti-social behaviour,,
f676ce53d3f43fc77b61a20343728b76dfdcece90103afa1e315aacae86ef225,2018-08,Dorset Police,Dorset Police,-1.766600,50.736325,On or near Amsterdam Square,E01020363,Christchurch 005D,Criminal damage and arson,Investigation complete; no suspect identified,
5d2c7d27a60707e0c85e02327f611f4d97eb7798d05563d94ec7096761f95f79,2018-08,Dorset Police,Dorset Police,-1.759460,50.741563,On or near Troak Close,E01020363,Christchurch 005D,Violence and sexual offences,Unable to prosecute suspect,
8179fbb08172587c8d7bebd43069c600bad8f9af1400d292bd2f52c6e1c65e2b,2018-08,Dorset Police,Dorset Police,-1.760838,50.740963,On or near Sarah Sands Close,E01020363,Christchurch 005D,Violence and sexual offences,Status update unavailable,
f2144877c5b6bec8ea39aae59f0929fd98c5752952154076ccc533c6a7b85af3,2018-08,Dorset Police,Dorset Police,-1.759460,50.741563,On or near Troak Close,E01020363,Christchurch 005D,Violence and sexual offences,Unable to prosecute suspect,
46a5f3fa3bb616587b79d3af535e866d3057639beb0013f5d7652d57ef8fbbc7,2018-08,Dorset Police,Dorset Police,-1.759460,50.741563,On or near Troak Close,E01020363,Christchurch 005D,Violence and sexual offences,Unable to prosecute suspect,
616365099585d9550ed41b4367468652a756ed1f960168343cbfa516d052e322,2018-08,Dorset Police,Dorset Police,-1.759938,50.742220,On or near Peppercorn Close,E01020363,Christchurch 005D,Violence and sexual offences,Unable to prosecute suspect,
46baeda41bb3fd0d934a792fcd4164007293ac5484a8e824a21ada91c913d41a,2018-08,Dorset Police,Dorset Police,-1.759460,50.741563,On or near Troak Close,E01020363,Christchurch 005D,Violence and sexual offences,Unable to prosecute suspect,
d16d95f6acc09915c4e1ab692a387b7537c045ae44c197f5f714c247a5f3e88b,2018-08,Dorset Police,Dorset Police,-1.760311,50.741349,On or near Vickery Way,E01020363,Christchurch 005D,Violence and sexual offences,Offender given community sentence,
,2018-08,Dorset Police,Dorset Police,-1.785946,50.738907,On or near Clarendon Road,E01020360,Christchurch 006A,Anti-social behaviour,,
,2018-08,Dorset Police,Dorset Police,-1.788432,50.743804,On or near Clarence Place,E01020360,Christchurch 006A,Anti-social behaviour,,
134a5ef145d4967a53f2fffc3957bc85eda6eab7538d2ade0ded99728f122faa,2018-08,Dorset Police,Dorset Police,-1.789788,50.741738,On or near Acorn Close,E01020360,Christchurch 006A,Burglary,Investigation complete; no suspect identified,
f0810eb445d68a59e478b661b914bf43d1722ead6198c67d9908419cb121edea,2018-08,Dorset Police,Dorset Police,-1.785752,50.740948,On or near Newcroft Gardens,E01020360,Christchurch 006A,Criminal damage and arson,Investigation complete; no suspect identified,
2f17cdb1c8f09e202d3504033b062be2416932e3b30a33b4caaf82949e85d640,2018-08,Dorset Police,Dorset Police,-1.782807,50.740340,On or near Beauchamp Place,E01020360,Christchurch 006A,Other theft,Investigation complete; no suspect identified,
dfc140a184cde70dfdaa479d1f314446ece2fc62a87da6dbd5ba4ade9f7795f0,2018-08,Dorset Police,Dorset Police,-1.782807,50.740340,On or near Beauchamp Place,E01020360,Christchurch 006A,Violence and sexual offences,Unable to prosecute suspect,
d0dbefab4d59d89b95b38026b2c25d4fa017818ff9ef5850454b73011e250def,2018-08,Dorset Police,Dorset Police,-1.789869,50.742629,On or near Avon Road West,E01020360,Christchurch 006A,Violence and sexual offences,Unable to prosecute suspect,
,2018-08,Dorset Police,Dorset Police,-1.793668,50.739209,On or near Dragoon Way,E01020361,Christchurch 006B,Anti-social behaviour,,
,2018-08,Dorset Police,Dorset Police,-1.794547,50.739139,On or near Hussar Close,E01020361,Christchurch 006B,Anti-social behaviour,,
f413ed0baa027f3aa9641681e0d75a2928cf9f382dbb9e15e111e453275a3335,2018-08,Dorset Police,Dorset Police,-1.798790,50.741133,On or near Somerset Road,E01020361,Christchurch 006B,Burglary,Investigation complete; no suspect identified,
a5927c99b58b8d2266b015d195dc4bf4a6ee58640a83b19e7384e77f9e7db2a7,2018-08,Dorset Police,Dorset Police,-1.800885,50.741722,On or near Burnett Avenue,E01020361,Christchurch 006B,Criminal damage and arson,Investigation complete; no suspect identified,
0e32911141fd4d4387e4e83f9046cef8053aab80e2e6e34622573a1ec17e10bd,2018-08,Dorset Police,Dorset Police,-1.795151,50.740345,On or near Beaulieu Road,E01020361,Christchurch 006B,Other theft,Unable to prosecute suspect,
7ba800bafb0ff884bbc53fa79276801f4afd2bef6c90e35096ed46ced7591611,2018-08,Dorset Police,Dorset Police,-1.798790,50.741133,On or near Somerset Road,E01020361,Christchurch 006B,Other theft,Unable to prosecute suspect,
11b84ca089c2f4bd13ac916357c4647484597291f301cc87e76ee74c9bd0eebb,2018-08,Dorset Police,Dorset Police,-1.793493,50.740216,On or near Barrack Road,E01020361,Christchurch 006B,Shoplifting,Investigation complete; no suspect identified,
0bc319dc5c5d30f4b6ca367e2f91bdee335bc7072f3c56a45292fec071d04da0,2018-08,Dorset Police,Dorset Police,-1.793493,50.740216,On or near Barrack Road,E01020361,Christchurch 006B,Shoplifting,Unable to prosecute suspect,
8df6ddb043b0c318fec70a68a5d676c35a606aa5ed0ff1e6b6ee0de023ce8f23,2018-08,Dorset Police,Dorset Police,-1.790683,50.738062,On or near Bailey Drive,E01020361,Christchurch 006B,Vehicle crime,Investigation complete; no suspect identified,
63add780dd6bbd4f925f37ddb690bc9ea3cafb02d0a1c81906ad32f736f0a1b8,2018-08,Dorset Police,Dorset Police,-1.793668,50.739209,On or near Dragoon Way,E01020361,Christchurch 006B,Violence and sexual offences,Unable to prosecute suspect,
68ca29bfee5f0a0e8eb901619684197f22af3863de51e9557d1b866c2635cff4,2018-08,Dorset Police,Dorset Police,-1.797007,50.740546,On or near Beaulieu Avenue,E01020361,Christchurch 006B,Violence and sexual offences,Court result unavailable,
,2018-08,Dorset Police,Dorset Police,-1.766953,50.733772,On or near Parking Area,E01020364,Christchurch 006C,Anti-social behaviour,,
,2018-08,Dorset Police,Dorset Police,-1.762942,50.736732,On or near Livingstone Road,E01020364,Christchurch 006C,Anti-social behaviour,,
,2018-08,Dorset Police,Dorset Police,-1.762942,50.736732,On or near Livingstone Road,E01020364,Christchurch 006C,Anti-social behaviour,,
,2018-08,Dorset Police,Dorset Police,-1.765293,50.734255,On or near Springwater Drive,E01020364,Christchurch 006C,Anti-social behaviour,,
,2018-08,Dorset Police,Dorset Police,-1.762942,50.736732,On or near Livingstone Road,E01020364,Christchurch 006C,Anti-social behaviour,,
,2018-08,Dorset Police,Dorset Police,-1.759942,50.736060,On or near B3059,E01020364,Christchurch 006C,Anti-social behaviour,,
,2018-08,Dorset Police,Dorset Police,-1.770731,50.734922,On or near Bridge Street,E01020364,Christchurch 006C,Anti-social behaviour,,
,2018-08,Dorset Police,Dorset Police,-1.762942,50.736732,On or near Livingstone Road,E01020364,Christchurch 006C,Anti-social behaviour,,
,2018-08,Dorset Police,Dorset Police,-1.759942,50.736060,On or near B3059,E01020364,Christchurch 006C,Anti-social behaviour,,
d08e29edccc26e215cc9755eb7d928f2a7bb7cc105c6ba8f813ca329c0dd3312,2018-08,Dorset Police,Dorset Police,-1.759942,50.736060,On or near B3059,E01020364,Christchurch 006C,Criminal damage and arson,Investigation complete; no suspect identified,
f8e740b727703f539f1005786da7e06c11c0c86df3222b53ad044b3416fb198d,2018-08,Dorset Police,Dorset Police,-1.761555,50.736459,On or near Dairy Close,E01020364,Christchurch 006C,Criminal damage and arson,Investigation complete; no suspect identified,
bba28c584d27163e483d7e7d1c4ec7a4225a1db2f4aaf8525619dd206764ac5e,2018-08,Dorset Police,Dorset Police,-1.759942,50.736060,On or near B3059,E01020364,Christchurch 006C,Other theft,Investigation complete; no suspect identified,
fd7194dc2ee14f68eee9ce7181c5059b917441fa1302801d717c065f8c4c3c8b,2018-08,Dorset Police,Dorset Police,-1.766953,50.733772,On or near Parking Area,E01020364,Christchurch 006C,Other theft,Investigation complete; no suspect identified,
5c9dfcd20afb1afde55e678ad283212c9a52820f60b3d30b86f4ad608d8fb609,2018-08,Dorset Police,Dorset Police,-1.759942,50.736060,On or near B3059,E01020364,Christchurch 006C,Violence and sexual offences,Investigation complete; no suspect identified,
fd1e3c858185be84aa4e6eed3f76070d99da1b38d3655652e402950f191b95ad,2018-08,Dorset Police,Dorset Police,-1.767402,50.734726,On or near Stony Lane South,E01020364,Christchurch 006C,Violence and sexual offences,Local resolution,
beb7062355ef63046fb20c9bea8a6edc0d30a8cf2772d2b5b3a94433d6155f44,2018-08,Dorset Police,Dorset Police,-1.763910,50.735897,On or near Purewell,E01020364,Christchurch 006C,Violence and sexual offences,Unable to prosecute suspect,
c71c502cf99855df06ad2e8def3a869083c95cc296237a86a16809f3b3b8e7ae,2018-08,Dorset Police,Dorset Police,-1.762942,50.736732,On or near Livingstone Road,E01020364,Christchurch 006C,Violence and sexual offences,Unable to prosecute suspect,
,2018-08,Dorset Police,Dorset Police,-1.775557,50.733250,On or near Church Street,E01020367,Christchurch 006D,Anti-social behaviour,,
,2018-08,Dorset Police,Dorset Police,-1.778211,50.735305,On or near Shopping Area,E01020367,Christchurch 006D,Anti-social behaviour,,
,2018-08,Dorset Police,Dorset Police,-1.777373,50.735717,On or near Supermarket,E01020367,Christchurch 006D,Anti-social behaviour,,
,2018-08,Dorset Police,Dorset Police,-1.778524,50.735000,On or near Shopping Area,E01020367,Christchurch 006D,Anti-social behaviour,,
,2018-08,Dorset Police,Dorset Police,-1.777373,50.735717,On or near Supermarket,E01020367,Christchurch 006D,Anti-social behaviour,,
,2018-08,Dorset Police,Dorset Police,-1.775557,50.733250,On or near Church Street,E01020367,Christchurch 006D,Anti-social behaviour,,
,2018-08,Dorset Police,Dorset Police,-1.774661,50.733913,On or near Castle Street,E01020367,Christchurch 006D,Anti-social behaviour,,
,2018-08,Dorset Police,Dorset Police,-1.788644,50.731430,On or near Stour Road,E01020367,Christchurch 006D,Anti-social behaviour,,
,2018-08,Dorset Police,Dorset Police,-1.776348,50.733755,On or near Shopping Area,E01020367,Christchurch 006D,Anti-social behaviour,,
,2018-08,Dorset Police,Dorset Police,-1.775186,50.730839,On or near Parking Area,E01020367,Christchurch 006D,Anti-social behaviour,,
,2018-08,Dorset Police,Dorset Police,-1.775557,50.733250,On or near Church Street,E01020367,Christchurch 006D,Anti-social behaviour,,
,2018-08,Dorset Police,Dorset Police,-1.778524,50.735000,On or near Shopping Area,E01020367,Christchurch 006D,Anti-social behaviour,,
,2018-08,Dorset Police,Dorset Police,-1.776348,50.733755,On or near Shopping Area,E01020367,Christchurch 006D,Anti-social behaviour,,
,2018-08,Dorset Police,Dorset Police,-1.777373,50.735717,On or near Supermarket,E01020367,Christchurch 006D,Anti-social behaviour,,
485eab64fe4c95f74f8304ee30671644d0c2f82b6eae84bfaafdb01663a37fea,2018-08,Dorset Police,Dorset Police,-1.776140,50.732846,On or near Church Lane,E01020367,Christchurch 006D,Bicycle theft,Investigation complete; no suspect identified,
ab976d95b11eb161a7c134e7e281a38b108207713c471677a162a8f6325021f5,2018-08,Dorset Police,Dorset Police,-1.774774,50.730946,On or near Ferry Terminal,E01020367,Christchurch 006D,Bicycle theft,Investigation complete; no suspect identified,
a43e9de661e1d7184a090af8057d6449b514d0fdb147e141ca6a1ab142b1e81d,2018-08,Dorset Police,Dorset Police,-1.776348,50.733755,On or near Shopping Area,E01020367,Christchurch 006D,Criminal damage and arson,Investigation complete; no suspect identified,
ad1f751bdb0930dcb757ff0c6290a5a22d1d1935b863c0e62772b4ea16dae30e,2018-08,Dorset Police,Dorset Police,-1.781268,50.730032,On or near Ferry Terminal,E01020367,Christchurch 006D,Drugs,Offender given penalty notice,
2f16a4a96b4980f12197c2089db5ffda07c8cf6197e05f666a60d6a610e63782,2018-08,Dorset Police,Dorset Police,-1.777506,50.734656,On or near High Street,E01020367,Christchurch 006D,Other theft,Investigation complete; no suspect identified,
545b57bd2e11e7316e349e7ee0e3c69eebf54a8d650c026e629dcbcb3d63d70d,2018-08,Dorset Police,Dorset Police,-1.776348,50.733755,On or near Shopping Area,E01020367,Christchurch 006D,Possession of weapons,Court result unavailable,
fef180dc80e3646e728402c5cc7b14ddcc5ebbf8dabec7463ae9f223bbff885e,2018-08,Dorset Police,Dorset Police,-1.777195,50.731310,On or near Queen'S Avenue,E01020367,Christchurch 006D,Public order,Offender given community sentence,
ce065dd62696ec2d68cb9e27bb814727e9477de0b4c0d5de011129c0a9f7795b,2018-08,Dorset Police,Dorset Police,-1.778524,50.735000,On or near Shopping Area,E01020367,Christchurch 006D,Shoplifting,Offender given conditional discharge,
50beeaa8ad3c6a07a6d1d5a4b1a66ac0490809bdc63abf5847177e2c476390c2,2018-08,Dorset Police,Dorset Police,-1.775735,50.734545,On or near Millhams Street,E01020367,Christchurch 006D,Shoplifting,Investigation complete; no suspect identified,
b4be3f5c8b64c7fcebf2b83341c67709ab25dd384708a145a368b3d88f8cd61a,2018-08,Dorset Police,Dorset Police,-1.777506,50.734656,On or near High Street,E01020367,Christchurch 006D,Shoplifting,Investigation complete; no suspect identified,
16934d7beb0c1a29d31654cd496e7eb4ce501df9badfa455322b7fae3f295b51,2018-08,Dorset Police,Dorset Police,-1.778524,50.735000,On or near Shopping Area,E01020367,Christchurch 006D,Shoplifting,Investigation complete; no suspect identified,
3448d53919b05814c6f3da3a34ea26afbbf3781c4fae411fb64678fc6b1143fd,2018-08,Dorset Police,Dorset Police,-1.775735,50.734545,On or near Millhams Street,E01020367,Christchurch 006D,Shoplifting,Investigation complete; no suspect identified,
8a238829947eb0fba295337352c0876d9b6bb6d46c72fb9002bc6edd8447b50a,2018-08,Dorset Police,Dorset Police,-1.778211,50.735305,On or near Shopping Area,E01020367,Christchurch 006D,Shoplifting,Court result unavailable,
29af02960265aba9d66d19b89922c815c2cb69c662cbf11fa7bb49ad94d3f03b,2018-08,Dorset Police,Dorset Police,-1.777506,50.734656,On or near High Street,E01020367,Christchurch 006D,Shoplifting,Unable to prosecute suspect,
be3dbcef7680644bad08bef99a383be92233b3e63ccb29067d59a93044a9d026,2018-08,Dorset Police,Dorset Police,-1.778524,50.735000,On or near Shopping Area,E01020367,Christchurch 006D,Shoplifting,Unable to prosecute suspect,
ec6b01f235ffe15ae51ec611d64f5be4bf075cc41d92889946676710dcacddc1,2018-08,Dorset Police,Dorset Police,-1.778524,50.735000,On or near Shopping Area,E01020367,Christchurch 006D,Shoplifting,Offender given a caution,
02910d40e41976866be1f6057a8b94630ec1df6434524f157429225a4f6a0b2c,2018-08,Dorset Police,Dorset Police,-1.775557,50.733250,On or near Church Street,E01020367,Christchurch 006D,Theft from the person,Investigation complete; no suspect identified,
bbe611698bd1fc8256230ab5b0a426ab0bda68928f49a9f31f0df2f2c86cada3,2018-08,Dorset Police,Dorset Police,-1.777506,50.734656,On or near High Street,E01020367,Christchurch 006D,Violence and sexual offences,Unable to prosecute suspect,
000dfb841b4a40804aa226a03a4c48da377ffba40d2c72a84ee0c333e16f47ed,2018-08,Dorset Police,Dorset Police,-1.774661,50.733913,On or near Castle Street,E01020367,Christchurch 006D,Violence and sexual offences,Unable to prosecute suspect,
b1b78fd62227c00b58e196e6b6968330233afbdc00ad09d3789e4157c12e17a5,2018-08,Dorset Police,Dorset Police,-1.774661,50.733913,On or near Castle Street,E01020367,Christchurch 006D,Violence and sexual offences,Offender given community sentence,
04c4cf585c4c1e27aa98588a54f33e9200617150f81c5bb734edf4c716a8e9c1,2018-08,Dorset Police,Dorset Police,-1.775557,50.733250,On or near Church Street,E01020367,Christchurch 006D,Violence and sexual offences,Unable to prosecute suspect,
b5429cc8fded271ec2d64bdde5d67e897ddfeca155e8a351e6eca8b1d9939483,2018-08,Dorset Police,Dorset Police,-1.774661,50.733913,On or near Castle Street,E01020367,Christchurch 006D,Violence and sexual offences,Unable to prosecute suspect,
4124b2a2435d8300961453a56523ffc9274aceaa0e487ae6f04b7ef14831882b,2018-08,Dorset Police,Dorset Police,-1.781268,50.730032,On or near Ferry Terminal,E01020367,Christchurch 006D,Violence and sexual offences,Formal action is not in the public interest,
8bdc857261b01b4fcd3c7f76d1bcff23ad47b2856571d85858f7ed481dfeefcb,2018-08,Dorset Police,Dorset Police,-1.777506,50.734656,On or near High Street,E01020367,Christchurch 006D,Violence and sexual offences,Investigation complete; no suspect identified,
e786778e1549da862ab1b6109ee786b7fa7484d8c942d891df0c029f40d2da49,2018-08,Dorset Police,Dorset Police,-1.775557,50.733250,On or near Church Street,E01020367,Christchurch 006D,Violence and sexual offences,Unable to prosecute suspect,
7ca6a690130ba1a658ea3f094819659212f1a17c3a204c096292837396d6b772,2018-08,Dorset Police,Dorset Police,-1.771629,50.733880,On or near Rossiters Quay,E01020367,Christchurch 006D,Violence and sexual offences,Unable to prosecute suspect,
84e365c6a364a56dbb3019b79d1fb2b02398408f7f50cbee5e23d704851a13f1,2018-08,Dorset Police,Dorset Police,-1.777506,50.734656,On or near High Street,E01020367,Christchurch 006D,Violence and sexual offences,Unable to prosecute suspect,
4d80268b3a1951ca88e2ead89c170a674d6ee8bdc15ef9beb5b7ae06d9c842ea,2018-08,Dorset Police,Dorset Police,-1.771629,50.733880,On or near Rossiters Quay,E01020367,Christchurch 006D,Violence and sexual offences,Unable to prosecute suspect,
781df84eaa360002226b9a119f63f869f73b346ec5dda94225527e99827469b6,2018-08,Dorset Police,Dorset Police,-1.777506,50.734656,On or near High Street,E01020367,Christchurch 006D,Violence and sexual offences,Unable to prosecute suspect,
9cae44f16a85ab22ac06ad86fd33e601939b92a09778c02af9d8bc34618a89dd,2018-08,Dorset Police,Dorset Police,-1.777195,50.731310,On or near Queen'S Avenue,E01020367,Christchurch 006D,Violence and sexual offences,Unable to prosecute suspect,
776b2c2bb52da58184c8fbf81136bf9369fe7ad9a0676325a4d162fd082445ec,2018-08,Dorset Police,Dorset Police,-1.774661,50.733913,On or near Castle Street,E01020367,Christchurch 006D,Violence and sexual offences,Unable to prosecute suspect,
7c4a924a1914b644dfd076b2315645be58465fd88fa13beed610707768cbbb55,2018-08,Dorset Police,Dorset Police,-1.774661,50.733913,On or near Castle Street,E01020367,Christchurch 006D,Violence and sexual offences,Unable to prosecute suspect,
bd9599aaa6d2071eea60e3b92e59f2672c23ed4713c0e1b8d13891809d881f34,2018-08,Dorset Police,Dorset Police,-1.778524,50.735000,On or near Shopping Area,E01020367,Christchurch 006D,Violence and sexual offences,Unable to prosecute suspect,
1c7909f1f89628e2aff7a68b8b6e58e3baf2e3c58f8ae835f9ba72ac1012bef2,2018-08,Dorset Police,Dorset Police,-1.785726,50.731236,On or near Willow Drive,E01020367,Christchurch 006D,Violence and sexual offences,Unable to prosecute suspect,
,2018-08,Dorset Police,Dorset Police,-1.780794,50.737441,On or near Bargates,E01020368,Christchurch 006E,Anti-social behaviour,,
,2018-08,Dorset Police,Dorset Police,-1.779269,50.736368,On or near Nightclub,E01020368,Christchurch 006E,Anti-social behaviour,,
,2018-08,Dorset Police,Dorset Police,-1.779269,50.736368,On or near Nightclub,E01020368,Christchurch 006E,Anti-social behaviour,,
,2018-08,Dorset Police,Dorset Police,-1.781225,50.736309,On or near Police Station,E01020368,Christchurch 006E,Anti-social behaviour,,
,2018-08,Dorset Police,Dorset Police,-1.779269,50.736368,On or near Nightclub,E01020368,Christchurch 006E,Anti-social behaviour,,
,2018-08,Dorset Police,Dorset Police,-1.781013,50.739159,On or near Fairfield,E01020368,Christchurch 006E,Anti-social behaviour,,
,2018-08,Dorset Police,Dorset Police,-1.781266,50.739528,On or near Lights Close,E01020368,Christchurch 006E,Anti-social behaviour,,
,2018-08,Dorset Police,Dorset Police,-1.788745,50.734012,On or near Douglas Avenue,E01020368,Christchurch 006E,Anti-social behaviour,,
,2018-08,Dorset Police,Dorset Police,-1.779269,50.736368,On or near Nightclub,E01020368,Christchurch 006E,Anti-social behaviour,,
96002ce09c3392024ad976bbb0a41bffe3d02a3784cb0b1023a74420372333fe,2018-08,Dorset Police,Dorset Police,-1.789349,50.732061,On or near The Meridians,E01020368,Christchurch 006E,Bicycle theft,Investigation complete; no suspect identified,
7b38cef61e0bd952eb41f27e3841d7819d321bd363a67e0c0a9b3d54e6a90a5d,2018-08,Dorset Police,Dorset Police,-1.783613,50.737662,On or near Stour Road,E01020368,Christchurch 006E,Criminal damage and arson,Unable to prosecute suspect,
f7d09068c7199408212ea4f1f715488e1a2b08454c89512d60cc411989ebc82a,2018-08,Dorset Police,Dorset Police,-1.781225,50.736309,On or near Police Station,E01020368,Christchurch 006E,Drugs,Offender given a drugs possession warning,
dba8c0364368cb0f72fecf554fd1fe8fa9b0c6120f82f9b6ab0dd61e917493f6,2018-08,Dorset Police,Dorset Police,-1.786806,50.736778,On or near Petrol Station,E01020368,Christchurch 006E,Other theft,Investigation complete; no suspect identified,
c7dc1e272bfad3b3d08245c5b428055370fd943ddb898578c181aad786c951f8,2018-08,Dorset Police,Dorset Police,-1.789845,50.732134,On or near Wentworth Drive,E01020368,Christchurch 006E,Other theft,Unable to prosecute suspect,
6edb84b6897cc98e0918c268bb1d6b8f65a4a781983edf2e658b1366d2dc5e0b,2018-08,Dorset Police,Dorset Police,-1.786806,50.736778,On or near Petrol Station,E01020368,Christchurch 006E,Other theft,Investigation complete; no suspect identified,
50dec08fab6a906eb3e9f53402d3c9468395f90421bf48ed9fb5b2fb584ff91b,2018-08,Dorset Police,Dorset Police,-1.779269,50.736368,On or near Nightclub,E01020368,Christchurch 006E,Shoplifting,Offender sent to prison,
1c45c7a1c7dcea1e1866676ee46c26f47871dc92938e55660bd3adff96d7b7ba,2018-08,Dorset Police,Dorset Police,-1.779269,50.736368,On or near Nightclub,E01020368,Christchurch 006E,Theft from the person,Unable to prosecute suspect,
056e1803b668f67ba02a36431f8b73d9a2e7fc5c628e96dd90a6acdfba54cbb1,2018-08,Dorset Police,Dorset Police,-1.779269,50.736368,On or near Nightclub,E01020368,Christchurch 006E,Violence and sexual offences,Investigation complete; no suspect identified,
9865e8f128f19a38d9235250d125c9305178bf3a133e2772f05794f0f95298c9,2018-08,Dorset Police,Dorset Police,-1.779269,50.736368,On or near Nightclub,E01020368,Christchurch 006E,Violence and sexual offences,Court case unable to proceed,
cb82296a6011cae3ec99f4f855d1f4c5c879bcb549ddd0e1fccbe4f94a3f8f16,2018-08,Dorset Police,Dorset Police,-1.780794,50.737441,On or near Bargates,E01020368,Christchurch 006E,Violence and sexual offences,Unable to prosecute suspect,
7cf5a8cc335ffec3ec34383106e516326b3e29b9421aa35e9ac1451a9378c6b7,2018-08,Dorset Police,Dorset Police,-1.779269,50.736368,On or near Nightclub,E01020368,Christchurch 006E,Violence and sexual offences,Investigation complete; no suspect identified,
1d338d6b803e3d54af3bfb4b17f92a2b99da06d78cd337e2b617ce2ea2be5b09,2018-08,Dorset Police,Dorset Police,-1.779269,50.736368,On or near Nightclub,E01020368,Christchurch 006E,Violence and sexual offences,Court result unavailable,
8401de5bb97e021fec5e24b7430771638f9939285fbf71421b5509ee29a47698,2018-08,Dorset Police,Dorset Police,-1.779269,50.736368,On or near Nightclub,E01020368,Christchurch 006E,Violence and sexual offences,Court result unavailable,
f5e6550fd86b41a32c3cd2cd68cdca6e75a8c60a4432a120abc51fb85db22a1c,2018-08,Dorset Police,Dorset Police,-1.782643,50.739171,On or near Fairmile Road,E01020368,Christchurch 006E,Violence and sexual offences,Status update unavailable,
0874f4b62ac61a4f364fbddc6298fd06d6b6cf3de5c74be6c445de2a3c69477e,2018-08,Dorset Police,Dorset Police,-1.790105,50.734131,On or near Galton Avenue,E01020368,Christchurch 006E,Violence and sexual offences,Unable to prosecute suspect,
098d1b60e061c4ecdd9741d764c914d97abd6ed67c72b76f2742b2975c643ebb,2018-08,Dorset Police,Dorset Police,-1.789815,50.735740,On or near Freda Road,E01020368,Christchurch 006E,Violence and sexual offences,Unable to prosecute suspect,
9ef67d26213bf061a4723b12913b3e13ccc290f1601282c9aeba4aa9f744c919,2018-08,Dorset Police,Dorset Police,-1.779269,50.736368,On or near Nightclub,E01020368,Christchurch 006E,Violence and sexual offences,Investigation complete; no suspect identified,
6f9532742d3ee12c9c24d0398532fe79052492fef9a65f1dd0b9bac1e58e4e8e,2018-08,Dorset Police,Dorset Police,-1.785327,50.734761,On or near Orchard Close,E01020368,Christchurch 006E,Violence and sexual offences,Offender given community sentence,
fc3eb5508c570128d55080641ef6b1a7961b0226c3a9989eaf8854d4ef06ba13,2018-08,Dorset Police,Dorset Police,-1.789815,50.735740,On or near Freda Road,E01020368,Christchurch 006E,Violence and sexual offences,Unable to prosecute suspect,
574f9427b2b4aafe99644f9085a5d7d11967d62d265318af32cfea253bb61d84,2018-08,Dorset Police,Dorset Police,-1.779269,50.736368,On or near Nightclub,E01020368,Christchurch 006E,Violence and sexual offences,Unable to prosecute suspect,
,2018-08,Dorset Police,Dorset Police,-1.742289,50.732839,On or near Charlotte Close,E01020354,Christchurch 007A,Anti-social behaviour,,
c782aa9a58c4ee189402fcff486b66a869b77d0493a3513831fc34b7b80d6bc8,2018-08,Dorset Police,Dorset Police,-1.742038,50.734664,On or near Kestrel Drive,E01020354,Christchurch 007A,Public order,Unable to prosecute suspect,
de0a4e2a96a8db3dc3adfd351ebe201f690e937ca8e0aa8b8df52c99f33f9832,2018-08,Dorset Police,Dorset Police,-1.748519,50.731054,On or near Mudeford Lane,E01020354,Christchurch 007A,Public order,Unable to prosecute suspect,
a1ca82b5088844745d40819122183c517f86cc1608c0b911bbe0e8ba39062384,2018-08,Dorset Police,Dorset Police,-1.748333,50.734048,On or near Jellicoe Drive,E01020354,Christchurch 007A,Shoplifting,Unable to prosecute suspect,
4f9ee7154ceb52471f6faa9b051352d342303ed4f32ec5cf598feceaaf360720,2018-08,Dorset Police,Dorset Police,-1.748519,50.731054,On or near Mudeford Lane,E01020354,Christchurch 007A,Violence and sexual offences,Unable to prosecute suspect,
,2018-08,Dorset Police,Dorset Police,-1.729433,50.733475,On or near Cliff Drive,E01020355,Christchurch 007B,Anti-social behaviour,,
,2018-08,Dorset Police,Dorset Police,-1.726561,50.737605,On or near Priors Close,E01020355,Christchurch 007B,Anti-social behaviour,,
,2018-08,Dorset Police,Dorset Police,-1.727778,50.735432,On or near Medina Way,E01020355,Christchurch 007B,Anti-social behaviour,,
,2018-08,Dorset Police,Dorset Police,-1.729433,50.733475,On or near Cliff Drive,E01020355,Christchurch 007B,Anti-social behaviour,,
,2018-08,Dorset Police,Dorset Police,-1.742041,50.723675,On or near Ferry Terminal,E01020356,Christchurch 007C,Anti-social behaviour,,
,2018-08,Dorset Police,Dorset Police,-1.746435,50.731176,On or near Howe Close,E01020356,Christchurch 007C,Anti-social behaviour,,
a82ef13857bd1eec03b67d11934810b4260eed9e4d7ac664f3c7cb45e6a1c354,2018-08,Dorset Police,Dorset Police,-1.749071,50.728510,On or near Mudeford Green Close,E01020356,Christchurch 007C,Bicycle theft,Investigation complete; no suspect identified,
2f79e78a523119bed74f3f7c1977b502395423422d9aa0c89a2e0c939c06747c,2018-08,Dorset Police,Dorset Police,-1.742041,50.723675,On or near Ferry Terminal,E01020356,Christchurch 007C,Other theft,Investigation complete; no suspect identified,
255a9af130bac931a5358a398c3054a99606365d18c4370cee57b7d684ee2aaa,2018-08,Dorset Police,Dorset Police,-1.734716,50.728910,On or near Parking Area,E01020356,Christchurch 007C,Public order,Status update unavailable,
efe6eb5b45bc9a03005768c0ba8c672f1c401bbd8443bc4637191225a4dd89a1,2018-08,Dorset Police,Dorset Police,-1.743047,50.728803,On or near Farm Lane,E01020356,Christchurch 007C,Shoplifting,Further investigation is not in the public interest,
45f01754c55f9c15e30b77ea7535181c9c054126ac1a6b389d50694aa47195bd,2018-08,Dorset Police,Dorset Police,-1.749071,50.728510,On or near Mudeford Green Close,E01020356,Christchurch 007C,Vehicle crime,Investigation complete; no suspect identified,
f578d05c61eadf31fad2f24dcf5f5a7f7704fdb476c5d84dd0812b1aee3d3b53,2018-08,Dorset Police,Dorset Police,-1.734716,50.728910,On or near Parking Area,E01020356,Christchurch 007C,Violence and sexual offences,Unable to prosecute suspect,
de97c509908deb6d6fed966ed7dd77dba79beb023deef68b54b438de36effe29,2018-08,Dorset Police,Dorset Police,-1.746996,50.729603,On or near Cricket Close,E01020356,Christchurch 007C,Violence and sexual offences,Unable to prosecute suspect,
3a58cf92c50d0b84b5b8d941a95a9367b61e6803570b922bf3f66f6295875fb1,2018-08,Dorset Police,Dorset Police,-1.739623,50.728013,On or near Anchor Close,E01020356,Christchurch 007C,Violence and sexual offences,Local resolution,
f8653af6f8c77d5843f218a577f876e9edb678628710acb497369f7fe3a468d2,2018-08,Dorset Police,Dorset Police,-1.743047,50.728803,On or near Farm Lane,E01020356,Christchurch 007C,Violence and sexual offences,Unable to prosecute suspect,
,2018-08,Dorset Police,Dorset Police,-1.757436,50.732773,On or near Bub Lane,E01020362,Christchurch 007D,Anti-social behaviour,,
,2018-08,Dorset Police,Dorset Police,-1.751601,50.729676,On or near Pauntley Road,E01020362,Christchurch 007D,Anti-social behaviour,,
5c5de9e3a0a8f1e8a800a4b5917ee041dc67621c941ab987b1d989659a8f01b6,2018-08,Dorset Police,Dorset Police,-1.757775,50.735849,On or near Groveley Road,E01020362,Christchurch 007D,Other theft,Investigation complete; no suspect identified,
43d539c44cc272c2f214ab168b2569dbc36eb7a41b88c959a4bfe069471507cd,2018-08,Dorset Police,Dorset Police,-1.754838,50.730969,On or near Victoria Road,E01020362,Christchurch 007D,Violence and sexual offences,Unable to prosecute suspect,
,2018-08,Dorset Police,Dorset Police,-3.070264,50.712606,On or near Tolman Crescent,E01019948,East Devon 010C,Anti-social behaviour,,
,2018-08,Dorset Police,Dorset Police,-1.833593,50.910140,On or near Pine Road,E01020373,East Dorset 001A,Anti-social behaviour,,
,2018-08,Dorset Police,Dorset Police,-1.840900,50.911265,On or near Churchill Close,E01020373,East Dorset 001A,Anti-social behaviour,,
,2018-08,Dorset Police,Dorset Police,-1.833593,50.910140,On or near Pine Road,E01020373,East Dorset 001A,Anti-social behaviour,,
,2018-08,Dorset Police,Dorset Police,-1.831672,50.910434,On or near Oak Road,E01020373,East Dorset 001A,Anti-social behaviour,,
,2018-08,Dorset Police,Dorset Police,-1.832577,50.911685,On or near Alder Drive,E01020373,East Dorset 001A,Anti-social behaviour,,
120a9d447c11f998dbc7c02a0e3df3ff26319fc2e941f334aa79fa59784c0073,2018-08,Dorset Police,Dorset Police,-1.833593,50.910140,On or near Pine Road,E01020373,East Dorset 001A,Criminal damage and arson,Investigation complete; no suspect identified,
46a2757680bf65eec0c87826fda3627811c79f2d7f9b3a06e3d8d112008f8d6e,2018-08,Dorset Police,Dorset Police,-1.833593,50.910140,On or near Pine Road,E01020373,East Dorset 001A,Other theft,Unable to prosecute suspect,
5d52281111a1f4de489f973af76517c9730398d6f0ae0137fecdcb31a6bf0dae,2018-08,Dorset Police,Dorset Police,-1.840900,50.911265,On or near Churchill Close,E01020373,East Dorset 001A,Other theft,Investigation complete; no suspect identified,
df515753a974a6829796f8680483b1daf613d966e17928b54648418223cb0d28,2018-08,Dorset Police,Dorset Police,-1.833593,50.910140,On or near Pine Road,E01020373,East Dorset 001A,Other theft,Investigation complete; no suspect identified,
2352ccea8dc84d6637cda30013d655e1c2ed43132df69c557cf2c76551709fe9,2018-08,Dorset Police,Dorset Police,-1.838938,50.910795,On or near Blackwater Close,E01020373,East Dorset 001A,Violence and sexual offences,Status update unavailable,
,2018-08,Dorset Police,Dorset Police,-1.918815,50.920346,On or near Sports/Recreation Area,E01020389,East Dorset 001C,Anti-social behaviour,,
,2018-08,Dorset Police,Dorset Police,-1.930170,50.880877,On or near Sports/Recreation Area,E01020389,East Dorset 001C,Anti-social behaviour,,
,2018-08,Dorset Police,Dorset Police,-1.944196,50.884032,On or near Kings Lane,E01020389,East Dorset 001C,Anti-social behaviour,,
1416bb3c8443d4e3487c4a453cc2587e062b268eae0b88322dba0e2b9d91491c,2018-08,Dorset Police,Dorset Police,-1.880056,50.900728,On or near Batterley Drove,E01020389,East Dorset 001C,Burglary,Investigation complete; no suspect identified,
d42e7e949ba70966413d3aa895074b3a8d6d2a72d954b31bba0fcfe057a762db,2018-08,Dorset Police,Dorset Police,-1.830604,50.922509,On or near Sandleheath Road,E01020389,East Dorset 001C,Burglary,Investigation complete; no suspect identified,
15d5bf36dad29f463caea164cce0b4e0dac7cfcea4d6cd9db1b2a3cf60c7f5e2,2018-08,Dorset Police,Dorset Police,-1.957095,50.909351,On or near West View,E01020389,East Dorset 001C,Burglary,Investigation complete; no suspect identified,
0e135b98c724874afbb3031edefd046d4226cccf1222758631c25eaf044cfcc0,2018-08,Dorset Police,Dorset Police,-1.973349,50.913555,On or near Coach Road,E01020389,East Dorset 001C,Burglary,Investigation complete; no suspect identified,
97607a0b4c99679949f8114e511f68331b190f2f3b099f7f7029a129a1b11365,2018-08,Dorset Police,Dorset Police,-1.973349,50.913555,On or near Coach Road,E01020389,East Dorset 001C,Burglary,Investigation complete; no suspect identified,
58102b4e8db08a63b4ba9a1833130fa3888cb993feba0af8fbfc0636ca1f1184,2018-08,Dorset Police,Dorset Police,-1.957095,50.909351,On or near West View,E01020389,East Dorset 001C,Burglary,Investigation complete; no suspect identified,
a9ef2c760949c13e590e0753db7bad68b9a94c1100f8ff41c5de0fe4354e38e7,2018-08,Dorset Police,Dorset Police,-1.957095,50.909351,On or near West View,E01020389,East Dorset 001C,Other theft,Investigation complete; no suspect identified,
d11431bb2b829a1965c4782626f22bbb49f8a3017d71dbbf9e0196160744bafe,2018-08,Dorset Police,Dorset Police,-1.830604,50.922509,On or near Sandleheath Road,E01020389,East Dorset 001C,Other theft,Investigation complete; no suspect identified,
c9196ad2a4efa4ecb8141f71532457afbfe370f8edc5048c557b4ee1145d5e6c,2018-08,Dorset Police,Dorset Police,-1.959130,50.940789,On or near Park/Open Space,E01020389,East Dorset 001C,Other theft,Investigation complete; no suspect identified,
3106ed96835d7f2df0d0a1b583119d6ec5984a33ed081ac7fda26eacd1295d4a,2018-08,Dorset Police,Dorset Police,-1.849215,50.912859,On or near Daggons Road,E01020389,East Dorset 001C,Other theft,Court result unavailable,
b629331e1b79e36cd3183127d745543081b7f6a4de565f54c6622b6bede58c75,2018-08,Dorset Police,Dorset Police,-1.958653,50.900683,On or near Park/Open Space,E01020389,East Dorset 001C,Other theft,Investigation complete; no suspect identified,
d428f86165ca7252c86eeca14e9c15fd01d4a44920cf8e5bcbe931b996eccc28,2018-08,Dorset Police,Dorset Police,-1.917780,50.918655,On or near Friday'S Heron,E01020389,East Dorset 001C,Violence and sexual offences,Unable to prosecute suspect,
068492003942cf3a6127bbf5b86cecf1b4bf54cbcb94b7f2d77f635b58b48d59,2018-08,Dorset Police,Dorset Police,-1.917780,50.918655,On or near Friday'S Heron,E01020389,East Dorset 001C,Violence and sexual offences,Local resolution,
0f2e73777564e9fcbf4021cd7667c55e109225822b46ebe3a6e49c08e12d0031,2018-08,Dorset Police,Dorset Police,-1.830604,50.922509,On or near Sandleheath Road,E01020389,East Dorset 001C,Violence and sexual offences,Offender otherwise dealt with,
e022b93322859a405ff3c3bf6e011d1af6e93111ab691299378a7b2ba97858a3,2018-08,Dorset Police,Dorset Police,-1.917780,50.918655,On or near Friday'S Heron,E01020389,East Dorset 001C,Violence and sexual offences,Unable to prosecute suspect,
,2018-08,Dorset Police,Dorset Police,-2.004661,50.953790,On or near High Street,E01020397,East Dorset 001D,Anti-social behaviour,,
a6a76121e9fe6fe7fe9974f5d6e8639821e5a6f50c4831f10c5a54560b404289,2018-08,Dorset Police,Dorset Police,-2.010484,50.955911,On or near Sports/Recreation Area,E01020397,East Dorset 001D,Burglary,Investigation complete; no suspect identified,
10eab6e8ff5635da48f0434c72429861baeae59a9dc039541c4885c380ed6acd,2018-08,Dorset Police,Dorset Police,-2.038603,50.955474,On or near Chase Crescent,E01020397,East Dorset 001D,Burglary,Investigation complete; no suspect identified,
cbf5f38fc60829b1017a923fd9dee57ca9c05bc01bb60eca93c9baf3ad923a2d,2018-08,Dorset Police,Dorset Police,-2.008221,50.954833,On or near Wheelwright'S Close,E01020397,East Dorset 001D,Other theft,Unable to prosecute suspect,
58688d4d8c172f1ac1fe2fd1fe08cb649d330cac7a6e6c0917a40e7b657546de,2018-08,Dorset Police,Dorset Police,-2.008221,50.954833,On or near Wheelwright'S Close,E01020397,East Dorset 001D,Violence and sexual offences,Investigation complete; no suspect identified,
,2018-08,Dorset Police,Dorset Police,-1.875122,50.873736,On or near Foxes Close,E01020416,East Dorset 002A,Anti-social behaviour,,
b575f3188522085e4572ac0acfe1e64b5e852e8e58fdcb6c0265c62d7ccdf878,2018-08,Dorset Police,Dorset Police,-1.871556,50.873355,On or near Bitterne Way,E01020416,East Dorset 002A,Other theft,Unable to prosecute suspect,
850a543bde3c2564b795edf20c1981b561b2ca312579462e1053e2dc48aa3764,2018-08,Dorset Police,Dorset Police,-1.875122,50.873736,On or near Foxes Close,E01020416,East Dorset 002A,Public order,Investigation complete; no suspect identified,
451aefd1dfbd0c90accc00a4eac36441ec98d63ac438f0767550d87c57603f9b,2018-08,Dorset Police,Dorset Police,-1.873261,50.873662,On or near Belmont Close,E01020416,East Dorset 002A,Robbery,Investigation complete; no suspect identified,
5415a62bee5345f905c45d489cac1a2eb365bfac9814fdd8dbd58eb9342c827e,2018-08,Dorset Police,Dorset Police,-1.876606,50.876930,On or near Chiltern Drive,E01020416,East Dorset 002A,Shoplifting,Unable to prosecute suspect,
9c3a2ff683e1555f8725f28bf9b001aec8e3da887aa03e6ae795d76178117d4f,2018-08,Dorset Police,Dorset Police,-1.876606,50.876930,On or near Chiltern Drive,E01020416,East Dorset 002A,Shoplifting,Offender fined,
,2018-08,Dorset Police,Dorset Police,-1.866943,50.876506,On or near Sandy Lane,E01020417,East Dorset 002B,Anti-social behaviour,,
e09fec8b4416c0cc931c5239dca330f1161ef30881a5005c3334dd283554458a,2018-08,Dorset Police,Dorset Police,-1.872688,50.875271,On or near Burnbake Road,E01020417,East Dorset 002B,Criminal damage and arson,Investigation complete; no suspect identified,
a3369b01d1b27c01481c64cd58c3d51babea11cfd7df2e2e3081ae790301245a,2018-08,Dorset Police,Dorset Police,-1.868063,50.872200,On or near Claylake Drive,E01020417,East Dorset 002B,Drugs,Unable to prosecute suspect,
00a74de91e4b61fbec16fdb875ff29d210060824c42e910681d43b4bc22ad331,2018-08,Dorset Police,Dorset Police,-1.868063,50.872200,On or near Claylake Drive,E01020417,East Dorset 002B,Other theft,Investigation complete; no suspect identified,
56e4f05b40fcf725efc3501b988333924e9ed87bc6e36703377eaa3637fc99ce,2018-08,Dorset Police,Dorset Police,-1.856500,50.875118,On or near The Chase,E01020418,East Dorset 002C,Burglary,Investigation complete; no suspect identified,
,2018-08,Dorset Police,Dorset Police,-1.856453,50.867447,On or near Liederbach Drive,E01020419,East Dorset 002D,Anti-social behaviour,,
,2018-08,Dorset Police,Dorset Police,-1.856453,50.867447,On or near Liederbach Drive,E01020419,East Dorset 002D,Anti-social behaviour,,
de6904ff8a69ddeb8acc85117e1e2751b5129c402e3ec383938881c3ed6275cc,2018-08,Dorset Police,Dorset Police,-1.856453,50.867447,On or near Liederbach Drive,E01020419,East Dorset 002D,Burglary,Unable to prosecute suspect,
69968297aa8b2be76495e21b30923662b4eda483fa996f27f2f96016f7d8dfe4,2018-08,Dorset Police,Dorset Police,-1.856453,50.867447,On or near Liederbach Drive,E01020419,East Dorset 002D,Criminal damage and arson,Investigation complete; no suspect identified,
2b6b7d8944ca4222e2a492a2d11f512a832cd2f7d3cd4c8f267a2dbb6063e4cf,2018-08,Dorset Police,Dorset Police,-1.856453,50.867447,On or near Liederbach Drive,E01020419,East Dorset 002D,Criminal damage and arson,Unable to prosecute suspect,
c076351724891f87f03cc8a480f02f1259bbd22e15c51accc743ca9de0f95dd6,2018-08,Dorset Police,Dorset Police,-1.857787,50.867916,On or near Potterne Wood Close,E01020419,East Dorset 002D,Criminal damage and arson,Court result unavailable,
8a3260ada77945dd9df3768c2df4c8675cfd39c0171e0480d6e62c77a6e0af45,2018-08,Dorset Police,Dorset Police,-1.856453,50.867447,On or near Liederbach Drive,E01020419,East Dorset 002D,Public order,Court result unavailable,
6f3d7b0d2e73d37845aeddfca3dab831e9e099c9591bbe236856cc4501fb4363,2018-08,Dorset Police,Dorset Police,-1.853816,50.869962,On or near Black Moor Road,E01020419,East Dorset 002D,Violence and sexual offences,Unable to prosecute suspect,
7ccdec25815be6353eb3f0f83326e9e67ccf19b1585aadf0bcec75b8bc940249,2018-08,Dorset Police,Dorset Police,-1.855232,50.866996,On or near Kiln Way,E01020419,East Dorset 002D,Violence and sexual offences,Unable to prosecute suspect,
,2018-08,Dorset Police,Dorset Police,-1.876863,50.882173,On or near Sports/Recreation Area,E01020420,East Dorset 002E,Anti-social behaviour,,
c22253fb7b79da11d2d4246f2a5345cb8ca28951859337c23bcfd945aa4c4ddd,2018-08,Dorset Police,Dorset Police,-1.872253,50.878562,On or near Acorn Way,E01020420,East Dorset 002E,Theft from the person,Investigation complete; no suspect identified,
b4860a5e9487876f666cc58b040ed6362d24b6e331069d438e5e989f10c52113,2018-08,Dorset Police,Dorset Police,-1.872443,50.876584,On or near Bugdens Lane,E01020420,East Dorset 002E,Violence and sexual offences,Status update unavailable,
,2018-08,Dorset Police,Dorset Police,-1.886137,50.850232,On or near Ringwood Road,E01020411,East Dorset 003A,Anti-social behaviour,,
b0bf86171c5a61aca57e38aa1bd3e764c8fa1bf6ec6d2908de8267b33dab4418,2018-08,Dorset Police,Dorset Police,-1.885283,50.851023,On or near Juniper Close,E01020411,East Dorset 003A,Public order,Unable to prosecute suspect,
4fe3e3a8f2250826f43ea3f15af1d53f864b70186670abbfbbffa24e17e97c0b,2018-08,Dorset Police,Dorset Police,-1.877435,50.848074,On or near Ringwood Road,E01020411,East Dorset 003A,Violence and sexual offences,Unable to prosecute suspect,
7ff2148d689d837795548c104b177a065426ee311961227c0d903f04ecd5676b,2018-08,Dorset Police,Dorset Police,-1.885025,50.852074,On or near Joys Road,E01020411,East Dorset 003A,Violence and sexual offences,Unable to prosecute suspect,
,2018-08,Dorset Police,Dorset Police,-1.884042,50.853153,On or near Evergreen Close,E01020412,East Dorset 003B,Anti-social behaviour,,
,2018-08,Dorset Police,Dorset Police,-1.864213,50.866854,On or near Sports/Recreation Area,E01020412,East Dorset 003B,Anti-social behaviour,,
,2018-08,Dorset Police,Dorset Police,-1.864213,50.866854,On or near Sports/Recreation Area,E01020412,East Dorset 003B,Anti-social behaviour,,
,2018-08,Dorset Police,Dorset Police,-1.869545,50.871014,On or near The Mews,E01020412,East Dorset 003B,Anti-social behaviour,,
,2018-08,Dorset Police,Dorset Police,-1.867220,50.869069,On or near Bingham Drive,E01020412,East Dorset 003B,Anti-social behaviour,,
859c15d827b2709aef633198a398f5dea12b5ecd3c4eea7abb181eded5616f35,2018-08,Dorset Police,Dorset Police,-1.865740,50.839725,On or near Condor Close,E01020412,East Dorset 003B,Burglary,Investigation complete; no suspect identified,
7f53f5d8d49c02fd9b6a11c8602c552ee7f24dea83df635846e9d6e4dab2bcb6,2018-08,Dorset Police,Dorset Police,-1.864213,50.866854,On or near Sports/Recreation Area,E01020412,East Dorset 003B,Criminal damage and arson,Status update unavailable,
6e007b6ca1604da9fc8730edae96fc1451b9509df914d4a0142a5263c80c4cf3,2018-08,Dorset Police,Dorset Police,-1.864213,50.866854,On or near Sports/Recreation Area,E01020412,East Dorset 003B,Drugs,Court result unavailable,
8361c29e441781d4d5323282063cef0ceeec8060288a241f6323bef178040d14,2018-08,Dorset Police,Dorset Police,-1.864267,50.843392,On or near Victory Close,E01020412,East Dorset 003B,Other theft,Investigation complete; no suspect identified,
b132e1e4afc66b9cff5311057e0ff944aac843f462ef91e3611c929a50b38eee,2018-08,Dorset Police,Dorset Police,-1.877704,50.859207,On or near Verwood Road,E01020412,East Dorset 003B,Public order,Unable to prosecute suspect,
84c4552bbf0bf6f27a88243cb6125fc8b709f738f6347911291b20a01e14b1fe,2018-08,Dorset Police,Dorset Police,-1.877704,50.859207,On or near Verwood Road,E01020412,East Dorset 003B,Theft from the person,Investigation complete; no suspect identified,
c50f74a4fa44f19b64a06f183e603d244f2ffadb88ffd9e13b5e63ee38757bd0,2018-08,Dorset Police,Dorset Police,-1.870740,50.870458,On or near Hillmeadow,E01020412,East Dorset 003B,Violence and sexual offences,Status update unavailable,
c6aaee841958dfd2a8ee73ba7e080e20bf2a79f7d7942836738aa5866077bf77,2018-08,Dorset Police,Dorset Police,-1.853062,50.852219,On or near Park/Open Space,E01020412,East Dorset 003B,Violence and sexual offences,Local resolution,
0c1ea5085e01dda2cb30abeddc38cf70c072e7c87ec102a8673ab95fd9f448da,2018-08,Dorset Police,Dorset Police,-1.870740,50.870458,On or near Hillmeadow,E01020412,East Dorset 003B,Violence and sexual offences,Status update unavailable,
,2018-08,Dorset Police,Dorset Police,-1.893100,50.880552,On or near Albion Way,E01020413,East Dorset 003C,Anti-social behaviour,,
,2018-08,Dorset Police,Dorset Police,-1.878131,50.880888,On or near Parking Area,E01020414,East Dorset 003D,Anti-social behaviour,,
,2018-08,Dorset Police,Dorset Police,-1.877296,50.879395,On or near Copse Road,E01020414,East Dorset 003D,Anti-social behaviour,,
c8b4b7ea66a55f677e27f2ff8661cf520c46725c1316e6e7b4f3b1d250dd1fc9,2018-08,Dorset Police,Dorset Police,-1.877393,50.880294,On or near Vicarage Road,E01020414,East Dorset 003D,Bicycle theft,Investigation complete; no suspect identified,
4e8e11c48cdfc6859130a81d0dd4c0e986d3bc49e64aec38053325e8a0b27d89,2018-08,Dorset Police,Dorset Police,-1.886627,50.882758,On or near Station Road,E01020414,East Dorset 003D,Burglary,Investigation complete; no suspect identified,
528cd719fdff175dfd73f81874b2e2b87a2680c20f168025ce1da499c104cd5a,2018-08,Dorset Police,Dorset Police,-1.879553,50.880773,On or near Manor Road,E01020414,East Dorset 003D,Criminal damage and arson,Investigation complete; no suspect identified,
d605ad148acd6fe768f0af1d60dac92d5c2d5d3fa0620816fac8909d47af0640,2018-08,Dorset Police,Dorset Police,-1.879145,50.879118,On or near Manor Gardens,E01020414,East Dorset 003D,Vehicle crime,Unable to prosecute suspect,
5c4671fe87458eb95e40c0d1d685c506d76c304570a62e672c5427ebe85231d2,2018-08,Dorset Police,Dorset Police,-1.881199,50.881935,On or near Brockway,E01020414,East Dorset 003D,Violence and sexual offences,Unable to prosecute suspect,
,2018-08,Dorset Police,Dorset Police,-1.812700,50.838789,On or near Ringwood Road,E01020403,East Dorset 004A,Anti-social behaviour,,
5dd9b88a082e4b75d02df01655f2bd49c7a42e370fcd57dad482c5ee8cb70bf5,2018-08,Dorset Police,Dorset Police,-1.851121,50.850400,On or near Theme/Adventure Park,E01020403,East Dorset 004A,Criminal damage and arson,Status update unavailable,
cd3f3a1ee87720094e7919f27d1aae5bd851817a1e856283b9a145cab9713530,2018-08,Dorset Police,Dorset Police,-1.810428,50.842274,On or near Folly Farm Lane,E01020403,East Dorset 004A,Drugs,Offender given a caution,
9b73e570b6e6e8ea8137a43e04901875e9ef8412a16d79bb4db2339f3a394ad4,2018-08,Dorset Police,Dorset Police,-1.807827,50.825481,On or near Egmont Drive,E01020403,East Dorset 004A,Other theft,Investigation complete; no suspect identified,
8a76e5ce79bd746dce021ab1841ee79781657c7404a936217da2714aae30d03b,2018-08,Dorset Police,Dorset Police,-1.812700,50.838789,On or near Ringwood Road,E01020403,East Dorset 004A,Public order,Local resolution,
bba653cb5b49334a65a66cb5ba9593db8fe7fc5a56835e562d2cc3e4af68fd63,2018-08,Dorset Police,Dorset Police,-1.812700,50.838789,On or near Ringwood Road,E01020403,East Dorset 004A,Violence and sexual offences,Status update unavailable,
56f56ec14dcf75b5d52070643fb2e529af1466065e25c4a5fd6472607b510d05,2018-08,Dorset Police,Dorset Police,-1.830669,50.841775,On or near Struan Drive,E01020403,East Dorset 004A,Violence and sexual offences,Unable to prosecute suspect,
,2018-08,Dorset Police,Dorset Police,-1.839082,50.815394,On or near Wayside Road,E01020405,East Dorset 004C,Anti-social behaviour,,
,2018-08,Dorset Police,Dorset Police,-1.834898,50.830630,On or near Hobbs Park,E01020405,East Dorset 004C,Anti-social behaviour,,
,2018-08,Dorset Police,Dorset Police,-1.832922,50.831257,On or near Ringwood Road,E01020405,East Dorset 004C,Anti-social behaviour,,
e4f96c657af0ddfb63bb66a793d11b3f3146c77782ca452c9e10cd72d32e1782,2018-08,Dorset Police,Dorset Police,-1.860918,50.813740,On or near The Paddock,E01020405,East Dorset 004C,Bicycle theft,Investigation complete; no suspect identified,
a50d814e08d6c6746cc36b99a8586e105efe11e08f172931219bab7b94f124d2,2018-08,Dorset Police,Dorset Police,-1.860918,50.813740,On or near The Paddock,E01020405,East Dorset 004C,Bicycle theft,Investigation complete; no suspect identified,
ff9a6d89a1f921d2c45cde191ef7ca34c164084d1b5bc2b71d0ea258371b8549,2018-08,Dorset Police,Dorset Police,-1.836540,50.832044,On or near Pine Drive,E01020405,East Dorset 004C,Burglary,Investigation complete; no suspect identified,
8ce4749a370b5810f578d58ba5a7524eb054f3a437d4959e090d4805cdca22af,2018-08,Dorset Police,Dorset Police,-1.835641,50.833338,On or near Woodlands Way,E01020405,East Dorset 004C,Burglary,Investigation complete; no suspect identified,
76f42825a7477649bc052a541e02888b5c44063c647948e7fd25a56a0c60eba8,2018-08,Dorset Police,Dorset Police,-1.816439,50.812375,On or near Matchams Close,E01020405,East Dorset 004C,Violence and sexual offences,Unable to prosecute suspect,
,2018-08,Dorset Police,Dorset Police,-1.838026,50.829277,On or near Motorway Service Area,E01020406,East Dorset 004D,Anti-social behaviour,,
106400934185ae4d696a71a11899f3cad03cd35f8edd8746b3227379628f000e,2018-08,Dorset Police,Dorset Police,-1.842489,50.836396,On or near Bushmead Drive,E01020406,East Dorset 004D,Criminal damage and arson,Unable to prosecute suspect,
b536b87e29d0b02282c1e2ac0d5a900924ee3467d24b62abb233a9316286ad40,2018-08,Dorset Police,Dorset Police,-1.860601,50.820026,On or near Park/Open Space,E01020406,East Dorset 004D,Criminal damage and arson,Investigation complete; no suspect identified,
f44fdf9ca41af5077554204c74e5ea2aea91476d3a6105f235001c18f11d48fa,2018-08,Dorset Police,Dorset Police,-1.838026,50.829277,On or near Motorway Service Area,E01020406,East Dorset 004D,Other theft,Investigation complete; no suspect identified,
f6a62d9d672801a369e2fff8b9d401866e7000075bcfc5d446f026fdbe4b6314,2018-08,Dorset Police,Dorset Police,-1.848812,50.826540,On or near Brockwood,E01020406,East Dorset 004D,Public order,Unable to prosecute suspect,
0c135f740ad2460fe23721c36b91a52caa7971386bdcce99f6fb5c57deaf9a03,2018-08,Dorset Police,Dorset Police,-1.838026,50.829277,On or near Motorway Service Area,E01020406,East Dorset 004D,Shoplifting,Offender fined,
1d8c7214606521d5b725fc9b67ac0f18371c68bd42bb6ec352c7df3c9a1c8b45,2018-08,Dorset Police,Dorset Police,-1.838026,50.829277,On or near Motorway Service Area,E01020406,East Dorset 004D,Vehicle crime,Investigation complete; no suspect identified,
,2018-08,Dorset Police,Dorset Police,-2.018617,50.858847,On or near Pound Hill,E01020396,East Dorset 005A,Anti-social behaviour,,
87a54078e2eff99ec43b85421cc98aa592faad2c6fec8f26343887c0d26494d4,2018-08,Dorset Police,Dorset Police,-2.002153,50.897570,On or near Harley Lane,E01020396,East Dorset 005A,Burglary,Investigation complete; no suspect identified,
00c14ce4cba317bbee1ebbd9d1aaae5a614e89f8b54119fa742fd6dc1787e89f,2018-08,Dorset Police,Dorset Police,-2.014943,50.874683,On or near Longman'S Road,E01020396,East Dorset 005A,Criminal damage and arson,Investigation complete; no suspect identified,
c4c164b5064c37e93a991feaf19bcad66ef6eb3ba15a3f83b805af365871619a,2018-08,Dorset Police,Dorset Police,-2.014943,50.874683,On or near Longman'S Road,E01020396,East Dorset 005A,Criminal damage and arson,Investigation complete; no suspect identified,
22ff299de1f15071c0d96de9802ab32cbdf295803dd709a98de50c56271422d2,2018-08,Dorset Police,Dorset Police,-2.014943,50.874683,On or near Longman'S Road,E01020396,East Dorset 005A,Criminal damage and arson,Investigation complete; no suspect identified,
47a8c8ae7775c10c3c68e4ccb56406a7df187c2907245ac8bd09d1f1282b3e64,2018-08,Dorset Police,Dorset Police,-2.018617,50.858847,On or near Pound Hill,E01020396,East Dorset 005A,Other theft,Investigation complete; no suspect identified,
bb4f51dccd5823bcdedb33504ebcd118960a2e3189c7fdaec8c27f55eb7425b1,2018-08,Dorset Police,Dorset Police,-2.026030,50.902261,On or near Parsonage Hill,E01020396,East Dorset 005A,Other theft,Investigation complete; no suspect identified,
9d7b2a98f55df8bf49bbc04d6035f7fb5d2a0245d284d83979e8fa16ac1f0cc1,2018-08,Dorset Police,Dorset Police,-1.988149,50.887282,On or near Ass Hill,E01020396,East Dorset 005A,Violence and sexual offences,Unable to prosecute suspect,
,2018-08,Dorset Police,Dorset Police,-1.957523,50.828752,On or near Hart'S Lane,E01020398,East Dorset 005B,Anti-social behaviour,,
,2018-08,Dorset Police,Dorset Police,-1.957523,50.828752,On or near Hart'S Lane,E01020398,East Dorset 005B,Anti-social behaviour,,
,2018-08,Dorset Police,Dorset Police,-1.986894,50.851294,On or near Emley Lane,E01020398,East Dorset 005B,Anti-social behaviour,,
,2018-08,Dorset Police,Dorset Police,-1.963349,50.859850,On or near Tower Close,E01020398,East Dorset 005B,Anti-social behaviour,,
,2018-08,Dorset Police,Dorset Police,-1.997093,50.850836,On or near B3078,E01020398,East Dorset 005B,Anti-social behaviour,,
,2018-08,Dorset Police,Dorset Police,-1.962631,50.832971,On or near Holt Lane,E01020398,East Dorset 005B,Anti-social behaviour,,
,2018-08,Dorset Police,Dorset Police,-1.974049,50.855878,On or near Uppington Close,E01020398,East Dorset 005B,Anti-social behaviour,,
,2018-08,Dorset Police,Dorset Police,-1.958251,50.856719,On or near Batchelor'S Lane,E01020398,East Dorset 005B,Anti-social behaviour,,
837172c6f598a472c1a5539d9ac72ef66480a97ba105cf81f6e18223884c33bf,2018-08,Dorset Police,Dorset Police,-1.911564,50.842736,On or near Holt Road,E01020398,East Dorset 005B,Burglary,Investigation complete; no suspect identified,
6e48c6f0ba5d8939aa311c5c3e535020e1d215e6b4abe693fcd0a2f140282bc2,2018-08,Dorset Police,Dorset Police,-1.953239,50.853183,On or near Queen'S Copse Lane,E01020398,East Dorset 005B,Burglary,Investigation complete; no suspect identified,
e5e9ad9a6d838ce957dc70ab4bcb495b609867d2b9c5bc0d799ec725e1207fdd,2018-08,Dorset Police,Dorset Police,-1.953239,50.853183,On or near Queen'S Copse Lane,E01020398,East Dorset 005B,Burglary,Investigation complete; no suspect identified,
cc2e2c7abdaca773aeec2eab930ea96377e356e9e2c8c9191cadc807b1c25a5b,2018-08,Dorset Police,Dorset Police,-1.939280,50.860056,On or near Park/Open Space,E01020398,East Dorset 005B,Other theft,Investigation complete; no suspect identified,
0875599770dd35c960bb56ce71d3277da1a2895271858be8f85631a034719e4c,2018-08,Dorset Police,Dorset Police,-1.963349,50.859850,On or near Tower Close,E01020398,East Dorset 005B,Public order,Unable to prosecute suspect,
dda88f53ca2a6cfdaf629fe1b39fc79d410f90e54250906bf168bc900e89491e,2018-08,Dorset Police,Dorset Police,-1.974049,50.855878,On or near Uppington Close,E01020398,East Dorset 005B,Vehicle crime,Investigation complete; no suspect identified,
072e2a472c15478b8869f68785154cccf7639c1f0889973bdabcd3a451bed923,2018-08,Dorset Police,Dorset Police,-1.972339,50.841418,On or near Sports/Recreation Area,E01020398,East Dorset 005B,Violence and sexual offences,Investigation complete; no suspect identified,
d96024be13036d60a85a7d503b21b6cf2a8df3016acf1ec908dcfc1360a8fc2a,2018-08,Dorset Police,Dorset Police,-2.073136,50.798000,On or near High Street,E01020409,East Dorset 005C,Other theft,Investigation complete; no suspect identified,
17f9db85ef4d13309dbf0b623d0e61141f7140e89db63bd64af6205476d61e53,2018-08,Dorset Police,Dorset Police,-2.052322,50.786303,On or near Mill Street,E01020409,East Dorset 005C,Vehicle crime,Investigation complete; no suspect identified,
fbb4eac4e260b4a43b900b4c5f5c33b51cfa0378222f63b38becfcae08e81a77,2018-08,Dorset Police,Dorset Police,-2.075570,50.793844,On or near Station Road,E01020409,East Dorset 005C,Other crime,Investigation complete; no suspect identified,
,2018-08,Dorset Police,Dorset Police,-2.074896,50.797963,On or near Churchill Close,E01020410,East Dorset 005D,Anti-social behaviour,,
,2018-08,Dorset Police,Dorset Police,-2.090652,50.815793,On or near West Street,E01020410,East Dorset 005D,Anti-social behaviour,,
,2018-08,Dorset Police,Dorset Police,-2.008704,50.802276,On or near Vine Hill,E01020410,East Dorset 005D,Anti-social behaviour,,
c2fe18192d4ccda7de13b6bcbc626926adc9e1811ab02d80dbab961bc2396a20,2018-08,Dorset Police,Dorset Police,-2.023794,50.813362,On or near Blandford Road,E01020410,East Dorset 005D,Burglary,Investigation complete; no suspect identified,
4a7264b798a993dd7cdc1426a22de3590978429688e05aafe502ef1d82c51b8e,2018-08,Dorset Police,Dorset Police,-2.075616,50.795894,On or near Tattershall Gardens,E01020410,East Dorset 005D,Criminal damage and arson,Investigation complete; no suspect identified,
976c29f8fe84af0d011041b832f9299acf9ab44bf3dd1d4a41af274e3a658f71,2018-08,Dorset Police,Dorset Police,-2.001623,50.805631,On or near The Broads,E01020410,East Dorset 005D,Other theft,Unable to prosecute suspect,
eda115ba42a77a38a8023e4d548728535341e326010f496868317f1941c1f5e8,2018-08,Dorset Police,Dorset Police,-2.072146,50.799601,On or near High Close,E01020410,East Dorset 005D,Other theft,Investigation complete; no suspect identified,
873aac5c8ff9df5e730662b30ef9aa66f50bb27e96c71cdd5b5b01d12ca2d795,2018-08,Dorset Police,Dorset Police,-2.001623,50.805631,On or near The Broads,E01020410,East Dorset 005D,Other theft,Offender given community sentence,
e63d440e926922a2115503c8a9b6be6bf74fce4a894d9eb84f24e32442e69f9b,2018-08,Dorset Police,Dorset Police,-2.001623,50.805631,On or near The Broads,E01020410,East Dorset 005D,Other theft,Unable to prosecute suspect,
5ad63e531ef9939e605c454b752cc995a28541622fcd5d367ec419bc3bb82153,2018-08,Dorset Police,Dorset Police,-2.023794,50.813362,On or near Blandford Road,E01020410,East Dorset 005D,Vehicle crime,Investigation complete; no suspect identified,
6bb9e9f8051e7ded3a43d42bd226c9b7d03f346b5a3553708ef3d000687eee76,2018-08,Dorset Police,Dorset Police,-2.015687,50.806205,On or near Parking Area,E01020410,East Dorset 005D,Vehicle crime,Investigation complete; no suspect identified,
c2f10b1d2d8228c1cfa324b518f9593461612e481fd2f9b9a49a7c94fd00873f,2018-08,Dorset Police,Dorset Police,-2.023794,50.813362,On or near Blandford Road,E01020410,East Dorset 005D,Vehicle crime,Investigation complete; no suspect identified,
bfdf94cb36221a02dfe312811757505f2b54e2a1622af75ed92a6eef4612ac83,2018-08,Dorset Police,Dorset Police,-2.023794,50.813362,On or near Blandford Road,E01020410,East Dorset 005D,Vehicle crime,Investigation complete; no suspect identified,
ad6b607f2ae51c6c23957be872664d8697acfa9c3401c0c1e69e7397f2dfe602,2018-08,Dorset Police,Dorset Police,-2.008704,50.802276,On or near Vine Hill,E01020410,East Dorset 005D,Vehicle crime,Investigation complete; no suspect identified,
82f8ffba8780436127bcb3d7147f68ef93321808884e879c2d6567171d7628a1,2018-08,Dorset Police,Dorset Police,-2.115885,50.796688,On or near B3075,E01020410,East Dorset 005D,Violence and sexual offences,Unable to prosecute suspect,
,2018-08,Dorset Police,Dorset Police,-1.890315,50.831235,On or near Ritchie Place,E01020421,East Dorset 006A,Anti-social behaviour,,
054748a937baf1e2825debcbd15eda11093bebd8617f5f2bc06ff7377f9bf22c,2018-08,Dorset Police,Dorset Police,-1.890315,50.831235,On or near Ritchie Place,E01020421,East Dorset 006A,Public order,Unable to prosecute suspect,
,2018-08,Dorset Police,Dorset Police,-1.888694,50.826341,On or near Mary Lane,E01020422,East Dorset 006B,Anti-social behaviour,,
,2018-08,Dorset Police,Dorset Police,-1.888694,50.826341,On or near Mary Lane,E01020422,East Dorset 006B,Anti-social behaviour,,
,2018-08,Dorset Police,Dorset Police,-1.888694,50.826341,On or near Mary Lane,E01020422,East Dorset 006B,Anti-social behaviour,,
,2018-08,Dorset Police,Dorset Police,-1.887273,50.821080,On or near Kings Close,E01020422,East Dorset 006B,Anti-social behaviour,,
,2018-08,Dorset Police,Dorset Police,-1.887864,50.823319,On or near Station Road,E01020422,East Dorset 006B,Anti-social behaviour,,
,2018-08,Dorset Police,Dorset Police,-1.891369,50.823754,On or near Birch Grove,E01020422,East Dorset 006B,Anti-social behaviour,,
,2018-08,Dorset Police,Dorset Police,-1.893810,50.824188,On or near Mannington Way,E01020422,East Dorset 006B,Anti-social behaviour,,
8250809c3de2650bd0a60bd32c41cebe300dc51e2d996581dd85b3e2702ac803,2018-08,Dorset Police,Dorset Police,-1.889039,50.824561,On or near Supermarket,E01020422,East Dorset 006B,Other theft,Investigation complete; no suspect identified,
3620ad13436b41000cba0c5d440bc565865927d2408a638a577efeca4d1082bd,2018-08,Dorset Police,Dorset Police,-1.893810,50.824188,On or near Mannington Way,E01020422,East Dorset 006B,Other theft,Unable to prosecute suspect,
fc3a4892e0939a6d6ceee3230a44bbffc23b9d873fef018f82208c8b5514348d,2018-08,Dorset Police,Dorset Police,-1.901578,50.823332,On or near Sports/Recreation Area,E01020422,East Dorset 006B,Public order,Unable to prosecute suspect,
64a92bd706091f2814e84b65de60a1fdf20601bad915e69b0643f18738508701,2018-08,Dorset Police,Dorset Police,-1.888210,50.826854,On or near Newcombe Road,E01020422,East Dorset 006B,Violence and sexual offences,Unable to prosecute suspect,
881c63277edf7ec179c78aa7826c26324e98da31ab4b0d796d4aa3a782e64be0,2018-08,Dorset Police,Dorset Police,-1.887621,50.823939,On or near Supermarket,E01020422,East Dorset 006B,Violence and sexual offences,Unable to prosecute suspect,
8f350c397fb9b032ac63e825d782c964aab75c0d4dc98a7cc052ef2d8ad04e72,2018-08,Dorset Police,Dorset Police,-1.888210,50.826854,On or near Newcombe Road,E01020422,East Dorset 006B,Violence and sexual offences,Investigation complete; no suspect identified,
6c43d42d1bcf7c7eff9513e41073f3e5f10bff5ace65d57c35ed0d6015bd8353,2018-08,Dorset Police,Dorset Police,-1.889895,50.822674,On or near Pennington Crescent,E01020422,East Dorset 006B,Violence and sexual offences,Unable to prosecute suspect,
,2018-08,Dorset Police,Dorset Police,-1.876830,50.824162,On or near Oakhurst Lane,E01020423,East Dorset 006C,Anti-social behaviour,,
3cefb7e6861e6fe691cd98a7160157807e7e804d9c554fe662abe8e34d7ad82f,2018-08,Dorset Police,Dorset Police,-1.878186,50.821520,On or near Hardy Close,E01020423,East Dorset 006C,Criminal damage and arson,Investigation complete; no suspect identified,
17e8c50821b4218d4b66e04e2e9e6cad7ed472d9b755f739a765c7535fc2f015,2018-08,Dorset Police,Dorset Police,-1.878186,50.821520,On or near Hardy Close,E01020423,East Dorset 006C,Criminal damage and arson,Investigation complete; no suspect identified,
91999d47906ce24fb03f764396ad40938daf03c50db610dae7ea3780a0976535,2018-08,Dorset Police,Dorset Police,-1.882162,50.826695,On or near Summercroft Way,E01020423,East Dorset 006C,Other theft,Investigation complete; no suspect identified,
39e86421c66cc0246d9131d9929b0d5e9a6e8cea48b39765a1f0561d11a09578,2018-08,Dorset Police,Dorset Police,-1.879218,50.823374,On or near Oakhurst Road,E01020423,East Dorset 006C,Violence and sexual offences,Unable to prosecute suspect,
fb931557bb6e148783d7ddeea73ced2bd3c1e743e70106b139a4d332b7338feb,2018-08,Dorset Police,Dorset Police,-1.879218,50.823374,On or near Oakhurst Road,E01020423,East Dorset 006C,Violence and sexual offences,Unable to prosecute suspect,
,2018-08,Dorset Police,Dorset Police,-1.877009,50.820853,On or near Hardy Road,E01020424,East Dorset 006D,Anti-social behaviour,,
5b270fa7ecadffb096465682df76ca9ace73932bd556de715ec6b59d3221d1e2,2018-08,Dorset Police,Dorset Police,-1.873574,50.820823,On or near Heathfield Road,E01020424,East Dorset 006D,Other theft,Investigation complete; no suspect identified,
bc30e2108777d8d8d0d50e024b8340cea3460fddb0ecd0005141e6ce4d7b2fe6,2018-08,Dorset Police,Dorset Police,-1.945252,50.807165,On or near Canford View Drive,E01020377,East Dorset 007A,Criminal damage and arson,Investigation complete; no suspect identified,
d180aaa5c587696828a4df66027aa8d183ecc819dbed50fbdcda41314613fb52,2018-08,Dorset Police,Dorset Police,-1.953452,50.810333,On or near Brackenhill Road,E01020377,East Dorset 007A,Public order,Unable to prosecute suspect,
,2018-08,Dorset Police,Dorset Police,-1.965628,50.811866,On or near New Merrifield,E01020379,East Dorset 007B,Anti-social behaviour,,
,2018-08,Dorset Police,Dorset Police,-1.955051,50.815199,On or near Lonnen Road,E01020379,East Dorset 007B,Anti-social behaviour,,
a80e6b4b1edbeb4f746541589d0d9d7545fe6b76fae4fc23d755d259d5385e1e,2018-08,Dorset Police,Dorset Police,-1.954772,50.810379,On or near Green Bottom,E01020379,East Dorset 007B,Burglary,Investigation complete; no suspect identified,
601012dd62f287fedef9987c3068bb2411d62222380a42d3c1138808cf49a778,2018-08,Dorset Police,Dorset Police,-1.965628,50.811866,On or near New Merrifield,E01020379,East Dorset 007B,Burglary,Investigation complete; no suspect identified,
05a9d79111b0b6ded61d5fc21521f1b7fc95cf1010d80ce49167491c504d3948,2018-08,Dorset Police,Dorset Police,-1.961102,50.810507,On or near Rotary Close,E01020379,East Dorset 007B,Burglary,Investigation complete; no suspect identified,
72beaa3ced31aba585515828d1236b28e967f103df9770bc121ab9c7261a6db3,2018-08,Dorset Police,Dorset Police,-1.954772,50.810379,On or near Green Bottom,E01020379,East Dorset 007B,Burglary,Investigation complete; no suspect identified,
35bfbbaa9d75838dec631e6061b038ee5826050ab17f9df6e3ca97533cff2e19,2018-08,Dorset Police,Dorset Police,-1.965628,50.811866,On or near New Merrifield,E01020379,East Dorset 007B,Other theft,Investigation complete; no suspect identified,
9e20731c69403118f1c99001cd7dc3c4e2acb73cb01dddd9094d712fe8c66a94,2018-08,Dorset Police,Dorset Police,-1.965628,50.811866,On or near New Merrifield,E01020379,East Dorset 007B,Other theft,Investigation complete; no suspect identified,
0df4f8bb209fa7ecb459d1b4f95ec7a2963d0d310547d473b055778943801c0b,2018-08,Dorset Police,Dorset Police,-1.964721,50.811228,On or near Marshfield,E01020379,East Dorset 007B,Vehicle crime,Investigation complete; no suspect identified,
f200d3b69468fe7213cec5e9367437cc0eed1801d191769d4713f1625582cfd0,2018-08,Dorset Police,Dorset Police,-1.956999,50.811243,On or near Glynville Close,E01020379,East Dorset 007B,Violence and sexual offences,Unable to prosecute suspect,
,2018-08,Dorset Police,Dorset Police,-1.981665,50.816636,On or near Furzehill,E01020380,East Dorset 007C,Anti-social behaviour,,
cb90ee23bdb894b0457b48314693fb5d9659f45f8432e6f2bcff95a1940309b3,2018-08,Dorset Police,Dorset Police,-1.979074,50.802382,On or near Rowlands Hill,E01020380,East Dorset 007C,Burglary,Investigation complete; no suspect identified,
d9178590cd916fb067aea98e0e8144315394e4db4769130a89b520838a097ea0,2018-08,Dorset Police,Dorset Police,-1.975509,50.807597,On or near Greenhill Close,E01020380,East Dorset 007C,Burglary,Investigation complete; no suspect identified,
6794b9beae5449a07b9aedf29d16bcf23160ed8a9874e7d31a9ae26136631ef3,2018-08,Dorset Police,Dorset Police,-1.985626,50.815360,On or near Cranborne Road,E01020380,East Dorset 007C,Vehicle crime,Investigation complete; no suspect identified,
2f2ba1dd729c022b0d928c65a53e05a135cde82102a8036dde3a75ef4931904f,2018-08,Dorset Police,Dorset Police,-1.985626,50.815360,On or near Cranborne Road,E01020380,East Dorset 007C,Vehicle crime,Investigation complete; no suspect identified,
,2018-08,Dorset Police,Dorset Police,-1.969024,50.807542,On or near Wimborne Road,E01020381,East Dorset 007D,Anti-social behaviour,,
,2018-08,Dorset Police,Dorset Police,-1.875444,50.811661,On or near Petrol Station,E01020390,East Dorset 008A,Anti-social behaviour,,
,2018-08,Dorset Police,Dorset Police,-1.875444,50.811661,On or near Petrol Station,E01020390,East Dorset 008A,Anti-social behaviour,,
d909310283c1258727e0ebfddca6c053d1363f4a7a28d3e163c7399b2ca5fdc6,2018-08,Dorset Police,Dorset Police,-1.884701,50.810214,On or near Garden Walk,E01020390,East Dorset 008A,Other theft,Investigation complete; no suspect identified,
ba55d36de6bafc0f569848143f67c9bb44802ab8f5efaf64cee6aabea7cfa13d,2018-08,Dorset Police,Dorset Police,-1.890267,50.809419,On or near Lynwood Close,E01020390,East Dorset 008A,Violence and sexual offences,Unable to prosecute suspect,
,2018-08,Dorset Police,Dorset Police,-1.898757,50.814741,On or near Redwood Drive,E01020391,East Dorset 008B,Anti-social behaviour,,
b2e3367acf7db53c3215c49c39e041ec66ff98c1cb182712daf4616b3f24558a,2018-08,Dorset Police,Dorset Police,-1.895696,50.812643,On or near Larch Way,E01020391,East Dorset 008B,Burglary,Investigation complete; no suspect identified,
f7a9566d2d6d533c8bd2bce2262f644e2628ca8136bc45d8cb6a93efa51ff72d,2018-08,Dorset Police,Dorset Police,-1.896655,50.815468,On or near Cedar Way,E01020391,East Dorset 008B,Public order,Unable to prosecute suspect,
d3a33d8ee537990514ad0321e85ec556750f8cc0fd7802a1bf953b3e1ba5884d,2018-08,Dorset Police,Dorset Police,-1.897467,50.807411,On or near Milbourne Road,E01020391,East Dorset 008B,Violence and sexual offences,Unable to prosecute suspect,
59fd7770bd80cdc7eb080e8b6f3eae073d5242ca20c87c12a9a04cad7db2f2cf,2018-08,Dorset Police,Dorset Police,-1.897467,50.807411,On or near Milbourne Road,E01020391,East Dorset 008B,Violence and sexual offences,Unable to prosecute suspect,
,2018-08,Dorset Police,Dorset Police,-1.889953,50.804149,On or near Princes Road,E01020392,East Dorset 008C,Anti-social behaviour,,
,2018-08,Dorset Police,Dorset Police,-1.892880,50.802326,On or near Parking Area,E01020392,East Dorset 008C,Anti-social behaviour,,
,2018-08,Dorset Police,Dorset Police,-1.889953,50.804149,On or near Princes Road,E01020392,East Dorset 008C,Anti-social behaviour,,
009b2760e2c26847ae5b170719b8372f63c53f9e5d3cb29c59d98c70561e8415,2018-08,Dorset Police,Dorset Police,-1.895795,50.806466,On or near Mayfield Drive,E01020392,East Dorset 008C,Criminal damage and arson,Investigation complete; no suspect identified,
f145e9f12c5b3324e750f375a45ffe04cb1eaf61a87cbf81a05b4c16028709e5,2018-08,Dorset Police,Dorset Police,-1.891163,50.802460,On or near Supermarket,E01020392,East Dorset 008C,Other theft,Investigation complete; no suspect identified,
6d8082558efa607ccbdf1be58b6e3edb5c5b9ec73e5c8a4403836393cb70d537,2018-08,Dorset Police,Dorset Police,-1.894357,50.802094,On or near St Mary'S Road,E01020392,East Dorset 008C,Other theft,Investigation complete; no suspect identified,
d0b93369c8bbb68b5d9b78ff19212786c19d096d446601bc7ed551618ca8f4e8,2018-08,Dorset Police,Dorset Police,-1.887428,50.803652,On or near Manor Close,E01020392,East Dorset 008C,Other theft,Investigation complete; no suspect identified,
1099a21268751db683ae27eaf4eca3701044f5324f8a34367490a81f7c9a4cfb,2018-08,Dorset Police,Dorset Police,-1.892288,50.800716,On or near Spinneys Lane,E01020392,East Dorset 008C,Vehicle crime,Investigation complete; no suspect identified,
410f9bcc867ac641e3b8f2ca0b8069d2a3bfdf3e6bf414d7a32f2ab21b0e09f0,2018-08,Dorset Police,Dorset Police,-1.887428,50.803652,On or near Manor Close,E01020392,East Dorset 008C,Violence and sexual offences,Unable to prosecute suspect,
48efde0c98d39d99deb712c697fa3713bdf0ce5ffe9e7303fc8d0a10710b05e0,2018-08,Dorset Police,Dorset Police,-1.891309,50.800751,On or near Petrol Station,E01020392,East Dorset 008C,Violence and sexual offences,Unable to prosecute suspect,
5fbbe542abe3d11b20f69a06e8f039fb85aca1e0df6ed4f508ebde9b6a8f0b2a,2018-08,Dorset Police,Dorset Police,-1.891309,50.800751,On or near Petrol Station,E01020392,East Dorset 008C,Violence and sexual offences,Unable to prosecute suspect,
a1787c711219096a837a13667be78854db8e89170aaea03dc7b03871b844a73c,2018-08,Dorset Police,Dorset Police,-1.889953,50.804149,On or near Princes Road,E01020392,East Dorset 008C,Violence and sexual offences,Unable to prosecute suspect,
e0278030121940d83a4523067e48c0f580738313f35f681c72f3018dc23a3a53,2018-08,Dorset Police,Dorset Police,-1.891163,50.802460,On or near Supermarket,E01020392,East Dorset 008C,Violence and sexual offences,Action to be taken by another organisation,
bc65f134518b4845840f17cf890321138671e5adccada6c944d13bb925a468bd,2018-08,Dorset Police,Dorset Police,-1.889953,50.804149,On or near Princes Road,E01020392,East Dorset 008C,Violence and sexual offences,Status update unavailable,
,2018-08,Dorset Police,Dorset Police,-1.867826,50.805358,On or near Derwent Close,E01020393,East Dorset 008D,Anti-social behaviour,,
,2018-08,Dorset Police,Dorset Police,-1.868018,50.807400,On or near Thames Close,E01020393,East Dorset 008D,Anti-social behaviour,,
,2018-08,Dorset Police,Dorset Police,-1.868839,50.803228,On or near Tamar Close,E01020393,East Dorset 008D,Anti-social behaviour,,
c92438f56dab81a9d45b98631afc1be090e057afe430a95a93c6747425bd5f65,2018-08,Dorset Police,Dorset Police,-1.868738,50.803759,On or near Severn Road,E01020393,East Dorset 008D,Burglary,Investigation complete; no suspect identified,
8ecf35633377e08251ebc22c59e9d9706b43507313d281eea08b402abf9c5239,2018-08,Dorset Police,Dorset Police,-1.868738,50.803759,On or near Severn Road,E01020393,East Dorset 008D,Other theft,Investigation complete; no suspect identified,
0f485000f896b60fca4b3e9f9db75f131d04897842eb04031a82fe7e8d3cc868,2018-08,Dorset Police,Dorset Police,-1.869625,50.806376,On or near Medway Road,E01020393,East Dorset 008D,Other theft,Investigation complete; no suspect identified,
28153d61b5d5e3edf2fd2da917d5d6a933661a34a2ee0500c43fe165028f8b5f,2018-08,Dorset Police,Dorset Police,-1.872139,50.805525,On or near Petwyn Close,E01020393,East Dorset 008D,Vehicle crime,Investigation complete; no suspect identified,
cdc84c26de07fdd505d2bb223f3f968592cfdc8c0a90130e79aee3d8be49edb8,2018-08,Dorset Police,Dorset Police,-1.872139,50.805525,On or near Petwyn Close,E01020393,East Dorset 008D,Violence and sexual offences,Action to be taken by another organisation,
,2018-08,Dorset Police,Dorset Police,-1.872134,50.807341,On or near Bolton Crescent,E01020394,East Dorset 008E,Anti-social behaviour,,
,2018-08,Dorset Police,Dorset Police,-1.874696,50.810177,On or near Ford Close,E01020394,East Dorset 008E,Anti-social behaviour,,
,2018-08,Dorset Police,Dorset Police,-1.872121,50.812251,On or near Supermarket,E01020394,East Dorset 008E,Anti-social behaviour,,
3a07210b58b3e28e9f1703be527aa387ccb54933df7745beb14f09f307938935,2018-08,Dorset Police,Dorset Police,-1.874692,50.806049,On or near Dugdell Close,E01020394,East Dorset 008E,Burglary,Investigation complete; no suspect identified,
03772b49b73bc1d8c23770159cc91401387961b3e3eaaab5f3f6267fe0a20e5d,2018-08,Dorset Police,Dorset Police,-1.872121,50.812251,On or near Supermarket,E01020394,East Dorset 008E,Vehicle crime,Investigation complete; no suspect identified,
edc6572ecea44786d362d7d0303a0342d2f9066ced726b135bcfabf0f3281e40,2018-08,Dorset Police,Dorset Police,-1.877054,50.809325,On or near Ameys Lane,E01020394,East Dorset 008E,Violence and sexual offences,Status update unavailable,
c4727ec6b6d85f5da9861d7d9c884141a148f0526108a5e8bd65518125c024c7,2018-08,Dorset Police,Dorset Police,-1.872134,50.807341,On or near Bolton Crescent,E01020394,East Dorset 008E,Violence and sexual offences,Unable to prosecute suspect,
e1b3f9b0f22c4262a0af1f115bc92d75e0f1f24f341530f8625edfbd79d3877e,2018-08,Dorset Police,Dorset Police,-1.877054,50.809325,On or near Ameys Lane,E01020394,East Dorset 008E,Violence and sexual offences,Status update unavailable,
6fbd82ce85ec7e29cc0c8287923ce739f410fa5c2a1f5a350b4a2d9018e884ab,2018-08,Dorset Police,Dorset Police,-1.872134,50.807341,On or near Bolton Crescent,E01020394,East Dorset 008E,Violence and sexual offences,Unable to prosecute suspect,
,2018-08,Dorset Police,Dorset Police,-1.902871,50.808837,On or near Coppice Avenue,E01020375,East Dorset 009A,Anti-social behaviour,,
d6b49711686e948ce138baeb58528f13bf7305a1b73ac0f021514f0fb3fe2915,2018-08,Dorset Police,Dorset Police,-1.907402,50.806961,On or near Petrol Station,E01020375,East Dorset 009A,Criminal damage and arson,Investigation complete; no suspect identified,
7479fe9820d8f598e9248ebf29703cfb30e59cb23ef8784158fb40d01b1638f9,2018-08,Dorset Police,Dorset Police,-1.907833,50.811511,On or near Curlew Close,E01020375,East Dorset 009A,Drugs,Offender given a caution,
f924778844fe6fa423f5b2089ba5616bdfd2fc4dafd33090d651756b112f9b62,2018-08,Dorset Police,Dorset Police,-1.905902,50.812265,On or near Hilltop Close,E01020375,East Dorset 009A,Violence and sexual offences,Unable to prosecute suspect,
9c9a55502fc03bab1fc3006d09b5da6447a9d403e07b6c3db9201f659a6f059c,2018-08,Dorset Police,Dorset Police,-1.905902,50.812265,On or near Hilltop Close,E01020375,East Dorset 009A,Violence and sexual offences,Offender given a caution,
68c3aaf1f79cc5e3c5dec208b705c9c1e38724aaea7939302f42b8c1c876e25a,2018-08,Dorset Police,Dorset Police,-1.907833,50.811511,On or near Curlew Close,E01020375,East Dorset 009A,Violence and sexual offences,Unable to prosecute suspect,
,2018-08,Dorset Police,Dorset Police,-1.946377,50.803550,On or near Freemans Lane,E01020378,East Dorset 009C,Anti-social behaviour,,
43b9bdd6d8d843d175ebd393306ca6f196713de3f109c4d31c272e80d975ce30,2018-08,Dorset Police,Dorset Police,-1.944347,50.804332,On or near Lawns Close,E01020378,East Dorset 009C,Burglary,Investigation complete; no suspect identified,
d28e6092de5c97708933953c54556d9ccaf93b8392e8d5e3e22d6b84866148e8,2018-08,Dorset Police,Dorset Police,-1.941509,50.804222,On or near Fryer'S Copse,E01020378,East Dorset 009C,Criminal damage and arson,Unable to prosecute suspect,
9179febff76ba15e554265cb90c23abeb37b7b7fa21abc4696d40f50d6908b99,2018-08,Dorset Police,Dorset Police,-1.948803,50.805008,On or near Sunnybank Way,E01020378,East Dorset 009C,Criminal damage and arson,Investigation complete; no suspect identified,
91e20e273f8fb9cf3ffb8f10093b37c086db061d04ece96fa682be8d6f29610f,2018-08,Dorset Police,Dorset Police,-1.941509,50.804222,On or near Fryer'S Copse,E01020378,East Dorset 009C,Criminal damage and arson,Unable to prosecute suspect,
48bef2f94220979b4e260d92166ddcaebf86f4b56cf83ac5d7187e079a93857d,2018-08,Dorset Police,Dorset Police,-1.941509,50.804222,On or near Fryer'S Copse,E01020378,East Dorset 009C,Other theft,Investigation complete; no suspect identified,
3bc0ad88b5f370d5a0f52b6043d442c383019dee120865e2d29e0693b58d0945,2018-08,Dorset Police,Dorset Police,-1.941509,50.804222,On or near Fryer'S Copse,E01020378,East Dorset 009C,Public order,Unable to prosecute suspect,
231f306a4436ba55e57fc9bb682b5d7532edd7c3b309f81341ec9d637f104efe,2018-08,Dorset Police,Dorset Police,-1.948289,50.807238,On or near Farriers Close,E01020378,East Dorset 009C,Public order,Unable to prosecute suspect,
e24b05807eaae55a513f3e34d583a42c62a01cff416582a091d5ed83a7d50439,2018-08,Dorset Police,Dorset Police,-1.954820,50.804489,On or near Hayeswood Road,E01020378,East Dorset 009C,Violence and sexual offences,Local resolution,
56452af38f6baeffc6d301069bd8c30a5315695776d97017a6e23557239d9367,2018-08,Dorset Police,Dorset Police,-1.941509,50.804222,On or near Fryer'S Copse,E01020378,East Dorset 009C,Violence and sexual offences,Unable to prosecute suspect,
,2018-08,Dorset Police,Dorset Police,-1.948454,50.798893,On or near Fernway Close,E01020407,East Dorset 009D,Anti-social behaviour,,
,2018-08,Dorset Police,Dorset Police,-1.951688,50.800900,On or near Cedar Drive,E01020407,East Dorset 009D,Anti-social behaviour,,
114cdafe7c64d29f741bc32cd3b16b2c06361d50b3b1f13b26ab484f7afe10e8,2018-08,Dorset Police,Dorset Police,-1.941910,50.800967,On or near Henbest Close,E01020407,East Dorset 009D,Burglary,Investigation complete; no suspect identified,
fe465f84cde2a716ba7db166e73cab2738a09418445a0d36906a4ff82e1741ba,2018-08,Dorset Police,Dorset Police,-1.950625,50.799173,On or near Petrol Station,E01020407,East Dorset 009D,Other theft,Investigation complete; no suspect identified,
,2018-08,Dorset Police,Dorset Police,-1.897421,50.802438,On or near Old School Close,E01020408,East Dorset 009E,Anti-social behaviour,,
,2018-08,Dorset Police,Dorset Police,-1.916394,50.810367,On or near Whittle Road,E01020408,East Dorset 009E,Anti-social behaviour,,
,2018-08,Dorset Police,Dorset Police,-1.903931,50.804404,On or near Sports/Recreation Area,E01020408,East Dorset 009E,Anti-social behaviour,,
d29e6c3bca8c1045cdd1492bbbc9113ae85e07677703d32b3876a8dc21d2c844,2018-08,Dorset Police,Dorset Police,-1.921561,50.809777,On or near Nimrod Way,E01020408,East Dorset 009E,Burglary,Investigation complete; no suspect identified,
45b4cb9b57586bdc4cc3f575163859dc768269ee5528b1593868635791cb20ed,2018-08,Dorset Police,Dorset Police,-1.897421,50.802438,On or near Old School Close,E01020408,East Dorset 009E,Burglary,Investigation complete; no suspect identified,
3389b0d5520c7765d99b7ee83defc9c91dcfbdc910a3de7789e26acad3517e5e,2018-08,Dorset Police,Dorset Police,-1.921887,50.801513,On or near Keepers Lane,E01020408,East Dorset 009E,Burglary,Investigation complete; no suspect identified,
85959ddc96fdb8d62c2bde7ef62a66b541febaf298a403ca72a5a31eb3fe5157,2018-08,Dorset Police,Dorset Police,-1.921561,50.809777,On or near Nimrod Way,E01020408,East Dorset 009E,Burglary,Investigation complete; no suspect identified,
1449e7fee55e4f565acb388976168310f55d894aeabda8e39ab8f076897c95d3,2018-08,Dorset Police,Dorset Police,-1.901258,50.806731,On or near Stanfield Road,E01020408,East Dorset 009E,Criminal damage and arson,Investigation complete; no suspect identified,
2a3ac17a4dd6d452574995f918c1ad0219e8f115ff210de7896fc681853df0c8,2018-08,Dorset Police,Dorset Police,-1.914520,50.810950,On or near Haviland Road,E01020408,East Dorset 009E,Other theft,Unable to prosecute suspect,
5033b12b1c6fede2876a3d6cccb1e5277d0f045e56eac08d93c14acaca8d523a,2018-08,Dorset Police,Dorset Police,-1.914520,50.810950,On or near Haviland Road,E01020408,East Dorset 009E,Other theft,Unable to prosecute suspect,
225970efde4d8a13901ba91b3e5caca5c6f31e2ec1804960fae137fd9c68b488,2018-08,Dorset Police,Dorset Police,-1.921561,50.809777,On or near Nimrod Way,E01020408,East Dorset 009E,Other theft,Unable to prosecute suspect,
11e52d97ebf5a3a85ed1fb086584c39c157963cb373273f174d4cc46b5cb4515,2018-08,Dorset Police,Dorset Police,-1.914814,50.805213,On or near Forest View Drive,E01020408,East Dorset 009E,Public order,Formal action is not in the public interest,
fda19f5e4034636941dd75a18a4e66b020003d86e406b1e693af46acce83d795,2018-08,Dorset Police,Dorset Police,-1.927728,50.805249,On or near Chestnut Grove,E01020408,East Dorset 009E,Shoplifting,Unable to prosecute suspect,
3a11b5ddbf75397f1e68960ac56315c86f19ab91774a4c8e1f7e7933df944eff,2018-08,Dorset Police,Dorset Police,-1.912246,50.812243,On or near Johnson Road,E01020408,East Dorset 009E,Vehicle crime,Investigation complete; no suspect identified,
261331aad9550ace5c1ceb158ed65dd5ed877c5b0008da65d3f7882775270976,2018-08,Dorset Police,Dorset Police,-1.897421,50.802438,On or near Old School Close,E01020408,East Dorset 009E,Violence and sexual offences,Unable to prosecute suspect,
,2018-08,Dorset Police,Dorset Police,-1.980450,50.802967,On or near Beaufort Drive,E01020426,East Dorset 010A,Anti-social behaviour,,
36b8dfd607f478656cdfd8ae93f499dfc744258c2ddd76ba70bb6db63d3b392e,2018-08,Dorset Police,Dorset Police,-1.972988,50.798838,On or near Old Manor Close,E01020426,East Dorset 010A,Other theft,Investigation complete; no suspect identified,
6f23adf7b5d81c459f19d8acaf9e1bf53e5b9149ed4039eaa0453e7345a6efed,2018-08,Dorset Police,Dorset Police,-1.972988,50.798838,On or near Old Manor Close,E01020426,East Dorset 010A,Violence and sexual offences,Unable to prosecute suspect,
136ef700d7c8b46dbcd12e032ce461f8738011cc485ffeba1d2d9d646a0f7de4,2018-08,Dorset Police,Dorset Police,-1.983246,50.801664,On or near Greenhays Rise,E01020426,East Dorset 010A,Violence and sexual offences,Offender fined,
2b0c74bf1f8052a9cff6e59661d54281b03dbbea6c9d2738a8229489fd1df19f,2018-08,Dorset Police,Dorset Police,-1.983246,50.801664,On or near Greenhays Rise,E01020426,East Dorset 010A,Violence and sexual offences,Unable to prosecute suspect,
584f384380f1cc22ab145d4aac8036295b3869a7e63d731031bb783d0dd951f8,2018-08,Dorset Police,Dorset Police,-1.978181,50.799685,On or near St John'S Hill,E01020426,East Dorset 010A,Violence and sexual offences,Unable to prosecute suspect,
762ada94c990c415b31b0bda3b101d4fa3b0ecd8aa7e869276dc2463d1eb5f59,2018-08,Dorset Police,Dorset Police,-1.972988,50.798838,On or near Old Manor Close,E01020426,East Dorset 010A,Violence and sexual offences,Unable to prosecute suspect,
,2018-08,Dorset Police,Dorset Police,-1.974310,50.795457,On or near Charles Keightley Court,E01020427,East Dorset 010B,Anti-social behaviour,,
,2018-08,Dorset Police,Dorset Police,-1.973826,50.796734,On or near Day'S Court,E01020427,East Dorset 010B,Anti-social behaviour,,
,2018-08,Dorset Police,Dorset Police,-1.969711,50.798262,On or near Leigh Close,E01020427,East Dorset 010B,Anti-social behaviour,,
,2018-08,Dorset Police,Dorset Police,-1.974310,50.795457,On or near Charles Keightley Court,E01020427,East Dorset 010B,Anti-social behaviour,,
,2018-08,Dorset Police,Dorset Police,-1.974310,50.795457,On or near Charles Keightley Court,E01020427,East Dorset 010B,Anti-social behaviour,,
59e511757e828b94157299b0f887751ad1e2af8ebc206c74938b8e0a3da2da37,2018-08,Dorset Police,Dorset Police,-1.973458,50.795214,On or near Hardy Crescent,E01020427,East Dorset 010B,Bicycle theft,Investigation complete; no suspect identified,
7074f58ef822ad7ad88468d795fe1bb4a786eef31f3e90a45bc6cd1a20195963,2018-08,Dorset Police,Dorset Police,-1.973826,50.796734,On or near Day'S Court,E01020427,East Dorset 010B,Bicycle theft,Unable to prosecute suspect,
fa56c2af07117828ce4a54a064e1fe49726f13817836af8ab8478ebf5d1cadb9,2018-08,Dorset Police,Dorset Police,-1.973458,50.795214,On or near Hardy Crescent,E01020427,East Dorset 010B,Burglary,Investigation complete; no suspect identified,
bf1a91a7e2fc24ecc4730725dff846fdf0474ab27d38be9026ac31bac72431c0,2018-08,Dorset Police,Dorset Police,-1.973826,50.796734,On or near Day'S Court,E01020427,East Dorset 010B,Burglary,Investigation complete; no suspect identified,
7201619a35807f015faa8c45d7c4eabc6584c42dfa8cbc2baa1364c7e76fe8e1,2018-08,Dorset Police,Dorset Police,-1.973826,50.796734,On or near Day'S Court,E01020427,East Dorset 010B,Criminal damage and arson,Local resolution,
0cea750b8ac5b83c23f58e78641b3b777a5d8bd36ae48ffba0b4dfde4794e9d6,2018-08,Dorset Police,Dorset Police,-1.973826,50.796734,On or near Day'S Court,E01020427,East Dorset 010B,Criminal damage and arson,Investigation complete; no suspect identified,
f22e4787354e4668973158c38a0a4a4ed177d5b8c039e9901880f35b970d173f,2018-08,Dorset Police,Dorset Police,-1.974310,50.795457,On or near Charles Keightley Court,E01020427,East Dorset 010B,Criminal damage and arson,Unable to prosecute suspect,
34d2be1feb32c189a814e2ae1e87103dbfc11e36348c73cb03441cbedbc0f76f,2018-08,Dorset Police,Dorset Police,-1.973826,50.796734,On or near Day'S Court,E01020427,East Dorset 010B,Violence and sexual offences,Unable to prosecute suspect,
829db186cafac356006f5bf15745bdfc1301704ed497385380e0f4fb2098df0e,2018-08,Dorset Police,Dorset Police,-1.975855,50.798362,On or near Welland Road,E01020427,East Dorset 010B,Violence and sexual offences,Unable to prosecute suspect,
c4b60c5cbbd4bacc08c0f11309c199528425e0329ed7161ddbc0eeb3d7a838a3,2018-08,Dorset Police,Dorset Police,-1.973458,50.795214,On or near Hardy Crescent,E01020427,East Dorset 010B,Violence and sexual offences,Unable to prosecute suspect,
88d08b14e7c39088749319dca0f57be3c41fb1baa1fa4cf75532588bf1b11411,2018-08,Dorset Police,Dorset Police,-1.973458,50.795214,On or near Hardy Crescent,E01020427,East Dorset 010B,Violence and sexual offences,Unable to prosecute suspect,
27afb2844d57da778ed72044e4b8509fe19b913062baffa8d9e1ab18e3dd7930,2018-08,Dorset Police,Dorset Police,-1.967951,50.798738,On or near Leigh Road,E01020427,East Dorset 010B,Violence and sexual offences,Unable to prosecute suspect,
1bdbc6c429fe5248ec6938dbf23bdd2c1410893ec342ec28acdb27a84299c25c,2018-08,Dorset Police,Dorset Police,-1.973458,50.795214,On or near Hardy Crescent,E01020427,East Dorset 010B,Violence and sexual offences,Unable to prosecute suspect,
1571160ac5a4c08a4705e01c3cbc8250fe63e67084cb8fc3523f9903c00ef3b3,2018-08,Dorset Police,Dorset Police,-1.973826,50.796734,On or near Day'S Court,E01020427,East Dorset 010B,Violence and sexual offences,Unable to prosecute suspect,
,2018-08,Dorset Police,Dorset Police,-1.990851,50.805549,On or near Walford Gardens,E01020428,East Dorset 010C,Anti-social behaviour,,
,2018-08,Dorset Police,Dorset Police,-1.991704,50.799695,On or near Parking Area,E01020428,East Dorset 010C,Anti-social behaviour,,
,2018-08,Dorset Police,Dorset Police,-1.987490,50.799173,On or near High Street,E01020428,East Dorset 010C,Anti-social behaviour,,
,2018-08,Dorset Police,Dorset Police,-1.984127,50.797824,On or near Shopping Area,E01020428,East Dorset 010C,Anti-social behaviour,,
,2018-08,Dorset Police,Dorset Police,-1.991718,50.802321,On or near Sports/Recreation Area,E01020428,East Dorset 010C,Anti-social behaviour,,
,2018-08,Dorset Police,Dorset Police,-1.986993,50.800108,On or near Mill Lane,E01020428,East Dorset 010C,Anti-social behaviour,,
,2018-08,Dorset Police,Dorset Police,-1.990866,50.805190,On or near Farmers Walk,E01020428,East Dorset 010C,Anti-social behaviour,,
,2018-08,Dorset Police,Dorset Police,-1.992796,50.804470,On or near Culverhayes Road,E01020428,East Dorset 010C,Anti-social behaviour,,
,2018-08,Dorset Police,Dorset Police,-1.987262,50.802563,On or near East Borough,E01020428,East Dorset 010C,Anti-social behaviour,,
,2018-08,Dorset Police,Dorset Police,-1.984141,50.799209,On or near Sports/Recreation Area,E01020428,East Dorset 010C,Anti-social behaviour,,
,2018-08,Dorset Police,Dorset Police,-1.987490,50.799173,On or near High Street,E01020428,East Dorset 010C,Anti-social behaviour,,
,2018-08,Dorset Police,Dorset Police,-1.991718,50.802321,On or near Sports/Recreation Area,E01020428,East Dorset 010C,Anti-social behaviour,,
,2018-08,Dorset Police,Dorset Police,-1.986666,50.802015,On or near Allen Court,E01020428,East Dorset 010C,Anti-social behaviour,,
,2018-08,Dorset Police,Dorset Police,-1.989844,50.802456,On or near School Lane,E01020428,East Dorset 010C,Anti-social behaviour,,
,2018-08,Dorset Police,Dorset Police,-1.992555,50.799542,On or near Parking Area,E01020428,East Dorset 010C,Anti-social behaviour,,
,2018-08,Dorset Police,Dorset Police,-1.991718,50.802321,On or near Sports/Recreation Area,E01020428,East Dorset 010C,Anti-social behaviour,,
,2018-08,Dorset Police,Dorset Police,-1.992612,50.803481,On or near Cemetery Road,E01020428,East Dorset 010C,Anti-social behaviour,,
46be13a61fb4157b6ba00c9798fcea2de554c9ad78d862a41d7474eaf28ccae6,2018-08,Dorset Police,Dorset Police,-1.984141,50.799209,On or near Sports/Recreation Area,E01020428,East Dorset 010C,Criminal damage and arson,Investigation complete; no suspect identified,
95b0b9fd024047c938a594a58b861289f3a455b3541f932b19b2e73128f13641,2018-08,Dorset Police,Dorset Police,-1.989816,50.803859,On or near Blind Lane,E01020428,East Dorset 010C,Criminal damage and arson,Offender given community sentence,
f457dfc3d17864edc770bd7044949c1a21268ce4fb061641ae1f05f2a9f015bd,2018-08,Dorset Police,Dorset Police,-1.991704,50.799695,On or near Parking Area,E01020428,East Dorset 010C,Criminal damage and arson,Further investigation is not in the public interest,
dbc2e76ad29aba5e553cbf2f1494a612d8a10a4c2d665e35f78367aecdae0f48,2018-08,Dorset Police,Dorset Police,-1.989816,50.803859,On or near Blind Lane,E01020428,East Dorset 010C,Criminal damage and arson,Unable to prosecute suspect,
2a0a58c604022c31a644dd941d356cc92477e41b67a2911a033f8730cbce78cf,2018-08,Dorset Police,Dorset Police,-1.986993,50.800108,On or near Mill Lane,E01020428,East Dorset 010C,Criminal damage and arson,Investigation complete; no suspect identified,
b840f27c5107642883b3a9060d822efae1af759a94aa3ae81e4b1a4d1db9064c,2018-08,Dorset Police,Dorset Police,-1.993478,50.798985,On or near Julian'S Road,E01020428,East Dorset 010C,Criminal damage and arson,Unable to prosecute suspect,
f45fbe45e48f956741dc83dffb08c4a06b6afbe6dbb5f1b477c1937e8df63c28,2018-08,Dorset Police,Dorset Police,-1.989107,50.799479,On or near West Row,E01020428,East Dorset 010C,Criminal damage and arson,Investigation complete; no suspect identified,
434254bd0617a69d5f972050d9bad7420308b1ac2333b6261df336ad979dee0f,2018-08,Dorset Police,Dorset Police,-1.992555,50.799542,On or near Parking Area,E01020428,East Dorset 010C,Criminal damage and arson,Unable to prosecute suspect,
0c7b63d94954b068abcc8c02b9ece99f276976480f528c3ac74d249b97491da6,2018-08,Dorset Police,Dorset Police,-1.985815,50.799812,On or near Parking Area,E01020428,East Dorset 010C,Other theft,Investigation complete; no suspect identified,
218c578fdcf474a11b42e0166f415ff316844b9f9cd4005e80d77667aa495dec,2018-08,Dorset Police,Dorset Police,-1.986993,50.800108,On or near Mill Lane,E01020428,East Dorset 010C,Other theft,Unable to prosecute suspect,
732b7fa6573082910384101958668ce32b7ebdba732bb6e1d1ca82a69a7c7300,2018-08,Dorset Police,Dorset Police,-1.985688,50.798535,On or near Nightclub,E01020428,East Dorset 010C,Other theft,Investigation complete; no suspect identified,
ee53e4efce723cfc857a985998f8cf9d8e0ed04dcca05f95336d0adc9aca3633,2018-08,Dorset Police,Dorset Police,-1.985815,50.799812,On or near Parking Area,E01020428,East Dorset 010C,Other theft,Investigation complete; no suspect identified,
867a029cf48562eab2594d1d564c8911832a12290ac1acfc762b88a48e407b1b,2018-08,Dorset Police,Dorset Police,-1.986993,50.800108,On or near Mill Lane,E01020428,East Dorset 010C,Public order,Unable to prosecute suspect,
173d89f345b94328f3198b90a0ffa853416386dcbcc4ef1a08aeaee9969f8f62,2018-08,Dorset Police,Dorset Police,-1.989816,50.803859,On or near Blind Lane,E01020428,East Dorset 010C,Public order,Unable to prosecute suspect,
9b571db8f3735875a4a15d19cd566d4a7b3d0e565547168eef3eebea5fefad2d,2018-08,Dorset Police,Dorset Police,-1.991704,50.799695,On or near Parking Area,E01020428,East Dorset 010C,Public order,Status update unavailable,
50abd07186daca14bd9c15789fb59ef5931fc3cf015013094f00533fe44eb495,2018-08,Dorset Police,Dorset Police,-1.991704,50.799695,On or near Parking Area,E01020428,East Dorset 010C,Public order,Investigation complete; no suspect identified,
6b27780e0dc79452ca4abcfb22d6dc3eb33c771f7a0fffbb44c20942db2fea5f,2018-08,Dorset Police,Dorset Police,-1.986142,50.798031,On or near Millstream Close,E01020428,East Dorset 010C,Public order,Further investigation is not in the public interest,
5d7ee30e1b4b4d050ac9036a119c7ed9ae0bd16ca329e5d5362d56df94c14c6f,2018-08,Dorset Police,Dorset Police,-1.985106,50.798606,On or near Parking Area,E01020428,East Dorset 010C,Vehicle crime,Court result unavailable,
1353f366e796a3c895a455934f05fdde486084aa2ed55cfbdb86fe71da3c6382,2018-08,Dorset Police,Dorset Police,-1.989348,50.800738,On or near Redcotts Lane,E01020428,East Dorset 010C,Vehicle crime,Investigation complete; no suspect identified,
511a6ccaecc4ecdb3bbd30a245bf38eaabaf846b5d7e0804b388e8b85ec70809,2018-08,Dorset Police,Dorset Police,-1.993279,50.802384,On or near Redcotts Road,E01020428,East Dorset 010C,Violence and sexual offences,Unable to prosecute suspect,
da8f3f8a720019c0ee852853eda63efb679c8afd91337554d3261d4f111d11cb,2018-08,Dorset Police,Dorset Police,-1.991718,50.802321,On or near Sports/Recreation Area,E01020428,East Dorset 010C,Violence and sexual offences,Unable to prosecute suspect,
6890289877dcfb6aee62cf2b3b8d57614ce734d1ecfda68117bc6c3a7ed342f7,2018-08,Dorset Police,Dorset Police,-1.990851,50.805549,On or near Walford Gardens,E01020428,East Dorset 010C,Violence and sexual offences,Formal action is not in the public interest,
8f7fe9cfc4a35be1063df5c9ffbe887cb355ef69196ac4d8e1c20afe89bb26c7,2018-08,Dorset Police,Dorset Police,-1.993279,50.802384,On or near Redcotts Road,E01020428,East Dorset 010C,Violence and sexual offences,Unable to prosecute suspect,
ea54731533ffb46a7d301ba1a8e96828a22c273afa85f519f864d09a98afae5d,2018-08,Dorset Police,Dorset Police,-1.986993,50.800108,On or near Mill Lane,E01020428,East Dorset 010C,Violence and sexual offences,Unable to prosecute suspect,
d27861074394aa6906aa67f6b63ac2c089fcd6758a304ffe9c5a83269cafcf54,2018-08,Dorset Police,Dorset Police,-1.985106,50.798606,On or near Parking Area,E01020428,East Dorset 010C,Violence and sexual offences,Status update unavailable,
3ac5a048efed40600cc578cc118fdc724aad7500da9d6692a83c6cbf3a94e011,2018-08,Dorset Police,Dorset Police,-1.985106,50.798606,On or near Parking Area,E01020428,East Dorset 010C,Violence and sexual offences,Status update unavailable,
b3e1c583756fadf989ac0645d8fb38f6f7d98ccb56b5c84b5d1b187f687e37a2,2018-08,Dorset Police,Dorset Police,-1.991704,50.799695,On or near Parking Area,E01020428,East Dorset 010C,Violence and sexual offences,Investigation complete; no suspect identified,
5c09d7fd04ac01c1dcb236460c8b7deaded667786485d779ab425508eefe4254,2018-08,Dorset Police,Dorset Police,-1.986666,50.802015,On or near Allen Court,E01020428,East Dorset 010C,Violence and sexual offences,Status update unavailable,
5e9676c23252a472a50081d2adcff2c3c7e4759777a883c3f58f2e4d4f9a2807,2018-08,Dorset Police,Dorset Police,-1.993279,50.802384,On or near Redcotts Road,E01020428,East Dorset 010C,Violence and sexual offences,Unable to prosecute suspect,
,2018-08,Dorset Police,Dorset Police,-1.976864,50.795467,On or near Station Terrace,E01020429,East Dorset 010D,Anti-social behaviour,,
,2018-08,Dorset Police,Dorset Police,-1.981120,50.794784,On or near Poole Road,E01020429,East Dorset 010D,Anti-social behaviour,,
,2018-08,Dorset Police,Dorset Police,-1.978779,50.794604,On or near Eden Grove,E01020429,East Dorset 010D,Anti-social behaviour,,
0d6ff824174f25c0a9e2037a66e43f043af01875a3b34fef60fba2c8123ee930,2018-08,Dorset Police,Dorset Police,-1.978779,50.794604,On or near Eden Grove,E01020429,East Dorset 010D,Burglary,Investigation complete; no suspect identified,
9839fff3c5e84fc1129ef1938c035a9c5d4199a359e501fd865bf9596515f556,2018-08,Dorset Police,Dorset Police,-1.981120,50.794784,On or near Poole Road,E01020429,East Dorset 010D,Criminal damage and arson,Unable to prosecute suspect,
e1668b5d8e74e725e409b5d412342c89aedfeead8f23f5e476745be7ad43fb93,2018-08,Dorset Police,Dorset Police,-1.979077,50.794955,On or near New Borough Road,E01020429,East Dorset 010D,Criminal damage and arson,Unable to prosecute suspect,
2a53a8caa8ee23378ae9d9027d7c0f1678675cfa19c6f112db625b5b5760947c,2018-08,Dorset Police,Dorset Police,-1.979020,50.795935,On or near Osborne Road,E01020429,East Dorset 010D,Other theft,Status update unavailable,
1b88c4cbf3552355edea2f5276a51a886f874db814ad4fff7b569cc03b094611,2018-08,Dorset Police,Dorset Police,-1.978877,50.797401,On or near St John'S Close,E01020429,East Dorset 010D,Shoplifting,Offender given a caution,
1927e0de560dd4680a68007c8e1f7a9f34dec6e20b517946bfe9950c24530d57,2018-08,Dorset Police,Dorset Police,-1.978877,50.797401,On or near St John'S Close,E01020429,East Dorset 010D,Shoplifting,Offender given a caution,
d6a46216f95b3f951a57311fd9a6d5439e68040fb9e87913c592cf7de0ae5673,2018-08,Dorset Police,Dorset Police,-1.976977,50.796357,On or near Ingram Walk,E01020429,East Dorset 010D,Vehicle crime,Investigation complete; no suspect identified,
025670c435d152338fdb2ca29dc5aa788bfda0b81b10aa5d7e3797b538bf141f,2018-08,Dorset Police,Dorset Police,-1.981233,50.796457,On or near St Catherines,E01020429,East Dorset 010D,Violence and sexual offences,Investigation complete; no suspect identified,
701301d6e294795567b1b7b19573b74165da7b428da5caa6f9427845f9da670d,2018-08,Dorset Police,Dorset Police,-1.976396,50.793632,On or near Newmans Close,E01020429,East Dorset 010D,Violence and sexual offences,Unable to prosecute suspect,
6d27ebf764780c89b22957282a967e981e7dbbece6d3433c41a8de7e4b735f1f,2018-08,Dorset Police,Dorset Police,-1.976864,50.795467,On or near Station Terrace,E01020429,East Dorset 010D,Violence and sexual offences,Unable to prosecute suspect,
,2018-08,Dorset Police,Dorset Police,-1.892487,50.794269,On or near Dorset Avenue,E01020395,East Dorset 011A,Anti-social behaviour,,
46663640cb077dee9bdc7def8fa70cddd6e14ad65a99d9fe59319cc8d3bce8e7,2018-08,Dorset Police,Dorset Police,-1.882826,50.799808,On or near Golf Links Road,E01020395,East Dorset 011A,Vehicle crime,Unable to prosecute suspect,
11b40870c2674761aeacea3f5f12de3017e6c34ff2ba52af1616a7334a007814,2018-08,Dorset Police,Dorset Police,-1.892487,50.794269,On or near Dorset Avenue,E01020395,East Dorset 011A,Violence and sexual offences,Further investigation is not in the public interest,
,2018-08,Dorset Police,Dorset Police,-1.906941,50.788930,On or near Pompeys Lane,E01020399,East Dorset 011B,Anti-social behaviour,,
,2018-08,Dorset Police,Dorset Police,-1.904993,50.791474,On or near Angel Lane,E01020399,East Dorset 011B,Anti-social behaviour,,
,2018-08,Dorset Police,Dorset Police,-1.907412,50.787726,On or near Sports/Recreation Area,E01020399,East Dorset 011B,Anti-social behaviour,,
09a49eff4ecc4fd3ed0627099c893d2b9e496d2986617f3b969d137cbf5ee116,2018-08,Dorset Police,Dorset Police,-1.899945,50.790256,On or near Casterbridge Road,E01020399,East Dorset 011B,Burglary,Investigation complete; no suspect identified,
1bb8a4c20882c74d87c423f34af808c766ece42d7264597076d7dc6a23084c43,2018-08,Dorset Police,Dorset Police,-1.899721,50.795300,On or near Clifton Gardens,E01020399,East Dorset 011B,Criminal damage and arson,Unable to prosecute suspect,
fe0a859c164a402ea7b5ee73cd938ef7ddb14c5417936818912c6b23bf2df490,2018-08,Dorset Police,Dorset Police,-1.899319,50.791055,On or near St Cleeve Way,E01020399,East Dorset 011B,Other theft,Unable to prosecute suspect,
55fed3343bee247be34f4fea6cad5396c02374b73b78146251a6e963e32f4aea,2018-08,Dorset Police,Dorset Police,-1.911781,50.787981,On or near High Mead,E01020399,East Dorset 011B,Other theft,Unable to prosecute suspect,
ae456a65c43c2e191fc8af8d39bf104fcd47d622c26c23be9b97e1dc2f0fc995,2018-08,Dorset Police,Dorset Police,-1.907412,50.787726,On or near Sports/Recreation Area,E01020399,East Dorset 011B,Vehicle crime,Unable to prosecute suspect,
05fdee88b78ccd19c8cd22b4cefc1e774c04ab1cfcc1a44522f8665f4115c694,2018-08,Dorset Police,Dorset Police,-1.899356,50.793609,On or near Heath Farm Way,E01020399,East Dorset 011B,Violence and sexual offences,Investigation complete; no suspect identified,
f7a100f5756b11fbcbb0064fbc55cbe72d9fc2075c6a6f82c3a32f8056dfc807,2018-08,Dorset Police,Dorset Police,-1.899721,50.795300,On or near Clifton Gardens,E01020399,East Dorset 011B,Violence and sexual offences,Local resolution,
d8da68742c041194ea15df2bb7769df35ea352d7fb77da86f5f465ce98a1677c,2018-08,Dorset Police,Dorset Police,-1.911390,50.784528,On or near Green Lane,E01020399,East Dorset 011B,Violence and sexual offences,Investigation complete; no suspect identified,
b28446be32891e8d521fcc37c64184df0cc2f4b6bf351cb90da8a77d0b4b2b53,2018-08,Dorset Police,Dorset Police,-1.907566,50.781449,On or near Longham Farm Close,E01020399,East Dorset 011B,Violence and sexual offences,Unable to prosecute suspect,
fc1aa2aa300425d7a2bd5ffb4a7372863578894d140a187f362ec80a0ec23334,2018-08,Dorset Police,Dorset Police,-1.899721,50.795300,On or near Clifton Gardens,E01020399,East Dorset 011B,Violence and sexual offences,Unable to prosecute suspect,
,2018-08,Dorset Police,Dorset Police,-1.882177,50.781175,On or near Supermarket,E01020400,East Dorset 011C,Anti-social behaviour,,
,2018-08,Dorset Police,Dorset Police,-1.884365,50.779738,On or near Ridgeway,E01020400,East Dorset 011C,Anti-social behaviour,,
715c500b857c6a1efb4f1795c59bfeb0b121194ae87ee1d4536bc481eaf5d92c,2018-08,Dorset Police,Dorset Police,-1.882400,50.782784,On or near Dene Walk,E01020400,East Dorset 011C,Burglary,Investigation complete; no suspect identified,
d7cd2690eb508a773e35656d167b3e253631c7e9665a9c52cd4cbd6acb56533a,2018-08,Dorset Police,Dorset Police,-1.867910,50.785575,On or near Barrack Road,E01020400,East Dorset 011C,Burglary,Investigation complete; no suspect identified,
5d1760ef3506bc6117d2007f257d91afcb1973ddff69dd33a866b7ccdd764ded,2018-08,Dorset Police,Dorset Police,-1.882177,50.781175,On or near Supermarket,E01020400,East Dorset 011C,Public order,Defendant found not guilty,
8e65f7788853708be77aecef3a7150a2d318af55c772864ac2db8d6e4ffe860d,2018-08,Dorset Police,Dorset Police,-1.878090,50.776557,On or near Church Lane,E01020400,East Dorset 011C,Vehicle crime,Investigation complete; no suspect identified,
bdb46d1338cb892059613aef352c25ac3a8d939ed8bc931ad01d7889ecbf6dcf,2018-08,Dorset Police,Dorset Police,-1.867910,50.785575,On or near Barrack Road,E01020400,East Dorset 011C,Violence and sexual offences,Unable to prosecute suspect,
c59b96049a33e1827baae1c489a8b2bc9f3420db981b830f679e6f8eb440c366,2018-08,Dorset Police,Dorset Police,-1.878921,50.789570,On or near Lone Pine Way,E01020401,East Dorset 011D,Other theft,Investigation complete; no suspect identified,
ef58e9a0fe469a4af386176f4c43b4691daffea1c55ec928493c2ec42e50abfb,2018-08,Dorset Police,Dorset Police,-1.883209,50.788325,On or near Mag'S Barrow,E01020401,East Dorset 011D,Other theft,Investigation complete; no suspect identified,
343f28fcce704a8abcf63f24435709337a9b21495f3b3f316bb9bcb9043f0bc6,2018-08,Dorset Police,Dorset Police,-1.883209,50.788325,On or near Mag'S Barrow,E01020401,East Dorset 011D,Other theft,Investigation complete; no suspect identified,
c6b707cb385357ff64f686d2c30a6de3f05694bf6185e287e5a8430bf79d06a2,2018-08,Dorset Police,Dorset Police,-1.892334,50.792920,On or near Supermarket,E01020402,East Dorset 011E,Other theft,Investigation complete; no suspect identified,
d690872dafa1d03af4002749308189fc2cc996ec60507fcd80b8038166e32607,2018-08,Dorset Police,Dorset Police,-1.892334,50.792920,On or near Supermarket,E01020402,East Dorset 011E,Shoplifting,Investigation complete; no suspect identified,
e3271df9122c320a4a98ad2f207e42504de90fc58a5a633100e240faa57d93e7,2018-08,Dorset Police,Dorset Police,-1.894590,50.786798,On or near Park/Open Space,E01020402,East Dorset 011E,Violence and sexual offences,Unable to prosecute suspect,
1c3d98f75fca274bf4d53c77f2af05f6f762563fce7482d792692afa49a5bf27,2018-08,Dorset Police,Dorset Police,-2.019319,50.770666,On or near Henbury Rise,E01020382,East Dorset 012A,Violence and sexual offences,Unable to prosecute suspect,
56bbc27fa6609c1edef069fd004cca7133083bd9340e82baa6e181a305315e2f,2018-08,Dorset Police,Dorset Police,-2.020338,50.765171,On or near Blacksmith Close,E01020383,East Dorset 012B,Other theft,Investigation complete; no suspect identified,
d11b36a94a8bf033bb5c045a32d83dc88cc52a95b91b13b818e3ef77d20b73eb,2018-08,Dorset Police,Dorset Police,-2.019176,50.766295,On or near Queen'S Road,E01020383,East Dorset 012B,Shoplifting,Unable to prosecute suspect,
fc2ea686c02a138c5f39723f01a7a964291c8c9d1993f1283841499b6db90676,2018-08,Dorset Police,Dorset Police,-2.021302,50.765216,On or near Supermarket,E01020383,East Dorset 012B,Violence and sexual offences,Offender given a caution,
,2018-08,Dorset Police,Dorset Police,-2.012569,50.771278,On or near Phelipps Road,E01020384,East Dorset 012C,Anti-social behaviour,,
,2018-08,Dorset Police,Dorset Police,-2.013179,50.769740,On or near Rushcombe Way,E01020384,East Dorset 012C,Anti-social behaviour,,
,2018-08,Dorset Police,Dorset Police,-2.016924,50.774308,On or near Supermarket,E01020385,East Dorset 012D,Anti-social behaviour,,
17674268da62b3174ebe5626e350943cdba5da30766f6d9f17451999484c1e87,2018-08,Dorset Police,Dorset Police,-2.016074,50.776934,On or near Petrol Station,E01020385,East Dorset 012D,Other theft,Unable to prosecute suspect,
36f5e060b2d57b8e3bba979ee06da51df765236f3118a36d43ff73ef4580c226,2018-08,Dorset Police,Dorset Police,-2.016074,50.776934,On or near Petrol Station,E01020385,East Dorset 012D,Other theft,Investigation complete; no suspect identified,
c2612331e4ab6bf86a5e3bfb156b44b46f520b395793b8802b897d8ca3638512,2018-08,Dorset Police,Dorset Police,-2.016924,50.774308,On or near Supermarket,E01020385,East Dorset 012D,Other theft,Investigation complete; no suspect identified,
efbb43601fcbafa869f09408c601b5d4a1e86dbf55724530072ad91db740648f,2018-08,Dorset Police,Dorset Police,-2.016924,50.774308,On or near Supermarket,E01020385,East Dorset 012D,Public order,Unable to prosecute suspect,
,2018-08,Dorset Police,Dorset Police,-2.020955,50.781214,On or near Old Rectory Close,E01020386,East Dorset 012E,Anti-social behaviour,,
c73019cc7c6f2176b3439de48448391b56c4117b98993147c1de76f4ace40054,2018-08,Dorset Police,Dorset Police,-2.009283,50.787402,On or near Candys Close,E01020386,East Dorset 012E,Other theft,Unable to prosecute suspect,
71a5efeaede41737f44a8d1bbcf2e19de06c0910949406ad89deca04b21b3840,2018-08,Dorset Police,Dorset Police,-2.007410,50.784687,On or near Pine Road,E01020386,East Dorset 012E,Other theft,Investigation complete; no suspect identified,
22b0ab5763bbcde6c8b755e38b8c993d5cc690455c1c068c8f417dd7f98ed88e,2018-08,Dorset Police,Dorset Police,-2.009283,50.787402,On or near Candys Close,E01020386,East Dorset 012E,Other theft,Unable to prosecute suspect,
1668ae6332e128bdb5fa54ed0a5d99ce222f4def0c7a41658631ddc36e36ba62,2018-08,Dorset Police,Dorset Police,-2.009283,50.787402,On or near Candys Close,E01020386,East Dorset 012E,Other theft,Unable to prosecute suspect,
5b0e27536773762c13f61642d0f7e1940908bac33ea6349f9cc575198a7a5153,2018-08,Dorset Police,Dorset Police,-2.009283,50.787402,On or near Candys Close,E01020386,East Dorset 012E,Other theft,Investigation complete; no suspect identified,
,2018-08,Dorset Police,Dorset Police,-2.029608,50.760223,On or near Kiln Close,E01020388,East Dorset 012G,Anti-social behaviour,,
6953e42d56367d1ef0d2b127616fea1c4fb6949c76b132cbd20d8a2b8105439f,2018-08,Dorset Police,Dorset Police,-2.029608,50.760223,On or near Kiln Close,E01020388,East Dorset 012G,Criminal damage and arson,Unable to prosecute suspect,
d083f3e1695fe70edc000bbc5f708a83318a51e75ce13ac3ced584be815b961f,2018-08,Dorset Police,Dorset Police,-2.029608,50.760223,On or near Kiln Close,E01020388,East Dorset 012G,Criminal damage and arson,Unable to prosecute suspect,
0f8c0d77352671683468abad42e820c0f044509dd3da9ca52ec871689f34ae84,2018-08,Dorset Police,Dorset Police,-2.029608,50.760223,On or near Kiln Close,E01020388,East Dorset 012G,Drugs,Offender given conditional discharge,
751651a98255fec5d1c529ad3f1a234ebc7bf4a9db45253256aa516363b548cc,2018-08,Dorset Police,Dorset Police,-2.032553,50.754116,On or near Beacon Hill Lane,E01020388,East Dorset 012G,Other theft,Investigation complete; no suspect identified,
707c76e819c954df3cecca1654163d1ba9a4be220a4786a4226b77962bb8641d,2018-08,Dorset Police,Dorset Police,-2.023358,50.764307,On or near Terence Road,E01020388,East Dorset 012G,Violence and sexual offences,Unable to prosecute suspect,
501302e6ea9f515d0547c5f4c4fba34f955a2182a85e0b3371e23cea9b2de6fc,2018-08,Dorset Police,Dorset Police,-2.029608,50.760223,On or near Kiln Close,E01020388,East Dorset 012G,Violence and sexual offences,Investigation complete; no suspect identified,
9ab7fb4fe09bb60a28f54bfb32bf238cf2a00de8005d6adc36ef886f836d4af9,2018-08,Dorset Police,Dorset Police,-2.023358,50.764307,On or near Terence Road,E01020388,East Dorset 012G,Violence and sexual offences,Unable to prosecute suspect,
,2018-08,Dorset Police,Dorset Police,-1.797615,50.845940,On or near The Bridges,E01023070,New Forest 012D,Anti-social behaviour,,
,2018-08,Dorset Police,Dorset Police,-1.791802,50.846784,On or near Supermarket,E01023070,New Forest 012D,Anti-social behaviour,,
,2018-08,Dorset Police,Dorset Police,-1.736037,50.781250,On or near Supermarket,E01022995,New Forest 016B,Anti-social behaviour,,
,2018-08,Dorset Police,Dorset Police,-2.264787,51.035310,On or near King John Road,E01020443,North Dorset 001A,Anti-social behaviour,,
,2018-08,Dorset Police,Dorset Police,-2.273720,51.036107,On or near Buckingham Road,E01020443,North Dorset 001A,Anti-social behaviour,,
,2018-08,Dorset Police,Dorset Police,-2.276181,51.042270,On or near Lodbourne Green,E01020443,North Dorset 001A,Anti-social behaviour,,
,2018-08,Dorset Police,Dorset Police,-2.268406,51.032190,On or near The Meadows,E01020443,North Dorset 001A,Anti-social behaviour,,
,2018-08,Dorset Police,Dorset Police,-2.268406,51.032190,On or near The Meadows,E01020443,North Dorset 001A,Anti-social behaviour,,
,2018-08,Dorset Police,Dorset Police,-2.269054,51.033322,On or near Addison Close,E01020443,North Dorset 001A,Anti-social behaviour,,
,2018-08,Dorset Police,Dorset Police,-2.264787,51.035310,On or near King John Road,E01020443,North Dorset 001A,Anti-social behaviour,,
,2018-08,Dorset Police,Dorset Police,-2.272272,51.037352,On or near School Lane,E01020443,North Dorset 001A,Anti-social behaviour,,
,2018-08,Dorset Police,Dorset Police,-2.278968,51.040834,On or near Tomlins Lane,E01020443,North Dorset 001A,Anti-social behaviour,,
,2018-08,Dorset Police,Dorset Police,-2.276373,51.036254,On or near Supermarket,E01020443,North Dorset 001A,Anti-social behaviour,,
,2018-08,Dorset Police,Dorset Police,-2.275026,51.037552,On or near High Street,E01020443,North Dorset 001A,Anti-social behaviour,,
,2018-08,Dorset Police,Dorset Police,-2.276016,51.038458,On or near Parking Area,E01020443,North Dorset 001A,Anti-social behaviour,,
,2018-08,Dorset Police,Dorset Police,-2.276373,51.036254,On or near Supermarket,E01020443,North Dorset 001A,Anti-social behaviour,,
,2018-08,Dorset Police,Dorset Police,-2.270785,51.031843,On or near Meadowcroft,E01020443,North Dorset 001A,Anti-social behaviour,,
,2018-08,Dorset Police,Dorset Police,-2.267034,51.036689,On or near Sports/Recreation Area,E01020443,North Dorset 001A,Anti-social behaviour,,
,2018-08,Dorset Police,Dorset Police,-2.272272,51.037352,On or near School Lane,E01020443,North Dorset 001A,Anti-social behaviour,,
392c4d111e64d524426c039ae62cd9dd5b6bd82d7d39bfe75faf277aa592c579,2018-08,Dorset Police,Dorset Police,-2.267034,51.036689,On or near Sports/Recreation Area,E01020443,North Dorset 001A,Burglary,Investigation complete; no suspect identified,
1c51c235d2e0badc2450ea6bb32a0a811301a5ce7844d0227f6f189766fcddc3,2018-08,Dorset Police,Dorset Police,-2.269101,51.036514,On or near Victoria Road,E01020443,North Dorset 001A,Criminal damage and arson,Investigation complete; no suspect identified,
906e1bc7bb385e9317ebee14c117c86c3a9e8017bc264f6726476c0bc389a4f5,2018-08,Dorset Police,Dorset Police,-2.278189,51.039352,On or near Turners Lane,E01020443,North Dorset 001A,Criminal damage and arson,Investigation complete; no suspect identified,
617674f3c13f9491abe75ee56a5230e9195bbabf83f64a73ae9048bbb1ebf7ed,2018-08,Dorset Police,Dorset Police,-2.277479,51.037564,On or near South Street,E01020443,North Dorset 001A,Criminal damage and arson,Local resolution,
60d9c1aa911fd01ae85abc1363108511fe6b620f9faf94499277652131657022,2018-08,Dorset Police,Dorset Police,-2.273610,51.036863,On or near Supermarket,E01020443,North Dorset 001A,Criminal damage and arson,Investigation complete; no suspect identified,
119b2339ab6b72935a5b8b04d4badb4976639443c28ba7a802d5c630229b31dc,2018-08,Dorset Police,Dorset Police,-2.276373,51.036254,On or near Supermarket,E01020443,North Dorset 001A,Other theft,Investigation complete; no suspect identified,
f48d251ad7069652eeecea25abf571a64226c9bdbe476efd5925b56d4a4f85f0,2018-08,Dorset Police,Dorset Police,-2.273720,51.036107,On or near Buckingham Road,E01020443,North Dorset 001A,Other theft,Local resolution,
1a948c54aec412a1115a46046ef7800168c4af98222e626ef5ba3e3246a37fc9,2018-08,Dorset Police,Dorset Police,-2.276016,51.038458,On or near Parking Area,E01020443,North Dorset 001A,Other theft,Unable to prosecute suspect,
a1eb6c9bd9c14be0227b97cba09489e6190fd8d17b1982da7122dbbdf493f201,2018-08,Dorset Police,Dorset Police,-2.276373,51.036254,On or near Supermarket,E01020443,North Dorset 001A,Other theft,Status update unavailable,
02ef0345fff6822eddd8826c0de674ca38b0d60aa079c1e9609dd4b55ad862da,2018-08,Dorset Police,Dorset Police,-2.273052,51.036496,On or near Paris Court,E01020443,North Dorset 001A,Shoplifting,Unable to prosecute suspect,
67134c4d2679f6733edb646cc9d4e7f26c5e34a9c84340de934b808e2e30d5d3,2018-08,Dorset Police,Dorset Police,-2.276377,51.041613,On or near Supermarket,E01020443,North Dorset 001A,Shoplifting,Investigation complete; no suspect identified,
d8322f332422e7390e14aa4330a9c339172b2e06296f1e24ac97109a06b98535,2018-08,Dorset Police,Dorset Police,-2.276373,51.036254,On or near Supermarket,E01020443,North Dorset 001A,Shoplifting,Unable to prosecute suspect,
bb2e5e9790b901406f5c6d9c6229d85342bca68ca5ff224d3984cda73887d535,2018-08,Dorset Police,Dorset Police,-2.273610,51.036863,On or near Supermarket,E01020443,North Dorset 001A,Shoplifting,Investigation complete; no suspect identified,
da6223f71d2502b0a78dbc3b3d878372fa1e8dd9e9f8446597c5b4ff87c310c6,2018-08,Dorset Police,Dorset Police,-2.273720,51.036107,On or near Buckingham Road,E01020443,North Dorset 001A,Shoplifting,Unable to prosecute suspect,
c2cccfcc02cddc0a1e712c5127a6bfa7db011f85bd4fe8532de4aef7c1435a6d,2018-08,Dorset Police,Dorset Police,-2.271998,51.034304,On or near Parking Area,E01020443,North Dorset 001A,Shoplifting,Investigation complete; no suspect identified,
eccc50dac1eb9c791c1ad53a0c485f8a5e80a446b814b7546dda52376de09d20,2018-08,Dorset Police,Dorset Police,-2.273052,51.036496,On or near Paris Court,E01020443,North Dorset 001A,Vehicle crime,Investigation complete; no suspect identified,
bfae3c60545b8aefb14edf3a94ecd917b02887d17df2d92dd2acf8003ed9b5b3,2018-08,Dorset Police,Dorset Police,-2.276373,51.036254,On or near Supermarket,E01020443,North Dorset 001A,Violence and sexual offences,Unable to prosecute suspect,
a3f9550bbef15b85d01b1f778831f316a717bba24cd2a4a89d40659f5b7cc1b3,2018-08,Dorset Police,Dorset Police,-2.268406,51.032190,On or near The Meadows,E01020443,North Dorset 001A,Violence and sexual offences,Investigation complete; no suspect identified,
7a6d24d0877cdaf7919ca810ee166fff876266095d1b51ce71625bbf3361780b,2018-08,Dorset Police,Dorset Police,-2.276373,51.036254,On or near Supermarket,E01020443,North Dorset 001A,Violence and sexual offences,Unable to prosecute suspect,
e115452393d692338dcab59cec93c812de9a1bbf47485a293e6d18d42005eb05,2018-08,Dorset Police,Dorset Police,-2.273610,51.036863,On or near Supermarket,E01020443,North Dorset 001A,Violence and sexual offences,Unable to prosecute suspect,
79ea30dc144033c149a6e3564e2d7c527755279de385523506b886d0b8f2a8b5,2018-08,Dorset Police,Dorset Police,-2.272272,51.037352,On or near School Lane,E01020443,North Dorset 001A,Violence and sexual offences,Local resolution,
622dbacf9bd4a0bca4a4981799f16640cecc3f9523a9ba623ac25c16454a5102,2018-08,Dorset Police,Dorset Police,-2.272272,51.037352,On or near School Lane,E01020443,North Dorset 001A,Violence and sexual offences,Unable to prosecute suspect,
c105c5ad058f9b351ce7b38c55a373481aebce0fac06232f6b0b26caf98bd7f1,2018-08,Dorset Police,Dorset Police,-2.276373,51.036254,On or near Supermarket,E01020443,North Dorset 001A,Violence and sexual offences,Unable to prosecute suspect,
8cec5862e0c5373f189744bcde1175a073d6faa070ddc3427518efde9f29557d,2018-08,Dorset Police,Dorset Police,-2.277479,51.037564,On or near South Street,E01020443,North Dorset 001A,Violence and sexual offences,Unable to prosecute suspect,
f4b58cc92c06d586b9d53d077fcd618e7ff89bfdaca84414257943aa2f6e3d92,2018-08,Dorset Police,Dorset Police,-2.269288,51.034265,On or near Prospect Close,E01020443,North Dorset 001A,Violence and sexual offences,Offender given a caution,
8275d110e0e1a9094c68891d1fb4b07cf7b1e8a4be8259226d0b0076a3ecb396,2018-08,Dorset Police,Dorset Police,-2.273610,51.036863,On or near Supermarket,E01020443,North Dorset 001A,Violence and sexual offences,Unable to prosecute suspect,
c2d5457b653865b6af8bbd66262ef58d270778e9eb90df250958b3314857c613,2018-08,Dorset Police,Dorset Police,-2.273052,51.036496,On or near Paris Court,E01020443,North Dorset 001A,Violence and sexual offences,Investigation complete; no suspect identified,
,2018-08,Dorset Police,Dorset Police,-2.272825,51.043960,On or near Shreen Way,E01020447,North Dorset 001B,Anti-social behaviour,,
,2018-08,Dorset Police,Dorset Police,-2.282459,51.042588,On or near Matthews Place,E01020447,North Dorset 001B,Anti-social behaviour,,
85bd7b039d0ffee35696cb7cc88dbd6c87fe88967da3ea457801e4d871937b51,2018-08,Dorset Police,Dorset Police,-2.279248,51.042371,On or near Coronation Road,E01020447,North Dorset 001B,Criminal damage and arson,Investigation complete; no suspect identified,
3eea1aa253f6dfb3424e3e2e44b70b25ad949be80c1e321ecbbc9e99d3f77b7d,2018-08,Dorset Police,Dorset Police,-2.282459,51.042588,On or near Matthews Place,E01020447,North Dorset 001B,Violence and sexual offences,Action to be taken by another organisation,
4fdff271a2d82dcde81f8b9a55e42e778c670bd837f1e4adf4ed5826de8368f0,2018-08,Dorset Police,Dorset Police,-2.281430,51.042222,On or near Hyde Road,E01020447,North Dorset 001B,Violence and sexual offences,Unable to prosecute suspect,
2bd9f97f6717fc2a2aa1953c16743834ef91f3c26333af13b331f6dff1e0d6a8,2018-08,Dorset Police,Dorset Police,-2.279248,51.042371,On or near Coronation Road,E01020447,North Dorset 001B,Violence and sexual offences,Unable to prosecute suspect,
,2018-08,Dorset Police,Dorset Police,-2.291148,51.040642,On or near Yarrow Court,E01020463,North Dorset 001C,Anti-social behaviour,,
,2018-08,Dorset Police,Dorset Police,-2.279578,51.040356,On or near Orchard Road,E01020463,North Dorset 001C,Anti-social behaviour,,
,2018-08,Dorset Police,Dorset Police,-2.287550,51.040166,On or near Campion Close,E01020463,North Dorset 001C,Anti-social behaviour,,
,2018-08,Dorset Police,Dorset Police,-2.285859,51.041078,On or near Foxglove Close,E01020463,North Dorset 001C,Anti-social behaviour,,
,2018-08,Dorset Police,Dorset Police,-2.279578,51.040356,On or near Orchard Road,E01020463,North Dorset 001C,Anti-social behaviour,,
,2018-08,Dorset Police,Dorset Police,-2.293060,51.038551,On or near Milford Court,E01020463,North Dorset 001C,Anti-social behaviour,,
,2018-08,Dorset Police,Dorset Police,-2.285859,51.041078,On or near Foxglove Close,E01020463,North Dorset 001C,Anti-social behaviour,,
,2018-08,Dorset Police,Dorset Police,-2.299320,51.040523,On or near Cherry Orchard Lane,E01020463,North Dorset 001C,Anti-social behaviour,,
,2018-08,Dorset Police,Dorset Police,-2.287853,51.040614,On or near Rolls Bridge Way,E01020463,North Dorset 001C,Anti-social behaviour,,
,2018-08,Dorset Police,Dorset Police,-2.279578,51.040356,On or near Orchard Road,E01020463,North Dorset 001C,Anti-social behaviour,,
409417f7a27bdfcd4da1ca759c58a4a46b6a31986bff511b18b2856a0e03f979,2018-08,Dorset Police,Dorset Police,-2.282101,51.039981,On or near Rolls Bridge Lane,E01020463,North Dorset 001C,Burglary,Investigation complete; no suspect identified,
7082067658d50d314731269aa3e6f22dda5dff2a3056ba53cd6288db8ff3b9cb,2018-08,Dorset Police,Dorset Police,-2.299320,51.040523,On or near Cherry Orchard Lane,E01020463,North Dorset 001C,Public order,Unable to prosecute suspect,
173b4396e4c403d972d01a111e6bdba68e40933d99002b4de66e831865bcf396,2018-08,Dorset Police,Dorset Police,-2.279578,51.040356,On or near Orchard Road,E01020463,North Dorset 001C,Vehicle crime,Investigation complete; no suspect identified,
94db856308a723f879923aa317c664feab746d7957ff7be960aacc678951a9e7,2018-08,Dorset Police,Dorset Police,-2.286044,51.038686,On or near Wyke Road,E01020463,North Dorset 001C,Vehicle crime,Investigation complete; no suspect identified,
e4a6843261cf614b1330ad6d265f12aeb75f13275934357628311f26ad43f834,2018-08,Dorset Police,Dorset Police,-2.288848,51.040135,On or near Ivy Close,E01020463,North Dorset 001C,Violence and sexual offences,Unable to prosecute suspect,
,2018-08,Dorset Police,Dorset Police,-2.283894,51.034653,On or near Stour Meadows,E01020464,North Dorset 001D,Anti-social behaviour,,
,2018-08,Dorset Police,Dorset Police,-2.283257,51.035491,On or near Stour Gardens,E01020464,North Dorset 001D,Anti-social behaviour,,
,2018-08,Dorset Police,Dorset Police,-2.289936,51.036203,On or near Windsor Lane,E01020464,North Dorset 001D,Anti-social behaviour,,
,2018-08,Dorset Police,Dorset Police,-2.279024,51.035987,On or near Church View,E01020464,North Dorset 001D,Anti-social behaviour,,
,2018-08,Dorset Police,Dorset Police,-2.289293,51.033696,On or near Freame Way,E01020464,North Dorset 001D,Anti-social behaviour,,
2c6eb00cf25bcfe1478b8c235a205a2f77fb5f0f8753a6199adb9dbaa193e771,2018-08,Dorset Police,Dorset Police,-2.285446,51.036583,On or near Davenant Close,E01020464,North Dorset 001D,Criminal damage and arson,Investigation complete; no suspect identified,
03648484f4a5ad72818ed472901985a249a1fd1fa611a53c02abbd1665b6f855,2018-08,Dorset Police,Dorset Police,-2.289191,51.035575,On or near Sycamore Way,E01020464,North Dorset 001D,Other theft,Investigation complete; no suspect identified,
54ed2874a01a2ea79ffbb64bd9bdd410f8089415a27bcbbdc2b95ce8848a278d,2018-08,Dorset Police,Dorset Police,-2.283704,51.036254,On or near Iris Gardens,E01020464,North Dorset 001D,Shoplifting,Investigation complete; no suspect identified,
79a537ed4acf315685eb03ebed1bcc7c8935d36fa0032278c2dbebeafcf2f93a,2018-08,Dorset Police,Dorset Police,-2.287250,51.035364,On or near Maple Way,E01020464,North Dorset 001D,Violence and sexual offences,Unable to prosecute suspect,
,2018-08,Dorset Police,Dorset Police,-2.315288,51.035355,On or near Langham Lane,E01020440,North Dorset 002A,Anti-social behaviour,,
,2018-08,Dorset Police,Dorset Police,-2.347331,51.019663,On or near Sports/Recreation Area,E01020440,North Dorset 002A,Anti-social behaviour,,
3a0b180fd7c7b97a79141736ca6b3f19ed108089c7b3bd302a7ba93fae6044dc,2018-08,Dorset Police,Dorset Police,-2.322248,51.076475,On or near Bridge Street,E01020440,North Dorset 002A,Burglary,Investigation complete; no suspect identified,
5881d6fe50e8cefec6615df4389fe0f0bac24f9166fa46b7ca42fe033998104c,2018-08,Dorset Police,Dorset Police,-2.301037,51.021581,On or near Nations Road,E01020440,North Dorset 002A,Other theft,Investigation complete; no suspect identified,
377012fdd0f8fe8db91b5692c7aa5ef964b3bd493f7d4fa8bbcf937f4ed2e9a2,2018-08,Dorset Police,Dorset Police,-2.333244,51.033453,On or near Moor Lane,E01020440,North Dorset 002A,Violence and sexual offences,Unable to prosecute suspect,
686f752af7ca8d7851626cc2117bd6386b7d105bfee90245dbe8d300fb3fa3dc,2018-08,Dorset Police,Dorset Police,-2.350632,51.020750,On or near Weston Street,E01020440,North Dorset 002A,Violence and sexual offences,Unable to prosecute suspect,
9e09a1d0073cbeebca27859b47f6731643f811260e5b5ced67e287d716c6510d,2018-08,Dorset Police,Dorset Police,-2.316220,51.075871,On or near Silton Road,E01020440,North Dorset 002A,Violence and sexual offences,Unable to prosecute suspect,
aac38c2599346d22e9c97d6c1ab33e944e0c18c07f3f10f8f96c26b753038395,2018-08,Dorset Police,Dorset Police,-2.333244,51.033453,On or near Moor Lane,E01020440,North Dorset 002A,Violence and sexual offences,Unable to prosecute suspect,
,2018-08,Dorset Police,Dorset Police,-2.280232,51.049328,On or near Barleyfields,E01020450,North Dorset 002B,Anti-social behaviour,,
,2018-08,Dorset Police,Dorset Police,-2.277538,51.047402,On or near Gyllas Way,E01020450,North Dorset 002B,Anti-social behaviour,,
e775b6ede38f82765970aadf8ea6997fc144e74f71daeb07578e9619b749b71b,2018-08,Dorset Police,Dorset Police,-2.277894,51.047194,On or near Honeyfields,E01020450,North Dorset 002B,Bicycle theft,Investigation complete; no suspect identified,
5db44a4b4ed7a4c19fca70d2ae94934cb3f66cb730ee6034c04776c0a7486f6a,2018-08,Dorset Police,Dorset Police,-2.281520,51.047707,On or near Budmouth Drive,E01020450,North Dorset 002B,Criminal damage and arson,Investigation complete; no suspect identified,
5e8a383219a21f29c3d083ef09ff621f8754caf644860b191787e1e3a1eeac72,2018-08,Dorset Police,Dorset Police,-2.277894,51.047194,On or near Honeyfields,E01020450,North Dorset 002B,Other theft,Unable to prosecute suspect,
a0299eb37578bf6d1da6874da429bde617ce88419692488d51239f31514cd7d7,2018-08,Dorset Police,Dorset Police,-2.278846,51.049008,On or near Horsefields,E01020450,North Dorset 002B,Violence and sexual offences,Unable to prosecute suspect,
4980cf48e594f208e1b7debb84d5bc3b3f57c695a90a6f62486e72f2611d23da,2018-08,Dorset Police,Dorset Police,-2.277538,51.047402,On or near Gyllas Way,E01020450,North Dorset 002B,Violence and sexual offences,Unable to prosecute suspect,
844cc7bb3b63b6f0faa96657b934b327f772ecc2394786c6bbfff1d7fb77ae6c,2018-08,Dorset Police,Dorset Police,-2.229446,50.942746,On or near Mower Lane,E01020462,North Dorset 002D,Burglary,Investigation complete; no suspect identified,
f8e03a6208a3ebc62a9800efa462366ed11720d87d9ac6a0688ed38c0d1bbb9b,2018-08,Dorset Police,Dorset Police,-2.284720,51.008889,On or near Sports/Recreation Area,E01020462,North Dorset 002D,Burglary,Offender given community sentence,
d0879551b315c61dbc2b772e09a4024d09b4cef15ba4297b13597b872f5ef11a,2018-08,Dorset Police,Dorset Police,-2.254596,50.989544,On or near Dover Street,E01020462,North Dorset 002D,Criminal damage and arson,Investigation complete; no suspect identified,
3449d6d61a50341ca94fe6cba15fdbc7d51fa63f4390bd873a5198b0e958682a,2018-08,Dorset Police,Dorset Police,-2.284720,51.008889,On or near Sports/Recreation Area,E01020462,North Dorset 002D,Other theft,Investigation complete; no suspect identified,
7f1f0925c617dd1554a043f3b79b5429ce3a3a069537d17cd3bb3899af889367,2018-08,Dorset Police,Dorset Police,-2.230982,50.956888,On or near Church Lane,E01020462,North Dorset 002D,Vehicle crime,Investigation complete; no suspect identified,
09720399ac55428a055b6a11d6a00495492d8236d43ca20222a624de9333aaa1,2018-08,Dorset Police,Dorset Police,-2.230982,50.956888,On or near Church Lane,E01020462,North Dorset 002D,Vehicle crime,Investigation complete; no suspect identified,
340af3e6cd4430b09442d7a7d3241c56522aae716534a6644bde5c2710c79887,2018-08,Dorset Police,Dorset Police,-2.230982,50.956888,On or near Church Lane,E01020462,North Dorset 002D,Vehicle crime,Investigation complete; no suspect identified,
bd7f5e69584bf8def5059dc9ff8d0c07bef0c1fed1dd88b25f6137d6802f7a51,2018-08,Dorset Police,Dorset Police,-2.251735,51.011033,On or near Sherborne Causeway,E01020462,North Dorset 002D,Violence and sexual offences,Unable to prosecute suspect,
6e6e41a8dfdc4a92909022b19bd77b0e1ace00e9e75a16359f2a6a1f87c8a49d,2018-08,Dorset Police,Dorset Police,-2.284744,51.008169,On or near Duncliffe View,E01020462,North Dorset 002D,Violence and sexual offences,Unable to prosecute suspect,
,2018-08,Dorset Police,Dorset Police,-2.259272,51.030835,On or near Shaftesbury Road,E01033156,North Dorset 002E,Anti-social behaviour,,
,2018-08,Dorset Police,Dorset Police,-2.265233,51.033501,On or near Bridge Close,E01033156,North Dorset 002E,Anti-social behaviour,,
6dcb88ead467253ffb1f01783b1e2bc3162d9cdfb6ff363fd3634b8686c70e40,2018-08,Dorset Police,Dorset Police,-2.257751,51.031854,On or near Cerne Avenue,E01033156,North Dorset 002E,Burglary,Unable to prosecute suspect,
949a48b41a42e8c497e6debc54b4b2c2c8f813d8b41353ab9e8f1b3178659b56,2018-08,Dorset Police,Dorset Police,-2.262171,51.034138,On or near Kingscourt Close,E01033156,North Dorset 002E,Burglary,Investigation complete; no suspect identified,
8f16b69c196e92fd307fbe67e54529d6a68c0cf57d0bb12a61c4462112ee6258,2018-08,Dorset Police,Dorset Police,-2.259272,51.030835,On or near Shaftesbury Road,E01033156,North Dorset 002E,Violence and sexual offences,Investigation complete; no suspect identified,
a8c8f7963e0eaaa87b91b591b3c19f6bef4939c2148038cad6c89e7b81db9799,2018-08,Dorset Police,Dorset Police,-2.221157,51.037514,On or near Elm Close,E01033158,North Dorset 002F,Criminal damage and arson,Investigation complete; no suspect identified,
6f6cda4f5a0b4e0d53523c85d17c183c70a086ffe84a70789913c2e3f2781472,2018-08,Dorset Police,Dorset Police,-2.233066,51.006269,On or near Cherry Orchard Lane,E01033158,North Dorset 002F,Violence and sexual offences,Further investigation is not in the public interest,
ef5201179d93d2757e6415a81a73543168af4d33cd65723fe2da59daae37c76e,2018-08,Dorset Police,Dorset Police,-2.233066,51.006269,On or near Cherry Orchard Lane,E01033158,North Dorset 002F,Violence and sexual offences,Further investigation is not in the public interest,
,2018-08,Dorset Police,Dorset Police,-2.191530,51.012262,On or near Grosvenor Road,E01020454,North Dorset 003A,Anti-social behaviour,,
,2018-08,Dorset Police,Dorset Police,-2.196926,51.007343,On or near Parsons Pool,E01020454,North Dorset 003A,Anti-social behaviour,,
,2018-08,Dorset Police,Dorset Police,-2.192734,51.010399,On or near Petrol Station,E01020454,North Dorset 003A,Anti-social behaviour,,
,2018-08,Dorset Police,Dorset Police,-2.193703,51.006845,On or near Police Station,E01020454,North Dorset 003A,Anti-social behaviour,,
,2018-08,Dorset Police,Dorset Police,-2.195626,51.006644,On or near Mustons Lane,E01020454,North Dorset 003A,Anti-social behaviour,,
,2018-08,Dorset Police,Dorset Police,-2.193337,51.008006,On or near Barton Hill,E01020454,North Dorset 003A,Anti-social behaviour,,
,2018-08,Dorset Police,Dorset Police,-2.193703,51.006845,On or near Police Station,E01020454,North Dorset 003A,Anti-social behaviour,,
,2018-08,Dorset Police,Dorset Police,-2.195007,51.008524,On or near Armoury Yard,E01020454,North Dorset 003A,Anti-social behaviour,,
,2018-08,Dorset Police,Dorset Police,-2.201620,51.005078,On or near Bimport,E01020454,North Dorset 003A,Anti-social behaviour,,
,2018-08,Dorset Police,Dorset Police,-2.189170,51.013884,On or near Windmill Close,E01020454,North Dorset 003A,Anti-social behaviour,,
ab250e3839763c41df0e21c3c72b0f48b7828f93b32e0e8249734e92796193ba,2018-08,Dorset Police,Dorset Police,-2.193337,51.008006,On or near Barton Hill,E01020454,North Dorset 003A,Burglary,Unable to prosecute suspect,
7e99ec24f87082e6e2a9a8aeb08c8eec221cd5be9673941ee438dd48e169e35f,2018-08,Dorset Police,Dorset Police,-2.185514,51.008585,On or near Nettlecombe,E01020454,North Dorset 003A,Criminal damage and arson,Investigation complete; no suspect identified,
6dbc1b45ee0b3f038b00092ce54bc992492ebca1df03d32d33f46c989a4da3e5,2018-08,Dorset Police,Dorset Police,-2.192734,51.010399,On or near Petrol Station,E01020454,North Dorset 003A,Other theft,Investigation complete; no suspect identified,
2ea2d38b71589742605fed662582dbb3251bb7bf5d4184561c26c2d29525df83,2018-08,Dorset Police,Dorset Police,-2.195626,51.006644,On or near Mustons Lane,E01020454,North Dorset 003A,Other theft,Investigation complete; no suspect identified,
e0eb10bb71c3bc64efefe1c4e53d800b99cd266233bf8c7698429dcc7bab43ee,2018-08,Dorset Police,Dorset Police,-2.192734,51.010399,On or near Petrol Station,E01020454,North Dorset 003A,Other theft,Investigation complete; no suspect identified,
234ff663de43e7db97cadda723e1589bfda5ed90c6e9aa3bc59d23054c244856,2018-08,Dorset Police,Dorset Police,-2.192734,51.010399,On or near Petrol Station,E01020454,North Dorset 003A,Other theft,Unable to prosecute suspect,
896accff6e2cf61b003bd63db266b5772c3b83f869e54db26cc15e522e7d17d0,2018-08,Dorset Police,Dorset Police,-2.197258,51.008395,On or near The Beeches,E01020454,North Dorset 003A,Other theft,Investigation complete; no suspect identified,
4025a0c139f1dc2e2f52f8197c729636f12bc54b331fb0e72184e17372eeb04d,2018-08,Dorset Police,Dorset Police,-2.193703,51.006845,On or near Police Station,E01020454,North Dorset 003A,Public order,Status update unavailable,
09cccbd3aea0abe9ec4b260d83a0f9ada34179c3e4d026a592044e4de1c3ccda,2018-08,Dorset Police,Dorset Police,-2.193703,51.006845,On or near Police Station,E01020454,North Dorset 003A,Shoplifting,Investigation complete; no suspect identified,
480d2566f7f9bfb10cb6b06bc1216c9378c99f71bef6014cc05bcc92a81842d1,2018-08,Dorset Police,Dorset Police,-2.197020,51.006075,On or near Shopping Area,E01020454,North Dorset 003A,Shoplifting,Unable to prosecute suspect,
2f0b0c55b31ab8a07c9c43e83195fe639ad5b14a855d44217008befabcfbc1f1,2018-08,Dorset Police,Dorset Police,-2.193703,51.006845,On or near Police Station,E01020454,North Dorset 003A,Shoplifting,Investigation complete; no suspect identified,
29abfd45fb7731623477e7fa86242030885675ba674e52511d45cccba1899943,2018-08,Dorset Police,Dorset Police,-2.198036,51.006865,On or near Parking Area,E01020454,North Dorset 003A,Violence and sexual offences,Unable to prosecute suspect,
6d5228d755f49d2a7da992df61a0a8f915c1b160be0bd553708ff2b76f95b7de,2018-08,Dorset Police,Dorset Police,-2.186273,51.009330,On or near Ten Acres,E01020454,North Dorset 003A,Violence and sexual offences,Unable to prosecute suspect,
ff2a483eb54e47f46006cacb6aa253c0b031f9d97284b2921bb4a82a2701353f,2018-08,Dorset Police,Dorset Police,-2.195626,51.006644,On or near Mustons Lane,E01020454,North Dorset 003A,Violence and sexual offences,Investigation complete; no suspect identified,
c2da91bd333ee652609aa4495c19e7e3b9d77dcfd84ebff7556227e5bbb97b49,2018-08,Dorset Police,Dorset Police,-2.186611,51.008394,On or near King Alfred'S Way,E01020454,North Dorset 003A,Violence and sexual offences,Unable to prosecute suspect,
,2018-08,Dorset Police,Dorset Police,-2.184600,51.008155,On or near Win Green View,E01020455,North Dorset 003B,Anti-social behaviour,,
,2018-08,Dorset Police,Dorset Police,-2.184637,51.006581,On or near Pound Lane,E01020455,North Dorset 003B,Anti-social behaviour,,
,2018-08,Dorset Police,Dorset Police,-2.179632,51.002246,On or near Greenacre Way,E01020455,North Dorset 003B,Anti-social behaviour,,
,2018-08,Dorset Police,Dorset Police,-2.186891,51.007189,On or near Jeanneau Close,E01020455,North Dorset 003B,Anti-social behaviour,,
,2018-08,Dorset Police,Dorset Police,-2.184146,51.004972,On or near Mampitts Road,E01020455,North Dorset 003B,Anti-social behaviour,,
,2018-08,Dorset Police,Dorset Police,-2.184146,51.004972,On or near Mampitts Road,E01020455,North Dorset 003B,Anti-social behaviour,,
,2018-08,Dorset Police,Dorset Police,-2.184146,51.004972,On or near Mampitts Road,E01020455,North Dorset 003B,Anti-social behaviour,,
,2018-08,Dorset Police,Dorset Police,-2.180147,51.002847,On or near Coles Crescent,E01020455,North Dorset 003B,Anti-social behaviour,,
,2018-08,Dorset Police,Dorset Police,-2.180147,51.002847,On or near Coles Crescent,E01020455,North Dorset 003B,Anti-social behaviour,,
,2018-08,Dorset Police,Dorset Police,-2.184146,51.004972,On or near Mampitts Road,E01020455,North Dorset 003B,Anti-social behaviour,,
,2018-08,Dorset Police,Dorset Police,-2.185612,51.008126,On or near Supermarket,E01020455,North Dorset 003B,Anti-social behaviour,,
233ebde18df369a6532d5202b142cd8946b5134955bb65ffb340831253e93d2e,2018-08,Dorset Police,Dorset Police,-2.179330,51.001697,On or near Salisbury Road,E01020455,North Dorset 003B,Burglary,Investigation complete; no suspect identified,
c7dd15d200ed599165203c8bbeb2063c6869a34c5f44e03a05b776d8fed1c518,2018-08,Dorset Police,Dorset Police,-2.185612,51.008126,On or near Supermarket,E01020455,North Dorset 003B,Criminal damage and arson,Investigation complete; no suspect identified,
674fcfca448da45aeffafd7fc96cf410e67c530ad029a8387e601bd0fcae2936,2018-08,Dorset Police,Dorset Police,-2.180147,51.002847,On or near Coles Crescent,E01020455,North Dorset 003B,Criminal damage and arson,Investigation complete; no suspect identified,
deb639f711b5ff9a3ba150fe7b3ffe96eb6cb4e3f6c61087b049d2d180b1f3b5,2018-08,Dorset Police,Dorset Police,-2.182698,51.006359,On or near Gower Road,E01020455,North Dorset 003B,Vehicle crime,Investigation complete; no suspect identified,
48aee3633640a6fc16fbe973cc3050921ad902c2cf712323ae08d94d7b349d29,2018-08,Dorset Police,Dorset Police,-2.179632,51.002246,On or near Greenacre Way,E01020455,North Dorset 003B,Violence and sexual offences,Offender given a caution,
1735047e6334bc0580153c1d5eab78c83adaae89fce6d630bd27d7f28c010868,2018-08,Dorset Police,Dorset Police,-2.179731,51.005959,On or near Mampitts Lane,E01020455,North Dorset 003B,Violence and sexual offences,Unable to prosecute suspect,
edc8c38db8605ba8989eb2a457d51dbff4066bd95db09713304089c19fd40fec,2018-08,Dorset Police,Dorset Police,-2.179632,51.002246,On or near Greenacre Way,E01020455,North Dorset 003B,Violence and sexual offences,Court result unavailable,
a0346d3de6570a069cbfc784fbac24bbe510e2d9263014db01e4b808ef58e199,2018-08,Dorset Police,Dorset Police,-2.179731,51.005959,On or near Mampitts Lane,E01020455,North Dorset 003B,Violence and sexual offences,Court result unavailable,
3d6b930ce3bd69335911069250afb716d60593aed9baeb6b6e9750c1450bdaf9,2018-08,Dorset Police,Dorset Police,-2.180147,51.002847,On or near Coles Crescent,E01020455,North Dorset 003B,Violence and sexual offences,Status update unavailable,
408fb28f8abfacb6b89f4e6130015423e7e8ba74356c4396503636e72854f122,2018-08,Dorset Police,Dorset Police,-2.184637,51.006581,On or near Pound Lane,E01020455,North Dorset 003B,Violence and sexual offences,Local resolution,
9f505d061d95135570b7cf6068233672d654dd85b740eeca697b696c00b66481,2018-08,Dorset Police,Dorset Police,-2.179731,51.005959,On or near Mampitts Lane,E01020455,North Dorset 003B,Violence and sexual offences,Unable to prosecute suspect,
dae2dee5116d20bff02a6b8dd270054fa67d42882abe5a406ee5e793a00f0b79,2018-08,Dorset Police,Dorset Police,-2.179731,51.005959,On or near Mampitts Lane,E01020455,North Dorset 003B,Violence and sexual offences,Awaiting court outcome,
,2018-08,Dorset Police,Dorset Police,-2.187230,51.013528,On or near Maple Close,E01020456,North Dorset 003C,Anti-social behaviour,,
,2018-08,Dorset Police,Dorset Police,-2.184136,51.013254,On or near Blackmore Road,E01020456,North Dorset 003C,Anti-social behaviour,,
,2018-08,Dorset Police,Dorset Police,-2.187077,51.010758,On or near Lindlar Close,E01020456,North Dorset 003C,Anti-social behaviour,,
a808bc1a5e5015ffcc79bcb480bad99553c629a346d1e248e7fffef6ca034fcb,2018-08,Dorset Police,Dorset Police,-2.188558,51.014047,On or near Fountain Mead,E01020456,North Dorset 003C,Burglary,Status update unavailable,
0276d0d3fc221b0a3b47410f20a38ff42f096723b7d90764db4d7b3ed49f7a33,2018-08,Dorset Police,Dorset Police,-2.184239,51.010610,On or near Kingsbere Lane,E01020456,North Dorset 003C,Public order,Unable to prosecute suspect,
9e57b9cd96e9a722730f6f7997510467399ff42920dddce447869b2cdd6f1782,2018-08,Dorset Police,Dorset Police,-2.186850,51.014563,On or near Westminster Close,E01020456,North Dorset 003C,Violence and sexual offences,Unable to prosecute suspect,
7eb43cf800d069fa21704de5878d22dac4d19618c16167d030a3cb88b512d715,2018-08,Dorset Police,Dorset Police,-2.188558,51.014047,On or near Fountain Mead,E01020456,North Dorset 003C,Violence and sexual offences,Unable to prosecute suspect,
,2018-08,Dorset Police,Dorset Police,-2.203267,51.007000,On or near The Knapp,E01020457,North Dorset 003D,Anti-social behaviour,,
cffca1007f728b581269908931f3742049796bfcecb99fe1514f70b28ee6d8f2,2018-08,Dorset Police,Dorset Police,-2.203267,51.007000,On or near The Knapp,E01020457,North Dorset 003D,Burglary,Investigation complete; no suspect identified,
f6b42184a38b0aea9f03e9af8f21407f95e995169bfedde87a1161f0e2d644af,2018-08,Dorset Police,Dorset Police,-2.185919,50.999241,On or near Brinscombe Lane,E01020457,North Dorset 003D,Burglary,Investigation complete; no suspect identified,
c87da82ad3b01895fd06281e634be1b52c9ebcee5cda74f0ff12ac768e237e0a,2018-08,Dorset Police,Dorset Police,-2.185919,50.999241,On or near Brinscombe Lane,E01020457,North Dorset 003D,Burglary,Investigation complete; no suspect identified,
fa49d5afb89dc920f886cdc50a8da99e988add08549a59f2b13e63083003e3d5,2018-08,Dorset Police,Dorset Police,-2.195017,51.004199,On or near Layton Lane,E01020457,North Dorset 003D,Vehicle crime,Investigation complete; no suspect identified,
6a8544b1bb1423e525ab79354d946c690f668580cfa8e0fd66be8f786707c754,2018-08,Dorset Police,Dorset Police,-2.376229,50.921026,On or near Park/Open Space,E01020433,North Dorset 004A,Burglary,Investigation complete; no suspect identified,
2c1eeefaa000d8c5add94e02a5024fce60eb6afe3740566854b8d3b1a6cac655,2018-08,Dorset Police,Dorset Police,-2.367123,50.965999,On or near Shipney Lane,E01020433,North Dorset 004A,Burglary,Offender given community sentence,
14eb85fd6ae9b06199f0cb08e4a595cf012c88199a1654f3356a2b20c1093029,2018-08,Dorset Police,Dorset Police,-2.408001,50.936063,On or near High Street,E01020433,North Dorset 004A,Criminal damage and arson,Investigation complete; no suspect identified,
7bfcfc276332520a524eaeacb0824f2be8d8075dc101c0451e5e10568dade672,2018-08,Dorset Police,Dorset Police,-2.408001,50.936063,On or near High Street,E01020433,North Dorset 004A,Other theft,Investigation complete; no suspect identified,
,2018-08,Dorset Police,Dorset Police,-2.378390,50.957555,On or near Pound Close,E01020434,North Dorset 004B,Anti-social behaviour,,
34999a51bf9a0b277a75c1493d828db1b4f60864db7f016fe354004e64a5fab8,2018-08,Dorset Police,Dorset Police,-2.380510,50.959194,On or near Grove Lane Close,E01020434,North Dorset 004B,Burglary,Offender given a caution,
1dedd15a894d7618e2421e05a2fd9e24891178718a2857e4dcfabbe339604970,2018-08,Dorset Police,Dorset Police,-2.377644,50.958619,On or near Ring Street,E01020434,North Dorset 004B,Shoplifting,Investigation complete; no suspect identified,
d4e6df82bced415e8626c18befe96c49a6ae702df4211afc2412fb05eb190c15,2018-08,Dorset Police,Dorset Police,-2.378106,50.961216,On or near Duck Lane,E01020434,North Dorset 004B,Violence and sexual offences,Unable to prosecute suspect,
8d98d8e138123fdc5929f8a578ff444ff350c630a12cc1509bd76d68385fa152,2018-08,Dorset Police,Dorset Police,-2.385308,50.957452,On or near Sports/Recreation Area,E01020434,North Dorset 004B,Violence and sexual offences,Unable to prosecute suspect,
4a491e163bf51912cce87a43c560c01b5aa70e1a2c140dd8d8b0a5a2565f606d,2018-08,Dorset Police,Dorset Police,-2.381959,50.958767,On or near Pond Walk,E01020434,North Dorset 004B,Violence and sexual offences,Unable to prosecute suspect,
,2018-08,Dorset Police,Dorset Police,-2.312826,50.959872,On or near Walton Elm Hill,E01020449,North Dorset 004C,Anti-social behaviour,,
,2018-08,Dorset Police,Dorset Police,-2.324325,50.975469,On or near Burges Close,E01020449,North Dorset 004C,Anti-social behaviour,,
aa77efa0d28dff94b00e70d4ad9448e0a1889e16579fd2fa0f788ed1ceb01716,2018-08,Dorset Police,Dorset Police,-2.325902,50.964629,On or near Mounters,E01020449,North Dorset 004C,Criminal damage and arson,Investigation complete; no suspect identified,
4658df206937f6a4ef7b72f5cb65d9563dd78fccbb5d9313b9f8f95c297eff6a,2018-08,Dorset Police,Dorset Police,-2.324812,50.973759,On or near Lovells Mead,E01020449,North Dorset 004C,Other theft,Investigation complete; no suspect identified,
b0cd6a537d25fd0bc9878b313a4c4bdcfe77f183d4dd04e93ea7fa9ee349efb0,2018-08,Dorset Police,Dorset Police,-2.322700,50.973162,On or near Parking Area,E01020449,North Dorset 004C,Violence and sexual offences,Investigation complete; no suspect identified,
,2018-08,Dorset Police,Dorset Police,-2.283778,50.919894,On or near Calf Close Lane,E01020458,North Dorset 004D,Anti-social behaviour,,
,2018-08,Dorset Police,Dorset Police,-2.299439,50.932903,On or near Selwood Close,E01020458,North Dorset 004D,Anti-social behaviour,,
,2018-08,Dorset Police,Dorset Police,-2.319703,50.920457,On or near Rolls Mill Way,E01020458,North Dorset 004D,Anti-social behaviour,,
,2018-08,Dorset Police,Dorset Police,-2.313425,50.919926,On or near Red Lion Close,E01020458,North Dorset 004D,Anti-social behaviour,,
,2018-08,Dorset Police,Dorset Police,-2.306179,50.921294,On or near Parking Area,E01020458,North Dorset 004D,Anti-social behaviour,,
5e5fc34384023ce165beb5c2eb1d11ce68e907e59a586bccd48e0ab0ec90229f,2018-08,Dorset Police,Dorset Police,-2.349373,50.923430,On or near Chapel Road,E01020458,North Dorset 004D,Burglary,Investigation complete; no suspect identified,
d108df0709554ff442a541346cd4c70a051d7e99cc8b236693c8ba30ac62fda2,2018-08,Dorset Police,Dorset Police,-2.303456,50.926939,On or near Parking Area,E01020458,North Dorset 004D,Criminal damage and arson,Investigation complete; no suspect identified,
bddbe10e06deda00801001c921b2510972f3234fd43d6cb516e003fc230d09b5,2018-08,Dorset Police,Dorset Police,-2.303456,50.926939,On or near Parking Area,E01020458,North Dorset 004D,Theft from the person,Unable to prosecute suspect,
d885241b850ab70af004891a4e4e1810ad7ff255ea549e6d1aa31f3ca0809848,2018-08,Dorset Police,Dorset Police,-2.283778,50.919894,On or near Calf Close Lane,E01020458,North Dorset 004D,Vehicle crime,Investigation complete; no suspect identified,
6c6f42a6d8d17d7066bba7eb306c360d35a0a69a0a9968d524af6eb12c381f4b,2018-08,Dorset Police,Dorset Police,-2.302586,50.913426,On or near Upland Close,E01020458,North Dorset 004D,Vehicle crime,Investigation complete; no suspect identified,
,2018-08,Dorset Police,Dorset Police,-2.266927,50.943530,On or near B3091,E01020459,North Dorset 004E,Anti-social behaviour,,
,2018-08,Dorset Police,Dorset Police,-2.304245,50.928007,On or near B3091,E01020459,North Dorset 004E,Anti-social behaviour,,
,2018-08,Dorset Police,Dorset Police,-2.299166,50.927994,On or near Friars Moor,E01020459,North Dorset 004E,Anti-social behaviour,,
,2018-08,Dorset Police,Dorset Police,-2.296073,50.933945,On or near Field Close,E01020459,North Dorset 004E,Anti-social behaviour,,
,2018-08,Dorset Police,Dorset Police,-2.305159,50.928518,On or near Pitts Orchard,E01020459,North Dorset 004E,Anti-social behaviour,,
,2018-08,Dorset Police,Dorset Police,-2.306797,50.926625,On or near The Row,E01020459,North Dorset 004E,Anti-social behaviour,,
,2018-08,Dorset Police,Dorset Police,-2.298906,50.931915,On or near Rivers Mead,E01020459,North Dorset 004E,Anti-social behaviour,,
,2018-08,Dorset Police,Dorset Police,-2.305540,50.930144,On or near Hanover Close,E01020459,North Dorset 004E,Anti-social behaviour,,
,2018-08,Dorset Police,Dorset Police,-2.280463,50.936439,On or near Manston Road,E01020459,North Dorset 004E,Anti-social behaviour,,
,2018-08,Dorset Police,Dorset Police,-2.299166,50.927994,On or near Friars Moor,E01020459,North Dorset 004E,Anti-social behaviour,,
5c748671150256cdda98d3b98dfde6c9194f9ccb2db6bcafc9736ecc035fed0f,2018-08,Dorset Police,Dorset Police,-2.304062,50.932594,On or near Stour View Close,E01020459,North Dorset 004E,Burglary,Investigation complete; no suspect identified,
96a5b68a50f488ca70fcaaf53f198ced129072c8c007e73a44efd22d8a43a7a2,2018-08,Dorset Police,Dorset Police,-2.301185,50.927782,On or near Parking Area,E01020459,North Dorset 004E,Burglary,Further investigation is not in the public interest,
c12ac56e123f778c54bd339484f6f95f4aa5f83916b5ea13017deba10f212907,2018-08,Dorset Police,Dorset Police,-2.303971,50.927334,On or near Station Road,E01020459,North Dorset 004E,Criminal damage and arson,Offender given community sentence,
ad8a27ccef68e420fef37f7c02a7701e3f73228feb4f04d5f4484fe4bf820736,2018-08,Dorset Police,Dorset Police,-2.303971,50.927334,On or near Station Road,E01020459,North Dorset 004E,Other theft,Investigation complete; no suspect identified,
0a88293e2a7b7575ba3d74022aa5e94f18808e0d3ef86ea1245a960de7d35974,2018-08,Dorset Police,Dorset Police,-2.298052,50.929651,On or near Coles Close,E01020459,North Dorset 004E,Other theft,Unable to prosecute suspect,
8285559a08dcfa0b36870f081f2fe18c2824b7db4187ccea3fa8faefe956384a,2018-08,Dorset Police,Dorset Police,-2.304245,50.928007,On or near B3091,E01020459,North Dorset 004E,Public order,Local resolution,
e78a91c7eb79aa039d103cb40001eeaa7c3275cece0f9f9b1d76efed4691eaeb,2018-08,Dorset Police,Dorset Police,-2.303538,50.928648,On or near The Gavel,E01020459,North Dorset 004E,Violence and sexual offences,Offender given community sentence,
4075ef19d7892c4914689e00b8a8c796e94b395a1cf14d89058b7851cf57708f,2018-08,Dorset Police,Dorset Police,-2.304062,50.932594,On or near Stour View Close,E01020459,North Dorset 004E,Violence and sexual offences,Action to be taken by another organisation,
c95dbb5b22353b92abc5d091aa03e1546cd3c161040ee8167b8f84be4451dfb7,2018-08,Dorset Police,Dorset Police,-2.301555,50.927870,On or near Station Road,E01020459,North Dorset 004E,Violence and sexual offences,Investigation complete; no suspect identified,
,2018-08,Dorset Police,Dorset Police,-2.195962,50.886911,On or near Hod View,E01020444,North Dorset 005A,Anti-social behaviour,,
,2018-08,Dorset Police,Dorset Police,-2.244424,50.897475,On or near Honeysuckle Gardens,E01020444,North Dorset 005A,Anti-social behaviour,,
,2018-08,Dorset Police,Dorset Police,-2.196777,50.884544,On or near Orchard Close,E01020444,North Dorset 005A,Anti-social behaviour,,
,2018-08,Dorset Police,Dorset Police,-2.203000,50.874120,On or near The Glebe,E01020444,North Dorset 005A,Anti-social behaviour,,
,2018-08,Dorset Police,Dorset Police,-2.201949,50.874239,On or near Haycombe,E01020444,North Dorset 005A,Anti-social behaviour,,
8ba792601d51ba36ccff8e376b59b691607b24768c52f75a7371fc04459ac3c2,2018-08,Dorset Police,Dorset Police,-2.248116,50.880552,On or near Park/Open Space,E01020444,North Dorset 005A,Criminal damage and arson,Investigation complete; no suspect identified,
6eb940dc33dc4447b55ded0f7a8cd9d2740405e07cc5f713720666a0af80e0c2,2018-08,Dorset Police,Dorset Police,-2.179443,50.883349,On or near Bushes Road,E01020444,North Dorset 005A,Drugs,Offender given penalty notice,
e85d54809af3d3f449c500e67f1d4ff595ffbe05ff13734b63cac98e4de05c00,2018-08,Dorset Police,Dorset Police,-2.243180,50.896147,On or near Stour Close,E01020444,North Dorset 005A,Shoplifting,Investigation complete; no suspect identified,
4e8eace8ab7848eb6b93450076a79f46e949024f7014a36b30cb1555c60726f1,2018-08,Dorset Police,Dorset Police,-2.202439,50.878977,On or near Mill Lane,E01020444,North Dorset 005A,Vehicle crime,Investigation complete; no suspect identified,
6b72ffb1797f68b6ddae9a4664b92bdf0e7eb0de5cba36f0376b1aba21b25822,2018-08,Dorset Police,Dorset Police,-2.163173,50.925583,On or near Boyne'S Lane,E01020445,North Dorset 005B,Vehicle crime,Investigation complete; no suspect identified,
,2018-08,Dorset Police,Dorset Police,-2.253354,50.905360,On or near Cookswell,E01020446,North Dorset 005C,Anti-social behaviour,,
66fa73cdea5d9f532dc1cd81a6332ec3fea40632cda4654d0d836701af41d4a9,2018-08,Dorset Police,Dorset Police,-2.250884,50.900923,On or near The Cross,E01020446,North Dorset 005C,Other theft,Investigation complete; no suspect identified,
e40638bb2678192df167dea8f1e34d14bdce907e3ffe76d0dc6683ca513ebbb2,2018-08,Dorset Police,Dorset Police,-2.253354,50.905360,On or near Cookswell,E01020446,North Dorset 005C,Other theft,Offender given penalty notice,
e5f2182cf450a04e40d4ec68077001200d97e66f4d5533045143fd724f2c2baf,2018-08,Dorset Police,Dorset Police,-2.253354,50.905360,On or near Cookswell,E01020446,North Dorset 005C,Shoplifting,Unable to prosecute suspect,
222f66f9e7483fabd443b6f88d142abf88c786b6b84adb8572b5ee5933d482e2,2018-08,Dorset Police,Dorset Police,-2.233836,50.909960,On or near Duck Street,E01020446,North Dorset 005C,Vehicle crime,Investigation complete; no suspect identified,
e926483629313bc42c0dafc247c0b6b3288c39da49f43c9b46c7a4e0cd91a70f,2018-08,Dorset Police,Dorset Police,-2.233836,50.909960,On or near Duck Street,E01020446,North Dorset 005C,Vehicle crime,Investigation complete; no suspect identified,
6fb510d3c8e7daff8a4c3ca53e2af66cb1dfc164a2ef3bb81f697e9ebb672fc2,2018-08,Dorset Police,Dorset Police,-2.252855,50.905217,On or near Seymer Close,E01020446,North Dorset 005C,Vehicle crime,Investigation complete; no suspect identified,
fc8d9b12abc818ae31651c2a22c68d9766a7f1c4c3635b7e6544853da15335d1,2018-08,Dorset Police,Dorset Police,-2.244369,50.919480,On or near Aplands Close,E01020446,North Dorset 005C,Violence and sexual offences,Unable to prosecute suspect,
8b28cf391445b1b03e5d4dab126f4b4a2af71d09b9821feccc8be3e083b1b2c3,2018-08,Dorset Police,Dorset Police,-2.241883,50.912120,On or near Greenway,E01020446,North Dorset 005C,Violence and sexual offences,Unable to prosecute suspect,
,2018-08,Dorset Police,Dorset Police,-2.188987,50.951352,On or near Collyer'S Rise,E01020460,North Dorset 005D,Anti-social behaviour,,
,2018-08,Dorset Police,Dorset Police,-2.197346,50.951941,On or near West View,E01020460,North Dorset 005D,Anti-social behaviour,,
,2018-08,Dorset Police,Dorset Police,-2.188987,50.951352,On or near Collyer'S Rise,E01020460,North Dorset 005D,Anti-social behaviour,,
,2018-08,Dorset Police,Dorset Police,-2.220399,50.994946,On or near Cole'S Lane,E01020460,North Dorset 005D,Anti-social behaviour,,
,2018-08,Dorset Police,Dorset Police,-2.196206,50.951709,On or near Orchard Close,E01020460,North Dorset 005D,Anti-social behaviour,,
2609faad1c85079f320399e09bec04f7e224dc4a0fa1363e9fe3ca7c61360e93,2018-08,Dorset Police,Dorset Police,-2.221929,50.984125,On or near St Annes Close,E01020460,North Dorset 005D,Burglary,Investigation complete; no suspect identified,
5389d3686f239d158d9fdd5e63782e2dcc7aee2f0bf681615d755b2c40acf9c6,2018-08,Dorset Police,Dorset Police,-2.169790,50.988286,On or near Mill Hollow Lane,E01020460,North Dorset 005D,Burglary,Investigation complete; no suspect identified,
fab9ca91bdd7eac2e9ca245b5a5b1e58f629214c71c4798d81b664a8c78ee06b,2018-08,Dorset Police,Dorset Police,-2.181434,51.000327,On or near Higher Blandford Road,E01020460,North Dorset 005D,Burglary,Investigation complete; no suspect identified,
9895cc3437bc49303afe21371ceb3137f7982434566b3306e30a114d295ada06,2018-08,Dorset Police,Dorset Police,-2.199077,50.963871,On or near Hawkcombe Lane,E01020460,North Dorset 005D,Burglary,Investigation complete; no suspect identified,
7912a5455edb678dfe3a9796ba89acb5174c65d85c40e9429322ccf25a640601,2018-08,Dorset Police,Dorset Police,-2.184864,50.999279,On or near A350,E01020460,North Dorset 005D,Criminal damage and arson,Investigation complete; no suspect identified,
b2f10af517daea4327f01e9aa897264b9244f6aa350faefa7c03aaf218a07160,2018-08,Dorset Police,Dorset Police,-2.194561,50.942926,On or near A350,E01020460,North Dorset 005D,Criminal damage and arson,Unable to prosecute suspect,
55b0d56e342b604bb7840b3d4f11f6aa48aaf6de224916e7071b0a8fa2b6af6b,2018-08,Dorset Police,Dorset Police,-2.221929,50.984125,On or near St Annes Close,E01020460,North Dorset 005D,Drugs,Offender given a drugs possession warning,
53dc2d7b524087059766660ed415d7049f7993883cda77cb387f28782a8c35ba,2018-08,Dorset Police,Dorset Police,-2.188987,50.951352,On or near Collyer'S Rise,E01020460,North Dorset 005D,Other theft,Unable to prosecute suspect,
32b7817ff969f5d2859af9aa2e5a4298980251e673ff6d3d548af87f00d64cd6,2018-08,Dorset Police,Dorset Police,-2.196206,50.951709,On or near Orchard Close,E01020460,North Dorset 005D,Public order,Offender given a caution,
803210be17d531f80f99960f6d23b780be0404ad72f2f1842ab8704920c559f9,2018-08,Dorset Police,Dorset Police,-2.170329,50.979896,On or near School Lane,E01020460,North Dorset 005D,Vehicle crime,Unable to prosecute suspect,
f703027426af49709d27aed577df1a746b5cd1e1d767f510bc4bcb0c3acfd449,2018-08,Dorset Police,Dorset Police,-2.221929,50.984125,On or near St Annes Close,E01020460,North Dorset 005D,Violence and sexual offences,Offender sent to prison,
f19204f42246f26d399ea1257438f6fca10595e0157cd81051dbb4b72d76498f,2018-08,Dorset Police,Dorset Police,-2.194561,50.942926,On or near A350,E01020460,North Dorset 005D,Violence and sexual offences,Unable to prosecute suspect,
8e7d8fc046a729f1c332f52222ad77910d1bca760ff4755803d0e9347a4a7a16,2018-08,Dorset Police,Dorset Police,-2.188987,50.951352,On or near Collyer'S Rise,E01020460,North Dorset 005D,Violence and sexual offences,Unable to prosecute suspect,
b3fe69d89b68cf10274ad5e8a72ab05114985cd0acb373d93664c453cd6428f1,2018-08,Dorset Police,Dorset Police,-2.221929,50.984125,On or near St Annes Close,E01020460,North Dorset 005D,Violence and sexual offences,Unable to prosecute suspect,
4ec1a3d869468dd0ca47c1490339bbf75165593fcc2ba99a74927fe5110b2314,2018-08,Dorset Police,Dorset Police,-2.221929,50.984125,On or near St Annes Close,E01020460,North Dorset 005D,Violence and sexual offences,Offender sent to prison,
38dd968667516c8d5c7556408f08a73c5573ff9a6eda50b0ab20e1c03e939e4d,2018-08,Dorset Police,Dorset Police,-2.221929,50.984125,On or near St Annes Close,E01020460,North Dorset 005D,Violence and sexual offences,Action to be taken by another organisation,
c402d81ca4354b5a97ef409a5811ec8c2155b3fd1426bf3ec2196a6df973a86e,2018-08,Dorset Police,Dorset Police,-2.221929,50.984125,On or near St Annes Close,E01020460,North Dorset 005D,Violence and sexual offences,Offender sent to prison,
a4a7617f98dd0ad88fa7dbc0dbd63d091bec511630f9a775d583378461ff8848,2018-08,Dorset Police,Dorset Police,-2.221929,50.984125,On or near St Annes Close,E01020460,North Dorset 005D,Violence and sexual offences,Offender sent to prison,
35572f1440a1cec8e96f75ad889150b4cdd97d1fa775516a456ab176f00bf6c6,2018-08,Dorset Police,Dorset Police,-2.221929,50.984125,On or near St Annes Close,E01020460,North Dorset 005D,Violence and sexual offences,Unable to prosecute suspect,
822fca596b76625562baa8911fbaa5fab1490fe4f82734756d9d71aab07c658e,2018-08,Dorset Police,Dorset Police,-2.221929,50.984125,On or near St Annes Close,E01020460,North Dorset 005D,Violence and sexual offences,Unable to prosecute suspect,
b822f6f61be4736d2780424db7ad786028a9a9fdd0c144f52b94d63c7163584c,2018-08,Dorset Police,Dorset Police,-2.221929,50.984125,On or near St Annes Close,E01020460,North Dorset 005D,Violence and sexual offences,Status update unavailable,
3fd93ed84b1e9db54b8c2be2c132ace9364bfc95753ee41b0eb04073dfafe8dc,2018-08,Dorset Police,Dorset Police,-2.221929,50.984125,On or near St Annes Close,E01020460,North Dorset 005D,Violence and sexual offences,Investigation complete; no suspect identified,
de85fa191d69040aa1d3d9d3c4ce8fe22b66e1784d74df5b55ae98d9f8f9db9f,2018-08,Dorset Police,Dorset Police,-2.221929,50.984125,On or near St Annes Close,E01020460,North Dorset 005D,Other crime,Unable to prosecute suspect,
f92037217f9c82be4b6c854332ed382233ec86fd22463db764137fa65cc65cf7,2018-08,Dorset Police,Dorset Police,-2.221929,50.984125,On or near St Annes Close,E01020460,North Dorset 005D,Other crime,Court result unavailable,
de64957f1dacbca08707fcaef0af41f5841ddefb036f41b331e11d9903d60c58,2018-08,Dorset Police,Dorset Police,-2.221929,50.984125,On or near St Annes Close,E01020460,North Dorset 005D,Other crime,Investigation complete; no suspect identified,
4ae4013d147c2dfbc93263077212c95f2e041f143e30db0512b25aea9beaac38,2018-08,Dorset Police,Dorset Police,-2.221929,50.984125,On or near St Annes Close,E01020460,North Dorset 005D,Other crime,Unable to prosecute suspect,
c72a62b160d80c337e70914a69ed69fea32921a82e85d306b674f2be5ce1070b,2018-08,Dorset Police,Dorset Police,-2.221929,50.984125,On or near St Annes Close,E01020460,North Dorset 005D,Other crime,Unable to prosecute suspect,
0588b3da6ef352e3c3e141edb97b746f75698c4566ac0ed27cad435dca31815c,2018-08,Dorset Police,Dorset Police,-2.221929,50.984125,On or near St Annes Close,E01020460,North Dorset 005D,Other crime,Offender sent to prison,
d52650c2cf9b34fd448c3970981ce3c05f186f305bf028d5b7f32e6f7289db31,2018-08,Dorset Police,Dorset Police,-2.221929,50.984125,On or near St Annes Close,E01020460,North Dorset 005D,Other crime,Unable to prosecute suspect,
,2018-08,Dorset Police,Dorset Police,-2.137757,50.885699,On or near St Peter'S Close,E01020442,North Dorset 006A,Anti-social behaviour,,
,2018-08,Dorset Police,Dorset Police,-2.088979,50.898597,On or near South Farm Close,E01020442,North Dorset 006A,Anti-social behaviour,,
20dce8c0b2de2cb8493ef6c1cd560db20b20ec7e1bb71d1431d608ebedf8a195,2018-08,Dorset Police,Dorset Police,-2.088979,50.898597,On or near South Farm Close,E01020442,North Dorset 006A,Burglary,Investigation complete; no suspect identified,
f7c00038d52b9079905bb70e3181415c2f147c8fa29972fe4c5dd5b397ad2913,2018-08,Dorset Police,Dorset Police,-2.088979,50.898597,On or near South Farm Close,E01020442,North Dorset 006A,Burglary,Investigation complete; no suspect identified,
02c7182f83bcd0a8a94128d7b966fab319939a44e02eb07dc2ee147d45242007,2018-08,Dorset Police,Dorset Police,-2.088979,50.898597,On or near South Farm Close,E01020442,North Dorset 006A,Criminal damage and arson,Investigation complete; no suspect identified,
cb165f6442d7b19b2ccf70d0b7d5f4a3eabd84e5c18e63e34b116e84a594baa7,2018-08,Dorset Police,Dorset Police,-2.088979,50.898597,On or near South Farm Close,E01020442,North Dorset 006A,Criminal damage and arson,Investigation complete; no suspect identified,
87c6205ccc25a19564f28e1ee68ad1f4c53cad88f084c4e6b4cf0d4614ec3f00,2018-08,Dorset Police,Dorset Police,-2.088979,50.898597,On or near South Farm Close,E01020442,North Dorset 006A,Criminal damage and arson,Investigation complete; no suspect identified,
56cb0f600c40c4098a1c0f9335304bb634e0672aa3e807b1c6ebf17fad4ae372,2018-08,Dorset Police,Dorset Police,-2.107219,50.915667,On or near China Lane,E01020442,North Dorset 006A,Other theft,Investigation complete; no suspect identified,
4d66dcc6ebb83598de1d884735fa7f4d50caeaa8bacf9d8176df60593f869c8e,2018-08,Dorset Police,Dorset Police,-2.088979,50.898597,On or near South Farm Close,E01020442,North Dorset 006A,Other theft,Investigation complete; no suspect identified,
eeb2e53943d30cc96ac325f155a453f18f5e4afb6b34fdeb8910f127d627da58,2018-08,Dorset Police,Dorset Police,-2.088979,50.898597,On or near South Farm Close,E01020442,North Dorset 006A,Other theft,Investigation complete; no suspect identified,
fb425480a612196b36ed1945fe980be7d4635d43fd7a98cde1226d4809ec8cca,2018-08,Dorset Police,Dorset Police,-2.088979,50.898597,On or near South Farm Close,E01020442,North Dorset 006A,Other theft,Investigation complete; no suspect identified,
071596875c869ab5b7dc2e152728082a0f6bf838596df90ba7347d943ccca12d,2018-08,Dorset Police,Dorset Police,-2.088979,50.898597,On or near South Farm Close,E01020442,North Dorset 006A,Other theft,Investigation complete; no suspect identified,
ce5bc47a48d42ace7b7fb44e9346b6ed8fc7da9ea7aa0ed6378c4b5ce4b86e90,2018-08,Dorset Police,Dorset Police,-2.088979,50.898597,On or near South Farm Close,E01020442,North Dorset 006A,Other theft,Investigation complete; no suspect identified,
8c6d83fbef7e7c7dad686c9a078d0165a98c2d0664115de51c8685bd6b61659f,2018-08,Dorset Police,Dorset Police,-2.088979,50.898597,On or near South Farm Close,E01020442,North Dorset 006A,Other theft,Investigation complete; no suspect identified,
b0b4c96a2082db8b834455ca95a3eae5657fcf9d778f08c34b813f7edc69718c,2018-08,Dorset Police,Dorset Police,-2.088979,50.898597,On or near South Farm Close,E01020442,North Dorset 006A,Public order,Court result unavailable,
8728d5315f95cc9c83cf07f8658fbb3b391e961d71fe3d880e7efd09fe927bc6,2018-08,Dorset Police,Dorset Police,-2.088979,50.898597,On or near South Farm Close,E01020442,North Dorset 006A,Shoplifting,Investigation complete; no suspect identified,
9bd716e3524846f2cce71c8f37c4a67f49c449269df62a7e3c121bb67848869c,2018-08,Dorset Police,Dorset Police,-2.088979,50.898597,On or near South Farm Close,E01020442,North Dorset 006A,Vehicle crime,Investigation complete; no suspect identified,
b5bb609c83544436b2079143257736df07bcc406bd7e53104b5b270dc55ce2ea,2018-08,Dorset Police,Dorset Police,-2.088979,50.898597,On or near South Farm Close,E01020442,North Dorset 006A,Vehicle crime,Investigation complete; no suspect identified,
44baa8098f561f2d3878a015c7ea1f9907f27e969203594ec0b78f8e51258907,2018-08,Dorset Police,Dorset Police,-2.088979,50.898597,On or near South Farm Close,E01020442,North Dorset 006A,Vehicle crime,Investigation complete; no suspect identified,
64a639ee8de90a1660dbe2511fab3d574f887417a5e5d60608bd15937e4fe975,2018-08,Dorset Police,Dorset Police,-2.138835,50.884825,On or near Manor Farm Close,E01020442,North Dorset 006A,Vehicle crime,Investigation complete; no suspect identified,
1de8dd7b0044e0ee8a622ffae0545ba17ac9640ddedf1758842883577134b376,2018-08,Dorset Police,Dorset Police,-2.137216,50.885331,On or near Arlecks Lane,E01020442,North Dorset 006A,Vehicle crime,Investigation complete; no suspect identified,
a4749ac794fdff8cd22b69ca873f6a2e822abf0935feadfe29ce38c6f2afcba9,2018-08,Dorset Police,Dorset Police,-2.088979,50.898597,On or near South Farm Close,E01020442,North Dorset 006A,Vehicle crime,Investigation complete; no suspect identified,
498acd34a18215c7d743d107e32d51ce8494779930dbdb7b90e5028f3c8ac6e2,2018-08,Dorset Police,Dorset Police,-2.088979,50.898597,On or near South Farm Close,E01020442,North Dorset 006A,Violence and sexual offences,Offender given conditional discharge,
9962dcf2fcc8cf00768907b2692dcd763e98557289288ccec69f4487023dc8fe,2018-08,Dorset Police,Dorset Police,-2.088979,50.898597,On or near South Farm Close,E01020442,North Dorset 006A,Violence and sexual offences,Unable to prosecute suspect,
4ce6758550db6a041f76f6888aa7004dbdc7d9e97df872bb965d62a0bb029fff,2018-08,Dorset Police,Dorset Police,-2.088979,50.898597,On or near South Farm Close,E01020442,North Dorset 006A,Violence and sexual offences,Unable to prosecute suspect,
6a5624162d87fc866381478afbb3165d3b692a47ffe98bc5ee233a89006f960c,2018-08,Dorset Police,Dorset Police,-2.088979,50.898597,On or near South Farm Close,E01020442,North Dorset 006A,Violence and sexual offences,Investigation complete; no suspect identified,
60993eaa79a71a23a2f9c0f93d5fbb0b830f7e31029d960954154aa658ad126b,2018-08,Dorset Police,Dorset Police,-2.088979,50.898597,On or near South Farm Close,E01020442,North Dorset 006A,Violence and sexual offences,Investigation complete; no suspect identified,
d9daaf02b30379a69c929e05c541a4f62c9d4415ad8c75e6ab6887101ceb068b,2018-08,Dorset Police,Dorset Police,-2.088979,50.898597,On or near South Farm Close,E01020442,North Dorset 006A,Violence and sexual offences,Offender given a caution,
81b2277cf8977259a259a92ab6349857a7c69e2bc331b7c2dac37fe2ff68f385,2018-08,Dorset Police,Dorset Police,-2.133430,50.883708,On or near The Close,E01020442,North Dorset 006A,Violence and sexual offences,Unable to prosecute suspect,
5c40af5ed588f66361c3fc6f0bc77ff794438ebd98e8cc63476cf6fc7b7c7d87,2018-08,Dorset Police,Dorset Police,-2.088979,50.898597,On or near South Farm Close,E01020442,North Dorset 006A,Violence and sexual offences,Investigation complete; no suspect identified,
,2018-08,Dorset Police,Dorset Police,-2.160139,50.850096,On or near Petrol Station,E01020452,North Dorset 006B,Anti-social behaviour,,
,2018-08,Dorset Police,Dorset Police,-2.163595,50.851494,On or near Bournemouth Road,E01020452,North Dorset 006B,Anti-social behaviour,,
,2018-08,Dorset Police,Dorset Police,-2.165039,50.850017,On or near Chettell Way,E01020452,North Dorset 006B,Anti-social behaviour,,
,2018-08,Dorset Police,Dorset Police,-2.165146,50.852229,On or near The Maltings,E01020452,North Dorset 006B,Anti-social behaviour,,
,2018-08,Dorset Police,Dorset Police,-2.164420,50.851610,On or near Vale Park,E01020452,North Dorset 006B,Anti-social behaviour,,
0caa38ba2d75b754519738df169f6fdc432617a008833ff213c4b6eb00ef6ccd,2018-08,Dorset Police,Dorset Police,-2.166438,50.848010,On or near Turnpike Lane,E01020452,North Dorset 006B,Burglary,Investigation complete; no suspect identified,
370415c5cbf01d97ebf54611243bc994c01714984cb76f20f84701e04f8b9c1e,2018-08,Dorset Police,Dorset Police,-2.160139,50.850096,On or near Petrol Station,E01020452,North Dorset 006B,Drugs,Offender given penalty notice,
35f261db6ac10960942d60ae1d567004177ee89de4340407d4b13528418a9e35,2018-08,Dorset Police,Dorset Police,-2.160139,50.850096,On or near Petrol Station,E01020452,North Dorset 006B,Other theft,Investigation complete; no suspect identified,
2e46b11294e06ea59c98e629f3227ef1ebda549bf90714ee51daebbf62666fd2,2018-08,Dorset Police,Dorset Police,-2.160139,50.850096,On or near Petrol Station,E01020452,North Dorset 006B,Other theft,Unable to prosecute suspect,
787dcaba3804c38cdd16de4e8f065422f1a86522685b58ba2414269135a1bc47,2018-08,Dorset Police,Dorset Police,-2.160139,50.850096,On or near Petrol Station,E01020452,North Dorset 006B,Other theft,Investigation complete; no suspect identified,
185bac97b4e7dcdf6ae976cd8d21b94f84b12504bdabc03620e3a3053d63ed09,2018-08,Dorset Police,Dorset Police,-2.160139,50.850096,On or near Petrol Station,E01020452,North Dorset 006B,Other theft,Unable to prosecute suspect,
01ab7d30bd54539e7cb0788ab8d3eae0b46a95f89599255a38793934793356e5,2018-08,Dorset Police,Dorset Police,-2.160139,50.850096,On or near Petrol Station,E01020452,North Dorset 006B,Other theft,Investigation complete; no suspect identified,
de81ab47c178106c71d1b7d1a11c1b67bc047110096b63cc3c875c51f81e3136,2018-08,Dorset Police,Dorset Police,-2.160139,50.850096,On or near Petrol Station,E01020452,North Dorset 006B,Other theft,Unable to prosecute suspect,
4f86cde56142286a9e79163004306520197850c724e0950f285f79b59b9898f1,2018-08,Dorset Police,Dorset Police,-2.160139,50.850096,On or near Petrol Station,E01020452,North Dorset 006B,Other theft,Status update unavailable,
b42c91bbfee39cef997f266d86b73320c7bd22bd209a2fe8cccb4099407ce123,2018-08,Dorset Police,Dorset Police,-2.160139,50.850096,On or near Petrol Station,E01020452,North Dorset 006B,Shoplifting,Offender sent to prison,
bddf3ce6d44036b7da773559ce69462b0ce18fa0f98c93e56adeeb313f8fd109,2018-08,Dorset Police,Dorset Police,-2.160139,50.850096,On or near Petrol Station,E01020452,North Dorset 006B,Shoplifting,Unable to prosecute suspect,
bfb7febea58ff8ee69d656dee58fd0556ef98236977e0e377f6579e3cea26409,2018-08,Dorset Police,Dorset Police,-2.160139,50.850096,On or near Petrol Station,E01020452,North Dorset 006B,Shoplifting,Offender sent to prison,
,2018-08,Dorset Police,Dorset Police,-2.144507,50.838984,On or near Gravel Lane,E01020453,North Dorset 006C,Anti-social behaviour,,
,2018-08,Dorset Police,Dorset Police,-2.117241,50.816722,On or near High Street,E01020453,North Dorset 006C,Anti-social behaviour,,
,2018-08,Dorset Police,Dorset Police,-2.145821,50.836779,On or near Charlton Beeches,E01020453,North Dorset 006C,Anti-social behaviour,,
,2018-08,Dorset Police,Dorset Police,-2.144507,50.838984,On or near Gravel Lane,E01020453,North Dorset 006C,Anti-social behaviour,,
012267ab1ea2d4b28397cb7711ce64e26b949090224b2d6fbea9fabc873e385f,2018-08,Dorset Police,Dorset Police,-2.126883,50.823483,On or near Beech Close,E01020453,North Dorset 006C,Burglary,Investigation complete; no suspect identified,
c10c0d5309d717d79ddb558c680a06d931d93c28069f14a8d9ae4c748771fe96,2018-08,Dorset Police,Dorset Police,-2.116593,50.813180,On or near B3075,E01020453,North Dorset 006C,Criminal damage and arson,Investigation complete; no suspect identified,
ca08b6014a3570aae3dd9cce68cc94befa7cd8a09902abc0dcf67fae90bddec2,2018-08,Dorset Police,Dorset Police,-2.144507,50.838984,On or near Gravel Lane,E01020453,North Dorset 006C,Public order,Unable to prosecute suspect,
70509bca53257a94a0749ae06c55974aff014db33897b1d655dae29dcd030121,2018-08,Dorset Police,Dorset Police,-2.126883,50.823483,On or near Beech Close,E01020453,North Dorset 006C,Violence and sexual offences,Unable to prosecute suspect,
318ca0b2c3b7c20579c3efc9803042caf606b8eb09a5f24e4ac36a721755b898,2018-08,Dorset Police,Dorset Police,-2.126883,50.823483,On or near Beech Close,E01020453,North Dorset 006C,Violence and sexual offences,Unable to prosecute suspect,
503f6afc3d382650966e7877db08dd93ba977bf62261ba95fb31d6c37c1df24f,2018-08,Dorset Police,Dorset Police,-2.141663,50.833124,On or near Hopegood Close,E01020453,North Dorset 006C,Violence and sexual offences,Unable to prosecute suspect,
,2018-08,Dorset Police,Dorset Police,-2.123163,50.866238,On or near Ashley Wood Road,E01033154,North Dorset 006E,Anti-social behaviour,,
e701259aa65aea484e43ee0bcff3dc90adb97acdadca1e9cd1243c922d193943,2018-08,Dorset Police,Dorset Police,-2.121896,50.865349,On or near Crawford Down Road,E01033154,North Dorset 006E,Other theft,Investigation complete; no suspect identified,
e4d3920df8728354e43dda54d3ed11b4551d72faf41b4ddd383f3647e432a3ab,2018-08,Dorset Police,Dorset Police,-2.152784,50.855349,On or near Westbury Way,E01033154,North Dorset 006E,Violence and sexual offences,Unable to prosecute suspect,
86440d15a8042c2a1e332c15a26ef6063c5a1806a45cf4745a0db3c2fc34d956,2018-08,Dorset Police,Dorset Police,-2.152784,50.855349,On or near Westbury Way,E01033154,North Dorset 006E,Violence and sexual offences,Unable to prosecute suspect,
7832a5b5c70294b5bd614bd61ee93077cde9285230be5fedba0c6365cb417200,2018-08,Dorset Police,Dorset Police,-2.123163,50.866238,On or near Ashley Wood Road,E01033154,North Dorset 006E,Other crime,Further investigation is not in the public interest,
,2018-08,Dorset Police,Dorset Police,-2.075997,50.881961,On or near Turner'S Lane,E01033159,North Dorset 006F,Anti-social behaviour,,
67ce45cf191239570b9dce3c6ce34ad4f39d860ba7779840a77cccbf05f3b859,2018-08,Dorset Police,Dorset Police,-2.076034,50.878319,On or near High Street,E01033159,North Dorset 006F,Burglary,Investigation complete; no suspect identified,
41a0707234e34b334adaa08bcf29812846f6115bd5b443cbfa96a3849aaaff13,2018-08,Dorset Police,Dorset Police,-2.106344,50.837415,On or near St Richards Close,E01033159,North Dorset 006F,Criminal damage and arson,Unable to prosecute suspect,
bef9aff0f30d61fe4dbbcbb7078ec0ed7cef1352492af978c56689f3f362d01b,2018-08,Dorset Police,Dorset Police,-2.159877,50.864844,On or near Holland Way,E01020435,North Dorset 007A,Other theft,Investigation complete; no suspect identified,
2d0b6cebb4d2394cc7da08e2d8ef20d1f89da9bde5f738142c88bb85185f3ba4,2018-08,Dorset Police,Dorset Police,-2.163306,50.866071,On or near Ashmore Close,E01020435,North Dorset 007A,Public order,Court result unavailable,
25c4a2b3d46e4cc8a400f4c0a1f6eb23d6354b44e0e1bd8b0628f65584c75c6e,2018-08,Dorset Police,Dorset Police,-2.163306,50.866071,On or near Ashmore Close,E01020435,North Dorset 007A,Violence and sexual offences,Defendant found not guilty,
bc7424c24795dd414585f6f34914aca8b57aa8a34551bf83c85eebe6d1844b02,2018-08,Dorset Police,Dorset Police,-2.163306,50.866071,On or near Ashmore Close,E01020435,North Dorset 007A,Violence and sexual offences,Unable to prosecute suspect,
,2018-08,Dorset Police,Dorset Police,-2.153128,50.869394,On or near Balmer Road,E01020436,North Dorset 007B,Anti-social behaviour,,
,2018-08,Dorset Police,Dorset Police,-2.152418,50.865133,On or near Larksmead,E01020436,North Dorset 007B,Anti-social behaviour,,
1b498458c15a60be36f575c6da04aaef173c06c1f6431e32221046cd2ebb99fd,2018-08,Dorset Police,Dorset Police,-2.151590,50.868416,On or near Wyvern Way,E01020436,North Dorset 007B,Burglary,Investigation complete; no suspect identified,
bae912039fb09f4aef58a2e347496826fa67a48ceb97ca903492f8bfb6f58b32,2018-08,Dorset Police,Dorset Police,-2.153021,50.871481,On or near A350,E01020436,North Dorset 007B,Criminal damage and arson,Investigation complete; no suspect identified,
c4834490254d8082409851a56c23b76964ebf55aa98440eb4f1b13e4fa06b0ac,2018-08,Dorset Police,Dorset Police,-2.148533,50.867836,On or near Lane Close,E01020436,North Dorset 007B,Criminal damage and arson,Investigation complete; no suspect identified,
7c1345c63ea4bb27f559d33724eb1c9c4b1c91f6d19191894869def0166be39d,2018-08,Dorset Police,Dorset Police,-2.158756,50.869693,On or near Littletowns,E01020436,North Dorset 007B,Criminal damage and arson,Investigation complete; no suspect identified,
7c6f2339f53410c0cb30893f59c9cb61d13b1cff7b102a19eabea964581f90c7,2018-08,Dorset Police,Dorset Police,-2.148533,50.867836,On or near Lane Close,E01020436,North Dorset 007B,Criminal damage and arson,Investigation complete; no suspect identified,
36d6d43fb4909bdc03023e31bf81aa6b81d2031f058938caab091f1edc511908,2018-08,Dorset Police,Dorset Police,-2.160180,50.870284,On or near Plough Estate,E01020436,North Dorset 007B,Criminal damage and arson,Investigation complete; no suspect identified,
03b5f1dd22e9e255d094efdd949ff88144cc94a874bb81ec754ab9f266a36214,2018-08,Dorset Police,Dorset Police,-2.155115,50.868663,On or near Castleman Smith Close,E01020436,North Dorset 007B,Public order,Unable to prosecute suspect,
bb37174957b9f5b9f687163622e77e0c81f9a402b03c2b7c55a06730632a0681,2018-08,Dorset Police,Dorset Police,-2.155333,50.870102,On or near Alner Road,E01020436,North Dorset 007B,Vehicle crime,Investigation complete; no suspect identified,
67dbd5510c7d9fe0b9b83dfea6bfa541bf18f853a710099fecca6492d0f9f0ab,2018-08,Dorset Police,Dorset Police,-2.155115,50.868663,On or near Castleman Smith Close,E01020436,North Dorset 007B,Vehicle crime,Investigation complete; no suspect identified,
9ceb0a902d945fddf48bc489a96dce0521ce0fd6b71e00e39a79996122d2d08f,2018-08,Dorset Police,Dorset Police,-2.157165,50.865639,On or near Old Farm Gardens,E01020436,North Dorset 007B,Vehicle crime,Investigation complete; no suspect identified,
faf75e4ce2d95105d32a076dfb89eca9dd22c70ba696ba93054c66fa4b50aa2c,2018-08,Dorset Police,Dorset Police,-2.155344,50.869230,On or near Lady Baden Powell Way,E01020436,North Dorset 007B,Vehicle crime,Investigation complete; no suspect identified,
d4d8246d23783ec4ed160328badf4d221e38102b02b27b5e8e4c7d65e4430bf0,2018-08,Dorset Police,Dorset Police,-2.157165,50.865639,On or near Old Farm Gardens,E01020436,North Dorset 007B,Violence and sexual offences,Investigation complete; no suspect identified,
6a4f4cf5c04d72513f7508c89ac90d8e3d26d168bec9ec605cc6cd3b3bd9e0d2,2018-08,Dorset Police,Dorset Police,-2.153021,50.871481,On or near A350,E01020436,North Dorset 007B,Violence and sexual offences,Unable to prosecute suspect,
63cbdb3d8d7a68a7ceff75c6651e444500d15842111cf3a4630c8ddde4c826b0,2018-08,Dorset Police,Dorset Police,-2.155333,50.870102,On or near Alner Road,E01020436,North Dorset 007B,Violence and sexual offences,Court result unavailable,
e93755bab098f06fc69b64d36c5af110a596703bad9f806a6106cf7505b36b96,2018-08,Dorset Police,Dorset Police,-2.153651,50.868441,On or near Cobham Road,E01020436,North Dorset 007B,Violence and sexual offences,Court result unavailable,
50f71049485a3771b1f6ed419656c924f5a9d45dc597828992fb0ce68b78996b,2018-08,Dorset Police,Dorset Police,-2.153021,50.871481,On or near A350,E01020436,North Dorset 007B,Violence and sexual offences,Unable to prosecute suspect,
ff6eafc8ba4d9dba63da8ea5181096457c3f0ed1a5ed6f7886ac7e9ca85d8046,2018-08,Dorset Police,Dorset Police,-2.151880,50.865862,On or near Buttercup Lane,E01020436,North Dorset 007B,Violence and sexual offences,Unable to prosecute suspect,
,2018-08,Dorset Police,Dorset Police,-2.157401,50.855396,On or near Langton Road,E01020437,North Dorset 007C,Anti-social behaviour,,
,2018-08,Dorset Police,Dorset Police,-2.152433,50.861113,On or near Martin Close,E01020437,North Dorset 007C,Anti-social behaviour,,
,2018-08,Dorset Police,Dorset Police,-2.158809,50.855763,On or near Meadow View,E01020437,North Dorset 007C,Anti-social behaviour,,
9deeb6658fc303ce7ab041adc6557acbeb180081cdc67e745bbf230cd1c72592,2018-08,Dorset Police,Dorset Police,-2.158809,50.855763,On or near Meadow View,E01020437,North Dorset 007C,Bicycle theft,Investigation complete; no suspect identified,
dc83ec334160d4c761230207fe161597581891a2d7ea5fa6031207c1ed5d8cc8,2018-08,Dorset Police,Dorset Police,-2.152964,50.862884,On or near Elizabeth Road,E01020437,North Dorset 007C,Burglary,Unable to prosecute suspect,
21005f53a3979d403f1a501c91833bd32e11e0518e3536bd61ce6e5466540df1,2018-08,Dorset Police,Dorset Police,-2.159708,50.856931,On or near B3082,E01020437,North Dorset 007C,Public order,Unable to prosecute suspect,
f9ee9585ef0fcb4240045dde66a75ca7c449853516012fb5fac5d78b2fafa269,2018-08,Dorset Police,Dorset Police,-2.158809,50.855763,On or near Meadow View,E01020437,North Dorset 007C,Shoplifting,Investigation complete; no suspect identified,
85673d37523ce0ecd6e6fbcbc1483ecd2db53b10d8e688734628b30f43c94289,2018-08,Dorset Police,Dorset Police,-2.160243,50.855626,On or near Parking Area,E01020437,North Dorset 007C,Vehicle crime,Investigation complete; no suspect identified,
4d5a1d3ec054f163f50794b16a845b06ab401030e603d2a988a2543a011e922a,2018-08,Dorset Police,Dorset Police,-2.159607,50.856572,On or near Parking Area,E01020437,North Dorset 007C,Violence and sexual offences,Unable to prosecute suspect,
360b923c3a913d573d4c8457417d80415c3de578872ef72f83fb74b392421ad1,2018-08,Dorset Police,Dorset Police,-2.154409,50.857100,On or near Wimborne Road,E01020437,North Dorset 007C,Violence and sexual offences,Unable to prosecute suspect,
517868ccffcebc53ac25de4afe63f545594f5b537340c028d747d9b8af6a1e9e,2018-08,Dorset Police,Dorset Police,-2.157401,50.855396,On or near Langton Road,E01020437,North Dorset 007C,Violence and sexual offences,Unable to prosecute suspect,
ea26d7e523bb18bca47c7f54256e5de1c5ec7b2eae305c67b82edfe0c0d0e32a,2018-08,Dorset Police,Dorset Police,-2.155429,50.856388,On or near Windmill Road,E01020437,North Dorset 007C,Violence and sexual offences,Unable to prosecute suspect,
140886609efbc28cedd44f770b9468b5d35ed5885950cb219dc335339dcb058a,2018-08,Dorset Police,Dorset Police,-2.159708,50.856931,On or near B3082,E01020437,North Dorset 007C,Violence and sexual offences,Unable to prosecute suspect,
c9d498085da1cab8b9e9a265df06b43cfb76524e7e9a412a5f499369d63d6133,2018-08,Dorset Police,Dorset Police,-2.154409,50.857100,On or near Wimborne Road,E01020437,North Dorset 007C,Violence and sexual offences,Unable to prosecute suspect,
,2018-08,Dorset Police,Dorset Police,-2.164865,50.856861,On or near Supermarket,E01020438,North Dorset 007D,Anti-social behaviour,,
,2018-08,Dorset Police,Dorset Police,-2.165910,50.855160,On or near Supermarket,E01020438,North Dorset 007D,Anti-social behaviour,,
,2018-08,Dorset Police,Dorset Police,-2.164421,50.855971,On or near Market Place,E01020438,North Dorset 007D,Anti-social behaviour,,
,2018-08,Dorset Police,Dorset Police,-2.166519,50.858657,On or near Hanover Court,E01020438,North Dorset 007D,Anti-social behaviour,,
,2018-08,Dorset Police,Dorset Police,-2.165843,50.856257,On or near Salisbury Street,E01020438,North Dorset 007D,Anti-social behaviour,,
,2018-08,Dorset Police,Dorset Police,-2.166713,50.857236,On or near Bryanston Street,E01020438,North Dorset 007D,Anti-social behaviour,,
,2018-08,Dorset Police,Dorset Police,-2.164598,50.857904,On or near Salisbury Street,E01020438,North Dorset 007D,Anti-social behaviour,,
,2018-08,Dorset Police,Dorset Police,-2.164865,50.856861,On or near Supermarket,E01020438,North Dorset 007D,Anti-social behaviour,,
,2018-08,Dorset Police,Dorset Police,-2.165910,50.855160,On or near Supermarket,E01020438,North Dorset 007D,Anti-social behaviour,,
,2018-08,Dorset Police,Dorset Police,-2.165910,50.855160,On or near Supermarket,E01020438,North Dorset 007D,Anti-social behaviour,,
,2018-08,Dorset Police,Dorset Police,-2.163393,50.858653,On or near North Place,E01020438,North Dorset 007D,Anti-social behaviour,,
,2018-08,Dorset Police,Dorset Police,-2.163357,50.856342,On or near Sheep Market Hill,E01020438,North Dorset 007D,Anti-social behaviour,,
48a49daf69ecacc8808ac7d80378d1897fa55cf66bcf868c1d2fe586e9768de2,2018-08,Dorset Police,Dorset Police,-2.164865,50.856861,On or near Supermarket,E01020438,North Dorset 007D,Criminal damage and arson,Investigation complete; no suspect identified,
f1b72c7dcc5bb4ef83d74ece79ab734ecc9de54d6d4c8a0c0d1ff40730f5fdfc,2018-08,Dorset Police,Dorset Police,-2.164409,50.856538,On or near Church Lane,E01020438,North Dorset 007D,Criminal damage and arson,Unable to prosecute suspect,
7ea9973322b3cbd3873327e0f8c84845d277532d83592b3608b62c6b261f13f4,2018-08,Dorset Police,Dorset Police,-2.161300,50.857370,On or near Marsh'S Court,E01020438,North Dorset 007D,Other theft,Unable to prosecute suspect,
4a3743ce2e29ffc51dfca716ee3eac64a7a00c1398f21966fbb020d0a164350d,2018-08,Dorset Police,Dorset Police,-2.164421,50.855971,On or near Market Place,E01020438,North Dorset 007D,Public order,Offender otherwise dealt with,
d8ed9a2b5c548248b72daba3fbb1fbf6e3624bef46606ae4d5ef7ed7ca829642,2018-08,Dorset Police,Dorset Police,-2.164865,50.856861,On or near Supermarket,E01020438,North Dorset 007D,Public order,Unable to prosecute suspect,
7f5aecff240075c9d4f00136830d45dd7964863e52f1208ba2261c93f9b76f52,2018-08,Dorset Police,Dorset Police,-2.164865,50.856861,On or near Supermarket,E01020438,North Dorset 007D,Public order,Unable to prosecute suspect,
8f34c96135f5a2aa00fa8a7418f868736ddc4f4e07be0592d2972bc4857908a7,2018-08,Dorset Police,Dorset Police,-2.164865,50.856861,On or near Supermarket,E01020438,North Dorset 007D,Public order,Unable to prosecute suspect,
81f20094a95f1ed153c4b40bdcca1348c0064ae880310426ffcda96faa1bb0a8,2018-08,Dorset Police,Dorset Police,-2.161639,50.856614,On or near East Street,E01020438,North Dorset 007D,Public order,Unable to prosecute suspect,
eb8290e6228c77be0485d03b0f42cd4e8dda45a1bf3dea83eee9967f4be1c8b9,2018-08,Dorset Police,Dorset Police,-2.164865,50.856861,On or near Supermarket,E01020438,North Dorset 007D,Shoplifting,Unable to prosecute suspect,
3cea0b10bb2b1a0cd5b43d4f5d919aaeaeef99027d40d8ce0218b7710ad5fc91,2018-08,Dorset Police,Dorset Police,-2.164865,50.856861,On or near Supermarket,E01020438,North Dorset 007D,Violence and sexual offences,Unable to prosecute suspect,
3ab1453287736e9e747cc9b3ad2734ab4007c58867aa243261c4ac2c00c17139,2018-08,Dorset Police,Dorset Police,-2.164865,50.856861,On or near Supermarket,E01020438,North Dorset 007D,Violence and sexual offences,Unable to prosecute suspect,
7113eb7d818a489ba9e9d890279437eac62a72903ec41f78a2603ab4d1bf3252,2018-08,Dorset Police,Dorset Police,-2.166153,50.855609,On or near Nightclub,E01020438,North Dorset 007D,Violence and sexual offences,Unable to prosecute suspect,
0f87bee510e3f58684060d9c564e9b6f42e776be0efb1d01aa3b5ff1fcd7d1b4,2018-08,Dorset Police,Dorset Police,-2.161639,50.856614,On or near East Street,E01020438,North Dorset 007D,Violence and sexual offences,Unable to prosecute suspect,
,2018-08,Dorset Police,Dorset Police,-2.160074,50.860285,On or near Albert Street,E01020439,North Dorset 007E,Anti-social behaviour,,
,2018-08,Dorset Police,Dorset Police,-2.159408,50.860699,On or near Victoria Road,E01020439,North Dorset 007E,Anti-social behaviour,,
,2018-08,Dorset Police,Dorset Police,-2.161657,50.861955,On or near Fairfield Bungalows,E01020439,North Dorset 007E,Anti-social behaviour,,
,2018-08,Dorset Police,Dorset Police,-2.158622,50.859405,On or near Field View Road,E01020439,North Dorset 007E,Anti-social behaviour,,
,2018-08,Dorset Police,Dorset Police,-2.157049,50.864803,On or near Salisbury Crescent,E01020439,North Dorset 007E,Anti-social behaviour,,
,2018-08,Dorset Police,Dorset Police,-2.153421,50.863540,On or near Gent Close,E01020439,North Dorset 007E,Anti-social behaviour,,
dc14de62ec64747f712c1de9df0a4ff8ef82b4a6e79d066c6e5a6ea32921c4b3,2018-08,Dorset Police,Dorset Police,-2.155110,50.862728,On or near Richmond Road,E01020439,North Dorset 007E,Burglary,Investigation complete; no suspect identified,
af5c6b6450def0858d800301e2f330029e2018c04cc6b27c9d1ddf91116d158c,2018-08,Dorset Police,Dorset Police,-2.158098,50.864028,On or near Nordon Road,E01020439,North Dorset 007E,Other theft,Investigation complete; no suspect identified,
066ca9b65dd6f85608a6036c83d2b02895c62d7d043dc296da0a469ae0ca0410,2018-08,Dorset Police,Dorset Police,-2.159768,50.858001,On or near Damory Court Street,E01020439,North Dorset 007E,Other theft,Investigation complete; no suspect identified,
7f4b054b09b7662fcd778c7e5a29c070243184dab20009fbb774a401149c34eb,2018-08,Dorset Police,Dorset Police,-2.159408,50.860699,On or near Victoria Road,E01020439,North Dorset 007E,Public order,Unable to prosecute suspect,
32a1bb5320fb6d633ee52894e918e0af39a489f39edec1cd3b5ef6b51fefe3ff,2018-08,Dorset Police,Dorset Police,-2.156960,50.863652,On or near Petrol Station,E01020439,North Dorset 007E,Shoplifting,Unable to prosecute suspect,
7f4f6f10bcb5b2329d0759cda78ef3ae11d6b9579dd52c724b997398b791778e,2018-08,Dorset Police,Dorset Police,-2.156960,50.863652,On or near Petrol Station,E01020439,North Dorset 007E,Shoplifting,Unable to prosecute suspect,
45feff9017519fe69ad1569c96b49be53ffbb36db2bba4219b5cc5f9cea83c54,2018-08,Dorset Police,Dorset Police,-2.156960,50.863652,On or near Petrol Station,E01020439,North Dorset 007E,Shoplifting,Investigation complete; no suspect identified,
3e8157cddd99c03a0037473b959a8ac717dcaafe5a676c2149d3f258d622778f,2018-08,Dorset Police,Dorset Police,-2.162148,50.860093,On or near Bus/Coach Station,E01020439,North Dorset 007E,Shoplifting,Investigation complete; no suspect identified,
bbfe2a0cf1fb963615c207f889807793c2494cf1f8ce669466dbfb68d2d44d7b,2018-08,Dorset Police,Dorset Police,-2.156960,50.863652,On or near Petrol Station,E01020439,North Dorset 007E,Shoplifting,Offender given penalty notice,
9d54517a5b3510e99c43e9bea846a747a85af08444330ae61ed1984806185e6e,2018-08,Dorset Police,Dorset Police,-2.155897,50.864580,On or near Salisbury Road,E01020439,North Dorset 007E,Vehicle crime,Investigation complete; no suspect identified,
3baf9152ed1258030cf34191a84805034f98fab8120ad4cb2d9dbe8bb6ce25c7,2018-08,Dorset Police,Dorset Police,-2.155110,50.862728,On or near Richmond Road,E01020439,North Dorset 007E,Violence and sexual offences,Unable to prosecute suspect,
9261498b474cfb684b470cf0bbef70a263372bf7e643cd74774927ae6e7342fe,2018-08,Dorset Police,Dorset Police,-2.159408,50.860699,On or near Victoria Road,E01020439,North Dorset 007E,Violence and sexual offences,Unable to prosecute suspect,
035c1497489dd753018810247c8536961bb6ff47a221b15e489e02c21e4169a1,2018-08,Dorset Police,Dorset Police,-2.155110,50.862728,On or near Richmond Road,E01020439,North Dorset 007E,Violence and sexual offences,Further investigation is not in the public interest,
a4abc55293e7f84a9de18367a0b319c026444724eff84e19dd5b2ad5dea034da,2018-08,Dorset Police,Dorset Police,-2.155897,50.864580,On or near Salisbury Road,E01020439,North Dorset 007E,Violence and sexual offences,Investigation complete; no suspect identified,
,2018-08,Dorset Police,Dorset Police,-2.283208,50.776825,On or near Orchard Rise,E01020430,North Dorset 008A,Anti-social behaviour,,
e3a0fee3fa4ee5bce71f52f2c67bc43ec9c5fbff335eb82b340230b277e1c876,2018-08,Dorset Police,Dorset Police,-2.273604,50.778943,On or near A354,E01020430,North Dorset 008A,Other theft,Investigation complete; no suspect identified,
,2018-08,Dorset Police,Dorset Police,-2.276050,50.789647,On or near Milton Road,E01020431,North Dorset 008B,Anti-social behaviour,,
,2018-08,Dorset Police,Dorset Police,-2.267378,50.816232,On or near Sports/Recreation Area,E01020431,North Dorset 008B,Anti-social behaviour,,
,2018-08,Dorset Police,Dorset Police,-2.309398,50.825372,On or near Duck Street,E01020431,North Dorset 008B,Anti-social behaviour,,
3df7f3f71a10a5d38089176a9b90545547738e7581d2632b6c745ddb222bdbb5,2018-08,Dorset Police,Dorset Police,-2.336526,50.826745,On or near Park/Open Space,E01020431,North Dorset 008B,Violence and sexual offences,Unable to prosecute suspect,
8f97b76c9c8b374d7dd6d21b02bfa8b9ce42c0cc1e6246cc143d2f9f60339872,2018-08,Dorset Police,Dorset Police,-2.230250,50.802957,On or near Fosters Meadows,E01020432,North Dorset 008C,Burglary,Investigation complete; no suspect identified,
0dcc21b21abd5894a319efe91f5c9d3a4a972a2bc168154f0345218f5af0a48b,2018-08,Dorset Police,Dorset Police,-2.152650,50.775234,On or near Petrol Station,E01020432,North Dorset 008C,Other theft,Investigation complete; no suspect identified,
5543677b0fd57068064131d894eeead7a439ab6a2883b52c1a2e6c469657296f,2018-08,Dorset Police,Dorset Police,-2.146711,50.776600,On or near The Street,E01020432,North Dorset 008C,Public order,Unable to prosecute suspect,
,2018-08,Dorset Police,Dorset Police,-2.236981,50.843005,On or near Saxon Rise,E01020441,North Dorset 008D,Anti-social behaviour,,
4b933356177b20ec2b419308852c5e5b0400a02d917bf5d4d3b6bc48e050403d,2018-08,Dorset Police,Dorset Police,-2.277846,50.896087,On or near Higher Street,E01020441,North Dorset 008D,Vehicle crime,Investigation complete; no suspect identified,
e4ac4aa4d45d39006f4ba843cc2034de005f0c40a123d6c65a9fd44eea0b657c,2018-08,Dorset Police,Dorset Police,-2.291857,50.878851,On or near Belchalwell Street,E01020441,North Dorset 008D,Vehicle crime,Investigation complete; no suspect identified,
,2018-08,Dorset Police,Dorset Police,-2.458959,50.872009,On or near Locks Lane,E01020448,North Dorset 008E,Anti-social behaviour,,
9da9d5960c4038b458745e518de8b0eca6d52199139a7e4ef4d35a76e4aaae5f,2018-08,Dorset Police,Dorset Police,-2.347666,50.856657,On or near Bullocks Lane,E01020448,North Dorset 008E,Burglary,Investigation complete; no suspect identified,
,2018-08,Dorset Police,Dorset Police,-1.961294,50.783485,On or near Hawker Close,E01015431,Poole 001A,Anti-social behaviour,,
,2018-08,Dorset Police,Dorset Police,-1.933149,50.775594,On or near Knighton Lane,E01015431,Poole 001A,Anti-social behaviour,,
6a2a283d37a886bf1cf7bebef786e13d0d66377a1af80c754cb9333e3b547f92,2018-08,Dorset Police,Dorset Police,-1.942678,50.776804,On or near Magna Road,E01015431,Poole 001A,Other theft,Investigation complete; no suspect identified,
52a282b3ea88c64814f88c99509ecd16d95681632bb41760192694fea4cff653,2018-08,Dorset Police,Dorset Police,-1.942678,50.776804,On or near Magna Road,E01015431,Poole 001A,Possession of weapons,Local resolution,
2e78b36067646e2533020e55a7d2b6061a36c2016ea02ef476d3c609d7252084,2018-08,Dorset Police,Dorset Police,-1.957986,50.787476,On or near Hill Terrace,E01015431,Poole 001A,Vehicle crime,Investigation complete; no suspect identified,
,2018-08,Dorset Police,Dorset Police,-1.978543,50.784343,On or near Oakley Hill,E01015432,Poole 001B,Anti-social behaviour,,
,2018-08,Dorset Police,Dorset Police,-1.967478,50.785168,On or near Chichester Walk,E01015432,Poole 001B,Anti-social behaviour,,
40ddae37a89babaad00c134898c709cc7be65a3af309a7d1170005ea26712552,2018-08,Dorset Police,Dorset Police,-1.966799,50.782578,On or near Selkirk Close,E01015432,Poole 001B,Criminal damage and arson,Investigation complete; no suspect identified,
7e94feeac9f259d647cf7f38245db8b987787a6590f0933a190ef2640bb2f084,2018-08,Dorset Police,Dorset Police,-1.964315,50.784106,On or near Cockerell Close,E01015432,Poole 001B,Criminal damage and arson,Investigation complete; no suspect identified,
00b2459933df3558bdab1f819408fc4e505439a4efcd45e5db9e83dc0177352a,2018-08,Dorset Police,Dorset Police,-1.964315,50.784106,On or near Cockerell Close,E01015432,Poole 001B,Criminal damage and arson,Investigation complete; no suspect identified,
32da7e8be079a79baf6f02286498087ad9d9843002e09ebea4ec3702b522bf16,2018-08,Dorset Police,Dorset Police,-1.975080,50.787643,On or near Silverwood Close,E01015432,Poole 001B,Other theft,Investigation complete; no suspect identified,
95ad6e6af51bc929578c747263a180b656c6af2e3b7dce29f04637fc20fd40d6,2018-08,Dorset Police,Dorset Police,-1.979577,50.786241,On or near Sports/Recreation Area,E01015432,Poole 001B,Vehicle crime,Investigation complete; no suspect identified,
d3a034eb3846b6f9d859dae96ae131a8351058ebfaf8531fc0c9548648073952,2018-08,Dorset Police,Dorset Police,-1.964315,50.784106,On or near Cockerell Close,E01015432,Poole 001B,Violence and sexual offences,Local resolution,
be9b615946ec63e9bf1effad7da8cd0af70fa62dcbb3c5dceca112f5a4bf29e9,2018-08,Dorset Police,Dorset Police,-1.966799,50.782578,On or near Selkirk Close,E01015432,Poole 001B,Violence and sexual offences,Investigation complete; no suspect identified,
8051ae59e3c75e4e298cd94d020b9c2e600a49cc6fe198503a265872e252185f,2018-08,Dorset Police,Dorset Police,-1.980826,50.784721,On or near Sports/Recreation Area,E01015432,Poole 001B,Violence and sexual offences,Local resolution,
fa5fe4aa4ab4a437db85d350bacce2b42bc39b0f1b554b5dffefdac366e5404b,2018-08,Dorset Police,Dorset Police,-1.973960,50.786357,On or near Harrier Drive,E01015432,Poole 001B,Violence and sexual offences,Unable to prosecute suspect,
,2018-08,Dorset Police,Dorset Police,-1.990500,50.790667,On or near Pedestrian Subway,E01015433,Poole 001C,Anti-social behaviour,,
,2018-08,Dorset Police,Dorset Police,-1.977991,50.780548,On or near Gravel Hill,E01015433,Poole 001C,Anti-social behaviour,,
,2018-08,Dorset Police,Dorset Police,-1.976022,50.775467,On or near Blackwater Drive,E01015433,Poole 001C,Anti-social behaviour,,
61f19acadc52f43e6c3789a075bebaabf23a94ae8a988f3175206bee7697dc48,2018-08,Dorset Police,Dorset Police,-1.979410,50.780108,On or near Ivy Road,E01015433,Poole 001C,Burglary,Investigation complete; no suspect identified,
0231d94e5a9779fb90ba1c1c947d977e8322be292c47ba6301533a4de403a8a6,2018-08,Dorset Police,Dorset Police,-1.984826,50.785936,On or near Merley House Lane,E01015433,Poole 001C,Other theft,Unable to prosecute suspect,
c96818571f499d0143607e6231e81713b87b9977a1fa4528d420eccfc1d8e5b6,2018-08,Dorset Police,Dorset Police,-1.984826,50.785936,On or near Merley House Lane,E01015433,Poole 001C,Violence and sexual offences,Unable to prosecute suspect,
b48903c8b3c55fe060580a308c9e1b69245a212d4372b5dba3eabd7983dcfe5e,2018-08,Dorset Police,Dorset Police,-1.977991,50.780548,On or near Gravel Hill,E01015433,Poole 001C,Violence and sexual offences,Investigation complete; no suspect identified,
4a1ac5749538ecf753557dfd06f271b8137253af2318f4befa945806cf2cd44c,2018-08,Dorset Police,Dorset Police,-1.990500,50.790667,On or near Pedestrian Subway,E01015433,Poole 001C,Violence and sexual offences,Court result unavailable,
,2018-08,Dorset Police,Dorset Police,-1.966858,50.779377,On or near Queen Anne Drive,E01015434,Poole 001D,Anti-social behaviour,,
,2018-08,Dorset Police,Dorset Police,-1.971624,50.778047,On or near Montacute Way,E01015434,Poole 001D,Anti-social behaviour,,
,2018-08,Dorset Police,Dorset Police,-1.969382,50.780241,On or near Countess Close,E01015434,Poole 001D,Anti-social behaviour,,
,2018-08,Dorset Police,Dorset Police,-1.974359,50.781950,On or near De Montfort Road,E01015434,Poole 001D,Anti-social behaviour,,
66779e42882a80cc321f26dbcbf75e79f814af46910e08a630e8092f7a406532,2018-08,Dorset Police,Dorset Police,-1.974359,50.781950,On or near De Montfort Road,E01015434,Poole 001D,Criminal damage and arson,Unable to prosecute suspect,
12afa20494bc162e5d76c3a6c88616822f6abf54b4046d223460068a56938594,2018-08,Dorset Police,Dorset Police,-1.966858,50.779377,On or near Queen Anne Drive,E01015434,Poole 001D,Violence and sexual offences,Unable to prosecute suspect,
,2018-08,Dorset Police,Dorset Police,-1.938850,50.753754,On or near Belben Road,E01015379,Poole 002A,Anti-social behaviour,,
,2018-08,Dorset Police,Dorset Police,-1.934797,50.752889,On or near Belben Close,E01015379,Poole 002A,Anti-social behaviour,,
,2018-08,Dorset Police,Dorset Police,-1.937806,50.750148,On or near Dolbery Road South,E01015379,Poole 002A,Anti-social behaviour,,
,2018-08,Dorset Police,Dorset Police,-1.941615,50.753567,On or near Farwell Road,E01015379,Poole 002A,Anti-social behaviour,,
,2018-08,Dorset Police,Dorset Police,-1.937112,50.749293,On or near Jersey Close,E01015379,Poole 002A,Anti-social behaviour,,
,2018-08,Dorset Police,Dorset Police,-1.941615,50.753567,On or near Farwell Road,E01015379,Poole 002A,Anti-social behaviour,,
6fc99e16950edb4afa4820177c9a100d1e5440452f7e8f5f56c1403ff804c768,2018-08,Dorset Police,Dorset Police,-1.939194,50.751156,On or near Hudson Close,E01015379,Poole 002A,Bicycle theft,Investigation complete; no suspect identified,
8f0f418557ac53036e118745c4fa6dd731eeaea120db38abea4b127a1770490f,2018-08,Dorset Police,Dorset Police,-1.939194,50.751156,On or near Hudson Close,E01015379,Poole 002A,Burglary,Unable to prosecute suspect,
ec12e75e9f8b763c739d27f27f782227219020e5c92b86a0a2052edcfb0dbc41,2018-08,Dorset Police,Dorset Police,-1.937806,50.750148,On or near Dolbery Road South,E01015379,Poole 002A,Criminal damage and arson,Investigation complete; no suspect identified,
891b89765228a2b7bccd90119dd7207831f05704452f44f24f136cffd8946460,2018-08,Dorset Police,Dorset Police,-1.937803,50.752378,On or near Bowden Road,E01015379,Poole 002A,Other theft,Offender given community sentence,
2508699420d83ca2f07210133ba976db14b49bac0cbc1092394cf22128441870,2018-08,Dorset Police,Dorset Police,-1.939194,50.751156,On or near Hudson Close,E01015379,Poole 002A,Other theft,Unable to prosecute suspect,
54408faba048537b522d033415bdd8e3730c52c37beebde04c83e2da9328f057,2018-08,Dorset Police,Dorset Police,-1.935394,50.751945,On or near Dolbery Road North,E01015379,Poole 002A,Public order,Unable to prosecute suspect,
5e1275feb92686e9f5e63f1f5af9c06d261cc81bd50d18843df88ab01ccac6a8,2018-08,Dorset Police,Dorset Police,-1.934797,50.752889,On or near Belben Close,E01015379,Poole 002A,Public order,Unable to prosecute suspect,
d13871b2193a3da2822d294507e33277d51aa78ebaab47fe173e6cd63d69fdf4,2018-08,Dorset Police,Dorset Police,-1.941615,50.753567,On or near Farwell Road,E01015379,Poole 002A,Vehicle crime,Status update unavailable,
e8d3ddbb84b55514b4e2dce62b27c9cc3b71e44618448a52ae864c6024a2de1d,2018-08,Dorset Police,Dorset Police,-1.929837,50.751762,On or near Leyland Road,E01015379,Poole 002A,Vehicle crime,Investigation complete; no suspect identified,
4d14b49f7990840a81e01cb44dce304bbf58201d114a1ca2896328e9e87e0227,2018-08,Dorset Police,Dorset Police,-1.939761,50.750697,On or near Bedford Road South,E01015379,Poole 002A,Violence and sexual offences,Unable to prosecute suspect,
315f0ec18207447b3da73702ae6e127033e4fb411a87c6603f3b974cc226b3c9,2018-08,Dorset Police,Dorset Police,-1.941615,50.753567,On or near Farwell Road,E01015379,Poole 002A,Violence and sexual offences,Court result unavailable,
36221231276f8934fd0d0d2227f6fdf672de4d924b8921d565abba10d87ceda0,2018-08,Dorset Police,Dorset Police,-1.934797,50.752889,On or near Belben Close,E01015379,Poole 002A,Violence and sexual offences,Unable to prosecute suspect,
47421cd59b7b3314fa1c75bb3e324e7873df224596598cf234d9114bb801bf95,2018-08,Dorset Police,Dorset Police,-1.941615,50.753567,On or near Farwell Road,E01015379,Poole 002A,Violence and sexual offences,Investigation complete; no suspect identified,
,2018-08,Dorset Police,Dorset Police,-1.935979,50.769751,On or near Barons Road,E01015435,Poole 002B,Anti-social behaviour,,
,2018-08,Dorset Police,Dorset Police,-1.937260,50.766334,On or near Monks Way,E01015435,Poole 002B,Anti-social behaviour,,
,2018-08,Dorset Police,Dorset Police,-1.935979,50.769751,On or near Barons Road,E01015435,Poole 002B,Anti-social behaviour,,
,2018-08,Dorset Police,Dorset Police,-1.937260,50.766334,On or near Monks Way,E01015435,Poole 002B,Anti-social behaviour,,
,2018-08,Dorset Police,Dorset Police,-1.937260,50.766334,On or near Monks Way,E01015435,Poole 002B,Anti-social behaviour,,
,2018-08,Dorset Police,Dorset Police,-1.935979,50.769751,On or near Barons Road,E01015435,Poole 002B,Anti-social behaviour,,
,2018-08,Dorset Police,Dorset Police,-1.935979,50.769751,On or near Barons Road,E01015435,Poole 002B,Anti-social behaviour,,
,2018-08,Dorset Police,Dorset Police,-1.937260,50.766334,On or near Monks Way,E01015435,Poole 002B,Anti-social behaviour,,
,2018-08,Dorset Police,Dorset Police,-1.937260,50.766334,On or near Monks Way,E01015435,Poole 002B,Anti-social behaviour,,
,2018-08,Dorset Police,Dorset Police,-1.937385,50.768052,On or near Viscount Close,E01015435,Poole 002B,Anti-social behaviour,,
dee2aff2f02c8e55b0fbe16216ff9a746d5fd82da21733ab029bb1161536ba33,2018-08,Dorset Police,Dorset Police,-1.937385,50.768052,On or near Viscount Close,E01015435,Poole 002B,Other theft,Investigation complete; no suspect identified,
991b9db00dfa827fd0ca8eda0045b543eae09d43cee0115fea6d3004a7ba61b3,2018-08,Dorset Police,Dorset Police,-1.937260,50.766334,On or near Monks Way,E01015435,Poole 002B,Public order,Status update unavailable,
5b4b1bf91b712b5fe7fc787653228ab763e2bc6fcb6516fdfc32842fcdd10507,2018-08,Dorset Police,Dorset Police,-1.934871,50.771324,On or near The Orchard,E01015435,Poole 002B,Violence and sexual offences,Unable to prosecute suspect,
9d73c5b9f6b8a50863f110409fd768cdbd937e651013c02701551f0ebb2bf8be,2018-08,Dorset Police,Dorset Police,-1.934871,50.771324,On or near The Orchard,E01015435,Poole 002B,Violence and sexual offences,Unable to prosecute suspect,
,2018-08,Dorset Police,Dorset Police,-1.930676,50.769172,On or near Charter Road,E01015436,Poole 002C,Anti-social behaviour,,
,2018-08,Dorset Police,Dorset Police,-1.929812,50.768659,On or near Tourney Road,E01015436,Poole 002C,Anti-social behaviour,,
,2018-08,Dorset Police,Dorset Police,-1.930676,50.769172,On or near Charter Road,E01015436,Poole 002C,Anti-social behaviour,,
,2018-08,Dorset Police,Dorset Police,-1.929669,50.769684,On or near Runnymede Avenue,E01015436,Poole 002C,Anti-social behaviour,,
944860ef316b92fe4b97e9f39f89de0c629e5bb40df30aa7b94b34cfe20e187e,2018-08,Dorset Police,Dorset Police,-1.929812,50.768659,On or near Tourney Road,E01015436,Poole 002C,Vehicle crime,Investigation complete; no suspect identified,
cbb94888305d3586548cf48be2a000f8891e226237a04979dd5a8258e7e81af5,2018-08,Dorset Police,Dorset Police,-1.931061,50.768003,On or near King John Close,E01015436,Poole 002C,Violence and sexual offences,Court result unavailable,
a901759f232c82d0187b648d1270c8679df1d9ea886770e038fed7756a810b1b,2018-08,Dorset Police,Dorset Police,-1.931061,50.768003,On or near King John Close,E01015436,Poole 002C,Violence and sexual offences,Unable to prosecute suspect,
,2018-08,Dorset Police,Dorset Police,-1.928401,50.764216,On or near Fitzwilliam Close,E01015437,Poole 002D,Anti-social behaviour,,
0c43488b6d7b0f307569846f89a5bc82336285bb2997e5e1e984aa57fcdf8b2d,2018-08,Dorset Police,Dorset Police,-1.931234,50.765710,On or near Anjou Close,E01015437,Poole 002D,Violence and sexual offences,Unable to prosecute suspect,
,2018-08,Dorset Police,Dorset Police,-1.990535,50.755937,On or near Lower Blandford Road,E01015395,Poole 003A,Anti-social behaviour,,
0bb14d925473194889e68f4af2fad7d41c4f5eaf5d42aa3ff8f147ad4311208c,2018-08,Dorset Police,Dorset Police,-1.995255,50.762943,On or near Station Approach,E01015395,Poole 003A,Burglary,Investigation complete; no suspect identified,
a303fede27fcc52566fae71df695657a7ee62252896099826a7df998861550a3,2018-08,Dorset Police,Dorset Police,-1.995255,50.762943,On or near Station Approach,E01015395,Poole 003A,Other theft,Unable to prosecute suspect,
b2643dd312949bc5997643a9e57cd90018d5edcdab45868f1de693af692940b9,2018-08,Dorset Police,Dorset Police,-1.997495,50.759535,On or near Broadstone Way,E01015395,Poole 003A,Other theft,Investigation complete; no suspect identified,
c739ef7e85e338051d2d077940a12b32406788084dca4b6c3a659271e270aa79,2018-08,Dorset Police,Dorset Police,-1.993554,50.759669,On or near Supermarket,E01015395,Poole 003A,Robbery,Suspect charged as part of another case,
09ca86ccf6595e9b550fb90ad2baea57ee00b1f4035288bf1f263eaf16dabf19,2018-08,Dorset Police,Dorset Police,-1.995723,50.758635,On or near Heysham Road,E01015395,Poole 003A,Violence and sexual offences,Unable to prosecute suspect,
6149331b1dcca2d72bf080fe6a3d40615f826ee6753c1b15faa63c8453e61166,2018-08,Dorset Police,Dorset Police,-1.995723,50.758635,On or near Heysham Road,E01015395,Poole 003A,Violence and sexual offences,Unable to prosecute suspect,
f9290d34fe26c031a41e3f9ef5748f76477918ed0ce6f3e91b431b46fb9d3296,2018-08,Dorset Police,Dorset Police,-1.993554,50.759669,On or near Supermarket,E01015395,Poole 003A,Violence and sexual offences,Unable to prosecute suspect,
bfcbb302e9c4e88e154fc0f704c65869efd2fc6895d7c5be46641f1c03e2b450,2018-08,Dorset Police,Dorset Police,-1.995255,50.762943,On or near Station Approach,E01015395,Poole 003A,Violence and sexual offences,Unable to prosecute suspect,
43536e9fed18786977f2f40cd2ba3ab11164eac8586a570fd7125c1dc080bcb0,2018-08,Dorset Police,Dorset Police,-1.995255,50.762943,On or near Station Approach,E01015395,Poole 003A,Violence and sexual offences,Unable to prosecute suspect,
,2018-08,Dorset Police,Dorset Police,-1.986680,50.753230,On or near Ambleside Close,E01015396,Poole 003B,Anti-social behaviour,,
,2018-08,Dorset Police,Dorset Police,-2.007277,50.753195,On or near Spindle Close,E01015397,Poole 003C,Anti-social behaviour,,
a9af5abdac9b56095a13c96961ac0e1c82f7e21e6c27e5e6282a750d03761977,2018-08,Dorset Police,Dorset Police,-2.009375,50.753167,On or near Stonecrop Close,E01015397,Poole 003C,Burglary,Investigation complete; no suspect identified,
5d916de3d0047c9cbb3b08034c52cbd296b4d6ff9d69f2aace05f0713ef6f1f6,2018-08,Dorset Police,Dorset Police,-2.010453,50.754687,On or near Mallow Close,E01015397,Poole 003C,Burglary,Investigation complete; no suspect identified,
5b3c499bcecc8c84bceae1064681c5f3dc814f545e72247132f5e0e2718d088a,2018-08,Dorset Police,Dorset Police,-2.011076,50.754507,On or near Pinesprings Drive,E01015397,Poole 003C,Criminal damage and arson,Investigation complete; no suspect identified,
f74222359f9ba4d5fa9d1f94f2f0c9caec49c1de5e1f089d9d462041ea6b81f8,2018-08,Dorset Police,Dorset Police,-2.009305,50.756666,On or near Corfe Way,E01015397,Poole 003C,Violence and sexual offences,Unable to prosecute suspect,
,2018-08,Dorset Police,Dorset Police,-2.001890,50.754993,On or near Lytchett Drive,E01015398,Poole 003D,Anti-social behaviour,,
,2018-08,Dorset Police,Dorset Police,-2.004116,50.760056,On or near Clarendon Road,E01015398,Poole 003D,Anti-social behaviour,,
aa8d653748333565cd9ea98064d6ee18ea91cf07e897c1a7471dbab87297cb07,2018-08,Dorset Police,Dorset Police,-2.003790,50.754472,On or near Sandford Way,E01015398,Poole 003D,Violence and sexual offences,Action to be taken by another organisation,
,2018-08,Dorset Police,Dorset Police,-1.993823,50.760452,On or near Story Lane,E01015399,Poole 003E,Anti-social behaviour,,
,2018-08,Dorset Police,Dorset Police,-1.993823,50.760452,On or near Story Lane,E01015399,Poole 003E,Anti-social behaviour,,
,2018-08,Dorset Police,Dorset Police,-1.993823,50.760452,On or near Story Lane,E01015399,Poole 003E,Anti-social behaviour,,
,2018-08,Dorset Police,Dorset Police,-1.993823,50.760452,On or near Story Lane,E01015399,Poole 003E,Anti-social behaviour,,
,2018-08,Dorset Police,Dorset Police,-1.993823,50.760452,On or near Story Lane,E01015399,Poole 003E,Anti-social behaviour,,
,2018-08,Dorset Police,Dorset Police,-1.993823,50.760452,On or near Story Lane,E01015399,Poole 003E,Anti-social behaviour,,
,2018-08,Dorset Police,Dorset Police,-1.993823,50.760452,On or near Story Lane,E01015399,Poole 003E,Anti-social behaviour,,
56b544bd5fb6ee2d56b2f4331a32db71c868f90eef83e3de5bfc34280a07b75c,2018-08,Dorset Police,Dorset Police,-1.993439,50.766899,On or near Wentworth Drive,E01015399,Poole 003E,Burglary,Investigation complete; no suspect identified,
f7559bde7af7cb4939e07e7b59baf776b7c65a372dc62302bdfd5691c149cc8f,2018-08,Dorset Police,Dorset Police,-1.988164,50.769983,On or near Merrifield Close,E01015399,Poole 003E,Criminal damage and arson,Investigation complete; no suspect identified,
edeeb1004c974c70633b4257b483c34b494c4578852f36fa691d71cc61742083,2018-08,Dorset Police,Dorset Police,-1.992858,50.764858,On or near Golf Links Road,E01015399,Poole 003E,Public order,Unable to prosecute suspect,
57693724abba9a3f3f3cf6227e883060e5c0bea2d938ddb049740125a7125215,2018-08,Dorset Police,Dorset Police,-1.993327,50.762484,On or near Tudor Road,E01015399,Poole 003E,Violence and sexual offences,Unable to prosecute suspect,
a962a6b7f4da5c172c88ef85d2e530bb76a048325d8ceed574ffd0344bf72640,2018-08,Dorset Police,Dorset Police,-1.993823,50.760452,On or near Story Lane,E01015399,Poole 003E,Violence and sexual offences,Investigation complete; no suspect identified,
89f649cb0fc101c9a3a23f5aa59cef7d89b5da0507ecb0335d7fe3c4781c91b9,2018-08,Dorset Police,Dorset Police,-1.993823,50.760452,On or near Story Lane,E01015399,Poole 003E,Violence and sexual offences,Unable to prosecute suspect,
,2018-08,Dorset Police,Dorset Police,-2.007435,50.767826,On or near Meadow Rise,E01015400,Poole 003F,Anti-social behaviour,,
965da62ce0b12202f70ecd8225d231f9dad08cc0c0703248bd78dcbf8f1639b5,2018-08,Dorset Police,Dorset Police,-2.004400,50.761765,On or near Wynne Close,E01015400,Poole 003F,Criminal damage and arson,Investigation complete; no suspect identified,
24dfb6bd4d37af31976766bdee1e3fec839ff7510cd899eace29d607801cd2b4,2018-08,Dorset Police,Dorset Police,-2.005436,50.766486,On or near Lancaster Close,E01015400,Poole 003F,Other theft,Unable to prosecute suspect,
b9cec8ca2fb8c4c7dfc81bb71a17bde683eb9bfbd92c6c447c0289c971527702,2018-08,Dorset Police,Dorset Police,-2.011758,50.758131,On or near The Close,E01015400,Poole 003F,Other theft,Investigation complete; no suspect identified,
6fe192af1f5da36674ff04bad69bea9e57edc5becc86dd8bf0c009169a4140e2,2018-08,Dorset Police,Dorset Police,-2.006896,50.766675,On or near Lancaster Drive,E01015400,Poole 003F,Violence and sexual offences,Status update unavailable,
68c99f037ecfcb5aac2fd67418bd5231fd305b6056cd5baf3b8f46aa52f16673,2018-08,Dorset Police,Dorset Police,-1.996531,50.761477,On or near Pedestrian Subway,E01015401,Poole 003G,Burglary,Investigation complete; no suspect identified,
f0b83c10d9883e159f5c774258b94d9b39001445b48c0eae39485dbb6e3891cd,2018-08,Dorset Police,Dorset Police,-1.997339,50.764831,On or near Fairview Crescent,E01015401,Poole 003G,Criminal damage and arson,Investigation complete; no suspect identified,
,2018-08,Dorset Police,Dorset Police,-1.974855,50.756879,On or near Steeple Close,E01015412,Poole 004A,Anti-social behaviour,,
,2018-08,Dorset Police,Dorset Police,-1.974855,50.756879,On or near Steeple Close,E01015412,Poole 004A,Anti-social behaviour,,
2812ed7d982047a3f657a358da5307533b49084129d8f787acc91c7ec063ed16,2018-08,Dorset Police,Dorset Police,-1.974855,50.756879,On or near Steeple Close,E01015412,Poole 004A,Other theft,Investigation complete; no suspect identified,
,2018-08,Dorset Police,Dorset Police,-1.967457,50.753100,On or near Rowbarrow Close,E01015413,Poole 004B,Anti-social behaviour,,
4f0cd167f5f1e7b0227b4d5a5f29a0ca81f5444edc7d3cacd6f6e31ad50790be,2018-08,Dorset Police,Dorset Police,-1.970290,50.756258,On or near Whitecross Close,E01015413,Poole 004B,Violence and sexual offences,Unable to prosecute suspect,
839d5b88e67d6c090b463b3a2ab01de886ec5fb27c535f9a1810767753d2f43c,2018-08,Dorset Police,Dorset Police,-1.963730,50.752335,On or near Knowlton Road,E01015413,Poole 004B,Violence and sexual offences,Awaiting court outcome,
cc9ce7bc77146729659f3c864f02073d0febafd378e6cc201acadced3a471e32,2018-08,Dorset Police,Dorset Police,-1.963730,50.752335,On or near Knowlton Road,E01015413,Poole 004B,Violence and sexual offences,Unable to prosecute suspect,
,2018-08,Dorset Police,Dorset Police,-1.979380,50.751458,On or near Hasler Road,E01015414,Poole 004C,Anti-social behaviour,,
,2018-08,Dorset Police,Dorset Police,-1.979380,50.751458,On or near Hasler Road,E01015414,Poole 004C,Anti-social behaviour,,
,2018-08,Dorset Police,Dorset Police,-1.979380,50.751458,On or near Hasler Road,E01015414,Poole 004C,Anti-social behaviour,,
,2018-08,Dorset Police,Dorset Police,-1.967558,50.750870,On or near Petrol Station,E01015415,Poole 004D,Anti-social behaviour,,
,2018-08,Dorset Police,Dorset Police,-1.963405,50.750671,On or near Yeatminster Road,E01015415,Poole 004D,Anti-social behaviour,,
,2018-08,Dorset Police,Dorset Police,-1.966948,50.751922,On or near Supermarket,E01015415,Poole 004D,Anti-social behaviour,,
,2018-08,Dorset Police,Dorset Police,-1.971328,50.751744,On or near Chedington Close,E01015415,Poole 004D,Anti-social behaviour,,
,2018-08,Dorset Police,Dorset Police,-1.966948,50.751922,On or near Supermarket,E01015415,Poole 004D,Anti-social behaviour,,
,2018-08,Dorset Police,Dorset Police,-1.963405,50.750671,On or near Yeatminster Road,E01015415,Poole 004D,Anti-social behaviour,,
,2018-08,Dorset Police,Dorset Police,-1.966948,50.751922,On or near Supermarket,E01015415,Poole 004D,Anti-social behaviour,,
,2018-08,Dorset Police,Dorset Police,-1.968891,50.750574,On or near Thorncombe Close,E01015415,Poole 004D,Anti-social behaviour,,
,2018-08,Dorset Police,Dorset Police,-1.967558,50.750870,On or near Petrol Station,E01015415,Poole 004D,Anti-social behaviour,,
,2018-08,Dorset Police,Dorset Police,-1.963405,50.750671,On or near Yeatminster Road,E01015415,Poole 004D,Anti-social behaviour,,
,2018-08,Dorset Police,Dorset Police,-1.966948,50.751922,On or near Supermarket,E01015415,Poole 004D,Anti-social behaviour,,
2a04d143d1ef3010ad301e025c8237cf5f0bfdd9bade3eb3291622ef16f6cace,2018-08,Dorset Police,Dorset Police,-1.967558,50.750870,On or near Petrol Station,E01015415,Poole 004D,Other theft,Unable to prosecute suspect,
33069ba49bf3e2a7e518c049c84d9b420b661c8a46de95a00135993bf3ae03aa,2018-08,Dorset Police,Dorset Police,-1.967558,50.750870,On or near Petrol Station,E01015415,Poole 004D,Other theft,Investigation complete; no suspect identified,
6793d67747f54314cfa838795df7a03ffdec76050c9a1adcae6985fcd54b6d3e,2018-08,Dorset Police,Dorset Police,-1.967558,50.750870,On or near Petrol Station,E01015415,Poole 004D,Other theft,Investigation complete; no suspect identified,
7d8778e4581d4a6c2ddcdb89b17648be6de3f68fcb01be52e6d4fcbf5ae8d310,2018-08,Dorset Police,Dorset Police,-1.966948,50.751922,On or near Supermarket,E01015415,Poole 004D,Other theft,Investigation complete; no suspect identified,
51133c56f30756f28f7a806cee61775ce68934594967ac90a9d2f171d98fab3b,2018-08,Dorset Police,Dorset Police,-1.965276,50.750933,On or near Canford Heath Road,E01015415,Poole 004D,Other theft,Investigation complete; no suspect identified,
a0d8ba4a4808bf2960bf8a410a267e9b3e7bc2cb6e94456d2142ce905399d120,2018-08,Dorset Police,Dorset Police,-1.966948,50.751922,On or near Supermarket,E01015415,Poole 004D,Shoplifting,Investigation complete; no suspect identified,
4dc04719d39e45ad3bd7202d81fed32d58576fe62f977d6f55271b71728625bf,2018-08,Dorset Police,Dorset Police,-1.966948,50.751922,On or near Supermarket,E01015415,Poole 004D,Shoplifting,Offender given community sentence,
1ce693c2e4d66f8aa8963219575791762e880e03cfd9a7ee8779835df5b26461,2018-08,Dorset Police,Dorset Police,-1.966948,50.751922,On or near Supermarket,E01015415,Poole 004D,Shoplifting,Offender sent to prison,
c9de3d23bf7094bdeffe4294f45caf107956243948798c00d625ef024a0aa24c,2018-08,Dorset Police,Dorset Police,-1.966948,50.751922,On or near Supermarket,E01015415,Poole 004D,Shoplifting,Further investigation is not in the public interest,
6524a60ff3635ff804509e24769a83ffacfe8d615b6c82f7db7a1943b5958896,2018-08,Dorset Police,Dorset Police,-1.966948,50.751922,On or near Supermarket,E01015415,Poole 004D,Shoplifting,Offender given conditional discharge,
5532c1c9689b844f3a5266183a999fa07048aa70cfc2d68e729b439184daef19,2018-08,Dorset Police,Dorset Police,-1.966948,50.751922,On or near Supermarket,E01015415,Poole 004D,Shoplifting,Investigation complete; no suspect identified,
4cd42c53ead40c75c5f33802025edfa2bf7d72b466c41c2f891de3341e081aa2,2018-08,Dorset Police,Dorset Police,-1.966948,50.751922,On or near Supermarket,E01015415,Poole 004D,Shoplifting,Unable to prosecute suspect,
8a02e9af6b2f36d1ddade85c02e4760e5b48b695fa8961d9da1a74f020792fa5,2018-08,Dorset Police,Dorset Police,-1.966948,50.751922,On or near Supermarket,E01015415,Poole 004D,Shoplifting,Investigation complete; no suspect identified,
9e059fe8393afe18020259fef6e8bd3bb3e5d36403d65364f521143ed4fd42eb,2018-08,Dorset Police,Dorset Police,-1.971343,50.750754,On or near Redhoave Road,E01015415,Poole 004D,Violence and sexual offences,Status update unavailable,
4398624d29d6a39f7c7d80061db1a1ddc3da0bd5f88d8a867fcd215d4533cf08,2018-08,Dorset Police,Dorset Police,-1.965276,50.750933,On or near Canford Heath Road,E01015415,Poole 004D,Violence and sexual offences,Unable to prosecute suspect,
154a29aaa2220d3aaa63206591beb29c87e88c9f14c42f4a5faeb67ac96eda44,2018-08,Dorset Police,Dorset Police,-1.971343,50.750754,On or near Redhoave Road,E01015415,Poole 004D,Violence and sexual offences,Unable to prosecute suspect,
3923a559fba71e0a174be55503db2c17cf75b8096fc3d3808205d21fb341255e,2018-08,Dorset Police,Dorset Police,-1.971343,50.750754,On or near Redhoave Road,E01015415,Poole 004D,Violence and sexual offences,Unable to prosecute suspect,
55043e004ee9909915e907b16d7b0b2de6dc6adb92fc8981578ac3575804d62f,2018-08,Dorset Police,Dorset Police,-1.968891,50.750574,On or near Thorncombe Close,E01015415,Poole 004D,Violence and sexual offences,Unable to prosecute suspect,
6e40f2fe0472d476dfd9538cb510e8edc700b11c36ab2e309b8508d5567369be,2018-08,Dorset Police,Dorset Police,-1.966948,50.751922,On or near Supermarket,E01015415,Poole 004D,Violence and sexual offences,Offender given a caution,
9ca057d313e9eacd698f6f8bd733c97fb8be1fa3c37848c5b25ece0c0775fbb6,2018-08,Dorset Police,Dorset Police,-1.968891,50.750574,On or near Thorncombe Close,E01015415,Poole 004D,Violence and sexual offences,Unable to prosecute suspect,
6d4f6d414bccd23b79f71b553d71eeac1e9986a9df02af5e0171186336912002,2018-08,Dorset Police,Dorset Police,-1.971343,50.750754,On or near Redhoave Road,E01015415,Poole 004D,Violence and sexual offences,Status update unavailable,
38a686242152340b152984a1904bc4cf0c28ecc8b021247146ea1d423a7b52de,2018-08,Dorset Police,Dorset Police,-1.965276,50.750933,On or near Canford Heath Road,E01015415,Poole 004D,Violence and sexual offences,Unable to prosecute suspect,
,2018-08,Dorset Police,Dorset Police,-1.973996,50.747221,On or near Witney Road,E01015416,Poole 004E,Anti-social behaviour,,
,2018-08,Dorset Police,Dorset Police,-1.978520,50.740882,On or near Didcot Road,E01015416,Poole 004E,Anti-social behaviour,,
,2018-08,Dorset Police,Dorset Police,-1.975542,50.745216,On or near Cowley Road,E01015416,Poole 004E,Anti-social behaviour,,
,2018-08,Dorset Police,Dorset Police,-1.978520,50.740882,On or near Didcot Road,E01015416,Poole 004E,Anti-social behaviour,,
,2018-08,Dorset Police,Dorset Police,-1.977187,50.741376,On or near Nuffield Road,E01015416,Poole 004E,Anti-social behaviour,,
,2018-08,Dorset Police,Dorset Police,-1.983748,50.745784,On or near Royster Close,E01015416,Poole 004E,Anti-social behaviour,,
,2018-08,Dorset Police,Dorset Police,-1.977793,50.748714,On or near Waterston Close,E01015416,Poole 004E,Anti-social behaviour,,
b31bb3fb53fa7ebbdd1f66f429346a2bddaa96af3effe7982d2e8e380f063e3a,2018-08,Dorset Police,Dorset Police,-1.977357,50.742303,On or near Kennington Road,E01015416,Poole 004E,Burglary,Investigation complete; no suspect identified,
0cf9c37c9c2a1d4d5d4e369a3e3d2a217a216ae7280056460895f9766db00f3a,2018-08,Dorset Police,Dorset Police,-1.980944,50.740289,On or near Banbury Road,E01015416,Poole 004E,Burglary,Unable to prosecute suspect,
b91ff7feed3eb3ad368500973ebba363ab694ddce739cabd1a19ee9921429d91,2018-08,Dorset Police,Dorset Police,-1.977357,50.742303,On or near Kennington Road,E01015416,Poole 004E,Criminal damage and arson,Investigation complete; no suspect identified,
aab7356bcfe2597cfc6c85d498cb20d2f7dbb312965957e1581c0f36791b1184,2018-08,Dorset Police,Dorset Police,-1.977187,50.741376,On or near Nuffield Road,E01015416,Poole 004E,Shoplifting,Investigation complete; no suspect identified,
2f19b91685bfcff01cd7d23aaae07304a922af9ed30f1fd7aa82d4b0e613de93,2018-08,Dorset Police,Dorset Police,-1.977187,50.741376,On or near Nuffield Road,E01015416,Poole 004E,Shoplifting,Unable to prosecute suspect,
5f0bd3e645cd7d880a6b5c07b21f132b68252705d489c6a2161e9715555684c9,2018-08,Dorset Police,Dorset Police,-1.985251,50.744327,On or near Cabot Lane,E01015416,Poole 004E,Theft from the person,Investigation complete; no suspect identified,
d1cceb859e4ae72701e85a694dfd34a0451d40b35f7a27736360fa94053a63a0,2018-08,Dorset Police,Dorset Police,-1.977357,50.742303,On or near Kennington Road,E01015416,Poole 004E,Vehicle crime,Status update unavailable,
d3dfdecadcbac11965c26a07356727924f5590c5966fed3e51fa71b19e6ae406,2018-08,Dorset Police,Dorset Police,-1.977212,50.748885,On or near Chiswell Road,E01015416,Poole 004E,Violence and sexual offences,Unable to prosecute suspect,
,2018-08,Dorset Police,Dorset Police,-1.964843,50.741778,On or near Supermarket,E01015407,Poole 005A,Anti-social behaviour,,
,2018-08,Dorset Police,Dorset Police,-1.966530,50.740726,On or near Tait Close,E01015407,Poole 005A,Anti-social behaviour,,
,2018-08,Dorset Police,Dorset Police,-1.973843,50.740953,On or near Sports/Recreation Area,E01015407,Poole 005A,Anti-social behaviour,,
,2018-08,Dorset Police,Dorset Police,-1.971815,50.742958,On or near Sports/Recreation Area,E01015407,Poole 005A,Anti-social behaviour,,
,2018-08,Dorset Police,Dorset Police,-1.964843,50.741778,On or near Supermarket,E01015407,Poole 005A,Anti-social behaviour,,
,2018-08,Dorset Police,Dorset Police,-1.966526,50.747543,On or near Hospital,E01015407,Poole 005A,Anti-social behaviour,,
,2018-08,Dorset Police,Dorset Police,-1.966542,50.744135,On or near Warburton Road,E01015407,Poole 005A,Anti-social behaviour,,
,2018-08,Dorset Police,Dorset Police,-1.965321,50.747623,On or near Ashdown Close,E01015407,Poole 005A,Anti-social behaviour,,
,2018-08,Dorset Police,Dorset Police,-1.964843,50.741778,On or near Supermarket,E01015407,Poole 005A,Anti-social behaviour,,
,2018-08,Dorset Police,Dorset Police,-1.966871,50.739638,On or near Kingsmill Road,E01015407,Poole 005A,Anti-social behaviour,,
,2018-08,Dorset Police,Dorset Police,-1.965268,50.742120,On or near Pedestrian Subway,E01015407,Poole 005A,Anti-social behaviour,,
,2018-08,Dorset Police,Dorset Police,-1.966526,50.747543,On or near Hospital,E01015407,Poole 005A,Anti-social behaviour,,
,2018-08,Dorset Police,Dorset Police,-1.964843,50.741778,On or near Supermarket,E01015407,Poole 005A,Anti-social behaviour,,
,2018-08,Dorset Police,Dorset Police,-1.966542,50.744135,On or near Warburton Road,E01015407,Poole 005A,Anti-social behaviour,,
,2018-08,Dorset Police,Dorset Police,-1.964843,50.741778,On or near Supermarket,E01015407,Poole 005A,Anti-social behaviour,,
,2018-08,Dorset Police,Dorset Police,-1.965453,50.741445,On or near Parking Area,E01015407,Poole 005A,Anti-social behaviour,,
,2018-08,Dorset Police,Dorset Police,-1.964843,50.741778,On or near Supermarket,E01015407,Poole 005A,Anti-social behaviour,,
,2018-08,Dorset Police,Dorset Police,-1.973843,50.740953,On or near Sports/Recreation Area,E01015407,Poole 005A,Anti-social behaviour,,
,2018-08,Dorset Police,Dorset Police,-1.964843,50.741778,On or near Supermarket,E01015407,Poole 005A,Anti-social behaviour,,
,2018-08,Dorset Police,Dorset Police,-1.972696,50.739703,On or near Learoyd Road,E01015407,Poole 005A,Anti-social behaviour,,
,2018-08,Dorset Police,Dorset Police,-1.964843,50.741778,On or near Supermarket,E01015407,Poole 005A,Anti-social behaviour,,
,2018-08,Dorset Police,Dorset Police,-1.964843,50.741778,On or near Supermarket,E01015407,Poole 005A,Anti-social behaviour,,
,2018-08,Dorset Police,Dorset Police,-1.966526,50.747543,On or near Hospital,E01015407,Poole 005A,Anti-social behaviour,,
,2018-08,Dorset Police,Dorset Police,-1.964347,50.742102,On or near Supermarket,E01015407,Poole 005A,Anti-social behaviour,,
fd4ecaae72aedd63b3b21c6039d6d7ce7251d776521203a228edc81164e37f5c,2018-08,Dorset Police,Dorset Police,-1.973843,50.740953,On or near Sports/Recreation Area,E01015407,Poole 005A,Bicycle theft,Investigation complete; no suspect identified,
d487df12e91d63a8535476cb77d560b62b3fc1ec972019e931c5d834ce978ca1,2018-08,Dorset Police,Dorset Police,-1.973843,50.740953,On or near Sports/Recreation Area,E01015407,Poole 005A,Criminal damage and arson,Investigation complete; no suspect identified,
546aab2a1b42b809f69f0751e482c6ca9315ef917a433200cf934732d74915d5,2018-08,Dorset Police,Dorset Police,-1.965453,50.741445,On or near Parking Area,E01015407,Poole 005A,Criminal damage and arson,Investigation complete; no suspect identified,
d44201878da576b883eeeef868f3a922207e0831710ffdec55896b6082080620,2018-08,Dorset Police,Dorset Police,-1.965268,50.742120,On or near Pedestrian Subway,E01015407,Poole 005A,Criminal damage and arson,Investigation complete; no suspect identified,
5ce26b41ee16062033d09c5e7095ba32765baa72f377a0fd1f77b467b7cb0447,2018-08,Dorset Police,Dorset Police,-1.973843,50.740953,On or near Sports/Recreation Area,E01015407,Poole 005A,Criminal damage and arson,Investigation complete; no suspect identified,
983a089f3babad0a8bf39d78ec8f051e124f1683dc0812953b02fe8cc96c63b0,2018-08,Dorset Police,Dorset Police,-1.964347,50.742102,On or near Supermarket,E01015407,Poole 005A,Criminal damage and arson,Offender given a caution,
26d8da31f0b3a40e4e04843656782b843b5c169d30546e4ec145017eb5f3179b,2018-08,Dorset Police,Dorset Police,-1.972696,50.739703,On or near Learoyd Road,E01015407,Poole 005A,Criminal damage and arson,Investigation complete; no suspect identified,
23f457facd2d406f6b43122ddc33f4ea2f489f25c6c9131a3ab279b70732bd3a,2018-08,Dorset Police,Dorset Police,-1.973843,50.740953,On or near Sports/Recreation Area,E01015407,Poole 005A,Criminal damage and arson,Investigation complete; no suspect identified,
d5b182f1c3baf0f778271170db5955fcbe5ef2395d3ba2071cf83932b1ea9d8d,2018-08,Dorset Police,Dorset Police,-1.965268,50.742120,On or near Pedestrian Subway,E01015407,Poole 005A,Criminal damage and arson,Unable to prosecute suspect,
201ed809ad258bd447346435869582686dba9679816951447cbb57b1a32a92b9,2018-08,Dorset Police,Dorset Police,-1.972696,50.739703,On or near Learoyd Road,E01015407,Poole 005A,Other theft,Local resolution,
9816a665380880494aca63019a7573ed121162207e96a17c7de7a36de18fc7cb,2018-08,Dorset Police,Dorset Police,-1.964347,50.742102,On or near Supermarket,E01015407,Poole 005A,Public order,Local resolution,
cca137d2888011472e5fe75d3a0de3733c6da5a7639d07dcb2ab1b539098f87f,2018-08,Dorset Police,Dorset Police,-1.965321,50.747623,On or near Ashdown Close,E01015407,Poole 005A,Vehicle crime,Investigation complete; no suspect identified,
e1a50b013eb22c80fa183805baaae6a97e5030d4f9e4b39f83895f8391d6cd62,2018-08,Dorset Police,Dorset Police,-1.966530,50.740726,On or near Tait Close,E01015407,Poole 005A,Violence and sexual offences,Investigation complete; no suspect identified,
5e73234b4c4f9a705a21474bb5080c11f0f8e2c95129fa5ab2f83a04d920f33d,2018-08,Dorset Police,Dorset Police,-1.965321,50.747623,On or near Ashdown Close,E01015407,Poole 005A,Violence and sexual offences,Formal action is not in the public interest,
e1953b39d4bc3f0ebf7b19af8bd3a238603c14a557aa397790d85d3ec75f8e6e,2018-08,Dorset Police,Dorset Police,-1.964347,50.742102,On or near Supermarket,E01015407,Poole 005A,Violence and sexual offences,Unable to prosecute suspect,
149fdd7b06152c19c57f0f72e0b16ad02ff8b061066bee996fc3ba036ec2bdef,2018-08,Dorset Police,Dorset Police,-1.964843,50.741778,On or near Supermarket,E01015407,Poole 005A,Violence and sexual offences,Unable to prosecute suspect,
7d0fe3fd1ba59bc70f83198e710cc972d7f94ff343a747dd8144fac12749412c,2018-08,Dorset Police,Dorset Police,-1.964843,50.741778,On or near Supermarket,E01015407,Poole 005A,Violence and sexual offences,Unable to prosecute suspect,
9c0d8952a31c01a3115c62faa07eff084082a74aa8df5ce94cb5eba99c44d024,2018-08,Dorset Police,Dorset Police,-1.966526,50.747543,On or near Hospital,E01015407,Poole 005A,Violence and sexual offences,Offender given community sentence,
87058ea566dfeae4eed657a241f4d8a3adb6ec776eca1baa8465962446a689c2,2018-08,Dorset Police,Dorset Police,-1.966530,50.740726,On or near Tait Close,E01015407,Poole 005A,Violence and sexual offences,Investigation complete; no suspect identified,
,2018-08,Dorset Police,Dorset Police,-1.964586,50.744934,On or near Beamish Road,E01015408,Poole 005B,Anti-social behaviour,,
,2018-08,Dorset Police,Dorset Police,-1.962901,50.742119,On or near Mitchell Road,E01015408,Poole 005B,Anti-social behaviour,,
,2018-08,Dorset Police,Dorset Police,-1.962901,50.742119,On or near Mitchell Road,E01015408,Poole 005B,Anti-social behaviour,,
,2018-08,Dorset Police,Dorset Police,-1.962038,50.740131,On or near Aaron Close,E01015408,Poole 005B,Anti-social behaviour,,
8f8cef0c3df88037df660551dae51ff1d63305596a7b80078718794bdfb9eb75,2018-08,Dorset Police,Dorset Police,-1.962179,50.741588,On or near Kelly Close,E01015408,Poole 005B,Burglary,Investigation complete; no suspect identified,
2f95cfca65835fe40a76493282917fe26b31bca86f2cac3b3fdef44b813a4d04,2018-08,Dorset Police,Dorset Police,-1.961100,50.743710,On or near Gray Close,E01015408,Poole 005B,Burglary,Investigation complete; no suspect identified,
5071e4008536e2664ed6b3c911cd57d7eaa3f2c0b22d810d262a22ee4b9cda80,2018-08,Dorset Police,Dorset Police,-1.962305,50.742964,On or near Samples Way,E01015408,Poole 005B,Criminal damage and arson,Investigation complete; no suspect identified,
9feb1e9d211dfb85c61f9332717739e30f178a7b7cd7716b040c7fe3088e9a0f,2018-08,Dorset Police,Dorset Police,-1.964586,50.744934,On or near Beamish Road,E01015408,Poole 005B,Vehicle crime,Investigation complete; no suspect identified,
,2018-08,Dorset Police,Dorset Police,-1.957463,50.753394,On or near Dewlish Close,E01015409,Poole 005C,Anti-social behaviour,,
,2018-08,Dorset Police,Dorset Police,-1.957463,50.753394,On or near Dewlish Close,E01015409,Poole 005C,Anti-social behaviour,,
,2018-08,Dorset Police,Dorset Police,-1.960584,50.750356,On or near Warmwell Close,E01015409,Poole 005C,Anti-social behaviour,,
,2018-08,Dorset Police,Dorset Police,-1.957097,50.750723,On or near Henbury Close,E01015409,Poole 005C,Anti-social behaviour,,
,2018-08,Dorset Police,Dorset Police,-1.960584,50.750356,On or near Warmwell Close,E01015409,Poole 005C,Anti-social behaviour,,
,2018-08,Dorset Police,Dorset Police,-1.954913,50.751990,On or near Hooke Close,E01015409,Poole 005C,Anti-social behaviour,,
,2018-08,Dorset Police,Dorset Police,-1.960087,50.752397,On or near Chaldon Road,E01015409,Poole 005C,Anti-social behaviour,,
,2018-08,Dorset Police,Dorset Police,-1.960584,50.750356,On or near Warmwell Close,E01015409,Poole 005C,Anti-social behaviour,,
,2018-08,Dorset Police,Dorset Police,-1.960584,50.750356,On or near Warmwell Close,E01015409,Poole 005C,Anti-social behaviour,,
,2018-08,Dorset Police,Dorset Police,-1.957463,50.753394,On or near Dewlish Close,E01015409,Poole 005C,Anti-social behaviour,,
,2018-08,Dorset Police,Dorset Police,-1.960584,50.750356,On or near Warmwell Close,E01015409,Poole 005C,Anti-social behaviour,,
,2018-08,Dorset Police,Dorset Police,-1.957463,50.753394,On or near Dewlish Close,E01015409,Poole 005C,Anti-social behaviour,,
,2018-08,Dorset Police,Dorset Police,-1.960087,50.752397,On or near Chaldon Road,E01015409,Poole 005C,Anti-social behaviour,,
,2018-08,Dorset Police,Dorset Police,-1.957463,50.753394,On or near Dewlish Close,E01015409,Poole 005C,Anti-social behaviour,,
3b550f9f5a3f7dd9d3169d83a5d6a808446070009aa983a65ece4274fd8190b8,2018-08,Dorset Police,Dorset Police,-1.960584,50.750356,On or near Warmwell Close,E01015409,Poole 005C,Criminal damage and arson,Status update unavailable,
743266b167a6c42dcacb334eb023e1b0533b8a58097d45e6dcfa2cbe4555ace7,2018-08,Dorset Police,Dorset Police,-1.957463,50.753394,On or near Dewlish Close,E01015409,Poole 005C,Criminal damage and arson,Unable to prosecute suspect,
15acc6085fe64d73018bca05d81031d1428d6dcab75ee609ed1264813a344f6e,2018-08,Dorset Police,Dorset Police,-1.957463,50.753394,On or near Dewlish Close,E01015409,Poole 005C,Criminal damage and arson,Investigation complete; no suspect identified,
06b7075fe133c2395575f0cff93b2a722cfef6258a22e7af3adb7d28d2a25db2,2018-08,Dorset Police,Dorset Police,-1.957463,50.753394,On or near Dewlish Close,E01015409,Poole 005C,Criminal damage and arson,Investigation complete; no suspect identified,
2be9d4793cce0a5661d43f608214387c2fafca77dc896a902a3b23b7f8cd14fb,2018-08,Dorset Police,Dorset Police,-1.961733,50.749565,On or near Herstone Close,E01015409,Poole 005C,Criminal damage and arson,Investigation complete; no suspect identified,
3305ed363ae5018fdde709f2966f5c69f7b483221ca26d34bea344df036cbcdb,2018-08,Dorset Police,Dorset Police,-1.957463,50.753394,On or near Dewlish Close,E01015409,Poole 005C,Public order,Unable to prosecute suspect,
36cfa043fa77ae9431bf7423e557743605f4ad1f446479032d593b6cd1c80342,2018-08,Dorset Police,Dorset Police,-1.957904,50.752252,On or near Radipole Road,E01015409,Poole 005C,Violence and sexual offences,Unable to prosecute suspect,
ba6a88dfcd57eb52cfc5a1df3f041813b2fad6fbed9f738415723805dae3879e,2018-08,Dorset Police,Dorset Police,-1.957097,50.750723,On or near Henbury Close,E01015409,Poole 005C,Violence and sexual offences,Unable to prosecute suspect,
90b92ea7763e1b3daeb6802200bb7be011336ece8e74e955402aa018c7110626,2018-08,Dorset Police,Dorset Police,-1.960584,50.750356,On or near Warmwell Close,E01015409,Poole 005C,Violence and sexual offences,Investigation complete; no suspect identified,
,2018-08,Dorset Police,Dorset Police,-1.956290,50.749617,On or near Seatown Close,E01015410,Poole 005D,Anti-social behaviour,,
,2018-08,Dorset Police,Dorset Police,-1.954377,50.749589,On or near Godmanston Close,E01015410,Poole 005D,Anti-social behaviour,,
,2018-08,Dorset Police,Dorset Police,-1.954377,50.749589,On or near Godmanston Close,E01015410,Poole 005D,Anti-social behaviour,,
17e11184251b0bd85d8e9eb70e334ce79a44b95e4199057d652f69fcaee87a5e,2018-08,Dorset Police,Dorset Police,-1.955169,50.750552,On or near Southbrook Close,E01015410,Poole 005D,Burglary,Offender given suspended prison sentence,
e8d0d59e30f3f04eb7733814711d0fb19fb78a54855269fb89ccd0dc042b1fea,2018-08,Dorset Police,Dorset Police,-1.956290,50.749617,On or near Seatown Close,E01015410,Poole 005D,Other theft,Unable to prosecute suspect,
a86ab6ba01bb9935304814ef5479e72fdbecdec8d57991fd97cc2cb08dcb6a2b,2018-08,Dorset Police,Dorset Police,-1.956290,50.749617,On or near Seatown Close,E01015410,Poole 005D,Vehicle crime,Investigation complete; no suspect identified,
60e4c80c8e4d45abe396a61efdba2cc499c4d5b2e5c688e2acaf14768f7ab6e0,2018-08,Dorset Police,Dorset Police,-1.951269,50.752582,On or near Stockbridge Close,E01015410,Poole 005D,Violence and sexual offences,Unable to prosecute suspect,
4e75df1a8aed298e9eed544282d9e519bd11d287428d58b6a57bfcbd95c1a738,2018-08,Dorset Police,Dorset Police,-1.954377,50.749589,On or near Godmanston Close,E01015410,Poole 005D,Violence and sexual offences,Unable to prosecute suspect,
c68f7e07055abdcd205564268fdfca7e209e9f3d671617e7bc73aef359c5bb47,2018-08,Dorset Police,Dorset Police,-1.951269,50.752582,On or near Stockbridge Close,E01015410,Poole 005D,Violence and sexual offences,Unable to prosecute suspect,
,2018-08,Dorset Police,Dorset Police,-1.955913,50.743430,On or near Dorset Way,E01015411,Poole 005E,Anti-social behaviour,,
,2018-08,Dorset Police,Dorset Police,-1.959692,50.749429,On or near Bovington Close,E01015411,Poole 005E,Anti-social behaviour,,
,2018-08,Dorset Police,Dorset Police,-1.955913,50.743430,On or near Dorset Way,E01015411,Poole 005E,Anti-social behaviour,,
,2018-08,Dorset Police,Dorset Police,-1.955913,50.743430,On or near Dorset Way,E01015411,Poole 005E,Anti-social behaviour,,
,2018-08,Dorset Police,Dorset Police,-1.959692,50.749429,On or near Bovington Close,E01015411,Poole 005E,Anti-social behaviour,,
,2018-08,Dorset Police,Dorset Police,-1.959692,50.749429,On or near Bovington Close,E01015411,Poole 005E,Anti-social behaviour,,
,2018-08,Dorset Police,Dorset Police,-1.958048,50.749653,On or near Chetnole Close,E01015411,Poole 005E,Anti-social behaviour,,
,2018-08,Dorset Police,Dorset Police,-1.958760,50.745859,On or near Verity Crescent,E01015411,Poole 005E,Anti-social behaviour,,
,2018-08,Dorset Police,Dorset Police,-1.958760,50.745859,On or near Verity Crescent,E01015411,Poole 005E,Anti-social behaviour,,
3743052d27a028d90c63e7c4a610225dac1f52e3b47190f3a9d272dfb3bb3864,2018-08,Dorset Police,Dorset Police,-1.955913,50.743430,On or near Dorset Way,E01015411,Poole 005E,Shoplifting,Offender sent to prison,
6921643a5c0f60a9342ca7f3deb7b1e2d0b48e335304765400d3fb87a7f9cf2b,2018-08,Dorset Police,Dorset Police,-1.958760,50.745859,On or near Verity Crescent,E01015411,Poole 005E,Violence and sexual offences,Further investigation is not in the public interest,
f5840f82fd679c5b50a7b330da80bbface890fa0581d00ed312de396f16d8ee7,2018-08,Dorset Police,Dorset Police,-1.958048,50.749653,On or near Chetnole Close,E01015411,Poole 005E,Other crime,Status update unavailable,
64a1299d9393fa9e85697bba32e221825ce59095a768f808d15f852828dd00dc,2018-08,Dorset Police,Dorset Police,-1.958760,50.745859,On or near Verity Crescent,E01015411,Poole 005E,Other crime,Status update unavailable,
,2018-08,Dorset Police,Dorset Police,-2.000444,50.743204,On or near Borley Road,E01015417,Poole 006A,Anti-social behaviour,,
,2018-08,Dorset Police,Dorset Police,-1.999707,50.742566,On or near Benmoor Road,E01015417,Poole 006A,Anti-social behaviour,,
,2018-08,Dorset Police,Dorset Police,-2.001705,50.739211,On or near Sports/Recreation Area,E01015417,Poole 006A,Anti-social behaviour,,
,2018-08,Dorset Police,Dorset Police,-1.999197,50.738906,On or near Millfield,E01015417,Poole 006A,Anti-social behaviour,,
,2018-08,Dorset Police,Dorset Police,-1.997595,50.740443,On or near Pilgrims Way,E01015417,Poole 006A,Anti-social behaviour,,
,2018-08,Dorset Police,Dorset Police,-1.999197,50.738906,On or near Millfield,E01015417,Poole 006A,Anti-social behaviour,,
c57ac8a7b7b98de329eaceab223c0a1c1d31650e808bd8f6ff811778f20f7323,2018-08,Dorset Police,Dorset Police,-1.999197,50.738906,On or near Millfield,E01015417,Poole 006A,Burglary,Unable to prosecute suspect,
3a9254fac728f50fd90aad0bc20f02067446b9e658a2b4a00beea476e57c1ac7,2018-08,Dorset Police,Dorset Police,-1.994605,50.739337,On or near Hazlebury Road,E01015417,Poole 006A,Criminal damage and arson,Offender given a caution,
808b8ce6805b3b5b804edcfc41fad54c4c524c194a430b11b790be28ad45aa43,2018-08,Dorset Police,Dorset Police,-1.997595,50.740443,On or near Pilgrims Way,E01015417,Poole 006A,Other theft,Investigation complete; no suspect identified,
2a66920d24235fbf630c802ec96cdbe4702c73af141902f66f8756446c92353c,2018-08,Dorset Police,Dorset Police,-1.999353,50.743015,On or near Supermarket,E01015417,Poole 006A,Shoplifting,Unable to prosecute suspect,
e222f214f925fa004b87626419b3bd2642821120fe24953285c7f133179cd562,2018-08,Dorset Police,Dorset Police,-1.999707,50.742566,On or near Benmoor Road,E01015417,Poole 006A,Vehicle crime,Investigation complete; no suspect identified,
611012987d6d75df5997afc9ef30037b8790025c20e148c8201e3d49a14e5d39,2018-08,Dorset Police,Dorset Police,-1.994534,50.742332,On or near Holyrood Close,E01015417,Poole 006A,Violence and sexual offences,Formal action is not in the public interest,
716988f840ec778d9e7e4450725a72add0ed0721ec7723ce06af1e98777bb2af,2018-08,Dorset Police,Dorset Police,-1.999707,50.742566,On or near Benmoor Road,E01015417,Poole 006A,Violence and sexual offences,Unable to prosecute suspect,
f2092424f08867199bdbc633f7456180f0a8cc86f521034d4d94087de9f3efd5,2018-08,Dorset Police,Dorset Police,-1.999707,50.742566,On or near Benmoor Road,E01015417,Poole 006A,Violence and sexual offences,Unable to prosecute suspect,
,2018-08,Dorset Police,Dorset Police,-2.006793,50.743689,On or near Swallow Close,E01015418,Poole 006B,Anti-social behaviour,,
,2018-08,Dorset Police,Dorset Police,-2.003519,50.743168,On or near Pinetree Walk,E01015418,Poole 006B,Anti-social behaviour,,
,2018-08,Dorset Police,Dorset Police,-2.003519,50.743168,On or near Pinetree Walk,E01015418,Poole 006B,Anti-social behaviour,,
,2018-08,Dorset Police,Dorset Police,-2.003519,50.743168,On or near Pinetree Walk,E01015418,Poole 006B,Anti-social behaviour,,
,2018-08,Dorset Police,Dorset Police,-2.003519,50.743168,On or near Pinetree Walk,E01015418,Poole 006B,Anti-social behaviour,,
,2018-08,Dorset Police,Dorset Police,-2.001252,50.744418,On or near Priors Road,E01015418,Poole 006B,Anti-social behaviour,,
,2018-08,Dorset Police,Dorset Police,-2.009300,50.735083,On or near Park/Open Space,E01015418,Poole 006B,Anti-social behaviour,,
,2018-08,Dorset Police,Dorset Police,-2.009300,50.735083,On or near Park/Open Space,E01015418,Poole 006B,Anti-social behaviour,,
721453aac597e85d10903b94f79511fd778ac760308e7b67ca5e572e285e384e,2018-08,Dorset Police,Dorset Police,-2.002896,50.740659,On or near Northmead Drive,E01015418,Poole 006B,Burglary,Suspect charged as part of another case,
54edf659671858c985e4777f28e3a3e1b46db89de65636637e4ba95928b0cd63,2018-08,Dorset Police,Dorset Police,-2.006793,50.743689,On or near Swallow Close,E01015418,Poole 006B,Criminal damage and arson,Status update unavailable,
7ef0b68541941a3e6a3a22019f1329e673b9d56dd232a7ea59157f1648d941d8,2018-08,Dorset Police,Dorset Police,-2.005673,50.741252,On or near Nuthatch Close,E01015418,Poole 006B,Criminal damage and arson,Unable to prosecute suspect,
714e917c957b411a0658960032f351c64833c40bfc8f0deba9fa824ea2c3b15e,2018-08,Dorset Police,Dorset Police,-2.010847,50.745074,On or near Meadowsweet Road,E01015418,Poole 006B,Criminal damage and arson,Unable to prosecute suspect,
f66ed1ab1e48ae048cbd61d45f55d54df141fd41a9f3f71259d115d81cee7562,2018-08,Dorset Police,Dorset Police,-2.009300,50.735083,On or near Park/Open Space,E01015418,Poole 006B,Other theft,Investigation complete; no suspect identified,
f3bc3f1358aecad082ff0b25187978d96a6618d08df52e721aecc41db033777d,2018-08,Dorset Police,Dorset Police,-2.009300,50.735083,On or near Park/Open Space,E01015418,Poole 006B,Other theft,Investigation complete; no suspect identified,
cc91c15c4fedf3f79d0eac6c6b70d13099b7669a54aa9f78546379b31a8dd2a1,2018-08,Dorset Police,Dorset Police,-2.009300,50.735083,On or near Park/Open Space,E01015418,Poole 006B,Other theft,Investigation complete; no suspect identified,
319260b6e3c4dad17400f5b3d8d0ddef5437852175eb3d2538e24e25da7f4de4,2018-08,Dorset Police,Dorset Police,-2.009300,50.735083,On or near Park/Open Space,E01015418,Poole 006B,Other theft,Investigation complete; no suspect identified,
9aa8393ce7d85479a4f27f10384f7c07025446c2c86e5ab22a1a9871f2d14701,2018-08,Dorset Police,Dorset Police,-2.005673,50.741252,On or near Nuthatch Close,E01015418,Poole 006B,Violence and sexual offences,Unable to prosecute suspect,
,2018-08,Dorset Police,Dorset Police,-2.000274,50.749103,On or near Renault Drive,E01015419,Poole 006C,Anti-social behaviour,,
,2018-08,Dorset Police,Dorset Police,-2.005405,50.746603,On or near Honeysuckle Lane,E01015419,Poole 006C,Anti-social behaviour,,
,2018-08,Dorset Police,Dorset Police,-2.005405,50.746603,On or near Honeysuckle Lane,E01015419,Poole 006C,Anti-social behaviour,,
e37c6cbba5f4ec41b92a4b32d6bb40947e29e50660222f53a1b876281fe9ace1,2018-08,Dorset Police,Dorset Police,-2.004101,50.750560,On or near Chaffinch Close,E01015419,Poole 006C,Criminal damage and arson,Investigation complete; no suspect identified,
6293a71966ae5583fa1ced4363b65aa6da71f666226acc1e88ccfe82ebe64ab5,2018-08,Dorset Police,Dorset Police,-2.005731,50.748662,On or near Beechbank Avenue,E01015419,Poole 006C,Public order,Unable to prosecute suspect,
a831c88e681be5ef7b296709c5bf3dc336a1bb0f59135114ae140445db2458cb,2018-08,Dorset Police,Dorset Police,-2.006397,50.749112,On or near Hawthorn Drive,E01015419,Poole 006C,Violence and sexual offences,Unable to prosecute suspect,
b1a70b86fdde06d89fe3528cd890a0ea37514230af93186b082ffdf80f759bff,2018-08,Dorset Police,Dorset Police,-2.005405,50.746603,On or near Honeysuckle Lane,E01015419,Poole 006C,Other crime,Investigation complete; no suspect identified,
,2018-08,Dorset Police,Dorset Police,-1.997099,50.748869,On or near Rugby Road,E01015420,Poole 006D,Anti-social behaviour,,
462c0f05ddd4ef8e6175baabcda728d61c19c05ef987c08356a7b1296a543540,2018-08,Dorset Police,Dorset Police,-1.994732,50.748141,On or near Gort Road,E01015420,Poole 006D,Criminal damage and arson,Investigation complete; no suspect identified,
66ce5b5d9020277fce718fdf823e733a5a7179bd489b76b9b315844bd36f9e45,2018-08,Dorset Police,Dorset Police,-1.992591,50.751153,On or near Hastings Road,E01015420,Poole 006D,Possession of weapons,Defendant found not guilty,
ce8c6a3d76e772645efd21cb36f3740bd61c4ba0d9ff48bf0d357df271f44ca9,2018-08,Dorset Police,Dorset Police,-1.996645,50.751396,On or near Wetherby Close,E01015420,Poole 006D,Violence and sexual offences,Unable to prosecute suspect,
,2018-08,Dorset Police,Dorset Police,-1.989532,50.740542,On or near Supermarket,E01015421,Poole 006E,Anti-social behaviour,,
,2018-08,Dorset Police,Dorset Police,-1.989532,50.740542,On or near Supermarket,E01015421,Poole 006E,Anti-social behaviour,,
,2018-08,Dorset Police,Dorset Police,-1.986128,50.750065,On or near Hilary Road,E01015421,Poole 006E,Anti-social behaviour,,
,2018-08,Dorset Police,Dorset Police,-1.998261,50.749517,On or near Mead Close,E01015421,Poole 006E,Anti-social behaviour,,
,2018-08,Dorset Police,Dorset Police,-1.989842,50.749229,On or near Milne Road,E01015421,Poole 006E,Anti-social behaviour,,
,2018-08,Dorset Police,Dorset Police,-1.991374,50.741333,On or near Broadstone Way,E01015421,Poole 006E,Anti-social behaviour,,
,2018-08,Dorset Police,Dorset Police,-1.988084,50.747412,On or near Underwood Close,E01015421,Poole 006E,Anti-social behaviour,,
e8c26a52ef12ec96d0ae3844e22e562a57bf1b899507d499cdbfbc2d27f57e9e,2018-08,Dorset Police,Dorset Police,-1.988084,50.747412,On or near Underwood Close,E01015421,Poole 006E,Bicycle theft,Investigation complete; no suspect identified,
96b4e0b05ed95604430181fbb2394be960aba67e70419c0d00ebc60a9607e43e,2018-08,Dorset Police,Dorset Police,-1.990581,50.737790,On or near A3049,E01015421,Poole 006E,Burglary,Investigation complete; no suspect identified,
e8aefc9ab73dba7f782e6628fbd4a062c39cad55e25fc7f0f95f088a66bea71d,2018-08,Dorset Police,Dorset Police,-1.989842,50.749229,On or near Milne Road,E01015421,Poole 006E,Criminal damage and arson,Investigation complete; no suspect identified,
1fb24978b025043897204f61e35807784398d4f942494946f6ba7bf93b6480fb,2018-08,Dorset Police,Dorset Police,-1.989532,50.740542,On or near Supermarket,E01015421,Poole 006E,Other theft,Unable to prosecute suspect,
fae606247699ee173689016f1ae3bc6180f4b5a41be242b615ab429ee328731c,2018-08,Dorset Police,Dorset Police,-1.988197,50.748923,On or near Marshal Road,E01015421,Poole 006E,Vehicle crime,Investigation complete; no suspect identified,
b378fbb6741e00012d54ec418d01796d9aca6e8b993f77692f9bdd2982e5dd6d,2018-08,Dorset Police,Dorset Police,-1.994392,50.747475,On or near Plumer Road,E01015421,Poole 006E,Violence and sexual offences,Unable to prosecute suspect,
,2018-08,Dorset Police,Dorset Police,-2.010563,50.742961,On or near Blackbird Close,E01015422,Poole 006F,Anti-social behaviour,,
3e9f175193c5ff4f1cb057859d900e4fc096aa55f7e73a8ca9d00d9366af3be2,2018-08,Dorset Police,Dorset Police,-2.009615,50.747484,On or near Rowan Drive,E01015422,Poole 006F,Vehicle crime,Investigation complete; no suspect identified,
93f7165385f9840f71dec8fe39e1b4d3a5c8b67f49e2e48cd4895012e306b628,2018-08,Dorset Police,Dorset Police,-2.008069,50.744822,On or near Linnet Road,E01015422,Poole 006F,Violence and sexual offences,Unable to prosecute suspect,
d60625e3eb1e75274e25508c54ba6ed915ede2750f5d191314e365c2d0cf2af6,2018-08,Dorset Police,Dorset Police,-2.008069,50.744822,On or near Linnet Road,E01015422,Poole 006F,Violence and sexual offences,Unable to prosecute suspect,
,2018-08,Dorset Police,Dorset Police,-1.936963,50.744338,On or near Berkeley Avenue,E01015380,Poole 007A,Anti-social behaviour,,
,2018-08,Dorset Police,Dorset Police,-1.927350,50.746734,On or near Plemont Close,E01015380,Poole 007A,Anti-social behaviour,,
3822e052ec935d92df849177871602b69ad35a98015f60b20a6c3fdee415323b,2018-08,Dorset Police,Dorset Police,-1.943010,50.748226,On or near Thrush Road,E01015380,Poole 007A,Burglary,Unable to prosecute suspect,
47ab6da893e59fa9dbb5f4ef6b63a136aa269f387fe8bb255fcd1dde8c74bb8d,2018-08,Dorset Police,Dorset Police,-1.939594,50.748422,On or near Ringwood Road,E01015380,Poole 007A,Drugs,Status update unavailable,
73ff7b4d817f8ac502323ba94dbe066f5ddcc08185f4278c8fe4d569b91b8155,2018-08,Dorset Police,Dorset Police,-1.934221,50.748950,On or near St Helier Road,E01015380,Poole 007A,Drugs,Offender given community sentence,
5b871f6a39a45d732f6eefdffd6643f9a59db604bd8a6c0ec6507c91be5a7770,2018-08,Dorset Police,Dorset Police,-1.934221,50.748950,On or near St Helier Road,E01015380,Poole 007A,Violence and sexual offences,Offender given community sentence,
bbcc337d595631ca668ef59ff767cdac71388dff037b1be9db0802e4306a2c02,2018-08,Dorset Police,Dorset Police,-1.924369,50.749511,On or near Raleigh Road,E01015381,Poole 007B,Criminal damage and arson,Investigation complete; no suspect identified,
4f65fa9275a5ee65d81dcff2d47519c0c141e0d9a1bde8f978273d74fc477004,2018-08,Dorset Police,Dorset Police,-1.924369,50.749511,On or near Raleigh Road,E01015381,Poole 007B,Criminal damage and arson,Investigation complete; no suspect identified,
dccedb7c7c4912ebea8bfed150945406c9451fb26039c382f811d581fdfe1345,2018-08,Dorset Police,Dorset Police,-1.924369,50.749511,On or near Raleigh Road,E01015381,Poole 007B,Robbery,Investigation complete; no suspect identified,
fff99ad48a04d1b83b236a8cfa8dcd971473ee17d9ebd26efe8e83bef4b3a545,2018-08,Dorset Police,Dorset Police,-1.915985,50.745638,On or near Astbury Avenue,E01015381,Poole 007B,Vehicle crime,Investigation complete; no suspect identified,
6a2a970b3ef266e88ada0bbd252c38e02fe0cf84d33ad4aa61df9466d0dde398,2018-08,Dorset Police,Dorset Police,-1.922217,50.747944,On or near Keyes Close,E01015381,Poole 007B,Violence and sexual offences,Unable to prosecute suspect,
f46a456ab6b926d40a85b0ac6ad51b831fee2545725a7ca2e5fef253b73d008b,2018-08,Dorset Police,Dorset Police,-1.924909,50.748944,On or near Benbow Crescent,E01015381,Poole 007B,Violence and sexual offences,Action to be taken by another organisation,
,2018-08,Dorset Police,Dorset Police,-1.919919,50.740839,On or near Aspen Gardens,E01015382,Poole 007C,Anti-social behaviour,,
,2018-08,Dorset Police,Dorset Police,-1.916913,50.741376,On or near Slepe Crescent,E01015382,Poole 007C,Anti-social behaviour,,
,2018-08,Dorset Police,Dorset Police,-1.915524,50.741429,On or near Broadmayne Road,E01015382,Poole 007C,Anti-social behaviour,,
,2018-08,Dorset Police,Dorset Police,-1.916913,50.741376,On or near Slepe Crescent,E01015382,Poole 007C,Anti-social behaviour,,
,2018-08,Dorset Police,Dorset Police,-1.918293,50.738733,On or near Alder Crescent,E01015382,Poole 007C,Anti-social behaviour,,
,2018-08,Dorset Police,Dorset Police,-1.915524,50.741429,On or near Broadmayne Road,E01015382,Poole 007C,Anti-social behaviour,,
05526cde5a42a704a8a6f6057aa2dcdca7d070c3a7ebd4bc1bc125abe98ae979,2018-08,Dorset Police,Dorset Police,-1.915524,50.741429,On or near Broadmayne Road,E01015382,Poole 007C,Criminal damage and arson,Unable to prosecute suspect,
6f5912d17d6379dc065d6ff7f53c82dd216a1693d20af1dcc7ce5c881067616e,2018-08,Dorset Police,Dorset Police,-1.915524,50.741429,On or near Broadmayne Road,E01015382,Poole 007C,Criminal damage and arson,Investigation complete; no suspect identified,
20a8c014370399809a2b762a24d25e4cabb8ffeaf6c12dc92d8d9ca02cc99c29,2018-08,Dorset Police,Dorset Police,-1.918644,50.740217,On or near Aspen Way,E01015382,Poole 007C,Other theft,Status update unavailable,
6f49baa4b69883b03a56d4953a4f9b62f6fa5835887079a6d752bc8ced02effc,2018-08,Dorset Police,Dorset Police,-1.924055,50.741948,On or near Tollard Close,E01015382,Poole 007C,Possession of weapons,Unable to prosecute suspect,
e53cdd59696b679b5f669878119928112ec27a2eebfcf070c56de205f238c120,2018-08,Dorset Police,Dorset Police,-1.916913,50.741376,On or near Slepe Crescent,E01015382,Poole 007C,Violence and sexual offences,Unable to prosecute suspect,
9312ff4d7415edb9d6b4dbf35970f4e63738b4f98ab29ac08b6115bbd468c028,2018-08,Dorset Police,Dorset Police,-1.916913,50.741376,On or near Slepe Crescent,E01015382,Poole 007C,Violence and sexual offences,Unable to prosecute suspect,
46f7b49c0df44330961e7576c8e33519cccfbbc2f21cfbc3ab42354b807de672,2018-08,Dorset Police,Dorset Police,-1.921975,50.740085,On or near Shillingstone Gardens,E01015382,Poole 007C,Violence and sexual offences,Unable to prosecute suspect,
e8cd44aebc1bbbdb3dfef3e7f54bd572d2923223f428ea6340fd3e0b8edcc0ed,2018-08,Dorset Police,Dorset Police,-1.919919,50.740839,On or near Aspen Gardens,E01015382,Poole 007C,Violence and sexual offences,Unable to prosecute suspect,
6dbe91bfe14a4e923752f763b4fa01731d6bed774b8b17f6d1dfa0c3d61b6d57,2018-08,Dorset Police,Dorset Police,-1.919824,50.737970,On or near Northmere Drive,E01015382,Poole 007C,Violence and sexual offences,Unable to prosecute suspect,
,2018-08,Dorset Police,Dorset Police,-1.907736,50.745605,On or near Talbot Drive,E01015383,Poole 007D,Anti-social behaviour,,
,2018-08,Dorset Police,Dorset Police,-1.908320,50.744067,On or near Talbot Drive,E01015383,Poole 007D,Anti-social behaviour,,
546dac860471ad250214bcb5cafcfb7eacabd30390074b760ec29b30d3a0d1c5,2018-08,Dorset Police,Dorset Police,-1.912188,50.744619,On or near Heathfield Avenue,E01015383,Poole 007D,Other theft,Unable to prosecute suspect,
866787c40d4f31a49e481ee13cca1ec7c4d60468335a509e7e8e9bd032f38a41,2018-08,Dorset Police,Dorset Police,-1.913197,50.742929,On or near Rodney Close,E01015383,Poole 007D,Vehicle crime,Investigation complete; no suspect identified,
b88e92a742dd321d440242561ca299d05d4e65b13ccd93212343760c384f142c,2018-08,Dorset Police,Dorset Police,-1.920569,50.741891,On or near Encombe Close,E01015383,Poole 007D,Vehicle crime,Investigation complete; no suspect identified,
8562017114efcb5013b5856560c35ea414f64ac4edc57999bc59bfc5d2138d1d,2018-08,Dorset Police,Dorset Police,-1.914246,50.743002,On or near South Park Road,E01015383,Poole 007D,Violence and sexual offences,Unable to prosecute suspect,
8562017114efcb5013b5856560c35ea414f64ac4edc57999bc59bfc5d2138d1d,2018-08,Dorset Police,Dorset Police,-1.914246,50.743002,On or near South Park Road,E01015383,Poole 007D,Violence and sexual offences,Status update unavailable,
609b10cfcc6c8e814a24626b1981485fbb90248f93c527c0b0b56d5cbf0e9465,2018-08,Dorset Police,Dorset Police,-1.914246,50.743002,On or near South Park Road,E01015383,Poole 007D,Violence and sexual offences,Unable to prosecute suspect,
23fd4f0b90e00903f69309c2a5b1f0c3f2b9eb5e36eefd7fa007b81384848581,2018-08,Dorset Police,Dorset Police,-1.910971,50.743683,On or near Langside Avenue,E01015383,Poole 007D,Violence and sexual offences,Unable to prosecute suspect,
,2018-08,Dorset Police,Dorset Police,-1.920460,50.739193,On or near Aspen Road,E01015384,Poole 007E,Anti-social behaviour,,
,2018-08,Dorset Police,Dorset Police,-1.920374,50.739832,On or near Cashmoor Close,E01015384,Poole 007E,Anti-social behaviour,,
,2018-08,Dorset Police,Dorset Police,-1.920460,50.739193,On or near Aspen Road,E01015384,Poole 007E,Anti-social behaviour,,
,2018-08,Dorset Police,Dorset Police,-1.928804,50.741456,On or near Milborne Crescent,E01015384,Poole 007E,Anti-social behaviour,,
,2018-08,Dorset Police,Dorset Police,-1.930504,50.741700,On or near Turbary Road,E01015384,Poole 007E,Anti-social behaviour,,
,2018-08,Dorset Police,Dorset Police,-1.920460,50.739193,On or near Aspen Road,E01015384,Poole 007E,Anti-social behaviour,,
,2018-08,Dorset Police,Dorset Police,-1.927543,50.740970,On or near Grange Gardens,E01015384,Poole 007E,Anti-social behaviour,,
58305a3b66669729d917db9e3ae278c4a0cf7b24724cbb52fe4c6132139d28ee,2018-08,Dorset Police,Dorset Police,-1.920460,50.739193,On or near Aspen Road,E01015384,Poole 007E,Bicycle theft,Investigation complete; no suspect identified,
e6ab51f8e4c7f8a5c4946f518dfc11b60880a6f1a56d94a004f093e079bb0d58,2018-08,Dorset Police,Dorset Police,-1.920374,50.739832,On or near Cashmoor Close,E01015384,Poole 007E,Burglary,Investigation complete; no suspect identified,
43debe132698b3cbdd19b42fe2341053edc4654a6d8a6031c1b246826fd9ab9a,2018-08,Dorset Police,Dorset Police,-1.927543,50.740970,On or near Grange Gardens,E01015384,Poole 007E,Vehicle crime,Investigation complete; no suspect identified,
652287b8b063ffe4b14a8b306f89588c0198a7b43c60e8e766c219dc6be0a385,2018-08,Dorset Police,Dorset Police,-1.925959,50.739233,On or near Arne Avenue,E01015384,Poole 007E,Vehicle crime,Investigation complete; no suspect identified,
a0547425521054b56cad35b93de23d2837565e534973697cde3d9a1530456189,2018-08,Dorset Police,Dorset Police,-1.928804,50.741456,On or near Milborne Crescent,E01015384,Poole 007E,Violence and sexual offences,Action to be taken by another organisation,
c920941ba698d19fedb629f57824c61c869b6d1ddd798ac617436f1ecab88bdb,2018-08,Dorset Police,Dorset Police,-1.925959,50.739233,On or near Arne Avenue,E01015384,Poole 007E,Violence and sexual offences,Unable to prosecute suspect,
95a799d1b012e83ed89208604e1eb679147f0a340f9bf2fbb31438bc1e07978e,2018-08,Dorset Police,Dorset Police,-1.926396,50.740249,On or near Melbury Avenue,E01015384,Poole 007E,Violence and sexual offences,Unable to prosecute suspect,
47f44caa6f65681da8361d6ed923045cc3b4fb7a7bdfdb41ff29686e19c3861e,2018-08,Dorset Police,Dorset Police,-1.926396,50.740249,On or near Melbury Avenue,E01015384,Poole 007E,Violence and sexual offences,Unable to prosecute suspect,
,2018-08,Dorset Police,Dorset Police,-1.931952,50.740145,On or near Herbert Avenue,E01015385,Poole 007F,Anti-social behaviour,,
,2018-08,Dorset Police,Dorset Police,-1.931147,50.738364,On or near Buckingham Road,E01015385,Poole 007F,Anti-social behaviour,,
,2018-08,Dorset Police,Dorset Police,-1.926643,50.736832,On or near The Mills,E01015385,Poole 007F,Anti-social behaviour,,
,2018-08,Dorset Police,Dorset Police,-1.921940,50.735768,On or near Boyd Road,E01015385,Poole 007F,Anti-social behaviour,,
,2018-08,Dorset Police,Dorset Police,-1.931147,50.738364,On or near Buckingham Road,E01015385,Poole 007F,Anti-social behaviour,,
,2018-08,Dorset Police,Dorset Police,-1.922603,50.737360,On or near Northmere Road,E01015385,Poole 007F,Anti-social behaviour,,
,2018-08,Dorset Police,Dorset Police,-1.926643,50.736832,On or near The Mills,E01015385,Poole 007F,Anti-social behaviour,,
,2018-08,Dorset Police,Dorset Police,-1.931147,50.738364,On or near Buckingham Road,E01015385,Poole 007F,Anti-social behaviour,,
,2018-08,Dorset Police,Dorset Police,-1.922603,50.737360,On or near Northmere Road,E01015385,Poole 007F,Anti-social behaviour,,
,2018-08,Dorset Police,Dorset Police,-1.923366,50.738692,On or near Arne Crescent,E01015385,Poole 007F,Anti-social behaviour,,
,2018-08,Dorset Police,Dorset Police,-1.926643,50.736832,On or near The Mills,E01015385,Poole 007F,Anti-social behaviour,,
,2018-08,Dorset Police,Dorset Police,-1.923366,50.738692,On or near Arne Crescent,E01015385,Poole 007F,Anti-social behaviour,,
,2018-08,Dorset Police,Dorset Police,-1.923366,50.738692,On or near Arne Crescent,E01015385,Poole 007F,Anti-social behaviour,,
,2018-08,Dorset Police,Dorset Police,-1.931147,50.738364,On or near Buckingham Road,E01015385,Poole 007F,Anti-social behaviour,,
d08c096b1335e6ca82016b98fd8af04d58f1d1c7ad021454a3ef360df63980f0,2018-08,Dorset Police,Dorset Police,-1.933384,50.739399,On or near Apollo Close,E01015385,Poole 007F,Burglary,Investigation complete; no suspect identified,
4dbf03202cdbbfdb823d291f0a62f7a378a3704236246eb26d59c96a45932671,2018-08,Dorset Police,Dorset Police,-1.932209,50.738814,On or near Pembroke Road,E01015385,Poole 007F,Burglary,Unable to prosecute suspect,
5bcafbef8fb8c6e761e74c434be1ff5dd0b0d87ad96dc138ec3fac09da2ec27b,2018-08,Dorset Police,Dorset Police,-1.933384,50.739399,On or near Apollo Close,E01015385,Poole 007F,Burglary,Unable to prosecute suspect,
654be90de5e794e523780a0cde7ac28a1b0107aa045019c02fc22377f533d1e0,2018-08,Dorset Police,Dorset Police,-1.931147,50.738364,On or near Buckingham Road,E01015385,Poole 007F,Burglary,Investigation complete; no suspect identified,
056a5451a6c632fd14a1402c267e0321a90075306c415cfe6a0aa8f87e805656,2018-08,Dorset Police,Dorset Police,-1.932209,50.738814,On or near Pembroke Road,E01015385,Poole 007F,Criminal damage and arson,Local resolution,
c989a8a9e2da95f28988dad4d870200241e47a41f9ecef6975e8bb2cf8bd490a,2018-08,Dorset Police,Dorset Police,-1.931952,50.740145,On or near Herbert Avenue,E01015385,Poole 007F,Criminal damage and arson,Status update unavailable,
488c2e0eaa64c55d4be1f217cf31ae066911dd6066cb24c9dbd76ebb2d02c1c5,2018-08,Dorset Police,Dorset Police,-1.933384,50.739399,On or near Apollo Close,E01015385,Poole 007F,Other theft,Investigation complete; no suspect identified,
06679f6f1e53ccc0ee31e303078dc8c2fb459ea9c5d16bc2793f23defb0393ca,2018-08,Dorset Police,Dorset Police,-1.929122,50.737409,On or near Sports/Recreation Area,E01015385,Poole 007F,Other theft,Investigation complete; no suspect identified,
4c6177ece8e971d90af79d833983373b55a4cd8c93b42eeb7d0295b15c0914c1,2018-08,Dorset Police,Dorset Police,-1.931147,50.738364,On or near Buckingham Road,E01015385,Poole 007F,Public order,Unable to prosecute suspect,
57a47bfe8c0a1a44ce7ec5bf105d9aa8a1f3d93e706961954f2bc9ff559684b0,2018-08,Dorset Police,Dorset Police,-1.932209,50.738814,On or near Pembroke Road,E01015385,Poole 007F,Violence and sexual offences,Local resolution,
d66d3c9071fc381b36e98df6c5e92188f08e3e43a768994a0b99d806e8b07159,2018-08,Dorset Police,Dorset Police,-1.929122,50.737409,On or near Sports/Recreation Area,E01015385,Poole 007F,Violence and sexual offences,Unable to prosecute suspect,
8b4e0ad47ad00ce5572933703d8b04191f21a7b07dded7043ef26663ea7fca55,2018-08,Dorset Police,Dorset Police,-1.932209,50.738814,On or near Pembroke Road,E01015385,Poole 007F,Violence and sexual offences,Unable to prosecute suspect,
,2018-08,Dorset Police,Dorset Police,-1.939005,50.732613,On or near Lucas Road,E01015438,Poole 008A,Anti-social behaviour,,
,2018-08,Dorset Police,Dorset Police,-1.942177,50.734341,On or near Livingstone Road,E01015438,Poole 008A,Anti-social behaviour,,
b2899c6aff54232f98cdd7b2c1ff75e65e7a21b4dd37de83431a82f6e4193ae1,2018-08,Dorset Police,Dorset Police,-1.939644,50.731390,On or near Creech Road,E01015438,Poole 008A,Criminal damage and arson,Investigation complete; no suspect identified,
50fe3bb0e081d1c82d11cb0790833047855e739dffa5acfa9c98ea6f62f00da2,2018-08,Dorset Police,Dorset Police,-1.940819,50.732407,On or near Victoria Road,E01015438,Poole 008A,Criminal damage and arson,Investigation complete; no suspect identified,
1332d9576b4ff76be07cd7c092e1bb911b3912ec8e4ea6a6bb803a41915f5fbe,2018-08,Dorset Police,Dorset Police,-1.945238,50.734190,On or near Sylvan Road,E01015438,Poole 008A,Vehicle crime,Unable to prosecute suspect,
299b2f04b879ec8373c15e5a6d94a2e916bb00601fdd16f98c2b0f6f7427ecf6,2018-08,Dorset Police,Dorset Police,-1.939502,50.731813,On or near Cheltenham Road,E01015438,Poole 008A,Violence and sexual offences,Unable to prosecute suspect,
,2018-08,Dorset Police,Dorset Police,-1.948990,50.736898,On or near Sports/Recreation Area,E01015439,Poole 008B,Anti-social behaviour,,
,2018-08,Dorset Police,Dorset Police,-1.946832,50.740135,On or near Rosemary Gardens,E01015439,Poole 008B,Anti-social behaviour,,
,2018-08,Dorset Police,Dorset Police,-1.952193,50.736720,On or near St Clements Road,E01015439,Poole 008B,Anti-social behaviour,,
,2018-08,Dorset Police,Dorset Police,-1.948990,50.736898,On or near Sports/Recreation Area,E01015439,Poole 008B,Anti-social behaviour,,
,2018-08,Dorset Police,Dorset Police,-1.953079,50.743006,On or near Innovation Close,E01015439,Poole 008B,Anti-social behaviour,,
,2018-08,Dorset Police,Dorset Police,-1.949815,50.733427,On or near Wayne Road,E01015439,Poole 008B,Anti-social behaviour,,
fcbccb8fcf530084697e71f50ab09065a5bcec0a1bacb6bebd62cbdf4246acee,2018-08,Dorset Police,Dorset Police,-1.949113,50.740567,On or near Shopping Area,E01015439,Poole 008B,Burglary,Unable to prosecute suspect,
36d13c7858e39b61347998383250c630c5f59570c188b613bbf0a3ba692fa017,2018-08,Dorset Police,Dorset Police,-1.949113,50.740567,On or near Shopping Area,E01015439,Poole 008B,Burglary,Investigation complete; no suspect identified,
7182337c6b1614e6f9d21d28bb591abe4428a7b00b5cbe5475c68222bb281f2d,2018-08,Dorset Police,Dorset Police,-1.949113,50.740567,On or near Shopping Area,E01015439,Poole 008B,Burglary,Investigation complete; no suspect identified,
87bbf256b2e006dcf8febc6b68d61b8786ea965c83490c450a1990ac3dbff23f,2018-08,Dorset Police,Dorset Police,-1.946832,50.740135,On or near Rosemary Gardens,E01015439,Poole 008B,Criminal damage and arson,Investigation complete; no suspect identified,
2c3ab773f9a0faa8cbff1e8dda848492e03dd97fa5f8fe663eb3721f44ca97f2,2018-08,Dorset Police,Dorset Police,-1.949113,50.740567,On or near Shopping Area,E01015439,Poole 008B,Other theft,Investigation complete; no suspect identified,
170edbcbab49c70b6e99cc30b6c21d5e266f09cd787391d105244fe523f3f54b,2018-08,Dorset Police,Dorset Police,-1.949113,50.740567,On or near Shopping Area,E01015439,Poole 008B,Other theft,Investigation complete; no suspect identified,
bb2375ef70b8feff0dd72ff787a099c9b48791f1b5dfd2789bf58a03496e7541,2018-08,Dorset Police,Dorset Police,-1.949113,50.740567,On or near Shopping Area,E01015439,Poole 008B,Shoplifting,Investigation complete; no suspect identified,
d01067c33ad981c32d4b4dd94084b72f2a9c334877aaedf3eacd35efab636ca8,2018-08,Dorset Police,Dorset Police,-1.948990,50.736898,On or near Sports/Recreation Area,E01015439,Poole 008B,Vehicle crime,Status update unavailable,
49fa5dffebfb54ad2be65887ac466d5063c79f2b403b7480e3c34d5539754ffb,2018-08,Dorset Police,Dorset Police,-1.949113,50.740567,On or near Shopping Area,E01015439,Poole 008B,Vehicle crime,Investigation complete; no suspect identified,
a6e56d9ddd07b4ca5a497da02f7f42b8f24aeadd7f1407cb9ce8c071612435ab,2018-08,Dorset Police,Dorset Police,-1.947995,50.739317,On or near Cynthia Close,E01015439,Poole 008B,Violence and sexual offences,Unable to prosecute suspect,
cef7c78d835604843a4073918b67e9a544a64a3718ce4d1c0173952c4cdf71fa,2018-08,Dorset Police,Dorset Police,-1.949446,50.734282,On or near Grove Road,E01015439,Poole 008B,Violence and sexual offences,Unable to prosecute suspect,
767715bfeb8dfb344266cd51f36e13880b78a05f3df73312d0ee70a8849ab9be,2018-08,Dorset Police,Dorset Police,-1.947995,50.739317,On or near Cynthia Close,E01015439,Poole 008B,Violence and sexual offences,Unable to prosecute suspect,
7d924be4157dfb4ab08ae4525983b289a2f2fd2b529ad138c5f62022853d36e7,2018-08,Dorset Police,Dorset Police,-1.947995,50.739317,On or near Cynthia Close,E01015439,Poole 008B,Violence and sexual offences,Unable to prosecute suspect,
160f4283f24a40c927425762315a4f848fb32803d69bdbd4213762dfc28c9bf2,2018-08,Dorset Police,Dorset Police,-1.950270,50.732420,On or near Croft Road,E01015439,Poole 008B,Violence and sexual offences,Unable to prosecute suspect,
7ec44cc920b3392a710622eab2a548e4212c21ee22dacc9e5473267281f83aa9,2018-08,Dorset Police,Dorset Police,-1.949113,50.740567,On or near Shopping Area,E01015439,Poole 008B,Violence and sexual offences,Investigation complete; no suspect identified,
c3eda614c89f1cbd2125790d3b0e867ea19b8a96a2a05e95811e07e7c126f689,2018-08,Dorset Police,Dorset Police,-1.946832,50.740135,On or near Rosemary Gardens,E01015439,Poole 008B,Violence and sexual offences,Unable to prosecute suspect,
,2018-08,Dorset Police,Dorset Police,-1.942169,50.729476,On or near Consort Close,E01015441,Poole 008C,Anti-social behaviour,,
,2018-08,Dorset Police,Dorset Police,-1.942165,50.732525,On or near Crest Road,E01015441,Poole 008C,Anti-social behaviour,,
,2018-08,Dorset Police,Dorset Police,-1.942169,50.729476,On or near Consort Close,E01015441,Poole 008C,Anti-social behaviour,,
,2018-08,Dorset Police,Dorset Police,-1.943897,50.729504,On or near Wesley Road,E01015441,Poole 008C,Anti-social behaviour,,
,2018-08,Dorset Police,Dorset Police,-1.941006,50.730348,On or near Peel Close,E01015441,Poole 008C,Anti-social behaviour,,
,2018-08,Dorset Police,Dorset Police,-1.944631,50.731698,On or near Phyldon Close,E01015441,Poole 008C,Anti-social behaviour,,
,2018-08,Dorset Police,Dorset Police,-1.943897,50.729504,On or near Wesley Road,E01015441,Poole 008C,Anti-social behaviour,,
b3e2c24732b59b706849d471de4f3e87152e643b74139c37edf70eebc43b5a3c,2018-08,Dorset Police,Dorset Police,-1.942165,50.732525,On or near Crest Road,E01015441,Poole 008C,Burglary,Investigation complete; no suspect identified,
2bbcd268b33bf48c25fa8c69635ed53a27dcef896f2b278835e14050e2f140a7,2018-08,Dorset Police,Dorset Police,-1.946091,50.731061,On or near Granville Road,E01015441,Poole 008C,Criminal damage and arson,Investigation complete; no suspect identified,
4c1b18c9115ef152c6cbb5364bc611ce03a1faa074ef261804d203cd3eec91c1,2018-08,Dorset Police,Dorset Police,-1.946091,50.731061,On or near Granville Road,E01015441,Poole 008C,Criminal damage and arson,Investigation complete; no suspect identified,
3fa0e26d9348c07f536c20ab430058a58976d04711a35fcca30dbc009e3c3513,2018-08,Dorset Police,Dorset Police,-1.947480,50.730980,On or near Farcroft Road,E01015441,Poole 008C,Public order,Court result unavailable,
aeb1b44232dff2cbd65e7d3a6940ed57802fa2c1a3dc1bd87261b9b00e5db960,2018-08,Dorset Police,Dorset Police,-1.939150,50.730113,On or near Chubb Mews,E01015441,Poole 008C,Public order,Offender given community sentence,
efdec2cd2ea6a08d62cc060ac63b2bceaf3c8c674307ed155bec770dcad8a6c7,2018-08,Dorset Police,Dorset Police,-1.942169,50.729476,On or near Consort Close,E01015441,Poole 008C,Vehicle crime,Investigation complete; no suspect identified,
397aded1f2a58d0c6efb628490f31892ed4ceeef03861bb65b720373e3665f31,2018-08,Dorset Police,Dorset Police,-1.941006,50.730348,On or near Peel Close,E01015441,Poole 008C,Vehicle crime,Investigation complete; no suspect identified,
d1e3457c300cde4b158528bea0b9e753ad17e5c3c238ba8243b46dc03eadd91f,2018-08,Dorset Police,Dorset Police,-1.943897,50.729504,On or near Wesley Road,E01015441,Poole 008C,Violence and sexual offences,Unable to prosecute suspect,
848fd4fcf28a9a0d5255a578c5ff76be318b31c823284f920c37f53c8206ec35,2018-08,Dorset Police,Dorset Police,-1.942169,50.729476,On or near Consort Close,E01015441,Poole 008C,Violence and sexual offences,Unable to prosecute suspect,
640bf4357a9dbbc1676fc101c52626477db68ac8ecf0e416a1f9be730f87ddd0,2018-08,Dorset Police,Dorset Police,-1.942169,50.729476,On or near Consort Close,E01015441,Poole 008C,Violence and sexual offences,Investigation complete; no suspect identified,
f8835c27237e8c93b1871e4dbb07d3c1d2861215949d0f1be816a250a10a31d4,2018-08,Dorset Police,Dorset Police,-1.946091,50.731061,On or near Granville Road,E01015441,Poole 008C,Violence and sexual offences,Unable to prosecute suspect,
20835ea5e836fb5d15a06860b318b5dcaad5cd0f66acec35966349585348e716,2018-08,Dorset Police,Dorset Police,-1.942169,50.729476,On or near Consort Close,E01015441,Poole 008C,Violence and sexual offences,Unable to prosecute suspect,
57e5fe0e91e2eb5ddc68be74091693f995220adcde47c5b3be5154cdd995f7a8,2018-08,Dorset Police,Dorset Police,-1.942169,50.729476,On or near Consort Close,E01015441,Poole 008C,Violence and sexual offences,Unable to prosecute suspect,
9e5b7beb5555c2ae1a1f393b442d536d7b20d86560ceb188c82d4ba6459f8f4d,2018-08,Dorset Police,Dorset Police,-1.939150,50.730113,On or near Chubb Mews,E01015441,Poole 008C,Violence and sexual offences,Court result unavailable,
fe318aeadc57d8dc14e946862565e585038f47ed935f9447961f6e36b7ddbb4a,2018-08,Dorset Police,Dorset Police,-1.947480,50.730980,On or near Farcroft Road,E01015441,Poole 008C,Violence and sexual offences,Unable to prosecute suspect,
,2018-08,Dorset Police,Dorset Police,-1.937746,50.741803,On or near Harford Road,E01015442,Poole 008D,Anti-social behaviour,,
,2018-08,Dorset Police,Dorset Police,-1.940819,50.743666,On or near Trinidad Crescent,E01015442,Poole 008D,Anti-social behaviour,,
,2018-08,Dorset Police,Dorset Police,-1.941911,50.743334,On or near Hobbs Road,E01015442,Poole 008D,Anti-social behaviour,,
b8de24a161784e8d210279deaade2d50f5971bf7d7faa62c38b5278e6f281ce4,2018-08,Dorset Police,Dorset Police,-1.933709,50.740155,On or near Stanfield Close,E01015442,Poole 008D,Burglary,Status update unavailable,
5d8c74da7bdbd8739c23094106eb27899cbcc3aeb525ea25a3240cd9946e7b79,2018-08,Dorset Police,Dorset Police,-1.937746,50.741803,On or near Harford Road,E01015442,Poole 008D,Criminal damage and arson,Investigation complete; no suspect identified,
f5a7e2f6b81b4286dbd0bdd71ec1e4bf9adad503b955225b9eecf62bfb1ad45e,2018-08,Dorset Police,Dorset Police,-1.941273,50.743090,On or near Worrell Drive,E01015442,Poole 008D,Other theft,Unable to prosecute suspect,
635bdd3051bbe761bedb3a9df0ac6227ee5174a9faa23d06335d7bc0cb571c3b,2018-08,Dorset Police,Dorset Police,-1.934430,50.741531,On or near Herbert Avenue,E01015442,Poole 008D,Other theft,Unable to prosecute suspect,
98d489cf4427b9d3812ba24a1c5bfe1ad736d80d8356720acbc1db73823a403d,2018-08,Dorset Police,Dorset Police,-1.941273,50.743090,On or near Worrell Drive,E01015442,Poole 008D,Public order,Unable to prosecute suspect,
0a8d3ee9c477af8a69f566d3ea851167ab33588af3fa96baac26f2e83651e02d,2018-08,Dorset Police,Dorset Police,-1.937746,50.741803,On or near Harford Road,E01015442,Poole 008D,Public order,Unable to prosecute suspect,
8bdb37be2c149603012abf9359dec9f7024fa68dd77a30d0ba70558a88591a76,2018-08,Dorset Police,Dorset Police,-1.933709,50.740155,On or near Stanfield Close,E01015442,Poole 008D,Violence and sexual offences,Unable to prosecute suspect,
,2018-08,Dorset Police,Dorset Police,-1.953431,50.745641,On or near Yarrow Road,E01015443,Poole 008E,Anti-social behaviour,,
,2018-08,Dorset Police,Dorset Police,-1.941832,50.738244,On or near Rachel Close,E01015443,Poole 008E,Anti-social behaviour,,
,2018-08,Dorset Police,Dorset Police,-1.953431,50.745641,On or near Yarrow Road,E01015443,Poole 008E,Anti-social behaviour,,
,2018-08,Dorset Police,Dorset Police,-1.953431,50.745641,On or near Yarrow Road,E01015443,Poole 008E,Anti-social behaviour,,
,2018-08,Dorset Police,Dorset Police,-1.949486,50.750225,On or near Yarrow Close,E01015443,Poole 008E,Anti-social behaviour,,
,2018-08,Dorset Police,Dorset Police,-1.949486,50.750225,On or near Yarrow Close,E01015443,Poole 008E,Anti-social behaviour,,
,2018-08,Dorset Police,Dorset Police,-1.953431,50.745641,On or near Yarrow Road,E01015443,Poole 008E,Anti-social behaviour,,
,2018-08,Dorset Police,Dorset Police,-1.953431,50.745641,On or near Yarrow Road,E01015443,Poole 008E,Anti-social behaviour,,
,2018-08,Dorset Police,Dorset Police,-1.953431,50.745641,On or near Yarrow Road,E01015443,Poole 008E,Anti-social behaviour,,
,2018-08,Dorset Police,Dorset Police,-1.953431,50.745641,On or near Yarrow Road,E01015443,Poole 008E,Anti-social behaviour,,
,2018-08,Dorset Police,Dorset Police,-1.946120,50.743237,On or near Petrol Station,E01015443,Poole 008E,Anti-social behaviour,,
,2018-08,Dorset Police,Dorset Police,-1.949486,50.750225,On or near Yarrow Close,E01015443,Poole 008E,Anti-social behaviour,,
,2018-08,Dorset Police,Dorset Police,-1.953431,50.745641,On or near Yarrow Road,E01015443,Poole 008E,Anti-social behaviour,,
,2018-08,Dorset Police,Dorset Police,-1.953431,50.745641,On or near Yarrow Road,E01015443,Poole 008E,Anti-social behaviour,,
,2018-08,Dorset Police,Dorset Police,-1.944797,50.735799,On or near Lawson Road,E01015443,Poole 008E,Anti-social behaviour,,
,2018-08,Dorset Police,Dorset Police,-1.953431,50.745641,On or near Yarrow Road,E01015443,Poole 008E,Anti-social behaviour,,
d7ab192dda677c87af5a3c3843cbcad99d252814b1544296d708ba195dbdfcbb,2018-08,Dorset Police,Dorset Police,-1.944880,50.737481,On or near Faith Gardens,E01015443,Poole 008E,Bicycle theft,Investigation complete; no suspect identified,
d509991225f1bf878838b9b53bb510d559bd948f06f40e3ff55163ed5aadca8f,2018-08,Dorset Police,Dorset Police,-1.941915,50.739566,On or near Rosemary Road,E01015443,Poole 008E,Burglary,Investigation complete; no suspect identified,
c71eefb9f87e9d0c0f925c40a7bd76e01a4b27bbdcd793b95a6c12bf812422c6,2018-08,Dorset Police,Dorset Police,-1.946120,50.743237,On or near Petrol Station,E01015443,Poole 008E,Burglary,Investigation complete; no suspect identified,
0a04d83d20b516ff7e2a4833a16b38211c9f5fc74ff5a9a76c5aa70180144118,2018-08,Dorset Police,Dorset Police,-1.953431,50.745641,On or near Yarrow Road,E01015443,Poole 008E,Criminal damage and arson,Unable to prosecute suspect,
815def01b88b95e4e954b29bb0402f477076836188322a2d68bb124f056a30a7,2018-08,Dorset Police,Dorset Police,-1.946120,50.743237,On or near Petrol Station,E01015443,Poole 008E,Other theft,Investigation complete; no suspect identified,
021acd2ea2d7e14a1b7854bdad933cf72fc1d837e934ab1c7390b7a0bba2d673,2018-08,Dorset Police,Dorset Police,-1.946120,50.743237,On or near Petrol Station,E01015443,Poole 008E,Other theft,Investigation complete; no suspect identified,
1ca9d148b48f168aadfdf3e1995b6cc24a859063c8cacd60eaf579d09ecaf339,2018-08,Dorset Police,Dorset Police,-1.953431,50.745641,On or near Yarrow Road,E01015443,Poole 008E,Other theft,Investigation complete; no suspect identified,
7f342f0abae42e8b151410a4e64da86b0dbe7ebb8d9e6b7d565072da6423aec4,2018-08,Dorset Police,Dorset Police,-1.946120,50.743237,On or near Petrol Station,E01015443,Poole 008E,Other theft,Investigation complete; no suspect identified,
7057f09c9155e879c07a40f580a4e373bc69c795587e7e1e5db7072e054f44c5,2018-08,Dorset Police,Dorset Police,-1.946120,50.743237,On or near Petrol Station,E01015443,Poole 008E,Other theft,Investigation complete; no suspect identified,
523c66c0f9b095dd5d3f5ea66813c69e0866c2d4d9f4d532646aeb2db62a153a,2018-08,Dorset Police,Dorset Police,-1.941619,50.738639,On or near Jasmine Close,E01015443,Poole 008E,Other theft,Unable to prosecute suspect,
4798839316e5b4b33237ecbe575a91af81b6903ff565c67def05cc9e6e28c02d,2018-08,Dorset Police,Dorset Police,-1.946120,50.743237,On or near Petrol Station,E01015443,Poole 008E,Other theft,Unable to prosecute suspect,
71c1cc0687e63423ea6c92eb8ea3501b3713ac2dec6b9ac29668d671f76caff6,2018-08,Dorset Police,Dorset Police,-1.953431,50.745641,On or near Yarrow Road,E01015443,Poole 008E,Other theft,Investigation complete; no suspect identified,
f30a682d4d23786ef9de08bdf7f3061ff55f2dbc8178a322626a5474c1860ad9,2018-08,Dorset Police,Dorset Police,-1.953431,50.745641,On or near Yarrow Road,E01015443,Poole 008E,Other theft,Investigation complete; no suspect identified,
2d3d414128327962531e5fc5558613ff204ad38a8789fcfaf50a479c9634de96,2018-08,Dorset Police,Dorset Police,-1.945704,50.747301,On or near Mannings Heath Road,E01015443,Poole 008E,Vehicle crime,Investigation complete; no suspect identified,
e18725e97fd295afd55d871717be7e6f03cf0bfa4caae6fd7d759260d263c9c3,2018-08,Dorset Police,Dorset Police,-1.949486,50.750225,On or near Yarrow Close,E01015443,Poole 008E,Violence and sexual offences,Unable to prosecute suspect,
0148129419154fe49c21b8ec1f94e925664cf9fd88307e50aa6e4503269d0928,2018-08,Dorset Police,Dorset Police,-1.946120,50.743237,On or near Petrol Station,E01015443,Poole 008E,Violence and sexual offences,Unable to prosecute suspect,
f6e5ba72906f81986d4a6aded3755007d63a1fa6d29a91c2d5c4281b75daeba8,2018-08,Dorset Police,Dorset Police,-1.947034,50.736672,On or near Paddock Close,E01015443,Poole 008E,Violence and sexual offences,Unable to prosecute suspect,
080c802acf5a435c10a789cc44c6b6bf9e26cb48cc6ce9910c1f57c7e1736c27,2018-08,Dorset Police,Dorset Police,-1.947034,50.736672,On or near Paddock Close,E01015443,Poole 008E,Violence and sexual offences,Unable to prosecute suspect,
e9808bdb414ebf0ab8bd9708f9e31d717caf1ffc57d8e07ab64c89d0ee39aa91,2018-08,Dorset Police,Dorset Police,-1.937974,50.740508,On or near Supermarket,E01015444,Poole 008F,Burglary,Suspect charged as part of another case,
7d43431e999e305be0fcd0b64bf62d85646eba361b2a30a65361a1183249b42c,2018-08,Dorset Police,Dorset Police,-1.932963,50.736503,On or near Fortescue Road,E01015444,Poole 008F,Other theft,Investigation complete; no suspect identified,
6b1bc31a2db43515283cc5299c80114ea27fccd51febb49228ee523e8394de41,2018-08,Dorset Police,Dorset Police,-1.929945,50.736133,On or near Albert Road,E01015444,Poole 008F,Other theft,Unable to prosecute suspect,
,2018-08,Dorset Police,Dorset Police,-1.906729,50.724489,On or near Wessex Way,E01015386,Poole 009A,Anti-social behaviour,,
,2018-08,Dorset Police,Dorset Police,-1.908725,50.725381,On or near Pear Close,E01015386,Poole 009A,Anti-social behaviour,,
,2018-08,Dorset Police,Dorset Police,-1.910864,50.725194,On or near Eagle Road,E01015386,Poole 009A,Anti-social behaviour,,
,2018-08,Dorset Police,Dorset Police,-1.908725,50.725381,On or near Pear Close,E01015386,Poole 009A,Anti-social behaviour,,
ae352496641012f587cc5f6fb4218a520319142f9a56b178574e252b33a9267a,2018-08,Dorset Police,Dorset Police,-1.912605,50.726247,On or near Copper Beech Close,E01015386,Poole 009A,Bicycle theft,Investigation complete; no suspect identified,
fdb0b7c699efe28b37e3ca8ca289bbec0219639c9e2ea5e8bcfff77c325689f0,2018-08,Dorset Police,Dorset Police,-1.905646,50.727429,On or near Brunstead Place,E01015386,Poole 009A,Criminal damage and arson,Investigation complete; no suspect identified,
eed4c0fed5ed99a005f5559556d247e73cc4fce57e5da7ab010b88ccae3b5802,2018-08,Dorset Police,Dorset Police,-1.908725,50.725381,On or near Pear Close,E01015386,Poole 009A,Other theft,Unable to prosecute suspect,
317824192d8d6607c9112221326f6a24421a30b0ef572d95e9f23c7beee3b03e,2018-08,Dorset Police,Dorset Police,-1.914120,50.726554,On or near Silver Birch Close,E01015386,Poole 009A,Other theft,Unable to prosecute suspect,
6e9aea92c3590cc71177331049e5a5698c8605654ad649147ccb5d3ae39e7b78,2018-08,Dorset Police,Dorset Police,-1.919191,50.727484,On or near Cardigan Road,E01015386,Poole 009A,Vehicle crime,Investigation complete; no suspect identified,
1aff1e32668951cfa90a4cc8558a1c3f0235a151b832422667e997f75bd42de2,2018-08,Dorset Police,Dorset Police,-1.912605,50.726247,On or near Copper Beech Close,E01015386,Poole 009A,Violence and sexual offences,Court result unavailable,
d24ff6f9aa3cd77be3d56668bc92404f3791603699a70a87221608ca513b8bc5,2018-08,Dorset Police,Dorset Police,-1.920282,50.727116,On or near Parking Area,E01015386,Poole 009A,Violence and sexual offences,Court result unavailable,
ac46449642496c3006a4681639a8065aab44e2fb24a00ebe415b1813e0fbc99f,2018-08,Dorset Police,Dorset Police,-1.912605,50.726247,On or near Copper Beech Close,E01015386,Poole 009A,Violence and sexual offences,Court result unavailable,
,2018-08,Dorset Police,Dorset Police,-1.909581,50.736964,On or near Farnham Road,E01015387,Poole 009B,Anti-social behaviour,,
,2018-08,Dorset Police,Dorset Police,-1.911576,50.738468,On or near Petrol Station,E01015387,Poole 009B,Anti-social behaviour,,
,2018-08,Dorset Police,Dorset Police,-1.914978,50.738110,On or near Sharp Road,E01015387,Poole 009B,Anti-social behaviour,,
,2018-08,Dorset Police,Dorset Police,-1.916058,50.736510,On or near Alder Heights,E01015387,Poole 009B,Anti-social behaviour,,
9744f6f2b198f565ce23aaf1e2df1c170f596792a72d053b05f549cd38d4ff10,2018-08,Dorset Police,Dorset Police,-1.903148,50.743542,On or near Vine Farm Road,E01015387,Poole 009B,Burglary,Investigation complete; no suspect identified,
96108df572f838d5cdae20ec7f18f4f4bf0ef50b3435b61b43c571aad9e27a92,2018-08,Dorset Police,Dorset Police,-1.916992,50.737159,On or near Rowe Gardens,E01015387,Poole 009B,Burglary,Suspect charged as part of another case,
6f0e884468f5c9c4fdfac17928a9c64932bb7bce910bc38b5052d1dbcda6aa9f,2018-08,Dorset Police,Dorset Police,-1.911576,50.738468,On or near Petrol Station,E01015387,Poole 009B,Shoplifting,Offender sent to prison,
735d8e5d6755b3af81674040536c50ae4faad47369e6ef54696f06051d637d0f,2018-08,Dorset Police,Dorset Police,-1.914978,50.738110,On or near Sharp Road,E01015387,Poole 009B,Vehicle crime,Investigation complete; no suspect identified,
f227749905b5632a0f4166f63c6ef378d8d62d4fb51f4dce02fde1a0f6d31e6e,2018-08,Dorset Police,Dorset Police,-1.909581,50.736964,On or near Farnham Road,E01015387,Poole 009B,Violence and sexual offences,Unable to prosecute suspect,
5a1c4945db850989eb12e6c69f5a47b30ae193c9dfe5e5144fccc005d2f90591,2018-08,Dorset Police,Dorset Police,-1.911518,50.739385,On or near Parking Area,E01015387,Poole 009B,Violence and sexual offences,Unable to prosecute suspect,
,2018-08,Dorset Police,Dorset Police,-1.896182,50.740253,On or near Mansel Close,E01015388,Poole 009C,Anti-social behaviour,,
,2018-08,Dorset Police,Dorset Police,-1.899713,50.739375,On or near Gallop Way,E01015388,Poole 009C,Anti-social behaviour,,
,2018-08,Dorset Police,Dorset Police,-1.896182,50.740253,On or near Mansel Close,E01015388,Poole 009C,Anti-social behaviour,,
,2018-08,Dorset Police,Dorset Police,-1.896182,50.740253,On or near Mansel Close,E01015388,Poole 009C,Anti-social behaviour,,
,2018-08,Dorset Police,Dorset Police,-1.896182,50.740253,On or near Mansel Close,E01015388,Poole 009C,Anti-social behaviour,,
,2018-08,Dorset Police,Dorset Police,-1.901361,50.744008,On or near Vine Farm Close,E01015388,Poole 009C,Anti-social behaviour,,
e61364788c68f5a09d04084a377dac35e15bc8eb9ad664937774f5ca9d93b3ca,2018-08,Dorset Police,Dorset Police,-1.896182,50.740253,On or near Mansel Close,E01015388,Poole 009C,Burglary,Unable to prosecute suspect,
79f15312b82024a8533de84d5546d38f97ee0259b3e6d775f0498d71149dd33a,2018-08,Dorset Police,Dorset Police,-1.896182,50.740253,On or near Mansel Close,E01015388,Poole 009C,Burglary,Investigation complete; no suspect identified,
c9608d23e20b956df949362cbdbd803c0a160d78a431480054a6fdb1936d8304,2018-08,Dorset Police,Dorset Police,-1.901361,50.744008,On or near Vine Farm Close,E01015388,Poole 009C,Criminal damage and arson,Unable to prosecute suspect,
7fa77fb71c431c7b83459d8dbc7f210a913aba868f75fac6f1c5d27dd2295c8e,2018-08,Dorset Police,Dorset Police,-1.904741,50.740432,On or near Valley View,E01015388,Poole 009C,Other theft,Investigation complete; no suspect identified,
25da14eb0bdac39363bb1a0bbf60ecc0bc43e831f01d771bbce7bb9a6100c9a5,2018-08,Dorset Police,Dorset Police,-1.897709,50.741784,On or near Further/Higher Educational Building,E01015388,Poole 009C,Other theft,Investigation complete; no suspect identified,
53ca1113cf54f8adca0c0e97a051b70787e584a546d0418a5c51ded9fde22063,2018-08,Dorset Police,Dorset Police,-1.903535,50.741501,On or near Caton Close,E01015388,Poole 009C,Public order,Action to be taken by another organisation,
a9e37ed1746c6801be586e619a036037bfbca512aae582ca9c6cf9b6de5a478c,2018-08,Dorset Police,Dorset Police,-1.900019,50.741875,On or near Mcwilliam Close,E01015388,Poole 009C,Vehicle crime,Investigation complete; no suspect identified,
1d5b455b21d4d95759bb88bde19eda2530ea1706ae76596da20ade9743514c53,2018-08,Dorset Police,Dorset Police,-1.897709,50.741784,On or near Further/Higher Educational Building,E01015388,Poole 009C,Violence and sexual offences,Investigation complete; no suspect identified,
c2e443e0c46a16d6271b5a12e099971cf29686b7d6fc4af2f780c57dc85e0dbc,2018-08,Dorset Police,Dorset Police,-1.896182,50.740253,On or near Mansel Close,E01015388,Poole 009C,Violence and sexual offences,Investigation complete; no suspect identified,
,2018-08,Dorset Police,Dorset Police,-1.911759,50.731732,On or near Ingworth Road,E01015389,Poole 009D,Anti-social behaviour,,
9afa6ca5a819db37714c7c2648d05e18073e071953daac0a05d6825355dc2348,2018-08,Dorset Police,Dorset Police,-1.907870,50.727611,On or near Brunstead Road,E01015389,Poole 009D,Bicycle theft,Investigation complete; no suspect identified,
970a5636b409344a706ffab882c9ca5a5c699634a35b7aa6e41165f14623643e,2018-08,Dorset Police,Dorset Police,-1.914388,50.734900,On or near Guest Close,E01015389,Poole 009D,Burglary,Investigation complete; no suspect identified,
2df54877ca2328d56d106cea288111744533c433d633ce907600b4aa9373c2ce,2018-08,Dorset Police,Dorset Police,-1.911963,50.728306,On or near Gordon Road South,E01015389,Poole 009D,Criminal damage and arson,Court result unavailable,
ae2c753e52b21372bfe3c175f120f2bfa1ad22e158247d25ecd4294d6d4ea215,2018-08,Dorset Police,Dorset Police,-1.911759,50.731732,On or near Ingworth Road,E01015389,Poole 009D,Vehicle crime,Status update unavailable,
26cfd96a95fd9ed326949904f6879cab8779f5266a7d92d8dbaf849604f84df9,2018-08,Dorset Police,Dorset Police,-1.912662,50.733567,On or near Cornelia Crescent,E01015389,Poole 009D,Vehicle crime,Investigation complete; no suspect identified,
0831904cb7810a99243c78a3bc9b7fb0e7bf5934242d28e431db364d432ce391,2018-08,Dorset Police,Dorset Police,-1.911963,50.728306,On or near Gordon Road South,E01015389,Poole 009D,Violence and sexual offences,Court result unavailable,
a9e9a7d1f8a197af8d75b4679acb1b2a38542e2f671468e14c0948d573182b7e,2018-08,Dorset Police,Dorset Police,-1.911283,50.728728,On or near Gordon Road,E01015389,Poole 009D,Violence and sexual offences,Unable to prosecute suspect,
,2018-08,Dorset Police,Dorset Police,-1.930069,50.729263,On or near Shillito Road,E01015390,Poole 010A,Anti-social behaviour,,
,2018-08,Dorset Police,Dorset Police,-1.933795,50.729481,On or near Khyber Road,E01015390,Poole 010A,Anti-social behaviour,,
,2018-08,Dorset Police,Dorset Police,-1.936870,50.728961,On or near Supermarket,E01015390,Poole 010A,Anti-social behaviour,,
,2018-08,Dorset Police,Dorset Police,-1.933795,50.729481,On or near Khyber Road,E01015390,Poole 010A,Anti-social behaviour,,
,2018-08,Dorset Police,Dorset Police,-1.937536,50.729060,On or near Supermarket,E01015390,Poole 010A,Anti-social behaviour,,
,2018-08,Dorset Police,Dorset Police,-1.936870,50.728961,On or near Supermarket,E01015390,Poole 010A,Anti-social behaviour,,
,2018-08,Dorset Police,Dorset Police,-1.933795,50.729481,On or near Khyber Road,E01015390,Poole 010A,Anti-social behaviour,,
,2018-08,Dorset Police,Dorset Police,-1.931798,50.728805,On or near Carnegie Close,E01015390,Poole 010A,Anti-social behaviour,,
,2018-08,Dorset Police,Dorset Police,-1.931798,50.728805,On or near Carnegie Close,E01015390,Poole 010A,Anti-social behaviour,,
34f02f758efa0edc0bf6cba06e2819e66518d1b7a8b46637c93ab1b059617880,2018-08,Dorset Police,Dorset Police,-1.925379,50.729610,On or near Francis Road,E01015390,Poole 010A,Bicycle theft,Investigation complete; no suspect identified,
96356513aef23114476f2e8663706b1154a80f13269566fb5908ee4dde9c3ae6,2018-08,Dorset Police,Dorset Police,-1.936870,50.728961,On or near Supermarket,E01015390,Poole 010A,Burglary,Investigation complete; no suspect identified,
7c75935ecffe80cb62060be643a639c3ea0b5d3ffd933fd2463c7fc9673f6035,2018-08,Dorset Police,Dorset Police,-1.931798,50.728805,On or near Carnegie Close,E01015390,Poole 010A,Burglary,Investigation complete; no suspect identified,
ddf5fcd4bbc5224dd4b60aecb50724efd8e574c30ab02662da01f8de4a846546,2018-08,Dorset Police,Dorset Police,-1.925379,50.729610,On or near Francis Road,E01015390,Poole 010A,Criminal damage and arson,Investigation complete; no suspect identified,
9e5a1d0102db12ed5d0c590ebd700bf2c6b464509573e09694d9f020aac94e84,2018-08,Dorset Police,Dorset Police,-1.930069,50.729263,On or near Shillito Road,E01015390,Poole 010A,Criminal damage and arson,Offender otherwise dealt with,
a460a33a7b28d6013f3a12f68a217bfb35922e8ddd843e214b466dd05bc133c0,2018-08,Dorset Police,Dorset Police,-1.930069,50.729263,On or near Shillito Road,E01015390,Poole 010A,Criminal damage and arson,Investigation complete; no suspect identified,
ec37e86f4802c24e69b52d3b06ea7ae4e1bb686b67b1b0a022c89e341562bb3a,2018-08,Dorset Police,Dorset Police,-1.925379,50.729610,On or near Francis Road,E01015390,Poole 010A,Drugs,Court result unavailable,
9d72a1badd6d27c9e4ac0a2b6c9a70720bcc6c5102eef6cb2da2d0e837ad80dd,2018-08,Dorset Police,Dorset Police,-1.922165,50.727765,On or near Shopping Area,E01015390,Poole 010A,Other theft,Investigation complete; no suspect identified,
b903fa2af21d419bdf040cb28694829f97603ad419126f310687eb40964d1dc4,2018-08,Dorset Police,Dorset Police,-1.931798,50.728805,On or near Carnegie Close,E01015390,Poole 010A,Other theft,Investigation complete; no suspect identified,
e7f8f18ca2cba9762c0693800a85fa495620624a3e6f48848a9cc2b39a49a354,2018-08,Dorset Police,Dorset Police,-1.933795,50.729481,On or near Khyber Road,E01015390,Poole 010A,Public order,Unable to prosecute suspect,
52ac9f100df0f6fd11db0ef3e45b985c9b2ca42ab396a6f01614605498f6b7c8,2018-08,Dorset Police,Dorset Police,-1.935793,50.729284,On or near Carlton Grove,E01015390,Poole 010A,Public order,Investigation complete; no suspect identified,
8d6fa7a4a8821ecf4e943a75de2f544948b32c1db3abe33fe10c3049d5921598,2018-08,Dorset Police,Dorset Police,-1.935793,50.729284,On or near Carlton Grove,E01015390,Poole 010A,Robbery,Investigation complete; no suspect identified,
7d6040a7d9f261f39cdf235aa5377d81247dbc6ca798d8cd0dfced48da373e3c,2018-08,Dorset Police,Dorset Police,-1.922165,50.727765,On or near Shopping Area,E01015390,Poole 010A,Shoplifting,Offender sent to prison,
08209faaa1464c00cff9141cccea696e142d88cfddab3acf0f070e512143062d,2018-08,Dorset Police,Dorset Police,-1.922165,50.727765,On or near Shopping Area,E01015390,Poole 010A,Shoplifting,Investigation complete; no suspect identified,
46f629eda4a18a9e2a8cb92540649036407fae63080c7e83720a41f1ba71019e,2018-08,Dorset Police,Dorset Police,-1.922165,50.727765,On or near Shopping Area,E01015390,Poole 010A,Shoplifting,Offender given community sentence,
289fd2c4ceaaf8796d0cdcfccae9590cb506c4b88d0786b47b20efcd709b6650,2018-08,Dorset Police,Dorset Police,-1.922165,50.727765,On or near Shopping Area,E01015390,Poole 010A,Shoplifting,Offender given conditional discharge,
1946c21ad3cac9ac6ac624533e2211e86a2f942192f56b31df066a9128c594e2,2018-08,Dorset Police,Dorset Police,-1.922165,50.727765,On or near Shopping Area,E01015390,Poole 010A,Shoplifting,Unable to prosecute suspect,
e1deaa4a187ce67c517773dd2cf71a49bb6373244f52bd82eea4fa788d33eaf3,2018-08,Dorset Police,Dorset Police,-1.922165,50.727765,On or near Shopping Area,E01015390,Poole 010A,Shoplifting,Offender given community sentence,
c1135c717806ba4e6e25e73efb85bf73e500218297527e57899bbd7ff7d21156,2018-08,Dorset Police,Dorset Police,-1.936870,50.728961,On or near Supermarket,E01015390,Poole 010A,Shoplifting,Unable to prosecute suspect,
c4e32f758fd015e3135a648e9df2140d62bb86fe4b37a9cd18c247a8915f53c8,2018-08,Dorset Police,Dorset Police,-1.931798,50.728805,On or near Carnegie Close,E01015390,Poole 010A,Shoplifting,Unable to prosecute suspect,
42845c9d3740dfb24c7214ec38b13406644890d1389217ded9406d31c74be04a,2018-08,Dorset Police,Dorset Police,-1.922165,50.727765,On or near Shopping Area,E01015390,Poole 010A,Shoplifting,Offender sent to prison,
fa0c85013ecf2b893261f0cdcc1d380e2d75ce0f16b002ea7aafc57fa43cbfc0,2018-08,Dorset Police,Dorset Police,-1.931798,50.728805,On or near Carnegie Close,E01015390,Poole 010A,Shoplifting,Investigation complete; no suspect identified,
5732cc78c84fee4e6f4ccb03f8f6fadf26e14f2618bc11b81d45dd52ee8b1b1f,2018-08,Dorset Police,Dorset Police,-1.937536,50.729060,On or near Supermarket,E01015390,Poole 010A,Theft from the person,Investigation complete; no suspect identified,
233ac2312bd598a9f5469a27500c61c1839ebe1aa36611180f517078cf25951c,2018-08,Dorset Police,Dorset Police,-1.931357,50.730109,On or near Layton Road,E01015390,Poole 010A,Vehicle crime,Investigation complete; no suspect identified,
646a87447f5602dee06431722df87b5530abe4bddb15d5ed0f094b891b4930c9,2018-08,Dorset Police,Dorset Police,-1.925379,50.729610,On or near Francis Road,E01015390,Poole 010A,Violence and sexual offences,Court result unavailable,
145d96a392f34c6ccfc601fa0992c26e4e40b4f2607689914eea401a97134bc1,2018-08,Dorset Police,Dorset Police,-1.935793,50.729284,On or near Carlton Grove,E01015390,Poole 010A,Violence and sexual offences,Unable to prosecute suspect,
53f349569240b7e71ed0f38e7403036b89142c36e5bcadcdda254192c16a09a8,2018-08,Dorset Police,Dorset Police,-1.931798,50.728805,On or near Carnegie Close,E01015390,Poole 010A,Violence and sexual offences,Offender given community sentence,
a034493de25ee2fdb5c8850ac52f932ed92b362977a7774c7ab940f7d8bd336c,2018-08,Dorset Police,Dorset Police,-1.933795,50.729481,On or near Khyber Road,E01015390,Poole 010A,Violence and sexual offences,Unable to prosecute suspect,
53fc9b3f6115ff99ce8f475462b03796388be713c03855f9059c25579a31c790,2018-08,Dorset Police,Dorset Police,-1.930069,50.729263,On or near Shillito Road,E01015390,Poole 010A,Violence and sexual offences,Court result unavailable,
92a4205d03495529b0f498617cf57896a8468f877e80c40436e03713a774c31c,2018-08,Dorset Police,Dorset Police,-1.931798,50.728805,On or near Carnegie Close,E01015390,Poole 010A,Violence and sexual offences,Offender given community sentence,
308888b3461f96fce25bec725234c3d91ead7a2b7193c944c7760789405380c5,2018-08,Dorset Police,Dorset Police,-1.925379,50.729610,On or near Francis Road,E01015390,Poole 010A,Violence and sexual offences,Court result unavailable,
3a6fa5d4829b74bde98d80ccc39c14a248d6043fbbb1d32742df648681faeb42,2018-08,Dorset Police,Dorset Police,-1.930380,50.729694,On or near Bob Hann Close,E01015390,Poole 010A,Violence and sexual offences,Unable to prosecute suspect,
f49601cd1b7b46f1733657ef57822209825262a3ed510382e1d5951a5a47e042,2018-08,Dorset Police,Dorset Police,-1.925379,50.729610,On or near Francis Road,E01015390,Poole 010A,Other crime,Status update unavailable,
,2018-08,Dorset Police,Dorset Police,-1.922924,50.732010,On or near Sports/Recreation Area,E01015391,Poole 010B,Anti-social behaviour,,
,2018-08,Dorset Police,Dorset Police,-1.925087,50.734781,On or near Central Avenue,E01015391,Poole 010B,Anti-social behaviour,,
,2018-08,Dorset Police,Dorset Police,-1.924663,50.734286,On or near Kent Road,E01015391,Poole 010B,Anti-social behaviour,,
,2018-08,Dorset Police,Dorset Police,-1.925517,50.731670,On or near Binnie Road,E01015391,Poole 010B,Anti-social behaviour,,
,2018-08,Dorset Police,Dorset Police,-1.924663,50.734286,On or near Kent Road,E01015391,Poole 010B,Anti-social behaviour,,
197bc08a91815108a9a42fa6f3ad3a506dbe357aabcba783d775f59857d8839f,2018-08,Dorset Police,Dorset Police,-1.925087,50.734781,On or near Central Avenue,E01015391,Poole 010B,Criminal damage and arson,Investigation complete; no suspect identified,
4a37b84e8ca24e3e29e674d66a33da218377d96982d3aec02f1a9af9dcf08d50,2018-08,Dorset Police,Dorset Police,-1.924222,50.734915,On or near Connaught Crescent,E01015391,Poole 010B,Other theft,Investigation complete; no suspect identified,
dca22b76a07fec32e099d65c60384d47322645150dc613309bc37e0c0af5d14a,2018-08,Dorset Police,Dorset Police,-1.923719,50.730922,On or near Bountys Lane,E01015391,Poole 010B,Violence and sexual offences,Court result unavailable,
726ab439d2fb8a9d454e3444c30715f4deeb8400ffa2703a8b43e4ae3dbba0d1,2018-08,Dorset Police,Dorset Police,-1.925732,50.730042,On or near Gwynne Road,E01015391,Poole 010B,Violence and sexual offences,Unable to prosecute suspect,
,2018-08,Dorset Police,Dorset Police,-1.936004,50.730363,On or near The Drive,E01015392,Poole 010C,Anti-social behaviour,,
,2018-08,Dorset Police,Dorset Police,-1.930659,50.732563,On or near Cecil Road,E01015392,Poole 010C,Anti-social behaviour,,
,2018-08,Dorset Police,Dorset Police,-1.932583,50.734489,On or near Beresford Close,E01015392,Poole 010C,Anti-social behaviour,,
,2018-08,Dorset Police,Dorset Police,-1.927329,50.732462,On or near Recreation Road,E01015392,Poole 010C,Anti-social behaviour,,
,2018-08,Dorset Police,Dorset Police,-1.927329,50.732462,On or near Recreation Road,E01015392,Poole 010C,Anti-social behaviour,,
4f66f7d40048c0d3cb0f763329c8ca0515659c0f08c7eb38a5f28ccea8bd6d6a,2018-08,Dorset Police,Dorset Police,-1.932841,50.732565,On or near Albert Road,E01015392,Poole 010C,Criminal damage and arson,Unable to prosecute suspect,
efb34961027ecb2e11f744c0738dc3c2420770956cb2273c5a7f32f62abda651,2018-08,Dorset Police,Dorset Police,-1.931863,50.732825,On or near Argyll Road,E01015392,Poole 010C,Violence and sexual offences,Unable to prosecute suspect,
,2018-08,Dorset Police,Dorset Police,-1.934599,50.731783,On or near Heatherlands Rise,E01015393,Poole 010D,Anti-social behaviour,,
,2018-08,Dorset Police,Dorset Police,-1.933549,50.733006,On or near Wolseley Road,E01015393,Poole 010D,Anti-social behaviour,,
,2018-08,Dorset Police,Dorset Police,-1.936752,50.732504,On or near New Road,E01015393,Poole 010D,Anti-social behaviour,,
,2018-08,Dorset Police,Dorset Police,-1.935940,50.735480,On or near Browning Road,E01015393,Poole 010D,Anti-social behaviour,,
d6141f619ececcc26c2b981826a5e21d21b8b1a48cd55654f8c52865c8ca0614,2018-08,Dorset Police,Dorset Police,-1.935940,50.735480,On or near Browning Road,E01015393,Poole 010D,Criminal damage and arson,Investigation complete; no suspect identified,
c84100c8500f68b608f939baa696d42c03b249ccba7883a7efd0e4307e299646,2018-08,Dorset Police,Dorset Police,-1.935888,50.732117,On or near Beaconsfield Road,E01015393,Poole 010D,Violence and sexual offences,Unable to prosecute suspect,
5806b23c919eae8e09b083a9776ffdaa0c86bb3c262b1e8ee56d90ca3b507603,2018-08,Dorset Police,Dorset Police,-1.937973,50.730553,On or near Churchill Gardens,E01015393,Poole 010D,Violence and sexual offences,Unable to prosecute suspect,
,2018-08,Dorset Police,Dorset Police,-1.920131,50.732997,On or near Dereham Way,E01015394,Poole 010E,Anti-social behaviour,,
,2018-08,Dorset Police,Dorset Police,-1.920131,50.732997,On or near Dereham Way,E01015394,Poole 010E,Anti-social behaviour,,
,2018-08,Dorset Police,Dorset Police,-1.920917,50.728519,On or near Shopping Area,E01015394,Poole 010E,Anti-social behaviour,,
,2018-08,Dorset Police,Dorset Police,-1.917600,50.729578,On or near Wroxham Road,E01015394,Poole 010E,Anti-social behaviour,,
3b7fb216178ea4570b9198ad8403611487025248ba86606d9a7116cde1f9c4b9,2018-08,Dorset Police,Dorset Police,-1.919460,50.735704,On or near Alder Road,E01015394,Poole 010E,Burglary,Investigation complete; no suspect identified,
82091384ea9c79632d8a9284f0389713c394f62b8d908b00c09dda0122dcf765,2018-08,Dorset Police,Dorset Police,-1.919460,50.735704,On or near Alder Road,E01015394,Poole 010E,Criminal damage and arson,Investigation complete; no suspect identified,
d9fbfb59cebee5c4bfc1dce2ccecdf70ffadefcffb27a877bc0724eac9bd4b71,2018-08,Dorset Police,Dorset Police,-1.917717,50.735433,On or near Cooke Road,E01015394,Poole 010E,Other theft,Investigation complete; no suspect identified,
9bae39e9d457982073f78886576d0fe13db510023956f7c17e1dccd932a324b1,2018-08,Dorset Police,Dorset Police,-1.920131,50.732997,On or near Dereham Way,E01015394,Poole 010E,Public order,Unable to prosecute suspect,
12c1bfb19b2a03195dc19abceac674c1134495f0d76eeb86babb470fea3564a4,2018-08,Dorset Police,Dorset Police,-1.922206,50.728808,On or near Redlands,E01015394,Poole 010E,Shoplifting,Investigation complete; no suspect identified,
294f8ec5dcda04f87affc0d647673f6f66e5ac02113cc95ddd54c8d353a1f2ec,2018-08,Dorset Police,Dorset Police,-1.917717,50.735433,On or near Cooke Road,E01015394,Poole 010E,Vehicle crime,Investigation complete; no suspect identified,
c30e3e1454186a25420202c16fef5b62029e51cbb78596821f89a809c4f85f0e,2018-08,Dorset Police,Dorset Police,-1.917600,50.729578,On or near Wroxham Road,E01015394,Poole 010E,Vehicle crime,Suspect charged as part of another case,
9dcd054c22ef6b9915f6749f75bdb1eade90d810355330d48faa0e53a26e52ef,2018-08,Dorset Police,Dorset Police,-1.920228,50.733924,On or near Stalham Road,E01015394,Poole 010E,Violence and sexual offences,Status update unavailable,
43e2e384e9251b892b531a5b71038cf961d2587a86adf93f5c9dc3f26284eebe,2018-08,Dorset Police,Dorset Police,-1.919460,50.735704,On or near Alder Road,E01015394,Poole 010E,Other crime,Investigation complete; no suspect identified,
,2018-08,Dorset Police,Dorset Police,-1.953741,50.732898,On or near Balston Road,E01015440,Poole 011A,Anti-social behaviour,,
,2018-08,Dorset Police,Dorset Police,-1.957631,50.739680,On or near Old Wareham Road,E01015440,Poole 011A,Anti-social behaviour,,
,2018-08,Dorset Police,Dorset Police,-1.957631,50.739680,On or near Old Wareham Road,E01015440,Poole 011A,Anti-social behaviour,,
,2018-08,Dorset Police,Dorset Police,-1.954608,50.745147,On or near Dorset Way,E01015440,Poole 011A,Anti-social behaviour,,
,2018-08,Dorset Police,Dorset Police,-1.952562,50.735425,On or near Lacey Crescent,E01015440,Poole 011A,Anti-social behaviour,,
,2018-08,Dorset Police,Dorset Police,-1.954608,50.745147,On or near Dorset Way,E01015440,Poole 011A,Anti-social behaviour,,
,2018-08,Dorset Police,Dorset Police,-1.956005,50.736415,On or near Haymoor Road,E01015440,Poole 011A,Anti-social behaviour,,
,2018-08,Dorset Police,Dorset Police,-1.957155,50.734096,On or near Hilton Close,E01015440,Poole 011A,Anti-social behaviour,,
,2018-08,Dorset Police,Dorset Police,-1.957631,50.739680,On or near Old Wareham Road,E01015440,Poole 011A,Anti-social behaviour,,
5b6c4858a70e1f3237681493804ac06b69d2853f640eea38bea9cc7172ee0548,2018-08,Dorset Police,Dorset Police,-1.957155,50.734096,On or near Hilton Close,E01015440,Poole 011A,Burglary,Investigation complete; no suspect identified,
8c001b5a863e2e518e7eacda12c06f8513c193b74cad05c9873405634a024ea0,2018-08,Dorset Police,Dorset Police,-1.957155,50.734096,On or near Hilton Close,E01015440,Poole 011A,Burglary,Unable to prosecute suspect,
4b9d45e14a5f81a2bb589cc24eeded09d822405addb56289466e612179dbb7c1,2018-08,Dorset Police,Dorset Police,-1.957633,50.737990,On or near Hythe Road,E01015440,Poole 011A,Burglary,Investigation complete; no suspect identified,
5a4cb92fef395e5a5846474a0082feaace61ef36746541152c13d01629538208,2018-08,Dorset Police,Dorset Police,-1.957155,50.734096,On or near Hilton Close,E01015440,Poole 011A,Burglary,Investigation complete; no suspect identified,
0482c98775024f1cca950d43ab6643e103ed930530e8f7c43b501f8427d49612,2018-08,Dorset Police,Dorset Police,-1.956005,50.736415,On or near Haymoor Road,E01015440,Poole 011A,Criminal damage and arson,Investigation complete; no suspect identified,
d138b7882adbc0ba05c932d07733839237b4822a9ccc73f393d87bc11f1aa566,2018-08,Dorset Police,Dorset Police,-1.954608,50.745147,On or near Dorset Way,E01015440,Poole 011A,Vehicle crime,Status update unavailable,
02474973a84608b662afb9929461cd838ac36361ada77879be3e3d811ec3e208,2018-08,Dorset Police,Dorset Police,-1.951443,50.735200,On or near Ringwood Road,E01015440,Poole 011A,Violence and sexual offences,Unable to prosecute suspect,
749a2ae3ce0288110b7b4be24a001fbec96ae1618478ed4261ebb7f228ee07ee,2018-08,Dorset Police,Dorset Police,-1.957631,50.739680,On or near Old Wareham Road,E01015440,Poole 011A,Violence and sexual offences,Unable to prosecute suspect,
7ad119e885d1127b67ca519a2b4d7208295ea3d1f302e2c8e01be6b98286c99e,2018-08,Dorset Police,Dorset Police,-1.957847,50.736164,On or near Hamble Road,E01015440,Poole 011A,Violence and sexual offences,Unable to prosecute suspect,
ce5c721ea32eefbca788fa2192eff4f51312c9b20d38cd47cbffa80d1e33cac5,2018-08,Dorset Police,Dorset Police,-1.951443,50.735200,On or near Ringwood Road,E01015440,Poole 011A,Violence and sexual offences,Unable to prosecute suspect,
3d15f6a5eab1502bd8ef45abf10eee23eb9b826694107eb2d2c29277310ac947,2018-08,Dorset Police,Dorset Police,-1.951443,50.735200,On or near Ringwood Road,E01015440,Poole 011A,Violence and sexual offences,Unable to prosecute suspect,
e038e6df12ec2ac07ab2d30bd0a79614f32c9e4d1942281a17d6d958da9962a6,2018-08,Dorset Police,Dorset Police,-1.952562,50.735425,On or near Lacey Crescent,E01015440,Poole 011A,Violence and sexual offences,Unable to prosecute suspect,
1f3acbc2f3415c564c5f0c02fbe0341b2c49cafc1393ff1f31e24eb1c3951571,2018-08,Dorset Police,Dorset Police,-1.957155,50.734096,On or near Hilton Close,E01015440,Poole 011A,Violence and sexual offences,Unable to prosecute suspect,
de281cbdd291c7419b53f40dc34dde3d37f5a95b70786753e3adfcbf8473c474,2018-08,Dorset Police,Dorset Police,-1.957631,50.739680,On or near Old Wareham Road,E01015440,Poole 011A,Violence and sexual offences,Unable to prosecute suspect,
3f925703b89b5462373f12d31b8acdec4501247f883ecc7465ebefd2bf454e6a,2018-08,Dorset Police,Dorset Police,-1.958557,50.734366,On or near Dunstans Lane,E01015440,Poole 011A,Violence and sexual offences,Unable to prosecute suspect,
f81a70ed21201bbd275bd2f1ff50faba3cd4ab1ed043706bf2d90ea887d23666,2018-08,Dorset Police,Dorset Police,-1.958557,50.734366,On or near Dunstans Lane,E01015440,Poole 011A,Violence and sexual offences,Unable to prosecute suspect,
d20e6ea7f8c28d6fefdbcbd681862a661135b38684a801280a10d578f54e66d6,2018-08,Dorset Police,Dorset Police,-1.957155,50.734096,On or near Hilton Close,E01015440,Poole 011A,Violence and sexual offences,Unable to prosecute suspect,
e11f09750e18a61fc38f9d58a668144820e6b1b09327c8ae340f1f3e23ffd6c7,2018-08,Dorset Police,Dorset Police,-1.957155,50.734096,On or near Hilton Close,E01015440,Poole 011A,Violence and sexual offences,Unable to prosecute suspect,
87d5dc00a97eacc43112a8602025b8cc6ec0be1e1ffa73ea5a9cb3509ccce331,2018-08,Dorset Police,Dorset Police,-1.961350,50.732416,On or near Dorchester Road,E01015440,Poole 011A,Violence and sexual offences,Unable to prosecute suspect,
bb86163d28ca7df6380ab98efa63234a405337c761a366d499c56d5109696251,2018-08,Dorset Police,Dorset Police,-1.958503,50.731938,On or near The Topiary,E01015440,Poole 011A,Violence and sexual offences,Unable to prosecute suspect,
e40e2858bce6d47b168215c95f95e4209f88140133835d9ffd0e773229871c22,2018-08,Dorset Police,Dorset Police,-1.959238,50.733683,On or near Dale Road,E01015440,Poole 011A,Violence and sexual offences,Unable to prosecute suspect,
,2018-08,Dorset Police,Dorset Police,-1.960087,50.735679,On or near Otter Road,E01015447,Poole 011B,Anti-social behaviour,,
,2018-08,Dorset Police,Dorset Police,-1.968502,50.738227,On or near Kenyon Close,E01015449,Poole 011C,Anti-social behaviour,,
,2018-08,Dorset Police,Dorset Police,-1.970089,50.737805,On or near Supermarket,E01015449,Poole 011C,Anti-social behaviour,,
,2018-08,Dorset Police,Dorset Police,-1.970089,50.737805,On or near Supermarket,E01015449,Poole 011C,Anti-social behaviour,,
,2018-08,Dorset Police,Dorset Police,-1.968502,50.738227,On or near Kenyon Close,E01015449,Poole 011C,Anti-social behaviour,,
,2018-08,Dorset Police,Dorset Police,-1.968502,50.738227,On or near Kenyon Close,E01015449,Poole 011C,Anti-social behaviour,,
,2018-08,Dorset Police,Dorset Police,-1.970089,50.737805,On or near Supermarket,E01015449,Poole 011C,Anti-social behaviour,,
,2018-08,Dorset Police,Dorset Police,-1.965485,50.736931,On or near Dale Valley Road,E01015449,Poole 011C,Anti-social behaviour,,
,2018-08,Dorset Police,Dorset Police,-1.970089,50.737805,On or near Supermarket,E01015449,Poole 011C,Anti-social behaviour,,
,2018-08,Dorset Police,Dorset Police,-1.968502,50.738227,On or near Kenyon Close,E01015449,Poole 011C,Anti-social behaviour,,
,2018-08,Dorset Police,Dorset Police,-1.970089,50.737805,On or near Supermarket,E01015449,Poole 011C,Anti-social behaviour,,
,2018-08,Dorset Police,Dorset Police,-1.965485,50.736931,On or near Dale Valley Road,E01015449,Poole 011C,Anti-social behaviour,,
,2018-08,Dorset Police,Dorset Police,-1.968502,50.738227,On or near Kenyon Close,E01015449,Poole 011C,Anti-social behaviour,,
,2018-08,Dorset Police,Dorset Police,-1.968502,50.738227,On or near Kenyon Close,E01015449,Poole 011C,Anti-social behaviour,,
,2018-08,Dorset Police,Dorset Police,-1.970089,50.737805,On or near Supermarket,E01015449,Poole 011C,Anti-social behaviour,,
,2018-08,Dorset Police,Dorset Police,-1.967044,50.736509,On or near Moor View Road,E01015449,Poole 011C,Anti-social behaviour,,
,2018-08,Dorset Police,Dorset Police,-1.968502,50.738227,On or near Kenyon Close,E01015449,Poole 011C,Anti-social behaviour,,
,2018-08,Dorset Police,Dorset Police,-1.970089,50.737805,On or near Supermarket,E01015449,Poole 011C,Anti-social behaviour,,
,2018-08,Dorset Police,Dorset Police,-1.970089,50.737805,On or near Supermarket,E01015449,Poole 011C,Anti-social behaviour,,
,2018-08,Dorset Police,Dorset Police,-1.970089,50.737805,On or near Supermarket,E01015449,Poole 011C,Anti-social behaviour,,
5e06f2e48aaf7b3aff17d67ef364ecf56d4e9d295135addec7742f78e44abd02,2018-08,Dorset Police,Dorset Police,-1.968135,50.736770,On or near Greenfield Road,E01015449,Poole 011C,Burglary,Investigation complete; no suspect identified,
e2395952e4c74508775dfee80644a334484e5b9e3fcaef42e9ec6d6f4eae78fa,2018-08,Dorset Police,Dorset Police,-1.964408,50.736193,On or near Dale Close,E01015449,Poole 011C,Criminal damage and arson,Investigation complete; no suspect identified,
387675c9b43a23764c4c371f41b7d99483b1f66f4abf145eb0055053cf471a0f,2018-08,Dorset Police,Dorset Police,-1.967044,50.736509,On or near Moor View Road,E01015449,Poole 011C,Criminal damage and arson,Investigation complete; no suspect identified,
02db6eb995782412fed08d04170b334017966420167daa768d6e8c7e375e1937,2018-08,Dorset Police,Dorset Police,-1.968502,50.738227,On or near Kenyon Close,E01015449,Poole 011C,Criminal damage and arson,Local resolution,
2977999b05625b7e4f1f7a7884891b86c6e0e57276ea7102b1cefec77f17e8a3,2018-08,Dorset Police,Dorset Police,-1.970089,50.737805,On or near Supermarket,E01015449,Poole 011C,Criminal damage and arson,Unable to prosecute suspect,
cd4f806d6c6a83659884f44890d2951b0142d5c1e4bc5644f517b9efaeb0447b,2018-08,Dorset Police,Dorset Police,-1.965485,50.736931,On or near Dale Valley Road,E01015449,Poole 011C,Public order,Unable to prosecute suspect,
e53dd5d3ae4e9913fbbcd5519e63396fc3e7e66405c4249b48b50c9ed177a48c,2018-08,Dorset Police,Dorset Police,-1.970089,50.737805,On or near Supermarket,E01015449,Poole 011C,Shoplifting,Investigation complete; no suspect identified,
bd6fbd6fdcc7ace7e841c4daa5552f6cc76d5b87d7e24282b52dbf283a4a29f1,2018-08,Dorset Police,Dorset Police,-1.970089,50.737805,On or near Supermarket,E01015449,Poole 011C,Shoplifting,Unable to prosecute suspect,
7d1b3de8f7bc6a1cbb7f7de6d88bc739f1fb0a1f495228fe636dd85a6ac4a920,2018-08,Dorset Police,Dorset Police,-1.970089,50.737805,On or near Supermarket,E01015449,Poole 011C,Shoplifting,Suspect charged as part of another case,
596d8ab635cab9e7cbd127ef5111c60813db156c72403f2c20cc2bb124b7c179,2018-08,Dorset Police,Dorset Police,-1.970148,50.735664,On or near Cobbs Lane,E01015449,Poole 011C,Violence and sexual offences,Unable to prosecute suspect,
02af32324665e7d3f0664127c07fac4ae750298bc3ab80b277c88001a1a128f2,2018-08,Dorset Police,Dorset Police,-1.967809,50.735736,On or near Old Farm Road,E01015449,Poole 011C,Violence and sexual offences,Defendant found not guilty,
90afc8efcb17712fe549650868c5d5d4598cf3216395cb3eaa05cf83c9b9895c,2018-08,Dorset Police,Dorset Police,-1.965485,50.736931,On or near Dale Valley Road,E01015449,Poole 011C,Violence and sexual offences,Status update unavailable,
12396e9982e33c100ba0b78dfed3ed5ece7929fb93dcccfb4e296aed12ea3443,2018-08,Dorset Police,Dorset Police,-1.964408,50.736193,On or near Dale Close,E01015449,Poole 011C,Violence and sexual offences,Unable to prosecute suspect,
8f41c6e806432cc90213262738ac6f7bdfb80913208d8415571958df30179944,2018-08,Dorset Police,Dorset Police,-1.967809,50.735736,On or near Old Farm Road,E01015449,Poole 011C,Violence and sexual offences,Unable to prosecute suspect,
18b63a6ebafe1a0386408fa4113bfd44b14a4359682e47d5f122744957d8cbb7,2018-08,Dorset Police,Dorset Police,-1.970089,50.737805,On or near Supermarket,E01015449,Poole 011C,Violence and sexual offences,Investigation complete; no suspect identified,
f123ef2bfacc2f425ee7b08d4146f9d9d96104058d633c915d170f78ba56fabe,2018-08,Dorset Police,Dorset Police,-1.970089,50.737805,On or near Supermarket,E01015449,Poole 011C,Violence and sexual offences,Unable to prosecute suspect,
95f4a0fc0110591bd76aeaba9916ef7e0a7a73a7f8dbb6868a986053bfbc47f8,2018-08,Dorset Police,Dorset Police,-1.970089,50.737805,On or near Supermarket,E01015449,Poole 011C,Violence and sexual offences,Unable to prosecute suspect,
d6386448cb5c3d08c5da58741a6c8323596cfef388df0394db3c4e76d173d07b,2018-08,Dorset Police,Dorset Police,-1.968502,50.738227,On or near Kenyon Close,E01015449,Poole 011C,Other crime,Unable to prosecute suspect,
,2018-08,Dorset Police,Dorset Police,-1.954741,50.724158,On or near Old School Close,E01015456,Poole 011D,Anti-social behaviour,,
,2018-08,Dorset Police,Dorset Police,-1.954741,50.724158,On or near Old School Close,E01015456,Poole 011D,Anti-social behaviour,,
,2018-08,Dorset Police,Dorset Police,-1.966272,50.725798,On or near Harry Paye Close,E01015456,Poole 011D,Anti-social behaviour,,
,2018-08,Dorset Police,Dorset Police,-1.961595,50.728288,On or near Jellicoe Close,E01015456,Poole 011D,Anti-social behaviour,,
,2018-08,Dorset Police,Dorset Police,-1.963212,50.725141,On or near Fernside Avenue,E01015456,Poole 011D,Anti-social behaviour,,
,2018-08,Dorset Police,Dorset Police,-1.964813,50.724962,On or near Verulam Road,E01015456,Poole 011D,Anti-social behaviour,,
,2018-08,Dorset Police,Dorset Police,-1.958269,50.723458,On or near Commercial Road,E01015456,Poole 011D,Anti-social behaviour,,
bd06eafb8f131259600604d125c6e9426ddf5e4302917651815452387ff2dda9,2018-08,Dorset Police,Dorset Police,-1.961595,50.728288,On or near Jellicoe Close,E01015456,Poole 011D,Bicycle theft,Investigation complete; no suspect identified,
8554c90648949884fe08606538a892411ce76dd23bb370c6c321685ac6461f50,2018-08,Dorset Police,Dorset Police,-1.954556,50.725624,On or near St Peter'S Road,E01015456,Poole 011D,Bicycle theft,Investigation complete; no suspect identified,
2b3fe46610ef66dd6e251538b68e230fe277811de5e53369955c6244784a47e3,2018-08,Dorset Police,Dorset Police,-1.961595,50.728288,On or near Jellicoe Close,E01015456,Poole 011D,Criminal damage and arson,Investigation complete; no suspect identified,
a322e5b942898c85be00132374a11899d4ca9c115bb22ca38e52cb8f5be5679f,2018-08,Dorset Police,Dorset Police,-1.956625,50.724707,On or near Chapel Road,E01015456,Poole 011D,Criminal damage and arson,Offender given a caution,
460f2b2c69edd091dcd21fbe702a0fd282ebe389144eb4ee389e576c98a2e8cb,2018-08,Dorset Police,Dorset Police,-1.959045,50.727604,On or near Hatherden Avenue,E01015456,Poole 011D,Criminal damage and arson,Unable to prosecute suspect,
12af2c6fe263340d7c8f6e4a7b745c5e687afd23bd0dec7ff49914e6708dd50e,2018-08,Dorset Police,Dorset Police,-1.956625,50.724707,On or near Chapel Road,E01015456,Poole 011D,Criminal damage and arson,Local resolution,
e580f4719e0ee256beb9c67f4baef5cfe6f516f563055ce5eb3a10568341de27,2018-08,Dorset Police,Dorset Police,-1.956625,50.724707,On or near Chapel Road,E01015456,Poole 011D,Drugs,Offender given a caution,
0b55d4964360d5465ba33bfb82f620fda0be81109e96bd1f35bfe459752f4951,2018-08,Dorset Police,Dorset Police,-1.963606,50.728801,On or near Ringwood Road,E01015456,Poole 011D,Shoplifting,Investigation complete; no suspect identified,
52fac196bb622c07e4ef7a76d05f2d78db22135825e98879be7b74e84eeac793,2018-08,Dorset Police,Dorset Police,-1.963606,50.728801,On or near Ringwood Road,E01015456,Poole 011D,Shoplifting,Investigation complete; no suspect identified,
9498ebd1c34826f30ae3650f494256e3d028a13a34bbf5aeb359b79ea02f0ec2,2018-08,Dorset Police,Dorset Police,-1.961595,50.728288,On or near Jellicoe Close,E01015456,Poole 011D,Vehicle crime,Status update unavailable,
cd3d56514b63cd69295c8869f3591de7858465d892a536dff05ae06f5798abf3,2018-08,Dorset Police,Dorset Police,-1.954556,50.725624,On or near St Peter'S Road,E01015456,Poole 011D,Vehicle crime,Investigation complete; no suspect identified,
,2018-08,Dorset Police,Dorset Police,-1.951638,50.724364,On or near Chalice Close,E01015457,Poole 011E,Anti-social behaviour,,
,2018-08,Dorset Police,Dorset Police,-1.948888,50.725945,On or near Dansie Close,E01015457,Poole 011E,Anti-social behaviour,,
,2018-08,Dorset Police,Dorset Police,-1.952970,50.724895,On or near Church Road,E01015457,Poole 011E,Anti-social behaviour,,
,2018-08,Dorset Police,Dorset Police,-1.952970,50.724895,On or near Church Road,E01015457,Poole 011E,Anti-social behaviour,,
1eaa8833e4b22653de9fb9cb89517e4b6b8cfe72411ae8d45f6caa0b74523add,2018-08,Dorset Police,Dorset Police,-1.950245,50.729588,On or near Mount Road,E01015457,Poole 011E,Bicycle theft,Investigation complete; no suspect identified,
06b250ce07344c82e9608bc9fd6a90112c5a8d5634d07d03c94cfc57d0047168,2018-08,Dorset Police,Dorset Police,-1.953240,50.724058,On or near Parr Street,E01015457,Poole 011E,Bicycle theft,Investigation complete; no suspect identified,
c2cca2e3c3fcf103c5d5fda50a886c9c735c85746a1ff1b4f6e97033b78c4eda,2018-08,Dorset Police,Dorset Police,-1.953520,50.727116,On or near Gervis Crescent,E01015457,Poole 011E,Burglary,Court result unavailable,
bdc72d2ccb81eea995d3b6edc73e6620ce827669c72c6f5bca2454a445aec5ef,2018-08,Dorset Police,Dorset Police,-1.947609,50.729757,On or near Ashley Road,E01015457,Poole 011E,Other theft,Unable to prosecute suspect,
18f5aab7da584f114bcd9289b76c570759114f6ae6307749ca74a1db4a4eef43,2018-08,Dorset Police,Dorset Police,-1.953520,50.727116,On or near Gervis Crescent,E01015457,Poole 011E,Other theft,Investigation complete; no suspect identified,
ae554920c1170e7336638443c0ec221350485f85f2e2e1c9311b8775e31f3dad,2018-08,Dorset Police,Dorset Police,-1.947609,50.729757,On or near Ashley Road,E01015457,Poole 011E,Possession of weapons,Defendant found not guilty,
9b3f974d57a6eef7b4fb00a4f7cb353a4596cbc660b8503e1a5bf1ed523c2f65,2018-08,Dorset Police,Dorset Police,-1.953181,50.725731,On or near Charmouth Grove,E01015457,Poole 011E,Theft from the person,Unable to prosecute suspect,
d79d7ba9990d2c4eba47bd48eee91094f9590594d32f4e30f25cdba590c3561b,2018-08,Dorset Police,Dorset Police,-1.951638,50.724364,On or near Chalice Close,E01015457,Poole 011E,Vehicle crime,Investigation complete; no suspect identified,
329110bc58fad9332c23896e20ba9aa7e0de4a018a116ff43a6bd8bff5466f05,2018-08,Dorset Police,Dorset Police,-1.952963,50.731100,On or near B3061,E01015457,Poole 011E,Vehicle crime,Investigation complete; no suspect identified,
0776ec0030e92c37525a9e4b226e2c4d482683bb33fde4fb68620b1a1e0edeaa,2018-08,Dorset Police,Dorset Police,-1.951638,50.724364,On or near Chalice Close,E01015457,Poole 011E,Violence and sexual offences,Unable to prosecute suspect,
63af289246060e88bd3e341ca3a0aa72a5c265d83b7d7f1c7457cc79e89322e1,2018-08,Dorset Police,Dorset Police,-1.953181,50.725731,On or near Charmouth Grove,E01015457,Poole 011E,Violence and sexual offences,Court result unavailable,
c722eea4031cb924d4cdd969655fd3e3c568f7370ed1bcb8c91e8788aaad8d1f,2018-08,Dorset Police,Dorset Police,-1.947609,50.729757,On or near Ashley Road,E01015457,Poole 011E,Violence and sexual offences,Unable to prosecute suspect,
e0edd56df2ffe3d18f2e256f003ab24d870838654f3f0349e100828fc45a775c,2018-08,Dorset Police,Dorset Police,-1.951638,50.724364,On or near Chalice Close,E01015457,Poole 011E,Violence and sexual offences,Action to be taken by another organisation,
7df1fc351c7f6b0e834fae9eb89470c91da0d7e096aed19b2bb56130a4600d33,2018-08,Dorset Police,Dorset Police,-1.952963,50.731100,On or near B3061,E01015457,Poole 011E,Violence and sexual offences,Unable to prosecute suspect,
,2018-08,Dorset Police,Dorset Police,-1.976781,50.731853,On or near Sports/Recreation Area,E01015445,Poole 012A,Anti-social behaviour,,
,2018-08,Dorset Police,Dorset Police,-1.976781,50.731853,On or near Sports/Recreation Area,E01015445,Poole 012A,Anti-social behaviour,,
,2018-08,Dorset Police,Dorset Police,-1.972602,50.731124,On or near Henning'S Park Road,E01015445,Poole 012A,Anti-social behaviour,,
,2018-08,Dorset Police,Dorset Police,-1.976781,50.731853,On or near Sports/Recreation Area,E01015445,Poole 012A,Anti-social behaviour,,
15be0886c89b519d6ddc7bf07790720a5cca9fba685942d0930b1a244eca8982,2018-08,Dorset Police,Dorset Police,-1.972136,50.727635,On or near Bracken Glen,E01015445,Poole 012A,Burglary,Investigation complete; no suspect identified,
e17b3c0d969a61010acdedebc008d34dec1b21c1b4c29de191465ab7cd4e33c6,2018-08,Dorset Police,Dorset Police,-1.968240,50.727750,On or near Devon Road,E01015445,Poole 012A,Criminal damage and arson,Investigation complete; no suspect identified,
957373942f11c2440a47360267fb7da30c65ebad1d06f517f3958a014ae8c221,2018-08,Dorset Police,Dorset Police,-1.972136,50.727635,On or near Bracken Glen,E01015445,Poole 012A,Violence and sexual offences,Unable to prosecute suspect,
f66d1bd1727ef6100125830fda63bb9c3b3de5fa14905b3446227d52208d8f66,2018-08,Dorset Police,Dorset Police,-1.973496,50.728183,On or near Pound Lane,E01015445,Poole 012A,Violence and sexual offences,Unable to prosecute suspect,
,2018-08,Dorset Police,Dorset Police,-1.976272,50.730036,On or near Wimborne Road,E01015446,Poole 012B,Anti-social behaviour,,
c811c425697c9e56bffd282e31ab65bad9bc92646a8682f565132d4b2df9b65d,2018-08,Dorset Police,Dorset Police,-1.978086,50.729218,On or near Sherrin Close,E01015446,Poole 012B,Burglary,Status update unavailable,
43eaed8dea3d7e6a017277a7d02f6ef2752039e7fffae3e2f9c96e6178afe298,2018-08,Dorset Police,Dorset Police,-1.974176,50.727878,On or near Supermarket,E01015446,Poole 012B,Criminal damage and arson,Investigation complete; no suspect identified,
5a7b2cdc430e9675bf948d355341470a860078ca9dcf905648930bc1884f4ae3,2018-08,Dorset Police,Dorset Police,-1.977674,50.730459,On or near Simmonds Close,E01015446,Poole 012B,Criminal damage and arson,Investigation complete; no suspect identified,
58c00aa6a67745c5ba94d4ed65517a4fb416a68c81628fe4ac4795712f71de15,2018-08,Dorset Police,Dorset Police,-1.976272,50.730036,On or near Wimborne Road,E01015446,Poole 012B,Criminal damage and arson,Investigation complete; no suspect identified,
9b0a1686c3d73f6b958466d616ff464e9e5d751d76e9fd91744894a56ca80b81,2018-08,Dorset Police,Dorset Police,-1.977674,50.730459,On or near Simmonds Close,E01015446,Poole 012B,Other theft,Further investigation is not in the public interest,
87a617252cbcd9a05d7e25850afbc67099e0afe348abfb74a505e22cada13ea4,2018-08,Dorset Police,Dorset Police,-1.975877,50.725981,On or near Marnhull Road,E01015446,Poole 012B,Violence and sexual offences,Unable to prosecute suspect,
b0ee1dfc7ee78f4cccf1b32ba67eaf7879e101cb32491925af2df9f6c8a578af,2018-08,Dorset Police,Dorset Police,-1.978086,50.729218,On or near Sherrin Close,E01015446,Poole 012B,Violence and sexual offences,Action to be taken by another organisation,
,2018-08,Dorset Police,Dorset Police,-1.982773,50.736090,On or near Chorley Close,E01015448,Poole 012C,Anti-social behaviour,,
,2018-08,Dorset Police,Dorset Police,-1.982773,50.736090,On or near Chorley Close,E01015448,Poole 012C,Anti-social behaviour,,
,2018-08,Dorset Police,Dorset Police,-1.986712,50.738338,On or near Pedestrian Subway,E01015448,Poole 012C,Anti-social behaviour,,
88108c9ca6030077d880b38ee5baaa3bbf204d51aeab2f183a562d8432ca354c,2018-08,Dorset Police,Dorset Police,-1.979258,50.737231,On or near Worgret Road,E01015448,Poole 012C,Violence and sexual offences,Unable to prosecute suspect,
,2018-08,Dorset Police,Dorset Police,-1.988627,50.731837,On or near Willis Way,E01015450,Poole 012D,Anti-social behaviour,,
,2018-08,Dorset Police,Dorset Police,-1.991502,50.735137,On or near Shopping Area,E01015450,Poole 012D,Anti-social behaviour,,
,2018-08,Dorset Police,Dorset Police,-1.991502,50.735137,On or near Shopping Area,E01015450,Poole 012D,Anti-social behaviour,,
,2018-08,Dorset Police,Dorset Police,-1.991502,50.735137,On or near Shopping Area,E01015450,Poole 012D,Anti-social behaviour,,
,2018-08,Dorset Police,Dorset Police,-1.986812,50.734579,On or near Fleets Lane,E01015450,Poole 012D,Anti-social behaviour,,
,2018-08,Dorset Police,Dorset Police,-1.981742,50.726602,On or near Tatnam Road,E01015450,Poole 012D,Anti-social behaviour,,
c7b66750431a9705df92612e697cea1de0a3ae4fa7caf584328f7901669c0a73,2018-08,Dorset Police,Dorset Police,-1.991502,50.735137,On or near Shopping Area,E01015450,Poole 012D,Bicycle theft,Investigation complete; no suspect identified,
217a40749e73806ef728cad800a8f98cd70940843f58d62246aa561013ab5ae9,2018-08,Dorset Police,Dorset Police,-1.986812,50.734579,On or near Fleets Lane,E01015450,Poole 012D,Bicycle theft,Investigation complete; no suspect identified,
867af7e8311fad7662e9d83080a1de798d03c1c2ec581f22c52e8156ed4e183f,2018-08,Dorset Police,Dorset Police,-1.983286,50.729867,On or near Palmer Road,E01015450,Poole 012D,Burglary,Investigation complete; no suspect identified,
f4fa154c997aab7632c0ea241bba18c226c410c2bd524f8d514376cec227bc2d,2018-08,Dorset Police,Dorset Police,-1.988627,50.731837,On or near Willis Way,E01015450,Poole 012D,Burglary,Offender given a caution,
a05a7cff05e49e115dcfedf5a2e83de1b16e8bef6c3f1c0fc8fbcfe1b7cf08ae,2018-08,Dorset Police,Dorset Police,-1.990751,50.735245,On or near Broadstone Way,E01015450,Poole 012D,Burglary,Investigation complete; no suspect identified,
971e0f91e357d77556527c1faab05170b8521580b442d8a85c1a3ce33f3ed708,2018-08,Dorset Police,Dorset Police,-1.984107,50.732079,On or near Stanley Green Road,E01015450,Poole 012D,Drugs,Offender given a drugs possession warning,
d375442133979e8a812da937308de92b6a0a293850492bb07bc3c4ff753b2a1e,2018-08,Dorset Police,Dorset Police,-1.991502,50.735137,On or near Shopping Area,E01015450,Poole 012D,Other theft,Investigation complete; no suspect identified,
f0844639ae29009a698388278aad15d21fcb23b2a76a77c2e135b4f9167636df,2018-08,Dorset Police,Dorset Police,-1.990751,50.735245,On or near Broadstone Way,E01015450,Poole 012D,Public order,Formal action is not in the public interest,
6bdc29b492ffdb7b0549b8e2138368ec8a00ac977ada31151aee2e858a423c73,2018-08,Dorset Police,Dorset Police,-1.990751,50.735245,On or near Broadstone Way,E01015450,Poole 012D,Shoplifting,Investigation complete; no suspect identified,
3c70adf5f8a8f992f95038298eb1eb4a35de1b81806c285d4a282ad6a0e748d6,2018-08,Dorset Police,Dorset Police,-1.983328,50.731234,On or near White Horse Drive,E01015450,Poole 012D,Violence and sexual offences,Unable to prosecute suspect,
3962b32634ab951ba68d0ff86d9c41a8e0e6aac950e9fe55f51903bd53bb1d8f,2018-08,Dorset Police,Dorset Police,-1.983328,50.731234,On or near White Horse Drive,E01015450,Poole 012D,Violence and sexual offences,Unable to prosecute suspect,
777658e3025c895444f6e2594bd84fcd196deb4575b615eb32ab112f451b5fa4,2018-08,Dorset Police,Dorset Police,-1.983328,50.731234,On or near White Horse Drive,E01015450,Poole 012D,Violence and sexual offences,Unable to prosecute suspect,
9cfdb7da8b503265bb7c72acab9034aead383304bdd252764f82609e60dda170,2018-08,Dorset Police,Dorset Police,-1.981825,50.732645,On or near Hiley Road,E01015450,Poole 012D,Violence and sexual offences,Unable to prosecute suspect,
c18eef46d03df52243be7338fa78189c4b64cad16a213b2d6e21b4a13b12362f,2018-08,Dorset Police,Dorset Police,-1.978963,50.733427,On or near Daisy Close,E01015450,Poole 012D,Violence and sexual offences,Unable to prosecute suspect,
,2018-08,Dorset Police,Dorset Police,-1.971522,50.736114,On or near Oakdale Road,E01015451,Poole 012E,Anti-social behaviour,,
eba915e73af70f4abab6c6f0ec136e9f9699fc02589039d19eb0e41e15428225,2018-08,Dorset Police,Dorset Police,-1.976041,50.737527,On or near Trigon Road,E01015451,Poole 012E,Criminal damage and arson,Unable to prosecute suspect,
7d6b24ecf36d5fea05b9b3f4364bfad40c02052e781fd1505d161bb39db2cd98,2018-08,Dorset Police,Dorset Police,-1.976041,50.737527,On or near Trigon Road,E01015451,Poole 012E,Criminal damage and arson,Unable to prosecute suspect,
a429a8e69e79359268f6859bdb71be75e12443911a3f96227bb2c2e350f98948,2018-08,Dorset Police,Dorset Police,-1.976041,50.737527,On or near Trigon Road,E01015451,Poole 012E,Criminal damage and arson,Investigation complete; no suspect identified,
65f0bbdbbc88c6cfd36df2c54bc6334ed7802f6351fbd9dad66b79119b3f53e9,2018-08,Dorset Police,Dorset Police,-1.974229,50.735342,On or near Somerby Road,E01015451,Poole 012E,Other theft,Unable to prosecute suspect,
da2ffcef228fd647ac5c2df1dc147e54661636a699190e7e74c5ff7971d689bf,2018-08,Dorset Police,Dorset Police,-1.976170,50.735819,On or near Popes Road,E01015451,Poole 012E,Violence and sexual offences,Unable to prosecute suspect,
1071f9f0bebb45f773f691e6df8f16f2418ddf7ac2c84f53d15baf3b9901c0fe,2018-08,Dorset Police,Dorset Police,-1.976170,50.735819,On or near Popes Road,E01015451,Poole 012E,Violence and sexual offences,Unable to prosecute suspect,
,2018-08,Dorset Police,Dorset Police,-1.932101,50.715262,On or near Over Links Drive,E01015458,Poole 013A,Anti-social behaviour,,
a0d1e54ec7c22b0c2875715b9a03d29416ab472da9490607b6dec0232e69a329,2018-08,Dorset Police,Dorset Police,-1.937864,50.716839,On or near Alton Road,E01015458,Poole 013A,Burglary,Court result unavailable,
,2018-08,Dorset Police,Dorset Police,-1.936719,50.725193,On or near Warren Road,E01015460,Poole 013B,Anti-social behaviour,,
,2018-08,Dorset Police,Dorset Police,-1.934916,50.728024,On or near Madeira Road,E01015460,Poole 013B,Anti-social behaviour,,
,2018-08,Dorset Police,Dorset Police,-1.934916,50.728024,On or near Madeira Road,E01015460,Poole 013B,Anti-social behaviour,,
,2018-08,Dorset Police,Dorset Police,-1.934916,50.728024,On or near Madeira Road,E01015460,Poole 013B,Anti-social behaviour,,
,2018-08,Dorset Police,Dorset Police,-1.934916,50.728024,On or near Madeira Road,E01015460,Poole 013B,Anti-social behaviour,,
,2018-08,Dorset Police,Dorset Police,-1.934916,50.728024,On or near Madeira Road,E01015460,Poole 013B,Anti-social behaviour,,
,2018-08,Dorset Police,Dorset Police,-1.937740,50.724789,On or near Petrol Station,E01015460,Poole 013B,Anti-social behaviour,,
,2018-08,Dorset Police,Dorset Police,-1.936154,50.724194,On or near Florence Road,E01015460,Poole 013B,Anti-social behaviour,,
,2018-08,Dorset Police,Dorset Police,-1.934916,50.728024,On or near Madeira Road,E01015460,Poole 013B,Anti-social behaviour,,
,2018-08,Dorset Police,Dorset Police,-1.936163,50.728034,On or near Hillman Road,E01015460,Poole 013B,Anti-social behaviour,,
,2018-08,Dorset Police,Dorset Police,-1.936163,50.728034,On or near Hillman Road,E01015460,Poole 013B,Anti-social behaviour,,
,2018-08,Dorset Police,Dorset Police,-1.936163,50.728034,On or near Hillman Road,E01015460,Poole 013B,Anti-social behaviour,,
2b67f1ed8272abf30e2e3cdf70b5b761f569c504c8ad916e0a1a4cdc59cba07c,2018-08,Dorset Police,Dorset Police,-1.936719,50.725193,On or near Warren Road,E01015460,Poole 013B,Burglary,Unable to prosecute suspect,
2fdfd66e1b3cfd7474645bb132220338970ba1d05f7ac72c57b6b6fae7c0e5a4,2018-08,Dorset Police,Dorset Police,-1.934916,50.728024,On or near Madeira Road,E01015460,Poole 013B,Burglary,Investigation complete; no suspect identified,
7e59e2a01dc7902a4595b508be9e361ac21e2420a5951db316cfa8357ca40c8d,2018-08,Dorset Police,Dorset Police,-1.937740,50.724789,On or near Petrol Station,E01015460,Poole 013B,Burglary,Investigation complete; no suspect identified,
4afcc964400ea89ca600364782e4a682d41631c246bb0a26ee5516b94a8fd306,2018-08,Dorset Police,Dorset Police,-1.937698,50.724303,On or near Supermarket,E01015460,Poole 013B,Criminal damage and arson,Investigation complete; no suspect identified,
b2faca80afa511b92f0fdf8faf3fd12af1fa60ca3f9c92aeb6f24a2b51fe99c5,2018-08,Dorset Police,Dorset Police,-1.936154,50.724194,On or near Florence Road,E01015460,Poole 013B,Criminal damage and arson,Status update unavailable,
2494e7b3c4a4c2217a82481ea11cbdc0efe5ab6bde4f5a543ed3b961ab45e4ac,2018-08,Dorset Police,Dorset Police,-1.937698,50.724303,On or near Supermarket,E01015460,Poole 013B,Criminal damage and arson,Investigation complete; no suspect identified,
1965129b3f7fb2ddc813bb8ca5e7ea190fdfbd697795136424738409c24bcb5a,2018-08,Dorset Police,Dorset Police,-1.937698,50.724303,On or near Supermarket,E01015460,Poole 013B,Drugs,Court result unavailable,
93d70200c9e53a30539555aa64a6eb94b038a849fd7ebd02caf0b8db11f1cb91,2018-08,Dorset Police,Dorset Police,-1.939407,50.728638,On or near Supermarket,E01015460,Poole 013B,Other theft,Investigation complete; no suspect identified,
5a92ccb1daff21c88ded344bd456ce43307adfd09de8af3c884f790405aecd23,2018-08,Dorset Police,Dorset Police,-1.934916,50.728024,On or near Madeira Road,E01015460,Poole 013B,Public order,Investigation complete; no suspect identified,
564c5c6d042dd3713ea6b0133de42aa60f860d5b4933f3e425b3f853a5dfe76f,2018-08,Dorset Police,Dorset Police,-1.934916,50.728024,On or near Madeira Road,E01015460,Poole 013B,Public order,Investigation complete; no suspect identified,
2f54b56691a58d0bae6357509085eee171281a89d27127f615b92757e0000e3b,2018-08,Dorset Police,Dorset Police,-1.939407,50.728638,On or near Supermarket,E01015460,Poole 013B,Shoplifting,Offender sent to prison,
612a7313ad6c9aff41a6156cd7979f68a06d53e6cc9496357b17d4a7f369de22,2018-08,Dorset Police,Dorset Police,-1.937698,50.724303,On or near Supermarket,E01015460,Poole 013B,Shoplifting,Unable to prosecute suspect,
8941eff8bed8ca3ad51f079c006835127efc3f12e84e965fdc4d9bb9a2a74a5b,2018-08,Dorset Police,Dorset Police,-1.939407,50.728638,On or near Supermarket,E01015460,Poole 013B,Shoplifting,Offender sent to prison,
584d4acf2876641a916168b196bab748f10b9cf6b54fe1d0e753f8abdfc9c784,2018-08,Dorset Police,Dorset Police,-1.939407,50.728638,On or near Supermarket,E01015460,Poole 013B,Shoplifting,Formal action is not in the public interest,
d0f39186b9c662a863a9b3ba9d9a5ccbd30de368eb9a74064f86fcbbe3f98b22,2018-08,Dorset Police,Dorset Police,-1.936163,50.728034,On or near Hillman Road,E01015460,Poole 013B,Shoplifting,Investigation complete; no suspect identified,
c74a41d6ea444021835e8a1bb95e7e22aa34d2b84e44fe8d157308b3c265afc0,2018-08,Dorset Police,Dorset Police,-1.936163,50.728034,On or near Hillman Road,E01015460,Poole 013B,Violence and sexual offences,Investigation complete; no suspect identified,
f1fac935f928b2ed853545f13bdf94cff4a4a9cdc11492ca2501368f52920f3b,2018-08,Dorset Police,Dorset Police,-1.940105,50.725311,On or near Marlborough Road,E01015460,Poole 013B,Violence and sexual offences,Unable to prosecute suspect,
b433f678d176b4c928cff33f9fdd3c7c2e68b321b8ab356239c1a771ef533905,2018-08,Dorset Police,Dorset Police,-1.941234,50.728630,On or near Randolph Road,E01015460,Poole 013B,Violence and sexual offences,Unable to prosecute suspect,
b0fe0338c57ec25956dfe5a41c9521130cc2fc85466068c6b83140423a39ba57,2018-08,Dorset Police,Dorset Police,-1.939407,50.728638,On or near Supermarket,E01015460,Poole 013B,Violence and sexual offences,Unable to prosecute suspect,
44170079696bc1c412d0def45d6576a485f98a8b82456db10c988fe62e9278a4,2018-08,Dorset Police,Dorset Police,-1.937698,50.724303,On or near Supermarket,E01015460,Poole 013B,Violence and sexual offences,Offender sent to prison,
af893c76ba0f9d0120ca1a4cdf8fa4f0bf0f814f12b699a8be3e4e28403824b3,2018-08,Dorset Police,Dorset Police,-1.939407,50.728638,On or near Supermarket,E01015460,Poole 013B,Violence and sexual offences,Unable to prosecute suspect,
ad9f2fe2c87eebe9b693b6ebb86c6c7738a9305da0b85d24b6d35e93708f092b,2018-08,Dorset Police,Dorset Police,-1.934916,50.728024,On or near Madeira Road,E01015460,Poole 013B,Other crime,Unable to prosecute suspect,
,2018-08,Dorset Police,Dorset Police,-1.933276,50.725955,On or near Palmerston Road,E01015461,Poole 013C,Anti-social behaviour,,
,2018-08,Dorset Police,Dorset Police,-1.930032,50.725297,On or near Ponsonby Road,E01015461,Poole 013C,Anti-social behaviour,,
,2018-08,Dorset Police,Dorset Police,-1.933276,50.725955,On or near Palmerston Road,E01015461,Poole 013C,Anti-social behaviour,,
,2018-08,Dorset Police,Dorset Police,-1.933276,50.725955,On or near Palmerston Road,E01015461,Poole 013C,Anti-social behaviour,,
,2018-08,Dorset Police,Dorset Police,-1.933456,50.728518,On or near Ashley Road,E01015461,Poole 013C,Anti-social behaviour,,
,2018-08,Dorset Police,Dorset Police,-1.932795,50.725289,On or near Hardy Road,E01015461,Poole 013C,Anti-social behaviour,,
,2018-08,Dorset Police,Dorset Police,-1.933276,50.725955,On or near Palmerston Road,E01015461,Poole 013C,Anti-social behaviour,,
,2018-08,Dorset Police,Dorset Police,-1.933788,50.724616,On or near Bournemouth Road,E01015461,Poole 013C,Anti-social behaviour,,
c78a26118e10f95ca6860807ab4a1713494d74760701ab2a4eb4afdb026e0eb3,2018-08,Dorset Police,Dorset Police,-1.932795,50.725289,On or near Hardy Road,E01015461,Poole 013C,Burglary,Investigation complete; no suspect identified,
d23e39762a010930ec20f8ca6049a94721acff3597b33380fba2314173ce9376,2018-08,Dorset Police,Dorset Police,-1.933276,50.725955,On or near Palmerston Road,E01015461,Poole 013C,Criminal damage and arson,Unable to prosecute suspect,
b93a10885af5f3e7389c973917dfaf5ddc5a637cd89b961270cb6227659abc9c,2018-08,Dorset Police,Dorset Police,-1.933456,50.728518,On or near Ashley Road,E01015461,Poole 013C,Violence and sexual offences,Unable to prosecute suspect,
e0e8faeefa1197509e5f029d2e0910fb412f928ab714f2105bd9e670625444b1,2018-08,Dorset Police,Dorset Police,-1.933788,50.724616,On or near Bournemouth Road,E01015461,Poole 013C,Violence and sexual offences,Unable to prosecute suspect,
50dffd2275516a3c85c0735def19404a98e896f5111aec0012cbcfb40dd6b07a,2018-08,Dorset Police,Dorset Police,-1.933276,50.725955,On or near Palmerston Road,E01015461,Poole 013C,Violence and sexual offences,Unable to prosecute suspect,
c9c6de33c9cfd720ba8db0464a0180a4256dbed791a04f365c74af825f3c5da4,2018-08,Dorset Police,Dorset Police,-1.933456,50.728518,On or near Ashley Road,E01015461,Poole 013C,Violence and sexual offences,Unable to prosecute suspect,
a78ea6f551c4236d65593132fa2a3948ed168ab630c231571b7812728734738d,2018-08,Dorset Police,Dorset Police,-1.933642,50.727763,On or near Alexandra Road,E01015461,Poole 013C,Violence and sexual offences,Unable to prosecute suspect,
,2018-08,Dorset Police,Dorset Police,-1.925445,50.723262,On or near Supermarket,E01015462,Poole 013D,Anti-social behaviour,,
,2018-08,Dorset Police,Dorset Police,-1.927338,50.727220,On or near Vale Road,E01015462,Poole 013D,Anti-social behaviour,,
,2018-08,Dorset Police,Dorset Police,-1.926917,50.724189,On or near North Lodge Road,E01015462,Poole 013D,Anti-social behaviour,,
3166b665acbe1d9157bc29ffda30b0e42082047f158b0c3ae4a69e661ff1ec52,2018-08,Dorset Police,Dorset Police,-1.925445,50.723262,On or near Supermarket,E01015462,Poole 013D,Bicycle theft,Investigation complete; no suspect identified,
3f6a4dc1bcf141d32816bebf11f497c6367e281748cef6bc7e98a06572eb1a51,2018-08,Dorset Police,Dorset Police,-1.926917,50.724189,On or near North Lodge Road,E01015462,Poole 013D,Burglary,Offender sent to prison,
0caec9ec3612085c18e181f2ed91b86aaa06093bd094522b91ed22cfbe76338c,2018-08,Dorset Police,Dorset Police,-1.925445,50.723262,On or near Supermarket,E01015462,Poole 013D,Burglary,Investigation complete; no suspect identified,
bbcee6ea1ab8f2515101684e8015e8ddc42da721f8f5461a23bf8a05c6ad6ea8,2018-08,Dorset Police,Dorset Police,-1.925445,50.723262,On or near Supermarket,E01015462,Poole 013D,Violence and sexual offences,Unable to prosecute suspect,
15a002b7059d3d19b77ecd4af7a481e753aebe1acfc675c44035107fd774260a,2018-08,Dorset Police,Dorset Police,-1.926917,50.724189,On or near North Lodge Road,E01015462,Poole 013D,Violence and sexual offences,Unable to prosecute suspect,
67d0e38108b5ce1a1b23c3feae854115a4953d70e95ff2b85677bf54069c84f8,2018-08,Dorset Police,Dorset Police,-1.926917,50.724189,On or near North Lodge Road,E01015462,Poole 013D,Violence and sexual offences,Court result unavailable,
,2018-08,Dorset Police,Dorset Police,-1.943398,50.720133,On or near Warwick Road,E01015463,Poole 013E,Anti-social behaviour,,
,2018-08,Dorset Police,Dorset Police,-1.942136,50.721257,On or near Belle Vue Road,E01015463,Poole 013E,Anti-social behaviour,,
,2018-08,Dorset Police,Dorset Police,-1.942136,50.721257,On or near Belle Vue Road,E01015463,Poole 013E,Anti-social behaviour,,
6e90219a6d2c3c0e65d5ac8cd5227dab565eb52610cfca3dceccb1c2949788f5,2018-08,Dorset Police,Dorset Police,-1.939883,50.722101,On or near Woodside Road,E01015463,Poole 013E,Burglary,Investigation complete; no suspect identified,
2eb4d4b65561c68c11437d31f4626f7b17ef009a1505e19b1bb085184008c3a8,2018-08,Dorset Police,Dorset Police,-1.942136,50.721257,On or near Belle Vue Road,E01015463,Poole 013E,Vehicle crime,Investigation complete; no suspect identified,
,2018-08,Dorset Police,Dorset Police,-1.933849,50.721504,On or near Delhi Close,E01015464,Poole 013F,Anti-social behaviour,,
,2018-08,Dorset Police,Dorset Police,-2.027415,50.719172,On or near Napier Road,E01015427,Poole 014A,Anti-social behaviour,,
,2018-08,Dorset Police,Dorset Police,-2.023932,50.724092,On or near Fitzworth Avenue,E01015427,Poole 014A,Anti-social behaviour,,
,2018-08,Dorset Police,Dorset Police,-2.020419,50.724686,On or near Junction Road,E01015427,Poole 014A,Anti-social behaviour,,
,2018-08,Dorset Police,Dorset Police,-2.023932,50.724092,On or near Fitzworth Avenue,E01015427,Poole 014A,Anti-social behaviour,,
,2018-08,Dorset Police,Dorset Police,-2.023932,50.724092,On or near Fitzworth Avenue,E01015427,Poole 014A,Anti-social behaviour,,
a519fe7b24616e672bf1393efc9752ac5c1cf6fa7c6d564f46feaeb2f176d389,2018-08,Dorset Police,Dorset Police,-2.023932,50.724092,On or near Fitzworth Avenue,E01015427,Poole 014A,Criminal damage and arson,Investigation complete; no suspect identified,
93ae8cf32a435a18103730fd951c679e167227f1c5371a9e10797bc6875bbe1c,2018-08,Dorset Police,Dorset Police,-2.023932,50.724092,On or near Fitzworth Avenue,E01015427,Poole 014A,Criminal damage and arson,Investigation complete; no suspect identified,
3edca541611a1161e4ef87df5d080624950591ecea06df2783da5040cc3a2e17,2018-08,Dorset Police,Dorset Police,-2.020419,50.724686,On or near Junction Road,E01015427,Poole 014A,Criminal damage and arson,Investigation complete; no suspect identified,
f1276412dfd64da9747ae7939575a624a966046c867f992267b9c87da0133548,2018-08,Dorset Police,Dorset Police,-2.027415,50.719172,On or near Napier Road,E01015427,Poole 014A,Other theft,Investigation complete; no suspect identified,
d093f3214d16ea3780e21d45aa811f60f398344579bffd560c08515080674dc5,2018-08,Dorset Police,Dorset Police,-2.023932,50.724092,On or near Fitzworth Avenue,E01015427,Poole 014A,Other theft,Unable to prosecute suspect,
f55542da4ce79b1d3e7134cde4590cec8f9896044a0e212f76bf055a5cb50c7f,2018-08,Dorset Police,Dorset Police,-2.018407,50.722178,On or near Dawkins Road,E01015427,Poole 014A,Other theft,Investigation complete; no suspect identified,
314a8c94744a37222991baab18ab1200811dc2d4a833e282c48741a3e5835e67,2018-08,Dorset Police,Dorset Police,-2.020419,50.724686,On or near Junction Road,E01015427,Poole 014A,Vehicle crime,Investigation complete; no suspect identified,
7656210d5903e40f6c3bf8117b5cc3e2f9e92b2965f4418394df25744a8813a8,2018-08,Dorset Police,Dorset Police,-2.027415,50.719172,On or near Napier Road,E01015427,Poole 014A,Violence and sexual offences,Awaiting court outcome,
c7a9ed8e621553531dfdfbf7c3e9055d019ac01b9407c546250c970b6fbf486f,2018-08,Dorset Police,Dorset Police,-2.020419,50.724686,On or near Junction Road,E01015427,Poole 014A,Violence and sexual offences,Investigation complete; no suspect identified,
c86c0e10725cb8183e4627da39c815ff5c8401a05778d9aa30f089db1a63bdd2,2018-08,Dorset Police,Dorset Police,-2.033505,50.717471,On or near Parking Area,E01015427,Poole 014A,Violence and sexual offences,Unable to prosecute suspect,
ad7471af17739dd17e9fb87fa18b71126837d0d8e522005b6534de3e980c2a75,2018-08,Dorset Police,Dorset Police,-2.023932,50.724092,On or near Fitzworth Avenue,E01015427,Poole 014A,Violence and sexual offences,Unable to prosecute suspect,
66a1278c279f0754f34756227b813ed161b1a7e25913e8bbe62de219d30ff0c6,2018-08,Dorset Police,Dorset Police,-2.023932,50.724092,On or near Fitzworth Avenue,E01015427,Poole 014A,Violence and sexual offences,Offender given conditional discharge,
,2018-08,Dorset Police,Dorset Police,-2.024536,50.713948,On or near Parking Area,E01015428,Poole 014B,Anti-social behaviour,,
,2018-08,Dorset Police,Dorset Police,-2.018335,50.719534,On or near Hercules Road,E01015428,Poole 014B,Anti-social behaviour,,
a4030b50842749aa86f694cf739ed7031cc4230cad5971d64f59ae2de392bd34,2018-08,Dorset Police,Dorset Police,-2.018559,50.714147,On or near Lake Drive,E01015428,Poole 014B,Burglary,Investigation complete; no suspect identified,
8801e6d4da273cadbfa26f3d50b1601b8fe6884bc659062e852ce43e02ffd0b0,2018-08,Dorset Police,Dorset Police,-2.018022,50.717771,On or near Goliath Road,E01015428,Poole 014B,Burglary,Investigation complete; no suspect identified,
fdda14e3af79f249676c945dae65b66294f893f9d41dc667341549f527f9408e,2018-08,Dorset Police,Dorset Police,-2.018335,50.719534,On or near Hercules Road,E01015428,Poole 014B,Criminal damage and arson,Unable to prosecute suspect,
48c9dcdec83af84ae3ec9044706896e50260daf67ff8b55d149962b8325010ed,2018-08,Dorset Police,Dorset Police,-2.018559,50.714147,On or near Lake Drive,E01015428,Poole 014B,Other theft,Investigation complete; no suspect identified,
8e25398d475fb95feda25d264492ff33cadf09f4bf9562588ccd70db639b99b7,2018-08,Dorset Police,Dorset Police,-2.024536,50.713948,On or near Parking Area,E01015428,Poole 014B,Other theft,Investigation complete; no suspect identified,
db4582f4ac6f856f0e92ef09ba7482292963709e27e62153dbcff4bcf0e13f62,2018-08,Dorset Police,Dorset Police,-2.017016,50.715119,On or near Salerno Place,E01015428,Poole 014B,Other theft,Investigation complete; no suspect identified,
6f6cf21d3700663e4a7d6ae6a9f72089ecad730172a95aadd646a984e810b691,2018-08,Dorset Police,Dorset Police,-2.015728,50.719948,On or near Hoyal Road,E01015428,Poole 014B,Other theft,Investigation complete; no suspect identified,
5249fc0a01eaf45306b123078c75fa7b01bdd97247d5f3ba8b70e06034198f7e,2018-08,Dorset Police,Dorset Police,-2.018335,50.719534,On or near Hercules Road,E01015428,Poole 014B,Public order,Unable to prosecute suspect,
b8d16c3ff186b278b067c888034f765389bedc4b3860e9a27608616597c5e643,2018-08,Dorset Police,Dorset Police,-2.015402,50.716935,On or near Benjamin Road,E01015428,Poole 014B,Vehicle crime,Investigation complete; no suspect identified,
0922b094bd3a094c6662fa0a3343605f07fa86ca65c795476a14a9f9a1207293,2018-08,Dorset Police,Dorset Police,-2.016549,50.717133,On or near Solomon Way,E01015428,Poole 014B,Vehicle crime,Unable to prosecute suspect,
56bf377662250dcb62087942c1a5006e1c9be559547bf037197e27b356677790,2018-08,Dorset Police,Dorset Police,-2.016975,50.719750,On or near Nathen Gardens,E01015428,Poole 014B,Vehicle crime,Investigation complete; no suspect identified,
43ee01dbdb29e9454fc1fdd250e280ae9911f3cf780da1648684a424b0c853c4,2018-08,Dorset Police,Dorset Police,-2.016549,50.717133,On or near Solomon Way,E01015428,Poole 014B,Vehicle crime,Unable to prosecute suspect,
873a168fd357c2caa595a642eeb814e0c0419886aca4aa72a05fd6076044bb8e,2018-08,Dorset Police,Dorset Police,-2.018335,50.719534,On or near Hercules Road,E01015428,Poole 014B,Violence and sexual offences,Unable to prosecute suspect,
764b695e94494d0db449d17aa701f4544239ec8b4ae4285e9513dde8efd89e31,2018-08,Dorset Police,Dorset Police,-2.018335,50.719534,On or near Hercules Road,E01015428,Poole 014B,Violence and sexual offences,Unable to prosecute suspect,
f112f926874e6cc1ca06b52d2002e44ae68a0e99295ef6434ed18b9f0f5ba0aa,2018-08,Dorset Police,Dorset Police,-2.016975,50.719750,On or near Nathen Gardens,E01015428,Poole 014B,Violence and sexual offences,Unable to prosecute suspect,
e1d659f89f1f9df40aaf766e6f14819aa66d51fc343478371ab6bac9520332fc,2018-08,Dorset Police,Dorset Police,-2.015728,50.719948,On or near Hoyal Road,E01015428,Poole 014B,Violence and sexual offences,Unable to prosecute suspect,
22c5d98fc6185e395f9fb38a2813fba45550d1c424805075443e591550d0d430,2018-08,Dorset Police,Dorset Police,-2.015728,50.719948,On or near Hoyal Road,E01015428,Poole 014B,Violence and sexual offences,Unable to prosecute suspect,
,2018-08,Dorset Police,Dorset Police,-2.018692,50.727160,On or near Goathorn Close,E01015429,Poole 014C,Anti-social behaviour,,
,2018-08,Dorset Police,Dorset Police,-2.023013,50.726358,On or near Keysworth Road,E01015429,Poole 014C,Anti-social behaviour,,
,2018-08,Dorset Police,Dorset Police,-2.021596,50.727294,On or near Sports/Recreation Area,E01015429,Poole 014C,Anti-social behaviour,,
,2018-08,Dorset Police,Dorset Police,-2.025776,50.728363,On or near Sports/Recreation Area,E01015429,Poole 014C,Anti-social behaviour,,
,2018-08,Dorset Police,Dorset Police,-2.023013,50.726358,On or near Keysworth Road,E01015429,Poole 014C,Anti-social behaviour,,
,2018-08,Dorset Police,Dorset Police,-2.023013,50.726358,On or near Keysworth Road,E01015429,Poole 014C,Anti-social behaviour,,
,2018-08,Dorset Police,Dorset Police,-2.020706,50.732447,On or near Allens Road,E01015429,Poole 014C,Anti-social behaviour,,
3ec6a2fa07930a1639277151a3891a818d31204837fb7b5ffede4d9ce2b7f120,2018-08,Dorset Police,Dorset Police,-2.016297,50.724588,On or near Carters Avenue,E01015429,Poole 014C,Bicycle theft,Investigation complete; no suspect identified,
de62807142019cd90a7de4db82e5fdbf22eb38e2370a818bc661a7a0682ebeb5,2018-08,Dorset Police,Dorset Police,-2.018692,50.727160,On or near Goathorn Close,E01015429,Poole 014C,Burglary,Investigation complete; no suspect identified,
f8a53816abb5780d975f888e3b235df97e3c581c95772e547df2f9d01fc9ba63,2018-08,Dorset Police,Dorset Police,-2.016297,50.724588,On or near Carters Avenue,E01015429,Poole 014C,Burglary,Investigation complete; no suspect identified,
7532780438f204502abff8c215b3543eabc72286a88b12942e1a9cd02453edfc,2018-08,Dorset Police,Dorset Police,-2.023395,50.725001,On or near Maryland Road,E01015429,Poole 014C,Criminal damage and arson,Investigation complete; no suspect identified,
e2ca5a96556f9b99fa670ce11096ea22e734f5b6cae28662ce6046951c158896,2018-08,Dorset Police,Dorset Police,-2.018692,50.727160,On or near Goathorn Close,E01015429,Poole 014C,Public order,Unable to prosecute suspect,
9507f62d0b3e3009e94268c8d21628e370ff419bc4a28039482ba5adac476256,2018-08,Dorset Police,Dorset Police,-2.023395,50.725001,On or near Maryland Road,E01015429,Poole 014C,Public order,Investigation complete; no suspect identified,
3881c8ca3587566c9b839230df6a4a932f5b14f9fc2b1a39899a7a8be2a0fffa,2018-08,Dorset Police,Dorset Police,-2.018692,50.727160,On or near Goathorn Close,E01015429,Poole 014C,Shoplifting,Unable to prosecute suspect,
acfeb6700c334f0fe2db2d500d1f908b848e5b46436478a3fa57026364f75f73,2018-08,Dorset Police,Dorset Police,-2.018692,50.727160,On or near Goathorn Close,E01015429,Poole 014C,Shoplifting,Unable to prosecute suspect,
cec9b0fa110ce61f96fed4d8cf4ab535c08f7013646352dea3b94df9399d25b6,2018-08,Dorset Police,Dorset Police,-2.020706,50.732447,On or near Allens Road,E01015429,Poole 014C,Vehicle crime,Investigation complete; no suspect identified,
8a3b6365a1d7a777e909b00f60c7b0441d633c478ba72217f8c26a4f2960f618,2018-08,Dorset Police,Dorset Police,-2.020283,50.736440,On or near Ropers Lane,E01015429,Poole 014C,Violence and sexual offences,Unable to prosecute suspect,
3b05318784cb2b7f7c286e5a765379949eb13aebcc19b806839e271c9a87cf64,2018-08,Dorset Police,Dorset Police,-2.018692,50.727160,On or near Goathorn Close,E01015429,Poole 014C,Violence and sexual offences,Unable to prosecute suspect,
77648c571e5b19bd734f22a8c8f20b2c5825f7cae5b13e173618d3af7429db35,2018-08,Dorset Police,Dorset Police,-2.018692,50.727160,On or near Goathorn Close,E01015429,Poole 014C,Violence and sexual offences,Formal action is not in the public interest,
ad89e4d60f1e65fe43856ba80cc3bc83acdeb1a6516b0bb6c314708b9d3ec203,2018-08,Dorset Police,Dorset Police,-2.020283,50.736440,On or near Ropers Lane,E01015429,Poole 014C,Violence and sexual offences,Unable to prosecute suspect,
22bc970a71630b855ac9d591d1efd863e127121a8d6a2a2398c0caa8e55811c1,2018-08,Dorset Police,Dorset Police,-2.020023,50.726350,On or near Rice Gardens,E01015429,Poole 014C,Violence and sexual offences,Investigation complete; no suspect identified,
,2018-08,Dorset Police,Dorset Police,-2.031739,50.724414,On or near Egmont Road,E01015430,Poole 014D,Anti-social behaviour,,
,2018-08,Dorset Police,Dorset Police,-2.027758,50.725009,On or near Shipstal Close,E01015430,Poole 014D,Anti-social behaviour,,
,2018-08,Dorset Police,Dorset Police,-2.027758,50.725009,On or near Shipstal Close,E01015430,Poole 014D,Anti-social behaviour,,
e9ad66319abad2a67dcf2f6164d0d66d29184e53e31c3d435b86c9ecee17758d,2018-08,Dorset Police,Dorset Police,-2.033763,50.722975,On or near South Haven Close,E01015430,Poole 014D,Criminal damage and arson,Investigation complete; no suspect identified,
b5d64b0ce88537796b583d8e5dadfb72448dd94491ef659d8be7375cde194e05,2018-08,Dorset Police,Dorset Police,-2.028466,50.724280,On or near Russell Gardens,E01015430,Poole 014D,Public order,Unable to prosecute suspect,
f2b97f4ae1281b6f5ac9a689457170a708e745ea17a5649e69b5509ce135db14,2018-08,Dorset Police,Dorset Police,-2.028466,50.724280,On or near Russell Gardens,E01015430,Poole 014D,Violence and sexual offences,Unable to prosecute suspect,
5d80847e6eaf3ac809118df67ec5712e8e8850db48a1406af125bf4f63e581d8,2018-08,Dorset Police,Dorset Police,-2.031823,50.723713,On or near Patchins Road,E01015430,Poole 014D,Violence and sexual offences,Formal action is not in the public interest,
8006d2fd847015c8400731f47cecf6d8765dabf6e631478fb13632034b49d9a4,2018-08,Dorset Police,Dorset Police,-2.027758,50.725009,On or near Shipstal Close,E01015430,Poole 014D,Violence and sexual offences,Local resolution,
93daa7df33b79926847820a4ec797e3819994b4f2423b12ed89e898a804a21b6,2018-08,Dorset Police,Dorset Police,-2.031823,50.723713,On or near Patchins Road,E01015430,Poole 014D,Violence and sexual offences,Unable to prosecute suspect,
,2018-08,Dorset Police,Dorset Police,-1.987863,50.724652,On or near Sterte Avenue,E01015465,Poole 015A,Anti-social behaviour,,
,2018-08,Dorset Police,Dorset Police,-1.990796,50.725093,On or near Sterte Avenue West,E01015465,Poole 015A,Anti-social behaviour,,
,2018-08,Dorset Police,Dorset Police,-1.977564,50.724758,On or near Wimborne Road,E01015465,Poole 015A,Anti-social behaviour,,
,2018-08,Dorset Police,Dorset Police,-1.986532,50.724103,On or near Sterte Close,E01015465,Poole 015A,Anti-social behaviour,,
,2018-08,Dorset Police,Dorset Police,-1.984492,50.723608,On or near Sterte Road,E01015465,Poole 015A,Anti-social behaviour,,
,2018-08,Dorset Police,Dorset Police,-1.985271,50.723374,On or near West View Road,E01015465,Poole 015A,Anti-social behaviour,,
,2018-08,Dorset Police,Dorset Police,-1.990796,50.725093,On or near Sterte Avenue West,E01015465,Poole 015A,Anti-social behaviour,,
,2018-08,Dorset Police,Dorset Police,-1.985271,50.723374,On or near West View Road,E01015465,Poole 015A,Anti-social behaviour,,
,2018-08,Dorset Police,Dorset Police,-1.984889,50.722295,On or near Sterte Esplanade,E01015465,Poole 015A,Anti-social behaviour,,
,2018-08,Dorset Police,Dorset Police,-1.987863,50.724652,On or near Sterte Avenue,E01015465,Poole 015A,Anti-social behaviour,,
,2018-08,Dorset Police,Dorset Police,-1.987863,50.724652,On or near Sterte Avenue,E01015465,Poole 015A,Anti-social behaviour,,
f6ef69f223a487ea3941f249f5b577cabbdbb12c61984a90c1171b344cd8b850,2018-08,Dorset Police,Dorset Police,-1.976885,50.722824,On or near Heckford Lane,E01015465,Poole 015A,Criminal damage and arson,Investigation complete; no suspect identified,
4a18913fa3a1fa1dd5225758d8f53a1b43c1093fea0290e504d56f413aec0acf,2018-08,Dorset Police,Dorset Police,-1.978613,50.721926,On or near Denmark Lane,E01015465,Poole 015A,Drugs,Offender given a caution,
2e2403dd17ef7d431b607319e9922704c99c367b8b87c80d25277755d7f6c229,2018-08,Dorset Police,Dorset Police,-1.990796,50.725093,On or near Sterte Avenue West,E01015465,Poole 015A,Other theft,Investigation complete; no suspect identified,
4546b9448ccccdabd6ee7636937b9f896e6e186c9345adff248bbbcb331632b2,2018-08,Dorset Police,Dorset Police,-1.990796,50.725093,On or near Sterte Avenue West,E01015465,Poole 015A,Other theft,Unable to prosecute suspect,
64e708b4b94cf2861f72e74eaf0f6c9c86051ca351959f5b2cbff879730ffa3a,2018-08,Dorset Police,Dorset Police,-1.990796,50.725093,On or near Sterte Avenue West,E01015465,Poole 015A,Other theft,Investigation complete; no suspect identified,
1f4a6429b108a0e4e6f51bf4ee68e517f2a75cf67aeafcad9d2ece0eedb2038c,2018-08,Dorset Police,Dorset Police,-1.977989,50.724048,On or near Police Station,E01015465,Poole 015A,Other theft,Investigation complete; no suspect identified,
005405318c19c16cb1e538e9c56292b7968b08e944f4fc733393107893a38c74,2018-08,Dorset Police,Dorset Police,-1.977564,50.724758,On or near Wimborne Road,E01015465,Poole 015A,Shoplifting,Unable to prosecute suspect,
a82c037bc4b59fa580d0cfce0962495ba893f6b1e9292854b790ce118279f3a1,2018-08,Dorset Police,Dorset Police,-1.977564,50.724758,On or near Wimborne Road,E01015465,Poole 015A,Shoplifting,Unable to prosecute suspect,
bc8165ac6c71cf8178167291ef409670eaabe25aeb3be54f40fa51c6c300cf22,2018-08,Dorset Police,Dorset Police,-1.986532,50.724103,On or near Sterte Close,E01015465,Poole 015A,Vehicle crime,Investigation complete; no suspect identified,
9fb4585b6f836924997a94dee7338b54bdc458707e20a20c2accb0b821e140c2,2018-08,Dorset Police,Dorset Police,-1.978613,50.721926,On or near Denmark Lane,E01015465,Poole 015A,Violence and sexual offences,Unable to prosecute suspect,
cc18cab7db4b76ccac4a7fd69a1f0b5934e7ce947341b11a5b511d1be0cd6fe5,2018-08,Dorset Police,Dorset Police,-1.987863,50.724652,On or near Sterte Avenue,E01015465,Poole 015A,Violence and sexual offences,Unable to prosecute suspect,
52a2005eae3f41c661166677a5444adcb26492f7083f5a49598aa24e0bc6eaf4,2018-08,Dorset Police,Dorset Police,-1.977564,50.724758,On or near Wimborne Road,E01015465,Poole 015A,Other crime,Investigation complete; no suspect identified,
,2018-08,Dorset Police,Dorset Police,-1.963072,50.723001,On or near Parkstone Road,E01015466,Poole 015B,Anti-social behaviour,,
,2018-08,Dorset Police,Dorset Police,-1.966175,50.722714,On or near Alverton Avenue,E01015466,Poole 015B,Anti-social behaviour,,
,2018-08,Dorset Police,Dorset Police,-1.971289,50.723201,On or near Longfleet Road,E01015466,Poole 015B,Anti-social behaviour,,
c4983b4da74c617796068c6c76acf9a8cea1487820f9e991d44faa9324e4573b,2018-08,Dorset Police,Dorset Police,-1.963072,50.723001,On or near Parkstone Road,E01015466,Poole 015B,Violence and sexual offences,Unable to prosecute suspect,
e673afc2574f0aa86136173535b9a4a5d55d1b57576e4daecc12fd435ddbba40,2018-08,Dorset Police,Dorset Police,-1.971289,50.723201,On or near Longfleet Road,E01015466,Poole 015B,Violence and sexual offences,Unable to prosecute suspect,
6fef0d55e61ecd92d34b98a019bbcf83d8e146d98da417b6b5c4ba5ba3da663b,2018-08,Dorset Police,Dorset Police,-1.963072,50.723001,On or near Parkstone Road,E01015466,Poole 015B,Other crime,Status update unavailable,
,2018-08,Dorset Police,Dorset Police,-1.981560,50.722106,On or near Sports/Recreation Area,E01015468,Poole 015D,Anti-social behaviour,,
,2018-08,Dorset Police,Dorset Police,-1.975415,50.715873,On or near Walking Field Lane,E01015468,Poole 015D,Anti-social behaviour,,
,2018-08,Dorset Police,Dorset Police,-1.974310,50.716331,On or near Acorn Avenue,E01015468,Poole 015D,Anti-social behaviour,,
,2018-08,Dorset Police,Dorset Police,-1.973117,50.721978,On or near Hospital,E01015468,Poole 015D,Anti-social behaviour,,
,2018-08,Dorset Police,Dorset Police,-1.976462,50.719164,On or near Seldown Lane,E01015468,Poole 015D,Anti-social behaviour,,
,2018-08,Dorset Police,Dorset Police,-1.973117,50.721978,On or near Hospital,E01015468,Poole 015D,Anti-social behaviour,,
,2018-08,Dorset Police,Dorset Police,-1.974551,50.716124,On or near Oak Drive,E01015468,Poole 015D,Anti-social behaviour,,
,2018-08,Dorset Police,Dorset Police,-1.978331,50.719821,On or near High Street North,E01015468,Poole 015D,Anti-social behaviour,,
,2018-08,Dorset Police,Dorset Police,-1.975415,50.715873,On or near Walking Field Lane,E01015468,Poole 015D,Anti-social behaviour,,
,2018-08,Dorset Police,Dorset Police,-1.973117,50.721978,On or near Hospital,E01015468,Poole 015D,Anti-social behaviour,,
b35cbddf984fd9b036edf22d69b417605ccf49e61ca24b145d9b462e0fd910d4,2018-08,Dorset Police,Dorset Police,-1.973117,50.721978,On or near Hospital,E01015468,Poole 015D,Bicycle theft,Court result unavailable,
d48df982e158ac45d1ad97a1eb3a812a9ee5ceff1e6faa8605e12c15f160c006,2018-08,Dorset Police,Dorset Police,-1.973117,50.721978,On or near Hospital,E01015468,Poole 015D,Bicycle theft,Investigation complete; no suspect identified,
00b0f54a5a928d8efe6a623b7b6ab11fb1dd8bf21667afcf173ac42101f786d6,2018-08,Dorset Police,Dorset Police,-1.975115,50.721619,On or near Petrol Station,E01015468,Poole 015D,Bicycle theft,Investigation complete; no suspect identified,
c6c4bdc55eb415bdf3653966e3dcaca9b7eef24ff8fcc224c24868caa96c3635,2018-08,Dorset Police,Dorset Police,-1.981319,50.721548,On or near Parking Area,E01015468,Poole 015D,Burglary,Investigation complete; no suspect identified,
ca7726b55ce01a62031d49c995f2d0d2cd997f671167c160629adff6629f9536,2018-08,Dorset Police,Dorset Police,-1.974551,50.716124,On or near Oak Drive,E01015468,Poole 015D,Burglary,Investigation complete; no suspect identified,
ba4abefb6e0a5a85ca14bed4832af61fc51f7f51504c17842b0f055b0b8cf0d0,2018-08,Dorset Police,Dorset Police,-1.974310,50.716331,On or near Acorn Avenue,E01015468,Poole 015D,Criminal damage and arson,Unable to prosecute suspect,
5e1c989c3236c438d98414c7f82095e86b1d1149afc72a0b4a47c75804277c90,2018-08,Dorset Police,Dorset Police,-1.974310,50.716331,On or near Acorn Avenue,E01015468,Poole 015D,Criminal damage and arson,Unable to prosecute suspect,
54007a62244d3b547603b77909c1a92af621dc77d9f8f4551bbdc6af195b0cb3,2018-08,Dorset Police,Dorset Police,-1.974310,50.716331,On or near Acorn Avenue,E01015468,Poole 015D,Criminal damage and arson,Investigation complete; no suspect identified,
417add3b7efd413882143944409d7768e50f4e20b0514272aebdd7d45ee03057,2018-08,Dorset Police,Dorset Police,-1.974310,50.716331,On or near Acorn Avenue,E01015468,Poole 015D,Criminal damage and arson,Unable to prosecute suspect,
1b3223397aaaea94dd412ec18c61b06a82062aad15deadc41350c86f62946b19,2018-08,Dorset Police,Dorset Police,-1.974310,50.716331,On or near Acorn Avenue,E01015468,Poole 015D,Criminal damage and arson,Investigation complete; no suspect identified,
ab02a6c0b91878df6dc49acd397185bf4ffe9eaf96649f40f79e75025bf28829,2018-08,Dorset Police,Dorset Police,-1.974310,50.716331,On or near Acorn Avenue,E01015468,Poole 015D,Criminal damage and arson,Unable to prosecute suspect,
b02d5c3c7fbe2947a3d6a54d8e7a01d9971485e5a45a6c69f39a7d8a1874a2c3,2018-08,Dorset Police,Dorset Police,-1.973117,50.721978,On or near Hospital,E01015468,Poole 015D,Other theft,Investigation complete; no suspect identified,
8399a5b5bcb57c36032cffeace5dfc3d52bb6b33bc246730ea97dd7a2a52d9f2,2018-08,Dorset Police,Dorset Police,-1.973117,50.721978,On or near Hospital,E01015468,Poole 015D,Other theft,Investigation complete; no suspect identified,
521a961b17ec95ab88029c23c708e612b5401decd6aef3c0e8ec77714c0afb46,2018-08,Dorset Police,Dorset Police,-1.973117,50.721978,On or near Hospital,E01015468,Poole 015D,Other theft,Investigation complete; no suspect identified,
e65838b343b106562e316b238f2e106ca5db47a82bbfee8d42f291e22f1a7d28,2018-08,Dorset Police,Dorset Police,-1.974551,50.716124,On or near Oak Drive,E01015468,Poole 015D,Public order,Unable to prosecute suspect,
0cabde650bc106df4b75c31b3487e55046a741831e001ee10bb580daac4262ff,2018-08,Dorset Police,Dorset Police,-1.975115,50.721619,On or near Petrol Station,E01015468,Poole 015D,Public order,Unable to prosecute suspect,
966d7df71f3ef1858df945fc7ed9cbf1d44e22aea0b5f1ba72ce2c73349df655,2018-08,Dorset Police,Dorset Police,-1.975415,50.715873,On or near Walking Field Lane,E01015468,Poole 015D,Public order,Unable to prosecute suspect,
9d11a259eef6fa57a9e2abb0ce0aa06a1fd39524f482a380a7991df692ee83bb,2018-08,Dorset Police,Dorset Police,-1.974310,50.716331,On or near Acorn Avenue,E01015468,Poole 015D,Public order,Formal action is not in the public interest,
0ca3552d7ebb4384300837637d1009fe0d029a532ae3b52cd37651d5b70f833b,2018-08,Dorset Police,Dorset Police,-1.974310,50.716331,On or near Acorn Avenue,E01015468,Poole 015D,Public order,Offender given community sentence,
43d126c7376fc8cf8132e0a54c21e435fe7882d0c7cbea5fb6fb5da524d2c73d,2018-08,Dorset Police,Dorset Police,-1.978331,50.719821,On or near High Street North,E01015468,Poole 015D,Public order,Unable to prosecute suspect,
32f3d09630129162b54a0e496e6b1fa563451c333a9f5451dd9d23a86dfd4a7e,2018-08,Dorset Police,Dorset Police,-1.974310,50.716331,On or near Acorn Avenue,E01015468,Poole 015D,Public order,Unable to prosecute suspect,
7ba6c107463ff239d8a568aa17ec48a4dfa63330ce3778979b26f8ee7d4bab20,2018-08,Dorset Police,Dorset Police,-1.974551,50.716124,On or near Oak Drive,E01015468,Poole 015D,Shoplifting,Unable to prosecute suspect,
d1479a4d4f015076199812f4ac99ead9f511567c5543ec77f8bc36b0253e494c,2018-08,Dorset Police,Dorset Police,-1.975115,50.721619,On or near Petrol Station,E01015468,Poole 015D,Vehicle crime,Unable to prosecute suspect,
22cef329d1d001aff6897de758a3fb7ece8fd0b5fe7e73198df02ba16bc58840,2018-08,Dorset Police,Dorset Police,-1.975115,50.721619,On or near Petrol Station,E01015468,Poole 015D,Vehicle crime,Investigation complete; no suspect identified,
1e5d4fd0906dfc9b68b4abdc31929ae8de20c9f0e87b34377279da23b6cb9ddb,2018-08,Dorset Police,Dorset Police,-1.977806,50.720855,On or near Denmark Road,E01015468,Poole 015D,Violence and sexual offences,Unable to prosecute suspect,
2f11d4b099a68ee56dc1c85008608d9beea4f520a509800a5936dec684f5cc30,2018-08,Dorset Police,Dorset Police,-1.973117,50.721978,On or near Hospital,E01015468,Poole 015D,Violence and sexual offences,Unable to prosecute suspect,
486fc5324433230bbf13cbc8beb4a4c1db22f96df6547b141a07ffa757a7e665,2018-08,Dorset Police,Dorset Police,-1.978331,50.719821,On or near High Street North,E01015468,Poole 015D,Violence and sexual offences,Unable to prosecute suspect,
6f3a2991190a472790869a8ead0a32d8ac8785da4e3a5acb5b07f6990b094c4c,2018-08,Dorset Police,Dorset Police,-1.974391,50.723049,On or near Charles Road,E01015468,Poole 015D,Violence and sexual offences,Unable to prosecute suspect,
80dca8c3e0f89a5416875f5d38c26bb4469e23451db591b1f8ef63608cdce9e5,2018-08,Dorset Police,Dorset Police,-1.974310,50.716331,On or near Acorn Avenue,E01015468,Poole 015D,Violence and sexual offences,Unable to prosecute suspect,
6f9339d3b6df67a726dbe295e3a6913f1559fdeee95b6dafd8c993a1cd2ac1f1,2018-08,Dorset Police,Dorset Police,-1.976462,50.719164,On or near Seldown Lane,E01015468,Poole 015D,Violence and sexual offences,Unable to prosecute suspect,
,2018-08,Dorset Police,Dorset Police,-1.980060,50.717510,On or near Shopping Area,E01032659,Poole 015F,Anti-social behaviour,,
,2018-08,Dorset Police,Dorset Police,-1.978049,50.717816,On or near Bus/Coach Station,E01032659,Poole 015F,Anti-social behaviour,,
,2018-08,Dorset Police,Dorset Police,-1.984934,50.715785,On or near Parking Area,E01032659,Poole 015F,Anti-social behaviour,,
,2018-08,Dorset Police,Dorset Police,-1.978573,50.717016,On or near Bus/Coach Station,E01032659,Poole 015F,Anti-social behaviour,,
,2018-08,Dorset Police,Dorset Police,-1.978049,50.717816,On or near Bus/Coach Station,E01032659,Poole 015F,Anti-social behaviour,,
,2018-08,Dorset Police,Dorset Police,-1.986406,50.717862,On or near Supermarket,E01032659,Poole 015F,Anti-social behaviour,,
,2018-08,Dorset Police,Dorset Police,-1.978049,50.717816,On or near Bus/Coach Station,E01032659,Poole 015F,Anti-social behaviour,,
,2018-08,Dorset Police,Dorset Police,-1.978049,50.717816,On or near Bus/Coach Station,E01032659,Poole 015F,Anti-social behaviour,,
,2018-08,Dorset Police,Dorset Police,-1.983829,50.714597,On or near Lagland Street,E01032659,Poole 015F,Anti-social behaviour,,
,2018-08,Dorset Police,Dorset Police,-1.981037,50.718320,On or near Shopping Area,E01032659,Poole 015F,Anti-social behaviour,,
,2018-08,Dorset Police,Dorset Police,-1.982921,50.718707,On or near Towngate Bridge,E01032659,Poole 015F,Anti-social behaviour,,
,2018-08,Dorset Police,Dorset Police,-1.980060,50.717510,On or near Shopping Area,E01032659,Poole 015F,Anti-social behaviour,,
,2018-08,Dorset Police,Dorset Police,-1.985840,50.714813,On or near Carter'S Lane,E01032659,Poole 015F,Anti-social behaviour,,
,2018-08,Dorset Police,Dorset Police,-1.981037,50.718320,On or near Shopping Area,E01032659,Poole 015F,Anti-social behaviour,,
,2018-08,Dorset Police,Dorset Police,-1.978049,50.717816,On or near Bus/Coach Station,E01032659,Poole 015F,Anti-social behaviour,,
,2018-08,Dorset Police,Dorset Police,-1.982851,50.716764,On or near North Street,E01032659,Poole 015F,Anti-social behaviour,,
,2018-08,Dorset Police,Dorset Police,-1.982851,50.716764,On or near North Street,E01032659,Poole 015F,Anti-social behaviour,,
,2018-08,Dorset Police,Dorset Police,-1.981491,50.718527,On or near Shopping Area,E01032659,Poole 015F,Anti-social behaviour,,
,2018-08,Dorset Police,Dorset Police,-1.981491,50.718527,On or near Shopping Area,E01032659,Poole 015F,Anti-social behaviour,,
,2018-08,Dorset Police,Dorset Police,-1.978049,50.717816,On or near Bus/Coach Station,E01032659,Poole 015F,Anti-social behaviour,,
,2018-08,Dorset Police,Dorset Police,-1.981037,50.718320,On or near Shopping Area,E01032659,Poole 015F,Anti-social behaviour,,
,2018-08,Dorset Police,Dorset Police,-1.981037,50.718320,On or near Shopping Area,E01032659,Poole 015F,Anti-social behaviour,,
,2018-08,Dorset Police,Dorset Police,-1.978049,50.717816,On or near Bus/Coach Station,E01032659,Poole 015F,Anti-social behaviour,,
,2018-08,Dorset Police,Dorset Police,-1.980060,50.717510,On or near Shopping Area,E01032659,Poole 015F,Anti-social behaviour,,
,2018-08,Dorset Police,Dorset Police,-1.978573,50.717016,On or near Bus/Coach Station,E01032659,Poole 015F,Anti-social behaviour,,
,2018-08,Dorset Police,Dorset Police,-1.981037,50.718320,On or near Shopping Area,E01032659,Poole 015F,Anti-social behaviour,,
,2018-08,Dorset Police,Dorset Police,-1.982851,50.716764,On or near North Street,E01032659,Poole 015F,Anti-social behaviour,,
,2018-08,Dorset Police,Dorset Police,-1.985840,50.714813,On or near Carter'S Lane,E01032659,Poole 015F,Anti-social behaviour,,
,2018-08,Dorset Police,Dorset Police,-1.986406,50.717862,On or near Supermarket,E01032659,Poole 015F,Anti-social behaviour,,
,2018-08,Dorset Police,Dorset Police,-1.980060,50.717510,On or near Shopping Area,E01032659,Poole 015F,Anti-social behaviour,,
b5d6ff970dd70c14b96370e89178c2a5b2f0369ff7f4b91fb433ed23a3b8de9c,2018-08,Dorset Police,Dorset Police,-1.982851,50.716764,On or near North Street,E01032659,Poole 015F,Bicycle theft,Investigation complete; no suspect identified,
f78d3bb815d7f8f228b321af8b3d1cadd7e6add1887c046dcd74786cb3b110e8,2018-08,Dorset Police,Dorset Police,-1.980074,50.718428,On or near Shopping Area,E01032659,Poole 015F,Bicycle theft,Investigation complete; no suspect identified,
7fcf7afff63427a5ef1a62120d37b8222f8feccb77f9492c3ae7dea5b2004f8c,2018-08,Dorset Police,Dorset Police,-1.982921,50.718707,On or near Towngate Bridge,E01032659,Poole 015F,Bicycle theft,Investigation complete; no suspect identified,
66afe570413860517f21188d3a73e32b0305a79bf648d8af4ffefe0a231d37ed,2018-08,Dorset Police,Dorset Police,-1.986478,50.714571,On or near Parking Area,E01032659,Poole 015F,Bicycle theft,Investigation complete; no suspect identified,
60480295a2d6fd21c9be4aabcc358941a93c799c6910face93f4ddfa5442b5ff,2018-08,Dorset Police,Dorset Police,-1.982851,50.716764,On or near North Street,E01032659,Poole 015F,Bicycle theft,Investigation complete; no suspect identified,
6c2c436a084d3249e512faf0ab750867080106169f8cd32ac11a3023f07275d7,2018-08,Dorset Police,Dorset Police,-1.986406,50.717862,On or near Supermarket,E01032659,Poole 015F,Burglary,Investigation complete; no suspect identified,
2d41298fda87aa76c36b50765120f26062dc46b53c9b4273457b3d8094caa61e,2018-08,Dorset Police,Dorset Police,-1.982539,50.718095,On or near Parking Area,E01032659,Poole 015F,Burglary,Investigation complete; no suspect identified,
a499476d5ecb19f5cb7c9c28320b4abd8464b3859df1bf5a0c8583e9ec12c833,2018-08,Dorset Police,Dorset Police,-1.978997,50.718373,On or near Pedestrian Subway,E01032659,Poole 015F,Burglary,Investigation complete; no suspect identified,
052611b7dcc1dcc0ddf880d18bb769fa10c4233df67d1c61e5470bf9d37e27e6,2018-08,Dorset Police,Dorset Police,-1.983829,50.714597,On or near Lagland Street,E01032659,Poole 015F,Burglary,Investigation complete; no suspect identified,
26a3a0d95827bb02489b9c211211e3095229101b3d7f93af99b4aeb61304e100,2018-08,Dorset Police,Dorset Police,-1.981491,50.718527,On or near Shopping Area,E01032659,Poole 015F,Criminal damage and arson,Investigation complete; no suspect identified,
d5cd8e7b1ff5eb1196325bce016671c4499ac76e39ef83a785fcb0c8b128f3af,2018-08,Dorset Police,Dorset Police,-1.981037,50.718320,On or near Shopping Area,E01032659,Poole 015F,Criminal damage and arson,Investigation complete; no suspect identified,
5a6bd2cb24118ea4b8d957bb0be265aeacbbb1d8cac4ef7ddc9b11c942b7b232,2018-08,Dorset Police,Dorset Police,-1.984934,50.715785,On or near Parking Area,E01032659,Poole 015F,Criminal damage and arson,Investigation complete; no suspect identified,
94d1fc6debbafb75d78dc6b38f192d21f047aaca08ab954470ae009dcd3ff5a2,2018-08,Dorset Police,Dorset Police,-1.986478,50.714571,On or near Parking Area,E01032659,Poole 015F,Criminal damage and arson,Offender given a caution,
b2d9bfd7dfc09480db1f4118eb67cf319697ffd71bf38b64ea92016b265bbf4d,2018-08,Dorset Police,Dorset Police,-1.983829,50.714597,On or near Lagland Street,E01032659,Poole 015F,Drugs,Offender given a drugs possession warning,
41c8e1eaa5afce1e4c9da650f3f5b1f145488f243a953452342b207974f20051,2018-08,Dorset Police,Dorset Police,-1.980060,50.717510,On or near Shopping Area,E01032659,Poole 015F,Drugs,Offender deprived of property,
35c5959ec5b1f88105bf7cacfc0296f3d87cf26f622c4350c48f8e681a1cde04,2018-08,Dorset Police,Dorset Police,-1.980074,50.718428,On or near Shopping Area,E01032659,Poole 015F,Other theft,Investigation complete; no suspect identified,
99fd1e9f379ce003596a0f70fd35237b1cf3f320836d42d5727e6c5ba5dfd31b,2018-08,Dorset Police,Dorset Police,-1.986406,50.717862,On or near Supermarket,E01032659,Poole 015F,Other theft,Investigation complete; no suspect identified,
368fa5bd267a5011571f862afced54fe857101179e8d8976ea44129ff726e302,2018-08,Dorset Police,Dorset Police,-1.981037,50.718320,On or near Shopping Area,E01032659,Poole 015F,Other theft,Investigation complete; no suspect identified,
2492c546438f58de97c60182f604b8ccb01191ee62a66753dee7ad019aa635bf,2018-08,Dorset Police,Dorset Police,-1.978049,50.717816,On or near Bus/Coach Station,E01032659,Poole 015F,Public order,Investigation complete; no suspect identified,
957e45fb0c1029bfbe46757d0d76c57e28d918ae47c42e6e94398cdc7d0925a2,2018-08,Dorset Police,Dorset Police,-1.978997,50.718373,On or near Pedestrian Subway,E01032659,Poole 015F,Public order,Court result unavailable,
fb4ff5cd17fbecdea051f8b6d2d4c9888bb45cb3514a715a8195f17be305b126,2018-08,Dorset Police,Dorset Police,-1.981037,50.718320,On or near Shopping Area,E01032659,Poole 015F,Public order,Unable to prosecute suspect,
25a4ced07127ca9ed7e243ef87aa38e6c9b401a2426b63f945572f20617e3a3c,2018-08,Dorset Police,Dorset Police,-1.978997,50.718373,On or near Pedestrian Subway,E01032659,Poole 015F,Public order,Offender sent to prison,
da6487ff661166e237581d6d61323c47f06d412ee74d5126564761f96e21b581,2018-08,Dorset Police,Dorset Police,-1.982539,50.718095,On or near Parking Area,E01032659,Poole 015F,Public order,Investigation complete; no suspect identified,
810a8feab068b336e908ab0b430119330ac8e1cd9e974159b1a5a0af9d0a26ed,2018-08,Dorset Police,Dorset Police,-1.985840,50.714813,On or near Carter'S Lane,E01032659,Poole 015F,Robbery,Investigation complete; no suspect identified,
0ac389536a9eeed7006c712fe7c3ec8831d6f922eec59ab8e71eb30066f7b854,2018-08,Dorset Police,Dorset Police,-1.980060,50.717510,On or near Shopping Area,E01032659,Poole 015F,Robbery,Investigation complete; no suspect identified,
6fe097b6fb38637b1f8cac70c2e63ef87b1c35edcc2b8a784c60195c334bc5c6,2018-08,Dorset Police,Dorset Police,-1.980074,50.718428,On or near Shopping Area,E01032659,Poole 015F,Shoplifting,Unable to prosecute suspect,
3e15c6cfcd228d1103aa783be34db5c18d51977be05cfc05a281a814fb1d69f0,2018-08,Dorset Police,Dorset Police,-1.980074,50.718428,On or near Shopping Area,E01032659,Poole 015F,Shoplifting,Unable to prosecute suspect,
f25d256ba2ea0a05f854b7520cc2c2117baeab12c3d20e54b7737bc400f71c3d,2018-08,Dorset Police,Dorset Police,-1.981037,50.718320,On or near Shopping Area,E01032659,Poole 015F,Shoplifting,Offender sent to prison,
1659d1d9479e36b723f165c40b06ab9175dfbd06546128fd20337565c64ee5ca,2018-08,Dorset Police,Dorset Police,-1.980060,50.717510,On or near Shopping Area,E01032659,Poole 015F,Shoplifting,Unable to prosecute suspect,
be20bbc546f465ab408502e3333b513ba7b449121b43fbcb6d210ca734e6d06c,2018-08,Dorset Police,Dorset Police,-1.981037,50.718320,On or near Shopping Area,E01032659,Poole 015F,Shoplifting,Offender sent to prison,
f59dd1982edf0efe72bd3fa4bdb8e4db69d6a9282263cb9f8a29a352e72c7844,2018-08,Dorset Police,Dorset Police,-1.981037,50.718320,On or near Shopping Area,E01032659,Poole 015F,Shoplifting,Court result unavailable,
e1779866df1f25995d0784f304c41254f762cd1525fbfcc3175e04a4fb765edd,2018-08,Dorset Police,Dorset Police,-1.980074,50.718428,On or near Shopping Area,E01032659,Poole 015F,Shoplifting,Investigation complete; no suspect identified,
0cf39a5612b8a39c2d05fa2557f63f4f250b45f652615f2287938f55fe0d8332,2018-08,Dorset Police,Dorset Police,-1.981037,50.718320,On or near Shopping Area,E01032659,Poole 015F,Shoplifting,Unable to prosecute suspect,
324420563b9dac877f59e456eccede6821b9237dd1979be186dceabc0ce04f0d,2018-08,Dorset Police,Dorset Police,-1.981037,50.718320,On or near Shopping Area,E01032659,Poole 015F,Shoplifting,Offender sent to prison,
f958594f77392e0660e974dc00ce862e0e836b27dddbb2787ef9e9cc1ce24424,2018-08,Dorset Police,Dorset Police,-1.981037,50.718320,On or near Shopping Area,E01032659,Poole 015F,Shoplifting,Offender ordered to pay compensation,
4a450418a6569a565f22d8f04f87baeabb3a9c98c316f3f3973d1007f5e6d731,2018-08,Dorset Police,Dorset Police,-1.982851,50.716764,On or near North Street,E01032659,Poole 015F,Shoplifting,Investigation complete; no suspect identified,
9463cba74843020227df0c90e91dbf644eff910f36a01c1401881ec7bda0deea,2018-08,Dorset Police,Dorset Police,-1.981037,50.718320,On or near Shopping Area,E01032659,Poole 015F,Shoplifting,Unable to prosecute suspect,
c4e11953aa5ed3a412e16cafba3fa21da63e662d5b17fd2acb5ad8d256c179c1,2018-08,Dorset Police,Dorset Police,-1.981037,50.718320,On or near Shopping Area,E01032659,Poole 015F,Shoplifting,Offender sent to prison,
2e7893521bfa5d965d3f213e480fb328eb2d76c4647b87b5ef6fbb89e6d4dd93,2018-08,Dorset Police,Dorset Police,-1.980074,50.718428,On or near Shopping Area,E01032659,Poole 015F,Shoplifting,Unable to prosecute suspect,
dfa783bdb704bd55765dac944b92cc1ff7b25813d8fd3ade75762685da080fa1,2018-08,Dorset Police,Dorset Police,-1.983899,50.716432,On or near Supermarket,E01032659,Poole 015F,Shoplifting,Investigation complete; no suspect identified,
595e0b62717d875d2921276ed3814283455d4b865fe52a4823ca35093b678d97,2018-08,Dorset Police,Dorset Police,-1.981037,50.718320,On or near Shopping Area,E01032659,Poole 015F,Shoplifting,Offender sent to prison,
64703abcdb00d61ce497b9e799b2189434ef1dec6e685c3c68792a1856a3c69b,2018-08,Dorset Police,Dorset Police,-1.980074,50.718428,On or near Shopping Area,E01032659,Poole 015F,Shoplifting,Offender sent to prison,
2794dcbf3d7d0f155255099441799c040fc8cd721e8ff3528a2018be3fac539c,2018-08,Dorset Police,Dorset Police,-1.980060,50.717510,On or near Shopping Area,E01032659,Poole 015F,Shoplifting,Unable to prosecute suspect,
e794179aa72446928f3142bf18bccc0b3975b396993b6c260072646e39ee5733,2018-08,Dorset Police,Dorset Police,-1.982539,50.718095,On or near Parking Area,E01032659,Poole 015F,Shoplifting,Unable to prosecute suspect,
a12f7b617cc5fde24e714ba4792ec3bddf4caa8e2ec5e7e4d629b4428f0934ec,2018-08,Dorset Police,Dorset Police,-1.980060,50.717510,On or near Shopping Area,E01032659,Poole 015F,Shoplifting,Investigation complete; no suspect identified,
ae70546cc9939d8adba86d2bcd65bedc08cf0bc5776095b3c34d473b5013ea27,2018-08,Dorset Police,Dorset Police,-1.985161,50.714265,On or near Parking Area,E01032659,Poole 015F,Theft from the person,Investigation complete; no suspect identified,
66b77c1662d620fe225a358f55ea6b44b78e8e0b6288916d33215e2d182a3e27,2018-08,Dorset Police,Dorset Police,-1.981037,50.718320,On or near Shopping Area,E01032659,Poole 015F,Theft from the person,Investigation complete; no suspect identified,
e16bf2c435c7fb8eaf96f72e521adfe9ea5312c09d509b98e974e38b0eb8bf07,2018-08,Dorset Police,Dorset Police,-1.981917,50.714336,On or near South Road,E01032659,Poole 015F,Vehicle crime,Investigation complete; no suspect identified,
8998fa58b99cab0979b95a0b9f4b5296c5ce9fbe53fc99b738c8d283a8013c99,2018-08,Dorset Police,Dorset Police,-1.981037,50.718320,On or near Shopping Area,E01032659,Poole 015F,Violence and sexual offences,Unable to prosecute suspect,
15a002b7059d3d19b77ecd4af7a481e753aebe1acfc675c44035107fd774260a,2018-08,Dorset Police,Dorset Police,-1.982539,50.718095,On or near Parking Area,E01032659,Poole 015F,Violence and sexual offences,Status update unavailable,
ae6e6316c19fc45bc62b9894b8f56fb4410ab0b96f2a6801de4ee91da9ef127e,2018-08,Dorset Police,Dorset Police,-1.982851,50.716764,On or near North Street,E01032659,Poole 015F,Violence and sexual offences,Investigation complete; no suspect identified,
254f51b630e900674aaf7a8f77a5c5edd56261d2a87a2b3581dcfa0c8f5ad6e2,2018-08,Dorset Police,Dorset Police,-1.981037,50.718320,On or near Shopping Area,E01032659,Poole 015F,Violence and sexual offences,Offender given a caution,
67d0e38108b5ce1a1b23c3feae854115a4953d70e95ff2b85677bf54069c84f8,2018-08,Dorset Police,Dorset Police,-1.982539,50.718095,On or near Parking Area,E01032659,Poole 015F,Violence and sexual offences,Status update unavailable,
37744b98c5d5bf3b0656ed2378e97be0d863126a17709e027ed296bed89f5ccb,2018-08,Dorset Police,Dorset Police,-1.980060,50.717510,On or near Shopping Area,E01032659,Poole 015F,Violence and sexual offences,Investigation complete; no suspect identified,
b1b1f1439144e92ccc04f9f223986320f3fb6922e204ee0b1f5e99979ef2b9ae,2018-08,Dorset Police,Dorset Police,-1.986406,50.717862,On or near Supermarket,E01032659,Poole 015F,Violence and sexual offences,Investigation complete; no suspect identified,
cc72fd3a6fdca02e7794d2c57c4e81770cfc1ffa4a7dc16d5876d1ec02d4e0be,2018-08,Dorset Police,Dorset Police,-1.978049,50.717816,On or near Bus/Coach Station,E01032659,Poole 015F,Violence and sexual offences,Unable to prosecute suspect,
2c5f52f9d05e3efbfa1cea0118560a95dfa921e348e8ac122538338e25c4c3c2,2018-08,Dorset Police,Dorset Police,-1.981037,50.718320,On or near Shopping Area,E01032659,Poole 015F,Violence and sexual offences,Unable to prosecute suspect,
3373da5ceb1b91b2eef39e37d1b042123e099b1f2a7cfdb5169ce97d91c9e903,2018-08,Dorset Police,Dorset Police,-1.981037,50.718320,On or near Shopping Area,E01032659,Poole 015F,Violence and sexual offences,Court result unavailable,
e72be1e79f19ec5353bb94a7d5c284be6d527246248832fb4980ac814d11aa2b,2018-08,Dorset Police,Dorset Police,-1.978049,50.717816,On or near Bus/Coach Station,E01032659,Poole 015F,Violence and sexual offences,Investigation complete; no suspect identified,
5db2bbffead5bae8376cda612ec7c0ac634d2060993d3a2c4d0b1486787ca8c4,2018-08,Dorset Police,Dorset Police,-1.982851,50.716764,On or near North Street,E01032659,Poole 015F,Violence and sexual offences,Unable to prosecute suspect,
d649147e27493464bdfefef0b4bb46d2bc0cbbc6c2c5d058f190306eefec6134,2018-08,Dorset Police,Dorset Police,-1.980074,50.718428,On or near Shopping Area,E01032659,Poole 015F,Violence and sexual offences,Investigation complete; no suspect identified,
67d0e38108b5ce1a1b23c3feae854115a4953d70e95ff2b85677bf54069c84f8,2018-08,Dorset Police,Dorset Police,-1.978997,50.718373,On or near Pedestrian Subway,E01032659,Poole 015F,Violence and sexual offences,Status update unavailable,
15a002b7059d3d19b77ecd4af7a481e753aebe1acfc675c44035107fd774260a,2018-08,Dorset Police,Dorset Police,-1.978997,50.718373,On or near Pedestrian Subway,E01032659,Poole 015F,Violence and sexual offences,Status update unavailable,
fbc3cde864c3e471c0d15b1e33ec39da410254c5cd58489cb48735696c64eeb2,2018-08,Dorset Police,Dorset Police,-1.981037,50.718320,On or near Shopping Area,E01032659,Poole 015F,Violence and sexual offences,Unable to prosecute suspect,
0bffa0b50211e7bfd4097c54f8d7cf69bf9e82cb6c3ed46adeb3566509ffb96d,2018-08,Dorset Police,Dorset Police,-1.981037,50.718320,On or near Shopping Area,E01032659,Poole 015F,Violence and sexual offences,Unable to prosecute suspect,
bee5701e2a6b20bd25a03075e1ccf9956bd971d7eeaf0f7817c460f944b79101,2018-08,Dorset Police,Dorset Police,-1.982851,50.716764,On or near North Street,E01032659,Poole 015F,Violence and sexual offences,Unable to prosecute suspect,
41973d8de2d825ee55c1d95d680f2e8a1e0b377362f3d86ef08a3875a5a63abd,2018-08,Dorset Police,Dorset Police,-1.982851,50.716764,On or near North Street,E01032659,Poole 015F,Violence and sexual offences,Unable to prosecute suspect,
f37ca9031e9d1fa576f320d11344687f88c4d1abf45b3a13e6375396d0788643,2018-08,Dorset Police,Dorset Police,-1.981037,50.718320,On or near Shopping Area,E01032659,Poole 015F,Violence and sexual offences,Unable to prosecute suspect,
af55a026cd1b96000fd56cec0cdaed5551971eb1e7c3111a5f9e5db40e45012c,2018-08,Dorset Police,Dorset Police,-1.981747,50.713383,On or near Perry Gardens,E01032659,Poole 015F,Violence and sexual offences,Offender given conditional discharge,
,2018-08,Dorset Police,Dorset Police,-1.973334,50.713498,On or near Catalina Drive,E01032660,Poole 015G,Anti-social behaviour,,
,2018-08,Dorset Police,Dorset Police,-1.976435,50.714650,On or near Seager Way,E01032660,Poole 015G,Anti-social behaviour,,
,2018-08,Dorset Police,Dorset Police,-1.983064,50.715586,On or near Globe Lane,E01032660,Poole 015G,Anti-social behaviour,,
,2018-08,Dorset Police,Dorset Police,-1.978475,50.714569,On or near Liberty Way,E01032660,Poole 015G,Anti-social behaviour,,
,2018-08,Dorset Police,Dorset Police,-1.977498,50.713805,On or near Newfoundland Drive,E01032660,Poole 015G,Anti-social behaviour,,
,2018-08,Dorset Police,Dorset Police,-1.983064,50.715586,On or near Globe Lane,E01032660,Poole 015G,Anti-social behaviour,,
fc030abcdc529b7c7f9c09fe83bbebc79c094ea101e0f75db03927922dd9d03c,2018-08,Dorset Police,Dorset Police,-1.980302,50.716404,On or near Parking Area,E01032660,Poole 015G,Bicycle theft,Investigation complete; no suspect identified,
766b58017c47912d60b634125aba6bc8cf060829634d71a59cb7a2dd5a373503,2018-08,Dorset Police,Dorset Police,-1.973334,50.713498,On or near Catalina Drive,E01032660,Poole 015G,Criminal damage and arson,Investigation complete; no suspect identified,
170b788e79c0f1d63b01bdf5aaf6b0462a312d49e109b3094a34c8549994bc9a,2018-08,Dorset Police,Dorset Police,-1.978475,50.714569,On or near Liberty Way,E01032660,Poole 015G,Criminal damage and arson,Unable to prosecute suspect,
3ea48d175c5419636b68bb979a99404bce9e318528b412baefdfc61e3937f9c4,2018-08,Dorset Police,Dorset Police,-1.975954,50.714641,On or near Durrell Way,E01032660,Poole 015G,Criminal damage and arson,Defendant found not guilty,
94f633e5306ea0c1ecaca06e856e0ea16004d42275a93926963c9c834208dde4,2018-08,Dorset Police,Dorset Police,-1.980019,50.715208,On or near Emerson Road,E01032660,Poole 015G,Other theft,Unable to prosecute suspect,
9c9f49cbaabbdea8dde7e1f808989a2cce3978ce8dceabcbbc71e47eb102e8fa,2018-08,Dorset Police,Dorset Police,-1.976803,50.715882,On or near Seldown Bridge,E01032660,Poole 015G,Possession of weapons,Court case unable to proceed,
d8151ac905290101d2757df8b3744682ae4544de721ab778439521fc3112a024,2018-08,Dorset Police,Dorset Police,-1.975954,50.714641,On or near Durrell Way,E01032660,Poole 015G,Public order,Court result unavailable,
b7d787b4d9f12ae59f5ed5192d767bd40cf33156a5fc8b347fd3132e44c86b64,2018-08,Dorset Police,Dorset Police,-1.983064,50.715586,On or near Globe Lane,E01032660,Poole 015G,Shoplifting,Unable to prosecute suspect,
2818614168ae3c82c40d6a256e9c2fc9ef8c0527caecb6d320a76a1917738092,2018-08,Dorset Police,Dorset Police,-1.983064,50.715586,On or near Globe Lane,E01032660,Poole 015G,Shoplifting,Unable to prosecute suspect,
598bc03c19720ea0a78c3a2b2b5c02fa48f28d78263a39253f9b5ed6125959ec,2018-08,Dorset Police,Dorset Police,-1.978475,50.714569,On or near Liberty Way,E01032660,Poole 015G,Violence and sexual offences,Unable to prosecute suspect,
67d0e38108b5ce1a1b23c3feae854115a4953d70e95ff2b85677bf54069c84f8,2018-08,Dorset Police,Dorset Police,-1.976803,50.715882,On or near Seldown Bridge,E01032660,Poole 015G,Violence and sexual offences,Status update unavailable,
1e192149d6f7882b3adc4481f79bcad62c129dc6d2275e53bf404224fc1fb3f7,2018-08,Dorset Police,Dorset Police,-1.980302,50.716404,On or near Parking Area,E01032660,Poole 015G,Violence and sexual offences,Investigation complete; no suspect identified,
ac844779b0395836c3607f3c12ff4fa23f758a26ca09be9dfee7090a1b375856,2018-08,Dorset Police,Dorset Police,-1.976435,50.714650,On or near Seager Way,E01032660,Poole 015G,Violence and sexual offences,Status update unavailable,
1706ed5e4112137023d14fe0487eabf735ec04f6094dc54bffa530dd56f43f1f,2018-08,Dorset Police,Dorset Police,-1.983064,50.715586,On or near Globe Lane,E01032660,Poole 015G,Violence and sexual offences,Unable to prosecute suspect,
247a6ebaeee6217e9139e645530b13adda914482eeed3ff7968ba79d529fa893,2018-08,Dorset Police,Dorset Police,-1.977498,50.713805,On or near Newfoundland Drive,E01032660,Poole 015G,Violence and sexual offences,Unable to prosecute suspect,
58cb63e26769b3930f6c9fb2401c2211f9dfe55f0481d7ecd44445b167eceb85,2018-08,Dorset Police,Dorset Police,-1.980302,50.716404,On or near Parking Area,E01032660,Poole 015G,Violence and sexual offences,Status update unavailable,
15a002b7059d3d19b77ecd4af7a481e753aebe1acfc675c44035107fd774260a,2018-08,Dorset Police,Dorset Police,-1.976803,50.715882,On or near Seldown Bridge,E01032660,Poole 015G,Violence and sexual offences,Status update unavailable,
,2018-08,Dorset Police,Dorset Police,-1.986705,50.712107,On or near The Quay,E01032661,Poole 015H,Anti-social behaviour,,
,2018-08,Dorset Police,Dorset Police,-1.986705,50.712107,On or near The Quay,E01032661,Poole 015H,Anti-social behaviour,,
,2018-08,Dorset Police,Dorset Police,-1.986393,50.712826,On or near Castle Street,E01032661,Poole 015H,Anti-social behaviour,,
,2018-08,Dorset Police,Dorset Police,-1.991450,50.713780,On or near West Quay Road,E01032661,Poole 015H,Anti-social behaviour,,
,2018-08,Dorset Police,Dorset Police,-1.986393,50.712826,On or near Castle Street,E01032661,Poole 015H,Anti-social behaviour,,
,2018-08,Dorset Police,Dorset Police,-1.986705,50.712107,On or near The Quay,E01032661,Poole 015H,Anti-social behaviour,,
,2018-08,Dorset Police,Dorset Police,-1.986705,50.712107,On or near The Quay,E01032661,Poole 015H,Anti-social behaviour,,
,2018-08,Dorset Police,Dorset Police,-1.978306,50.713122,On or near Vallis Close,E01032661,Poole 015H,Anti-social behaviour,,
,2018-08,Dorset Police,Dorset Police,-1.970856,50.712715,On or near Sports/Recreation Area,E01032661,Poole 015H,Anti-social behaviour,,
,2018-08,Dorset Police,Dorset Police,-1.986450,50.712826,On or near Strand Street,E01032661,Poole 015H,Anti-social behaviour,,
,2018-08,Dorset Police,Dorset Police,-1.989184,50.712530,On or near Sarum Street,E01032661,Poole 015H,Anti-social behaviour,,
,2018-08,Dorset Police,Dorset Police,-1.988716,50.712467,On or near Paradise Street,E01032661,Poole 015H,Anti-social behaviour,,
,2018-08,Dorset Police,Dorset Police,-1.970856,50.712715,On or near Sports/Recreation Area,E01032661,Poole 015H,Anti-social behaviour,,
,2018-08,Dorset Police,Dorset Police,-1.970856,50.712715,On or near Sports/Recreation Area,E01032661,Poole 015H,Anti-social behaviour,,
,2018-08,Dorset Police,Dorset Police,-1.986393,50.712826,On or near Castle Street,E01032661,Poole 015H,Anti-social behaviour,,
,2018-08,Dorset Police,Dorset Police,-1.986705,50.712107,On or near The Quay,E01032661,Poole 015H,Anti-social behaviour,,
,2018-08,Dorset Police,Dorset Police,-1.986393,50.712826,On or near Castle Street,E01032661,Poole 015H,Anti-social behaviour,,
ff27b5bd4f752d4f4e0926c34db26cb6cff150c540e7f693fcf9a82ed5d4b43c,2018-08,Dorset Police,Dorset Police,-1.992384,50.712854,On or near Bridge Approach,E01032661,Poole 015H,Bicycle theft,Investigation complete; no suspect identified,
137c472933b013e69732e2aa9d0a6a8dc1d8d54ddb8400e3bf53ba7570e59035,2018-08,Dorset Police,Dorset Police,-1.988716,50.712467,On or near Paradise Street,E01032661,Poole 015H,Bicycle theft,Investigation complete; no suspect identified,
fbaa0b41f627971a3bb1cca70a620f4cee761933ef47ad76338f4b8560926759,2018-08,Dorset Police,Dorset Police,-1.986705,50.712107,On or near The Quay,E01032661,Poole 015H,Criminal damage and arson,Investigation complete; no suspect identified,
78ccc5aa647273ef65e843f6dc13909f7793a6497780fa3e1f57df8b2947d9af,2018-08,Dorset Police,Dorset Police,-1.971847,50.713534,On or near Parking Area,E01032661,Poole 015H,Drugs,Unable to prosecute suspect,
1779a7fba6738b7fac5aeab8bf06930c62d24c1cd7270bf2639c8b138275b10a,2018-08,Dorset Police,Dorset Police,-1.986393,50.712826,On or near Castle Street,E01032661,Poole 015H,Other theft,Investigation complete; no suspect identified,
20ebe170833d67858c9120cb0d4a0e561055e8636eb06cfc214fbfb3cf1cb56b,2018-08,Dorset Police,Dorset Police,-1.989184,50.712530,On or near Sarum Street,E01032661,Poole 015H,Other theft,Unable to prosecute suspect,
1824ff798c316d6d8d651f93f8deb166499d65914bcbbf33219ef96fdf3ff1a6,2018-08,Dorset Police,Dorset Police,-1.980246,50.713005,On or near Baiter Gardens,E01032661,Poole 015H,Other theft,Unable to prosecute suspect,
01a3f6634408a7d245aac4537096e0dd0c8753b0bd9676df2d791e11cc8700df,2018-08,Dorset Police,Dorset Police,-1.989184,50.712530,On or near Sarum Street,E01032661,Poole 015H,Other theft,Investigation complete; no suspect identified,
763a8606b6b56689b83400a14a5e2de62bb9615c852914b982691e13ebc16d80,2018-08,Dorset Police,Dorset Police,-1.986393,50.712826,On or near Castle Street,E01032661,Poole 015H,Other theft,Unable to prosecute suspect,
5c2d8091ceac7ef34363c4d18889d8df769fc66dbeed29823ea87a5302dda4dc,2018-08,Dorset Police,Dorset Police,-1.986705,50.712107,On or near The Quay,E01032661,Poole 015H,Public order,Unable to prosecute suspect,
6a62cb6182521739cf0822b6982f18a7d2cf172afa93bb6f5720f38eee7bbb96,2018-08,Dorset Police,Dorset Police,-1.986393,50.712826,On or near Castle Street,E01032661,Poole 015H,Public order,Unable to prosecute suspect,
2af914dcc621c605d7b89fe114e73e59a980cbf4fd658c02c6258552a78b239d,2018-08,Dorset Police,Dorset Police,-1.991450,50.713780,On or near West Quay Road,E01032661,Poole 015H,Vehicle crime,Further investigation is not in the public interest,
a63865076957ca06d6417ee1a8bc3409093b020fe30ab76cf194785907cfe58f,2018-08,Dorset Police,Dorset Police,-1.986705,50.712107,On or near The Quay,E01032661,Poole 015H,Violence and sexual offences,Unable to prosecute suspect,
15cd33d41ff3a47edb4a007b1f9ce749e67c7314fcbe3c7314f94d9313c59f2d,2018-08,Dorset Police,Dorset Police,-1.975473,50.712653,On or near Labrador Drive,E01032661,Poole 015H,Violence and sexual offences,Unable to prosecute suspect,
9ca27687f46d0f157af9621d1af8c5270135b36cb052918f38193ed4899e0cb1,2018-08,Dorset Police,Dorset Police,-1.980246,50.713005,On or near Baiter Gardens,E01032661,Poole 015H,Violence and sexual offences,Unable to prosecute suspect,
,2018-08,Dorset Police,Dorset Police,-1.985232,50.714022,On or near Propsperous Street,E01032662,Poole 015I,Anti-social behaviour,,
,2018-08,Dorset Police,Dorset Police,-1.985883,50.713204,On or near Parking Area,E01032662,Poole 015I,Anti-social behaviour,,
,2018-08,Dorset Police,Dorset Police,-1.985359,50.713078,On or near Old Orchard,E01032662,Poole 015I,Anti-social behaviour,,
,2018-08,Dorset Police,Dorset Police,-1.983731,50.712385,On or near Fishermans Road,E01032662,Poole 015I,Anti-social behaviour,,
,2018-08,Dorset Police,Dorset Police,-1.985232,50.714022,On or near Propsperous Street,E01032662,Poole 015I,Anti-social behaviour,,
,2018-08,Dorset Police,Dorset Police,-1.985232,50.714022,On or near Propsperous Street,E01032662,Poole 015I,Anti-social behaviour,,
,2018-08,Dorset Police,Dorset Police,-1.985232,50.714022,On or near Propsperous Street,E01032662,Poole 015I,Anti-social behaviour,,
,2018-08,Dorset Police,Dorset Police,-1.985359,50.713078,On or near Old Orchard,E01032662,Poole 015I,Anti-social behaviour,,
,2018-08,Dorset Police,Dorset Police,-1.983731,50.712385,On or near Fishermans Road,E01032662,Poole 015I,Anti-social behaviour,,
,2018-08,Dorset Police,Dorset Police,-1.985232,50.714022,On or near Propsperous Street,E01032662,Poole 015I,Anti-social behaviour,,
,2018-08,Dorset Police,Dorset Police,-1.983731,50.712385,On or near Fishermans Road,E01032662,Poole 015I,Anti-social behaviour,,
,2018-08,Dorset Police,Dorset Police,-1.983731,50.712385,On or near Fishermans Road,E01032662,Poole 015I,Anti-social behaviour,,
,2018-08,Dorset Police,Dorset Police,-1.985232,50.714022,On or near Propsperous Street,E01032662,Poole 015I,Anti-social behaviour,,
,2018-08,Dorset Police,Dorset Police,-1.985232,50.714022,On or near Propsperous Street,E01032662,Poole 015I,Anti-social behaviour,,
2580b58bc6fedfa37b01071a3d8f017e8e141a33fa432dc34f7a786e6cb9ffb9,2018-08,Dorset Police,Dorset Police,-1.983731,50.712385,On or near Fishermans Road,E01032662,Poole 015I,Bicycle theft,Investigation complete; no suspect identified,
3fe4e00c9461ec2628318ca22dc9a7b0e62f7aa6bc7bf0d7b63d18b6a9be7bc8,2018-08,Dorset Police,Dorset Police,-1.986266,50.713644,On or near Supermarket,E01032662,Poole 015I,Criminal damage and arson,Unable to prosecute suspect,
98c8e3486bf9ee9b510ee7e3e07184c2406f02f46bf9dbf943ef9ea23f8b9ed2,2018-08,Dorset Police,Dorset Police,-1.980883,50.713707,On or near Whatleigh Close,E01032662,Poole 015I,Criminal damage and arson,Status update unavailable,
c0d6f60a214248dbab40f38f8a75face4db51ce050984b290d90a71a52cf8cd8,2018-08,Dorset Police,Dorset Police,-1.980883,50.713707,On or near Whatleigh Close,E01032662,Poole 015I,Criminal damage and arson,Offender given community sentence,
70ca3f908d3374660e1d77b05bc4c75ff9288be2d8135f1a5b7e46fea0efb806,2018-08,Dorset Police,Dorset Police,-1.980883,50.713707,On or near Whatleigh Close,E01032662,Poole 015I,Criminal damage and arson,Unable to prosecute suspect,
32fcd0e5f4af7e80d92d4a6262ba6db527a0812775cbb4fc7706c959f79e374b,2018-08,Dorset Police,Dorset Police,-1.986266,50.713644,On or near Supermarket,E01032662,Poole 015I,Other theft,Investigation complete; no suspect identified,
adf88708f6de431bd26f27fcb198218506cc2dae6b5946d293ff0b743e0ed725,2018-08,Dorset Police,Dorset Police,-1.985359,50.713078,On or near Old Orchard,E01032662,Poole 015I,Other theft,Investigation complete; no suspect identified,
5f77fdcd872c8af840da21c84f7b02f5c9ab6d81831884de7c4b978c79c3c3ca,2018-08,Dorset Police,Dorset Police,-1.983731,50.712385,On or near Fishermans Road,E01032662,Poole 015I,Public order,Investigation complete; no suspect identified,
4d4ff3f330d63d80249fbe04420e92c1ef5c4c940b62b99fa4679501e04231b3,2018-08,Dorset Police,Dorset Police,-1.986266,50.713644,On or near Supermarket,E01032662,Poole 015I,Public order,Investigation complete; no suspect identified,
fcbc5b4306c28f11b519ebc363bdb8e51fef22b82194060bb18343f3960e33aa,2018-08,Dorset Police,Dorset Police,-1.985232,50.714022,On or near Propsperous Street,E01032662,Poole 015I,Public order,Unable to prosecute suspect,
eba1e7ab417116a2da11d714071d1c9927486b3e801c01456ead8b4389d2c9e0,2018-08,Dorset Police,Dorset Police,-1.986266,50.713644,On or near Supermarket,E01032662,Poole 015I,Public order,Awaiting court outcome,
c394eb2baf9f023724b6996c3c1dd463cae8f100a50995c22e28c2f50e7d70a3,2018-08,Dorset Police,Dorset Police,-1.986266,50.713644,On or near Supermarket,E01032662,Poole 015I,Shoplifting,Offender sent to prison,
d8eb1131624b046197b14d42027236fdff26845e6845531433f01c07e2291f65,2018-08,Dorset Police,Dorset Police,-1.986266,50.713644,On or near Supermarket,E01032662,Poole 015I,Shoplifting,Unable to prosecute suspect,
b5e2171861a2f49797ae3d4c6a8bb2ebdc861ae1185b86e2d024be5959455422,2018-08,Dorset Police,Dorset Police,-1.983731,50.712385,On or near Fishermans Road,E01032662,Poole 015I,Shoplifting,Offender sent to prison,
b84b5f8ec1ff93056b3ad135d45d5c695483dac011e503ca593218830ed2d554,2018-08,Dorset Police,Dorset Police,-1.984396,50.712907,On or near Gray'S Yard,E01032662,Poole 015I,Shoplifting,Status update unavailable,
31b4bd04080e874dc56a6de7738456561ceaa703e54af18cd2b66a279283a2b3,2018-08,Dorset Police,Dorset Police,-1.984396,50.712907,On or near Gray'S Yard,E01032662,Poole 015I,Shoplifting,Investigation complete; no suspect identified,
94be90f1e4b7f1c53a62188012090077a4744efae418871142009232c7dfb65c,2018-08,Dorset Police,Dorset Police,-1.985232,50.714022,On or near Propsperous Street,E01032662,Poole 015I,Vehicle crime,Investigation complete; no suspect identified,
0f2d162a382cf8d85b3b830d39fb95a50f43aae5fb1c1054507bf8ec14b9751b,2018-08,Dorset Police,Dorset Police,-1.980883,50.713707,On or near Whatleigh Close,E01032662,Poole 015I,Violence and sexual offences,Unable to prosecute suspect,
1280fd8213432ab91880874c9ab3e556b0d321684910372237fad18183a95e98,2018-08,Dorset Police,Dorset Police,-1.986266,50.713644,On or near Supermarket,E01032662,Poole 015I,Violence and sexual offences,Unable to prosecute suspect,
5f0b5b3c50793b0bb2e3dfa55e5857878cbb8fe65090ab0bd6016f7ce613c2fc,2018-08,Dorset Police,Dorset Police,-1.979509,50.713796,On or near Green Close,E01032662,Poole 015I,Violence and sexual offences,Unable to prosecute suspect,
f8ecbf7201f0f981dbeef78c8634f09201502cff16ae8e9c5adf1efa8b03c6c3,2018-08,Dorset Police,Dorset Police,-1.985232,50.714022,On or near Propsperous Street,E01032662,Poole 015I,Violence and sexual offences,Unable to prosecute suspect,
15ac92f30e44ce725ab52b444363c1244ef7bda7a18acc63429bb10affb81806,2018-08,Dorset Police,Dorset Police,-1.980883,50.713707,On or near Whatleigh Close,E01032662,Poole 015I,Violence and sexual offences,Unable to prosecute suspect,
fa92db0a0154a0fca67d90142dcdf3527755fb026e4be3812bb8ff9d9f9d7632,2018-08,Dorset Police,Dorset Police,-1.985232,50.714022,On or near Propsperous Street,E01032662,Poole 015I,Violence and sexual offences,Unable to prosecute suspect,
61fd9d7925633c1936453a8512fd4bfd63075630a639cb215a7760fb15c3a49f,2018-08,Dorset Police,Dorset Police,-1.985232,50.714022,On or near Propsperous Street,E01032662,Poole 015I,Violence and sexual offences,Unable to prosecute suspect,
88779ec7c845ae34fe3b11c5202b75c1b99d9e6e0560026798a9b1f3b549ed89,2018-08,Dorset Police,Dorset Police,-1.985232,50.714022,On or near Propsperous Street,E01032662,Poole 015I,Violence and sexual offences,Unable to prosecute suspect,
0118b00ffc8cae8e10bf44882410f7b2c50739379109e48bdacab0c2c86d6766,2018-08,Dorset Police,Dorset Police,-1.986266,50.713644,On or near Supermarket,E01032662,Poole 015I,Violence and sexual offences,Investigation complete; no suspect identified,
3bcff705c24de0cf1c7f4d6a91158a28b8b70f9a29c12af1be017f90e4ff40ce,2018-08,Dorset Police,Dorset Police,-1.985359,50.713078,On or near Old Orchard,E01032662,Poole 015I,Violence and sexual offences,Unable to prosecute suspect,
66de2fa38ae1e4b2e205abc0285bc6b2a3e29a8a75669022e5a65e8d1cd543f3,2018-08,Dorset Police,Dorset Police,-1.983731,50.712385,On or near Fishermans Road,E01032662,Poole 015I,Violence and sexual offences,Investigation complete; no suspect identified,
b42fec2483fa836dd565e70438ce2c0cf04ff5d21c97d9b458d492c2bb49fc97,2018-08,Dorset Police,Dorset Police,-1.983731,50.712385,On or near Fishermans Road,E01032662,Poole 015I,Other crime,Offender sent to prison,
,2018-08,Dorset Police,Dorset Police,-1.995472,50.711127,On or near Station Road,E01015423,Poole 016A,Anti-social behaviour,,
,2018-08,Dorset Police,Dorset Police,-2.002157,50.714266,On or near Blandford Close,E01015423,Poole 016A,Anti-social behaviour,,
,2018-08,Dorset Police,Dorset Police,-2.007426,50.711343,On or near Parking Area,E01015423,Poole 016A,Anti-social behaviour,,
,2018-08,Dorset Police,Dorset Police,-1.995472,50.711127,On or near Station Road,E01015423,Poole 016A,Anti-social behaviour,,
794a2a66c6a2efb2430342694731fc67237db7424cf14d8dbfd40777032b8b36,2018-08,Dorset Police,Dorset Police,-2.004749,50.712782,On or near Ashmore Crescent,E01015423,Poole 016A,Burglary,Investigation complete; no suspect identified,
a4305540aebd7b331614abedba60c49148ba0d441084b8a1e3e5fadd3d460f7f,2018-08,Dorset Police,Dorset Police,-2.006874,50.716442,On or near Supermarket,E01015423,Poole 016A,Burglary,Unable to prosecute suspect,
5fad28d78332fda025c9179327f1f9118e5f75117ab69b5b5936c94c264fab9c,2018-08,Dorset Police,Dorset Police,-1.998900,50.711568,On or near Stone Close,E01015423,Poole 016A,Criminal damage and arson,Investigation complete; no suspect identified,
cb8401aefdd40c7da7934e42b4663238ab2049f447b99e9ef2e0506abbdb8394,2018-08,Dorset Police,Dorset Police,-1.997597,50.711451,On or near Norton Way,E01015423,Poole 016A,Criminal damage and arson,Unable to prosecute suspect,
4ff99906246e73be5f2e20d017a3b360d142c96093fc4f0b6842637472daee80,2018-08,Dorset Police,Dorset Police,-2.007426,50.711343,On or near Parking Area,E01015423,Poole 016A,Other theft,Investigation complete; no suspect identified,
52e0301fc74ae30111dd71247e295072b2dab433035d7630c80f4448ecf3d448,2018-08,Dorset Police,Dorset Police,-1.992286,50.709580,On or near Police Station,E01015423,Poole 016A,Other theft,Investigation complete; no suspect identified,
462b1cea8fbf7dd04e080a130d80772390e16888606c85e9dc44e4b0943512c9,2018-08,Dorset Police,Dorset Police,-1.995472,50.711127,On or near Station Road,E01015423,Poole 016A,Other theft,Status update unavailable,
60303eb85cee86bf9c9b9ff4b04dc7168749a1b1cc2ed5fcc056d78826aed8ee,2018-08,Dorset Police,Dorset Police,-2.007426,50.711343,On or near Parking Area,E01015423,Poole 016A,Other theft,Investigation complete; no suspect identified,
4bc27d0427b08a977e603368ad848e10286db103e4b367587888cc39e90c9b3b,2018-08,Dorset Police,Dorset Police,-2.007426,50.711343,On or near Parking Area,E01015423,Poole 016A,Other theft,Investigation complete; no suspect identified,
090e9139a25463630ecba12a74139bbd8b7845c1df1dce220a056265e8e5ba4a,2018-08,Dorset Police,Dorset Police,-1.997441,50.711865,On or near Shapwick Road,E01015423,Poole 016A,Public order,Unable to prosecute suspect,
d531ed66a7b3bcdaddbe3efdd2425c6a10de71db28fbb93336b4e1bb7413554e,2018-08,Dorset Police,Dorset Police,-2.002157,50.714266,On or near Blandford Close,E01015423,Poole 016A,Violence and sexual offences,Unable to prosecute suspect,
ea6adff495a26e2f1cc4e8062f6f75f2323ce876c1886000e462c5c6d161067e,2018-08,Dorset Police,Dorset Police,-1.995472,50.711127,On or near Station Road,E01015423,Poole 016A,Violence and sexual offences,Unable to prosecute suspect,
53160e5624f2cec20c35ac00f962c536f8d62fafe14d22aee3ee5bacc9aa8e6d,2018-08,Dorset Police,Dorset Police,-2.006307,50.714095,On or near Tuckers Lane,E01015423,Poole 016A,Violence and sexual offences,Unable to prosecute suspect,
eb5c1cec5f8b9f8470584336b2b706fa81e39d9e214ead839d88df4986256d7a,2018-08,Dorset Police,Dorset Police,-2.006307,50.714095,On or near Tuckers Lane,E01015423,Poole 016A,Violence and sexual offences,Unable to prosecute suspect,
150ee7e62ae0f58fb82f4661fcaee0265fe2e0530a9d47c29bb6ff89d55f192b,2018-08,Dorset Police,Dorset Police,-2.007426,50.711343,On or near Parking Area,E01015423,Poole 016A,Violence and sexual offences,Offender given a caution,
b9fa659203011df0e85c47f612a7e7c4268f2ced46cd4fc584be99219b9847fc,2018-08,Dorset Police,Dorset Police,-2.007426,50.711343,On or near Parking Area,E01015423,Poole 016A,Violence and sexual offences,Investigation complete; no suspect identified,
,2018-08,Dorset Police,Dorset Police,-2.010034,50.721432,On or near Manton Road,E01015424,Poole 016B,Anti-social behaviour,,
,2018-08,Dorset Police,Dorset Police,-2.012500,50.723455,On or near Inglesham Way,E01015424,Poole 016B,Anti-social behaviour,,
,2018-08,Dorset Police,Dorset Police,-2.009950,50.725173,On or near Falconer Drive,E01015424,Poole 016B,Anti-social behaviour,,
,2018-08,Dorset Police,Dorset Police,-2.010034,50.721432,On or near Manton Road,E01015424,Poole 016B,Anti-social behaviour,,
5a0ac94f1ed26e4485e5e14da5474569efea66d17744b31a27d44307046d771a,2018-08,Dorset Police,Dorset Police,-2.013138,50.726423,On or near Symes Road,E01015424,Poole 016B,Criminal damage and arson,Unable to prosecute suspect,
35d111667f832a7fafc9b3aa23911d341c6ba7c4e7f5dd393bebfc73939a1128,2018-08,Dorset Police,Dorset Police,-2.011210,50.721522,On or near Blandford Road,E01015424,Poole 016B,Criminal damage and arson,Investigation complete; no suspect identified,
9aa1302a10fb57e36a9dc4dc02ef7fee913f2901f6ed31abad8e72977baf8b6a,2018-08,Dorset Police,Dorset Police,-2.012500,50.723455,On or near Inglesham Way,E01015424,Poole 016B,Criminal damage and arson,Investigation complete; no suspect identified,
384c9bafe428df6f993dfb7c4d1c7e1c3c75fe84a00398661a20ff562d091069,2018-08,Dorset Police,Dorset Police,-2.013138,50.726423,On or near Symes Road,E01015424,Poole 016B,Violence and sexual offences,Unable to prosecute suspect,
fe885abca7dd97277dcd6cc906120ae43a7acc25948fa042520f45971f11bd74,2018-08,Dorset Police,Dorset Police,-2.013138,50.726423,On or near Symes Road,E01015424,Poole 016B,Violence and sexual offences,Unable to prosecute suspect,
,2018-08,Dorset Police,Dorset Police,-2.011464,50.718555,On or near Aldis Gardens,E01015425,Poole 016C,Anti-social behaviour,,
,2018-08,Dorset Police,Dorset Police,-2.009298,50.721936,On or near Beckhampton Road,E01015425,Poole 016C,Anti-social behaviour,,
ac23731780186a817baa5fd6b02e2976dd6947c372bac46ed39446ccbdaf11c9,2018-08,Dorset Police,Dorset Police,-2.011464,50.718555,On or near Aldis Gardens,E01015425,Poole 016C,Other theft,Status update unavailable,
789c81a220e29e3042917227147fd4202e65fb0e3890e3aec6241bdba80750c7,2018-08,Dorset Police,Dorset Police,-2.006946,50.720066,On or near Woodlands Avenue,E01015425,Poole 016C,Other theft,Investigation complete; no suspect identified,
49960176ebc14812b05ccb64ea211c4f2913eec7a61bf2d4f4b30e76a3ea9788,2018-08,Dorset Police,Dorset Police,-2.009298,50.721936,On or near Beckhampton Road,E01015425,Poole 016C,Violence and sexual offences,Unable to prosecute suspect,
5c73c31fa07157347a2254782607687b7555bafd2c939088f0605246a7f94ba8,2018-08,Dorset Police,Dorset Police,-2.006946,50.720066,On or near Woodlands Avenue,E01015425,Poole 016C,Violence and sexual offences,Unable to prosecute suspect,
,2018-08,Dorset Police,Dorset Police,-2.010217,50.713897,On or near Rockley Road,E01015426,Poole 016D,Anti-social behaviour,,
,2018-08,Dorset Police,Dorset Police,-2.010232,50.717323,On or near Centurion Close,E01015426,Poole 016D,Anti-social behaviour,,
,2018-08,Dorset Police,Dorset Police,-2.010217,50.713897,On or near Rockley Road,E01015426,Poole 016D,Anti-social behaviour,,
f6ca976dfd22a9eb502786f61c92faafe47a4259de45db1b69da17524be48c0e,2018-08,Dorset Police,Dorset Police,-2.008942,50.715389,On or near Legion Close,E01015426,Poole 016D,Bicycle theft,Investigation complete; no suspect identified,
f24c327a2b0c6b9c1eeaee99aec27565f09a239b1a4bca4733e98bad8de39174,2018-08,Dorset Police,Dorset Police,-2.011166,50.716693,On or near Hamilton Crescent,E01015426,Poole 016D,Public order,Formal action is not in the public interest,
6f28b3cf06ade5603a5a1ffea12f69ae560695642a41692b716f61fe7410b7dc,2018-08,Dorset Police,Dorset Police,-2.011166,50.716693,On or near Hamilton Crescent,E01015426,Poole 016D,Public order,Court result unavailable,
254238994b0c1128ef037c7bd6e1c28d973320db4acc28a075496c95754750c2,2018-08,Dorset Police,Dorset Police,-2.011166,50.716693,On or near Hamilton Crescent,E01015426,Poole 016D,Public order,Court result unavailable,
a8283e42df0e4ba99e9994dde34902ecc3985e783f23820787c7c235e5d9fbe5,2018-08,Dorset Police,Dorset Police,-2.010217,50.713897,On or near Rockley Road,E01015426,Poole 016D,Violence and sexual offences,Unable to prosecute suspect,
1bbfa6f56df628120a4c4c8bf83a47c02baea626b074f94b415d08c942d9c5e3,2018-08,Dorset Police,Dorset Police,-2.007525,50.714122,On or near Hounslow Close,E01015426,Poole 016D,Violence and sexual offences,Unable to prosecute suspect,
5f6b9661a721e4937e903d927e5bbd61178c7dadcdb3630cd0142ed56ca12bcb,2018-08,Dorset Police,Dorset Police,-2.010217,50.713897,On or near Rockley Road,E01015426,Poole 016D,Violence and sexual offences,Unable to prosecute suspect,
,2018-08,Dorset Police,Dorset Police,-1.964887,50.720987,On or near Parking Area,E01015452,Poole 017A,Anti-social behaviour,,
,2018-08,Dorset Police,Dorset Police,-1.954166,50.718348,On or near Whitefield Road,E01015452,Poole 017A,Anti-social behaviour,,
,2018-08,Dorset Police,Dorset Police,-1.964887,50.720987,On or near Parking Area,E01015452,Poole 017A,Anti-social behaviour,,
,2018-08,Dorset Police,Dorset Police,-1.954616,50.722027,On or near Britannia Road,E01015452,Poole 017A,Anti-social behaviour,,
,2018-08,Dorset Police,Dorset Police,-1.955144,50.717153,On or near Whitecliff Crescent,E01015452,Poole 017A,Anti-social behaviour,,
f26112923b1e6a150a460724104d4ca49de16b3d97889c5b826d67ce7a3b8fac,2018-08,Dorset Police,Dorset Police,-1.958766,50.722568,On or near Willow Park,E01015452,Poole 017A,Other theft,Investigation complete; no suspect identified,
5a4cf8cb5050f15d74c4b8b9f9b3dccd4cbfd0a94e3d87b17a7a0ac854eef56a,2018-08,Dorset Police,Dorset Police,-1.964887,50.720987,On or near Parking Area,E01015452,Poole 017A,Robbery,Investigation complete; no suspect identified,
,2018-08,Dorset Police,Dorset Police,-1.949217,50.723166,On or near Station Road,E01015453,Poole 017B,Anti-social behaviour,,
,2018-08,Dorset Police,Dorset Police,-1.952136,50.722691,On or near Wessex Road,E01015453,Poole 017B,Anti-social behaviour,,
,2018-08,Dorset Police,Dorset Police,-1.947648,50.720279,On or near Kimberley Road,E01015453,Poole 017B,Anti-social behaviour,,
,2018-08,Dorset Police,Dorset Police,-1.945733,50.722490,On or near Osborne Road,E01015453,Poole 017B,Anti-social behaviour,,
9f477890d61c7e957405614aae607e84e1dc3d34e39c422ea5091700c73bc2af,2018-08,Dorset Police,Dorset Police,-1.952136,50.722691,On or near Wessex Road,E01015453,Poole 017B,Violence and sexual offences,Unable to prosecute suspect,
0eb5fc18b75c752644a342c5e41eb3ecca1d9ef02fdc08ccaf6a17f3148374cf,2018-08,Dorset Police,Dorset Police,-1.954646,50.720012,On or near Sandbanks Road,E01015453,Poole 017B,Violence and sexual offences,Further investigation is not in the public interest,
5adc48999c6678aad1c8ba47c9b381e5609fb6223120ee41ab2bdf3670045c8b,2018-08,Dorset Police,Dorset Police,-1.952136,50.722691,On or near Wessex Road,E01015453,Poole 017B,Violence and sexual offences,Unable to prosecute suspect,
bffdc6358adbf29abb1495ebe112f3f35ce2844238d65b4c828a912c83a6216d,2018-08,Dorset Police,Dorset Police,-1.952136,50.722691,On or near Wessex Road,E01015453,Poole 017B,Violence and sexual offences,Unable to prosecute suspect,
c30d28f06859c943f52422f1511d4ad203c6c52cad4cfb7bc858f2439020c74d,2018-08,Dorset Police,Dorset Police,-1.954646,50.720012,On or near Sandbanks Road,E01015453,Poole 017B,Violence and sexual offences,Status update unavailable,
8aadf030d43ca28f468067d8034c16c091832a76994fe2df3e3e65199b5745e6,2018-08,Dorset Police,Dorset Police,-1.952136,50.722691,On or near Wessex Road,E01015453,Poole 017B,Violence and sexual offences,Unable to prosecute suspect,
dfc9c8760b8a07917666c9780b51b243e6a616c38e728141c74bb24b2fe26573,2018-08,Dorset Police,Dorset Police,-1.952136,50.722691,On or near Wessex Road,E01015453,Poole 017B,Violence and sexual offences,Unable to prosecute suspect,
78a5430fc71b003576705563cdf1d0a122d60aa609823ad0dea4a00ae3a53a26,2018-08,Dorset Police,Dorset Police,-1.952136,50.722691,On or near Wessex Road,E01015453,Poole 017B,Violence and sexual offences,Defendant found not guilty,
e6c5b7e7a61b3ec7ed85e252fe09fbd1569ab671787832a7563d94eecf026193,2018-08,Dorset Police,Dorset Police,-1.954646,50.720012,On or near Sandbanks Road,E01015453,Poole 017B,Violence and sexual offences,Unable to prosecute suspect,
8812933387836b0ee9227bc8fc2d545da47c7a14707ab8bd51937874d9b97d74,2018-08,Dorset Police,Dorset Police,-1.947374,50.724380,On or near Ardmore Road,E01015453,Poole 017B,Violence and sexual offences,Unable to prosecute suspect,
,2018-08,Dorset Police,Dorset Police,-1.945018,50.728506,On or near Pearson Avenue,E01015454,Poole 017C,Anti-social behaviour,,
,2018-08,Dorset Police,Dorset Police,-1.946823,50.723426,On or near Heavytree Road,E01015454,Poole 017C,Anti-social behaviour,,
,2018-08,Dorset Police,Dorset Police,-1.945018,50.728506,On or near Pearson Avenue,E01015454,Poole 017C,Anti-social behaviour,,
,2018-08,Dorset Police,Dorset Police,-1.943360,50.728407,On or near Weymouth Road,E01015454,Poole 017C,Anti-social behaviour,,
,2018-08,Dorset Police,Dorset Police,-1.942595,50.728118,On or near Parking Area,E01015454,Poole 017C,Anti-social behaviour,,
,2018-08,Dorset Police,Dorset Police,-1.945018,50.728506,On or near Pearson Avenue,E01015454,Poole 017C,Anti-social behaviour,,
,2018-08,Dorset Police,Dorset Police,-1.945018,50.728506,On or near Pearson Avenue,E01015454,Poole 017C,Anti-social behaviour,,
,2018-08,Dorset Police,Dorset Police,-1.945018,50.728506,On or near Pearson Avenue,E01015454,Poole 017C,Anti-social behaviour,,
,2018-08,Dorset Police,Dorset Police,-1.945018,50.728506,On or near Pearson Avenue,E01015454,Poole 017C,Anti-social behaviour,,
,2018-08,Dorset Police,Dorset Police,-1.943360,50.728407,On or near Weymouth Road,E01015454,Poole 017C,Anti-social behaviour,,
a1ac68987096c9eedd5d82a3385cf8e8df8f343001faa643b1139fd62a946c4a,2018-08,Dorset Police,Dorset Police,-1.945018,50.728506,On or near Pearson Avenue,E01015454,Poole 017C,Criminal damage and arson,Investigation complete; no suspect identified,
bdecac99e5ae7aefa96a36c552574bcad05f5174a7e519a9abb55c4346f71605,2018-08,Dorset Police,Dorset Police,-1.945018,50.728506,On or near Pearson Avenue,E01015454,Poole 017C,Criminal damage and arson,Investigation complete; no suspect identified,
e583818051e6a8d6f2248ab12fb8d80190bfdd9f0eb0209d5dc9508bbc8817e4,2018-08,Dorset Police,Dorset Police,-1.945018,50.728506,On or near Pearson Avenue,E01015454,Poole 017C,Drugs,Offender deprived of property,
478c0f2613e3c70f93dddb01435995c46471444f1b05c56ef9621ba84460fc66,2018-08,Dorset Police,Dorset Police,-1.945018,50.728506,On or near Pearson Avenue,E01015454,Poole 017C,Other theft,Unable to prosecute suspect,
f1f01eb22c4c47d7f696c3e6b7f82db7e4cab89838be896052aa7e2e03d5d30a,2018-08,Dorset Police,Dorset Police,-1.942595,50.728118,On or near Parking Area,E01015454,Poole 017C,Other theft,Investigation complete; no suspect identified,
3ec0dfd5f4ba726c1fea5c622b8c0675c3849564767f86f02236eb37ea9b8842,2018-08,Dorset Police,Dorset Police,-1.945018,50.728506,On or near Pearson Avenue,E01015454,Poole 017C,Public order,Unable to prosecute suspect,
f723a7ab1daee6db3c3b56c9447a381f03c67e9315fc0aac9ec14d76788498c8,2018-08,Dorset Police,Dorset Police,-1.942595,50.728118,On or near Parking Area,E01015454,Poole 017C,Vehicle crime,Investigation complete; no suspect identified,
a9b5e59d4e8ef5e5cbbece3d67c416c8b41c281b3a425baa9ce2c607417d4632,2018-08,Dorset Police,Dorset Police,-1.942866,50.726644,On or near Mansfield Avenue,E01015454,Poole 017C,Violence and sexual offences,Action to be taken by another organisation,
18faef7bfea700e8b2fcc0fee0b606e96325da2594a552a860062ec8f9755d7b,2018-08,Dorset Police,Dorset Police,-1.945018,50.728506,On or near Pearson Avenue,E01015454,Poole 017C,Violence and sexual offences,Unable to prosecute suspect,
24d9af97ee1d7b800a796298ce5ea3cf773cdbbe21bb7834c342d55d07b9245e,2018-08,Dorset Police,Dorset Police,-1.945018,50.728506,On or near Pearson Avenue,E01015454,Poole 017C,Violence and sexual offences,Investigation complete; no suspect identified,
f4c908064a78edc470ff033734ca4030369a66aad97597af04e833b0f07fcc65,2018-08,Dorset Police,Dorset Police,-1.945018,50.728506,On or near Pearson Avenue,E01015454,Poole 017C,Violence and sexual offences,Unable to prosecute suspect,
,2018-08,Dorset Police,Dorset Police,-1.956154,50.713403,On or near Turks Lane,E01015455,Poole 017D,Anti-social behaviour,,
3ddf050f4b42bc38afe724b72d6f3865385478c45ab2b8e07e9a7a566c6daa79,2018-08,Dorset Police,Dorset Police,-1.949583,50.712025,On or near Sandbanks Road,E01015455,Poole 017D,Burglary,Investigation complete; no suspect identified,
33c76ac6a029703aa6a1c05bd9f3939ceaf084d38112145b3c9392909cf44865,2018-08,Dorset Police,Dorset Police,-1.951290,50.718464,On or near Mill Lane,E01015455,Poole 017D,Burglary,Investigation complete; no suspect identified,
e0517111774237b487c06d317d88a56a1f18658df1352a7f5fd44e83a282c2f5,2018-08,Dorset Police,Dorset Police,-1.947377,50.709209,On or near Lagoon Road,E01015455,Poole 017D,Criminal damage and arson,Unable to prosecute suspect,
7eee81af0ce3327a3e6593dcfe721159f336407bb515527e01c9c005e28c5ad1,2018-08,Dorset Police,Dorset Police,-1.949480,50.716197,On or near Copeland Drive,E01015455,Poole 017D,Other theft,Unable to prosecute suspect,
f9d253ef6525cf7f2a6d1f26aa4f379db2c85050881f8fc679c2aeea27967844,2018-08,Dorset Police,Dorset Police,-1.952977,50.717359,On or near Selworthy Close,E01015455,Poole 017D,Other theft,Investigation complete; no suspect identified,
1bfdf294c15e544c6a427e2be6a0c529733bf0358ead1173a644ec4ea9895a64,2018-08,Dorset Police,Dorset Police,-1.944051,50.718929,On or near Alton Road,E01015455,Poole 017D,Vehicle crime,Investigation complete; no suspect identified,
9182e4d55cb7905d115fc4f1b7d4e4395253ae0c1bb5d9df1a90295750f85759,2018-08,Dorset Police,Dorset Police,-1.947377,50.709209,On or near Lagoon Road,E01015455,Poole 017D,Violence and sexual offences,Investigation complete; no suspect identified,
bd9cd2c36ec62f6cafdc738e1d278a671965424429a33f0beda50ee6457c1a8b,2018-08,Dorset Police,Dorset Police,-1.947158,50.714560,On or near Elgin Road,E01015455,Poole 017D,Violence and sexual offences,Unable to prosecute suspect,
6e7e500733eac3fe6a468d347ee2abe1283c25a698be34565969df38f228c59d,2018-08,Dorset Police,Dorset Police,-1.947158,50.714560,On or near Elgin Road,E01015455,Poole 017D,Violence and sexual offences,Unable to prosecute suspect,
,2018-08,Dorset Police,Dorset Police,-1.946087,50.709928,On or near Petrol Station,E01015459,Poole 017E,Anti-social behaviour,,
,2018-08,Dorset Police,Dorset Police,-1.943728,50.704747,On or near Sandbanks Road,E01015459,Poole 017E,Anti-social behaviour,,
,2018-08,Dorset Police,Dorset Police,-1.935184,50.708151,On or near Lilliput Road,E01015459,Poole 017E,Anti-social behaviour,,
,2018-08,Dorset Police,Dorset Police,-1.943876,50.711303,On or near Brownsea View Avenue,E01015459,Poole 017E,Anti-social behaviour,,
7461a9d14aba4da58afdf0dd6ee2ce582adf9730d2317911347e65ddb71b5ee7,2018-08,Dorset Police,Dorset Police,-1.946087,50.709928,On or near Petrol Station,E01015459,Poole 017E,Shoplifting,Unable to prosecute suspect,
fbb2060172b4f1f6e1365e2104784a83bcb19c160b8f444140e050385c8b56ff,2018-08,Dorset Police,Dorset Police,-1.935184,50.708151,On or near Lilliput Road,E01015459,Poole 017E,Vehicle crime,Investigation complete; no suspect identified,
c0071fcaea4cc80a0e02ce9d6401397dafcb089dd4abc57f768335c46df71bf4,2018-08,Dorset Police,Dorset Police,-1.946087,50.709928,On or near Petrol Station,E01015459,Poole 017E,Violence and sexual offences,Unable to prosecute suspect,
,2018-08,Dorset Police,Dorset Police,-1.920393,50.720282,On or near Leicester Road,E01015402,Poole 018A,Anti-social behaviour,,
,2018-08,Dorset Police,Dorset Police,-1.922847,50.726542,On or near Langley Road,E01015402,Poole 018A,Anti-social behaviour,,
,2018-08,Dorset Police,Dorset Police,-1.913656,50.724845,On or near Supermarket,E01015402,Poole 018A,Anti-social behaviour,,
,2018-08,Dorset Police,Dorset Police,-1.913656,50.724845,On or near Supermarket,E01015402,Poole 018A,Anti-social behaviour,,
0ae0f976808ec973d287867aa9f17de01fdc738c10ac6dcfa9313cc320f493c6,2018-08,Dorset Police,Dorset Police,-1.916459,50.726034,On or near Poole Road,E01015402,Poole 018A,Bicycle theft,Investigation complete; no suspect identified,
40df1a01b018e8a12d2b46b48be71acab6ac18bdef9dccbe056027472ca002b7,2018-08,Dorset Police,Dorset Police,-1.924956,50.727830,On or near Becher Road,E01015402,Poole 018A,Burglary,Further investigation is not in the public interest,
3ec967cc48512a2e35c9df8be480873f4f2cc9e96177a8311019227c8f6e8d0c,2018-08,Dorset Police,Dorset Police,-1.924235,50.727164,On or near Bournemouth Road,E01015402,Poole 018A,Burglary,Investigation complete; no suspect identified,
c4ce869b7dcca59fa890df70dd50bcc44850e6d860049e496b76a6f0bf73d72a,2018-08,Dorset Police,Dorset Police,-1.919858,50.726513,On or near Supermarket,E01015402,Poole 018A,Burglary,Investigation complete; no suspect identified,
aa766a7fb011ffa39f5836f9d0040995add1b66dc5548955fb4693af4ce38c0a,2018-08,Dorset Police,Dorset Police,-1.924956,50.727830,On or near Becher Road,E01015402,Poole 018A,Burglary,Investigation complete; no suspect identified,
ff01febf49cc1d891e5360a9d067e92523cc11b91cfa8a169e9dec565eb2a835,2018-08,Dorset Police,Dorset Police,-1.913656,50.724845,On or near Supermarket,E01015402,Poole 018A,Other theft,Unable to prosecute suspect,
0ee59ab9908cf8f7918e86d1ea1b9a19f566b58b0e963c914cac891d262b444e,2018-08,Dorset Police,Dorset Police,-1.913656,50.724845,On or near Supermarket,E01015402,Poole 018A,Other theft,Unable to prosecute suspect,
8e323284f7d896b03717b24e58452fb09307b73c9e1c1ccc8877815214e9b164,2018-08,Dorset Police,Dorset Police,-1.913656,50.724845,On or near Supermarket,E01015402,Poole 018A,Other theft,Investigation complete; no suspect identified,
b73f71629d91a849482570c7ad0dd0751d9227f5c432770924ac14c62b6b2865,2018-08,Dorset Police,Dorset Police,-1.913656,50.724845,On or near Supermarket,E01015402,Poole 018A,Other theft,Investigation complete; no suspect identified,
6638920dc2038725928f46df1d77be24059264432093d9186df4231bc2ed0ee8,2018-08,Dorset Police,Dorset Police,-1.913656,50.724845,On or near Supermarket,E01015402,Poole 018A,Other theft,Investigation complete; no suspect identified,
4b2bc5b6511cc97fdb6c395da8978e4956ac0df799216e0bf56ce0dc4a0917de,2018-08,Dorset Police,Dorset Police,-1.913656,50.724845,On or near Supermarket,E01015402,Poole 018A,Other theft,Investigation complete; no suspect identified,
e180fa21509015b975871762dab188a3c8ef16c8c5863ed9313023a82d9ff1b9,2018-08,Dorset Police,Dorset Police,-1.927303,50.712786,On or near Haig Avenue,E01015402,Poole 018A,Public order,Investigation complete; no suspect identified,
5bfedc0f13791f442a620337dc5acc28d808f8e00d6c96af344aa6518fbaaf35,2018-08,Dorset Police,Dorset Police,-1.913656,50.724845,On or near Supermarket,E01015402,Poole 018A,Shoplifting,Unable to prosecute suspect,
421717f2cbeba3a2e21df80b96c3d42de4108e1b666f963b1724c19d4589b6d6,2018-08,Dorset Police,Dorset Police,-1.916459,50.726034,On or near Poole Road,E01015402,Poole 018A,Vehicle crime,Status update unavailable,
6eefbe89eaa496becc16b5cd661ed3a4b788fe6801ae50e391bcd7dde6cadc9d,2018-08,Dorset Police,Dorset Police,-1.920393,50.720282,On or near Leicester Road,E01015402,Poole 018A,Vehicle crime,Investigation complete; no suspect identified,
ed990da48ccec8f30109eb916f0521c3640fd27d128788a06c1064698d7c6399,2018-08,Dorset Police,Dorset Police,-1.922847,50.726542,On or near Langley Road,E01015402,Poole 018A,Violence and sexual offences,Unable to prosecute suspect,
84c0ecadc9ff37c209b5382d8b961571926cb1452a9e18719be18f39957b20d9,2018-08,Dorset Police,Dorset Police,-1.923826,50.725886,On or near Doyne Road,E01015402,Poole 018A,Violence and sexual offences,Unable to prosecute suspect,
4fcad89f483b57599ee0845769c58f8391809f5d4abbc959425d746376ad819f,2018-08,Dorset Police,Dorset Police,-1.924956,50.727830,On or near Becher Road,E01015402,Poole 018A,Violence and sexual offences,Offender sent to prison,
36ce2d1c3367d2d8df941ceedde16c6f200f8dc214087bd8195f563e08a5a352,2018-08,Dorset Police,Dorset Police,-1.924956,50.727830,On or near Becher Road,E01015402,Poole 018A,Violence and sexual offences,Unable to prosecute suspect,
796290034d1e69941b5a3f7e524538736ce1cc0c7d94969b4420cc60a2b0f686,2018-08,Dorset Police,Dorset Police,-1.916459,50.726034,On or near Poole Road,E01015402,Poole 018A,Violence and sexual offences,Further investigation is not in the public interest,
ac5529742c734a3337d4b897c10777fe34120b10c12f7846a8a2b122ef5db640,2018-08,Dorset Police,Dorset Police,-1.924956,50.727830,On or near Becher Road,E01015402,Poole 018A,Violence and sexual offences,Offender sent to prison,
dec0152e3629052e7fa858a711f90a296d3c8cd0cf3f87a5058cb81c8b8be9db,2018-08,Dorset Police,Dorset Police,-1.924844,50.726939,On or near Vale Road,E01015402,Poole 018A,Violence and sexual offences,Unable to prosecute suspect,
49ac38cac223175dafc99b2503152cdf82dacad42bb8fd177a8271b374ffc2ce,2018-08,Dorset Police,Dorset Police,-1.906675,50.723167,On or near Pedestrian Subway,E01015403,Poole 018B,Violence and sexual offences,Unable to prosecute suspect,
,2018-08,Dorset Police,Dorset Police,-1.921947,50.705778,On or near Westlands Drive,E01015404,Poole 018C,Anti-social behaviour,,
,2018-08,Dorset Police,Dorset Police,-1.921159,50.710912,On or near Martello Road,E01015404,Poole 018C,Anti-social behaviour,,
,2018-08,Dorset Police,Dorset Police,-1.919880,50.705093,On or near Parking Area,E01015404,Poole 018C,Anti-social behaviour,,
,2018-08,Dorset Police,Dorset Police,-1.918577,50.705506,On or near Western Road,E01015404,Poole 018C,Anti-social behaviour,,
,2018-08,Dorset Police,Dorset Police,-1.921159,50.710912,On or near Martello Road,E01015404,Poole 018C,Anti-social behaviour,,
87637eb7fc7fe046490c3650994a4a587a02354a3f5718de2dfeef66fb91d61e,2018-08,Dorset Police,Dorset Police,-1.926952,50.711149,On or near Lawrence Drive,E01015404,Poole 018C,Drugs,Offender given community sentence,
a99c05f6be5c7e9883393ba89e737e83b12bfa6ea845581783a6cdab3f203e85,2018-08,Dorset Police,Dorset Police,-1.923904,50.704061,On or near Bessborough Road,E01015404,Poole 018C,Other theft,Investigation complete; no suspect identified,
b7781ec9bb8d0e5171041a385427efc3e2a7d3e24060ede1bb6db8f24c4904e5,2018-08,Dorset Police,Dorset Police,-1.926952,50.711149,On or near Lawrence Drive,E01015404,Poole 018C,Public order,Offender fined,
cf7d0bec8a47367e78ecb4d019640ab08691d8c88ea1fa2b3c57c38a5e9cada3,2018-08,Dorset Police,Dorset Police,-1.916198,50.705225,On or near Parking Area,E01015404,Poole 018C,Violence and sexual offences,Investigation complete; no suspect identified,
122623e807d026cb2467ff8c32219f5f7d09ccffdff93da96e5eddc8c86b215f,2018-08,Dorset Police,Dorset Police,-1.924084,50.706732,On or near De Mauley Road,E01015404,Poole 018C,Violence and sexual offences,Unable to prosecute suspect,
86da3ea221e2a62f545366f58fcc139e7cacc82c4a9fbacae79bc68f4e481c79,2018-08,Dorset Police,Dorset Police,-1.928430,50.707841,On or near Lilliput Road,E01015404,Poole 018C,Violence and sexual offences,Offender given community sentence,
,2018-08,Dorset Police,Dorset Police,-1.909554,50.706596,On or near Parking Area,E01015405,Poole 018D,Anti-social behaviour,,
de2e5a779ddbad8981445f0e80ba1387efaf1b2cd337b66d98d4207e8aa74c8b,2018-08,Dorset Police,Dorset Police,-1.905053,50.712528,On or near Cassel Avenue,E01015405,Poole 018D,Burglary,Offender sent to prison,
cbe895eb2ebe90e412435f42bbef4ea732242ea1ed77449b7726cf058d068014,2018-08,Dorset Police,Dorset Police,-1.906401,50.711351,On or near Pinewood Road,E01015405,Poole 018D,Burglary,Investigation complete; no suspect identified,
2561f2d7b385dcf7115a78044fe8743a75b206f2b9b263d5dec2c083a30a8d52,2018-08,Dorset Police,Dorset Police,-1.913970,50.715502,On or near Eaton Road,E01015405,Poole 018D,Criminal damage and arson,Investigation complete; no suspect identified,
1d46a4628aaa5e643a8962f9fa8fe08972e46b2dd38ec8328ba0f8df7f65fd08,2018-08,Dorset Police,Dorset Police,-1.909554,50.706596,On or near Parking Area,E01015405,Poole 018D,Other theft,Investigation complete; no suspect identified,
12576c0e61905e1e92f258811e751ed4856ec287c450f7519ced5210dcc7cb0b,2018-08,Dorset Police,Dorset Police,-1.909554,50.706596,On or near Parking Area,E01015405,Poole 018D,Other theft,Investigation complete; no suspect identified,
9366414a5fe69ca95594fc442c1ebf6fa6cf5162cb4609565907c4ebd92df36f,2018-08,Dorset Police,Dorset Police,-1.907907,50.716100,On or near Herbert Road,E01015405,Poole 018D,Vehicle crime,Investigation complete; no suspect identified,
190f6ab356b74751d8885157fabb314ab5b0c6b4fc57ac076ef1a042d11757e9,2018-08,Dorset Police,Dorset Police,-1.912920,50.716634,On or near Ormonde Road,E01015405,Poole 018D,Vehicle crime,Investigation complete; no suspect identified,
4c026124ae6cd92d0e1d9dc540c23cad7ecbb1a2d8509c7decfcb7380b307116,2018-08,Dorset Police,Dorset Police,-1.914306,50.710233,On or near Lakeside Road,E01015405,Poole 018D,Vehicle crime,Investigation complete; no suspect identified,
81a58b6436fbc3f871a623f66ad173108516fdf41804ffd15095ab20fc0ec35d,2018-08,Dorset Police,Dorset Police,-1.913052,50.714458,On or near Motcombe Road,E01015405,Poole 018D,Vehicle crime,Investigation complete; no suspect identified,
a3788523fc3ec4f2ae111639996befd5f777a968481dcb9c3e8abc0c49767c0e,2018-08,Dorset Police,Dorset Police,-1.913052,50.714458,On or near Motcombe Road,E01015405,Poole 018D,Vehicle crime,Investigation complete; no suspect identified,
7c4730a65ceb2f501713afe642f38f6b5927f757323386cfaaaaed955b27219b,2018-08,Dorset Police,Dorset Police,-1.912920,50.716634,On or near Ormonde Road,E01015405,Poole 018D,Vehicle crime,Investigation complete; no suspect identified,
9006ae66081c56e104a287478486bc11f2245677ae7bcf6018cb95508cb1efa5,2018-08,Dorset Police,Dorset Police,-1.909554,50.706596,On or near Parking Area,E01015405,Poole 018D,Violence and sexual offences,Unable to prosecute suspect,
8fc994ea34cd3a398c6722ae2d6366bcd9f344ce16c40099ca1c4fb23eba7135,2018-08,Dorset Police,Dorset Police,-1.914564,50.716123,On or near Chester Road,E01015405,Poole 018D,Violence and sexual offences,Unable to prosecute suspect,
b25e2b1fc8e8451dd872b7e100cc20304e3e0eba0609204b4a4bbed02deb8342,2018-08,Dorset Police,Dorset Police,-1.909554,50.706596,On or near Parking Area,E01015405,Poole 018D,Violence and sexual offences,Unable to prosecute suspect,
882d21aa8a2126377515748d3b69500d744d78c7c8cd1fa24d56c5afa9f08579,2018-08,Dorset Police,Dorset Police,-1.909554,50.706596,On or near Parking Area,E01015405,Poole 018D,Violence and sexual offences,Unable to prosecute suspect,
,2018-08,Dorset Police,Dorset Police,-1.919940,50.703186,On or near Meriden Close,E01015406,Poole 018E,Anti-social behaviour,,
,2018-08,Dorset Police,Dorset Police,-1.929836,50.695531,On or near Chaddesley Wood Road,E01015406,Poole 018E,Anti-social behaviour,,
,2018-08,Dorset Police,Dorset Police,-1.948397,50.683140,On or near Ferry Way,E01015406,Poole 018E,Anti-social behaviour,,
,2018-08,Dorset Police,Dorset Police,-1.919940,50.703186,On or near Meriden Close,E01015406,Poole 018E,Anti-social behaviour,,
,2018-08,Dorset Police,Dorset Police,-1.930753,50.697942,On or near Chaddesley Glen,E01015406,Poole 018E,Anti-social behaviour,,
,2018-08,Dorset Police,Dorset Police,-1.930189,50.696035,On or near Parking Area,E01015406,Poole 018E,Anti-social behaviour,,
,2018-08,Dorset Police,Dorset Police,-1.930189,50.696035,On or near Parking Area,E01015406,Poole 018E,Anti-social behaviour,,
,2018-08,Dorset Police,Dorset Police,-1.927280,50.699963,On or near Chaddesley Pines,E01015406,Poole 018E,Anti-social behaviour,,
,2018-08,Dorset Police,Dorset Police,-1.938976,50.688908,On or near Parking Area,E01015406,Poole 018E,Anti-social behaviour,,
,2018-08,Dorset Police,Dorset Police,-1.938976,50.688908,On or near Parking Area,E01015406,Poole 018E,Anti-social behaviour,,
,2018-08,Dorset Police,Dorset Police,-1.927920,50.698614,On or near Hospital,E01015406,Poole 018E,Anti-social behaviour,,
5c03557e99d38b623499e2d5c40ec62d284ee8230313ac118c6c6909fbf04c91,2018-08,Dorset Police,Dorset Police,-1.938976,50.688908,On or near Parking Area,E01015406,Poole 018E,Other theft,Investigation complete; no suspect identified,
89f2e35609f2c93624343b0df9623be5d8f6a19012b7b6f4d14fe170c8149195,2018-08,Dorset Police,Dorset Police,-1.938976,50.688908,On or near Parking Area,E01015406,Poole 018E,Shoplifting,Investigation complete; no suspect identified,
3f3c21830ca7d045083cc2ee024c11c6f0fd3acce2a53b440250b3f0d723b9d9,2018-08,Dorset Police,Dorset Police,-1.921198,50.704536,On or near Maxwell Road,E01015406,Poole 018E,Shoplifting,Investigation complete; no suspect identified,
f05451c274e17d6a0a11ee3780180c947d476bef82a1c5719f3f693a3aa44bd5,2018-08,Dorset Police,Dorset Police,-1.938976,50.688908,On or near Parking Area,E01015406,Poole 018E,Vehicle crime,Investigation complete; no suspect identified,
aa2a4d8f8befd645c1a58c911273ce68c9624bac96e689319c0b371c4bd7663e,2018-08,Dorset Police,Dorset Police,-1.927920,50.698614,On or near Hospital,E01015406,Poole 018E,Violence and sexual offences,Status update unavailable,
9a988a9b038af83a09b03794d9111c02dd9adec07a79a2aee040bbb30ef1e010,2018-08,Dorset Police,Dorset Police,-1.927920,50.698614,On or near Hospital,E01015406,Poole 018E,Violence and sexual offences,Unable to prosecute suspect,
38bb8451a86cd9682afaa7c50f774ff4385d614cf95c250c2a1d49ec2dbc5c7b,2018-08,Dorset Police,Dorset Police,-1.927920,50.698614,On or near Hospital,E01015406,Poole 018E,Violence and sexual offences,Unable to prosecute suspect,
4a40ab7392e3d67b384c2908ac57448406823d48df429ba90f7c9eca6de2e23d,2018-08,Dorset Police,Dorset Police,-1.927920,50.698614,On or near Hospital,E01015406,Poole 018E,Violence and sexual offences,Unable to prosecute suspect,
,2018-08,Dorset Police,Dorset Police,-2.219564,50.745506,On or near Old Chalk Pit,E01020465,Purbeck 001A,Anti-social behaviour,,
,2018-08,Dorset Police,Dorset Police,-2.218535,50.746704,On or near Green Close,E01020465,Purbeck 001A,Anti-social behaviour,,
4f3d01ff6d1941f4ad53e3f7b4d070952829222a1fb287c71637c20f65e7fbfc,2018-08,Dorset Police,Dorset Police,-2.200127,50.704327,On or near Puddletown Road,E01020465,Purbeck 001A,Burglary,Investigation complete; no suspect identified,
9b1c789202394003469b2a3d9420ccf31d2d271b304d9b062b4c7aa3cc6f4318,2018-08,Dorset Police,Dorset Police,-2.217563,50.750950,On or near Southbrook,E01020465,Purbeck 001A,Criminal damage and arson,Investigation complete; no suspect identified,
3bfbd5d63284547a6dfeca0c68826094ca2729039b62393ab8b90805025b62b9,2018-08,Dorset Police,Dorset Police,-2.211747,50.756257,On or near Petrol Station,E01020465,Purbeck 001A,Other theft,Investigation complete; no suspect identified,
d7890c1916aaf133582899d8d73c812d8701b61051cd7b4c1872ce2041bf258b,2018-08,Dorset Police,Dorset Police,-2.218861,50.752647,On or near Parking Area,E01020465,Purbeck 001A,Public order,Status update unavailable,
7b9a626653aa942b93f5b50c90d682a5fa4661cca8aa26b4a45ffebc00d2326f,2018-08,Dorset Police,Dorset Police,-2.224072,50.754553,On or near Sitterton Close,E01020465,Purbeck 001A,Violence and sexual offences,Unable to prosecute suspect,
25a6bf2175a6df9d97db5dcbc56658ec870dd0abaf565fe23bdc6097064fb393,2018-08,Dorset Police,Dorset Police,-2.224072,50.754553,On or near Sitterton Close,E01020465,Purbeck 001A,Violence and sexual offences,Unable to prosecute suspect,
65c76f78f57e33f4b2d22c9dd2b9eb60facfcd11b4305932aced6aa8d69de4e0,2018-08,Dorset Police,Dorset Police,-2.211747,50.756257,On or near Petrol Station,E01020465,Purbeck 001A,Violence and sexual offences,Unable to prosecute suspect,
bc5bf52f5a2baf7baa88fdd70b3243ccf78850dd983997aa35042386dd65c595,2018-08,Dorset Police,Dorset Police,-2.217126,50.754629,On or near Snow Hill Lane,E01020465,Purbeck 001A,Violence and sexual offences,Investigation complete; no suspect identified,
2208c5f3859e417c9dcfc91be37b78b003fd66fd1eaa7337af0b923bc8a53a43,2018-08,Dorset Police,Dorset Police,-2.217203,50.752740,On or near Church Lane,E01020465,Purbeck 001A,Violence and sexual offences,Unable to prosecute suspect,
344bc3b3df14098d149f41a41358eba369c45b57d9d55d4bd80599469a6b592d,2018-08,Dorset Police,Dorset Police,-2.224072,50.754553,On or near Sitterton Close,E01020465,Purbeck 001A,Violence and sexual offences,Unable to prosecute suspect,
,2018-08,Dorset Police,Dorset Police,-2.131578,50.776402,On or near Vermin Lane,E01020469,Purbeck 001B,Anti-social behaviour,,
,2018-08,Dorset Police,Dorset Police,-2.131578,50.776402,On or near Vermin Lane,E01020469,Purbeck 001B,Anti-social behaviour,,
,2018-08,Dorset Police,Dorset Police,-2.076741,50.755112,On or near Lockyer'S Way,E01020469,Purbeck 001B,Anti-social behaviour,,
,2018-08,Dorset Police,Dorset Police,-2.081113,50.758193,On or near Vineyard Close,E01020469,Purbeck 001B,Anti-social behaviour,,
a62b9392fb821b813441927ab2fecb87d8204b11f04ef046378be87ea8e920fa,2018-08,Dorset Police,Dorset Police,-2.081113,50.758193,On or near Vineyard Close,E01020469,Purbeck 001B,Criminal damage and arson,Investigation complete; no suspect identified,
a4f3fa0ca48da52ae5f149d1e3926b59d35b8d1af3cbacccaf2999405ca7bfca,2018-08,Dorset Police,Dorset Police,-2.081113,50.758193,On or near Vineyard Close,E01020469,Purbeck 001B,Criminal damage and arson,Court result unavailable,
668346ea262b01aa1c6fb90dddca7e41941bdebad75d28effaa0331d1b4ae02b,2018-08,Dorset Police,Dorset Police,-2.077193,50.753943,On or near The Spinney,E01020469,Purbeck 001B,Violence and sexual offences,Unable to prosecute suspect,
f23348e249bc16ae905d3ce02bc715d024a91c4d7997c435493afa3cb5493bc2,2018-08,Dorset Police,Dorset Police,-2.076741,50.755112,On or near Lockyer'S Way,E01020469,Purbeck 001B,Violence and sexual offences,Unable to prosecute suspect,
3d7f6d5af08bdda7197d93d87416b457705bd817c88187e0e74e9122d7cf3e6c,2018-08,Dorset Police,Dorset Police,-2.133436,50.756419,On or near Park/Open Space,E01020469,Purbeck 001B,Violence and sexual offences,Status update unavailable,
,2018-08,Dorset Police,Dorset Police,-2.076394,50.759770,On or near Paddock Close,E01020470,Purbeck 001C,Anti-social behaviour,,
f2ce84b0361a84638889807f61fc5f4b25bef1526a8aabb78e5af8388028c87b,2018-08,Dorset Police,Dorset Police,-2.076394,50.759770,On or near Paddock Close,E01020470,Purbeck 001C,Burglary,Investigation complete; no suspect identified,
c438dadb4923b0a4adfa356a03a4292458c114910954fc00e31553eb74a2feb3,2018-08,Dorset Police,Dorset Police,-2.079541,50.751144,On or near Dillons Gardens,E01020470,Purbeck 001C,Criminal damage and arson,Investigation complete; no suspect identified,
84f70402f6477ca526b73ca37ad19f3b13e80814ae5c9ff8f86e9ae75c3f7657,2018-08,Dorset Police,Dorset Police,-2.074955,50.755383,On or near Trenchard Meadow,E01020470,Purbeck 001C,Other theft,Investigation complete; no suspect identified,
aca5eb1b03d51400ae98454ab2ffe45c4f739896934b9bb62803da396a876cad,2018-08,Dorset Police,Dorset Police,-2.079925,50.760146,On or near Frys Close,E01020470,Purbeck 001C,Vehicle crime,Investigation complete; no suspect identified,
f54f6c4a6d6c8dc93af8fc1fcbd02475fcb90053312238ec52011ca1dc4ba638,2018-08,Dorset Police,Dorset Police,-2.079541,50.751144,On or near Dillons Gardens,E01020470,Purbeck 001C,Violence and sexual offences,Investigation complete; no suspect identified,
,2018-08,Dorset Police,Dorset Police,-2.022311,50.740864,On or near Gorse Lane,E01020471,Purbeck 002A,Anti-social behaviour,,
,2018-08,Dorset Police,Dorset Police,-2.022311,50.740864,On or near Gorse Lane,E01020471,Purbeck 002A,Anti-social behaviour,,
,2018-08,Dorset Police,Dorset Police,-2.022311,50.740864,On or near Gorse Lane,E01020471,Purbeck 002A,Anti-social behaviour,,
,2018-08,Dorset Police,Dorset Police,-2.022311,50.740864,On or near Gorse Lane,E01020471,Purbeck 002A,Anti-social behaviour,,
,2018-08,Dorset Police,Dorset Police,-2.022098,50.738742,On or near Upton Heath Estate,E01020471,Purbeck 002A,Anti-social behaviour,,
,2018-08,Dorset Police,Dorset Police,-2.022311,50.740864,On or near Gorse Lane,E01020471,Purbeck 002A,Anti-social behaviour,,
,2018-08,Dorset Police,Dorset Police,-2.021955,50.737528,On or near Poole Road,E01020471,Purbeck 002A,Anti-social behaviour,,
,2018-08,Dorset Police,Dorset Police,-2.024579,50.741511,On or near Meadowbank,E01020471,Purbeck 002A,Anti-social behaviour,,
,2018-08,Dorset Police,Dorset Police,-2.022311,50.740864,On or near Gorse Lane,E01020471,Purbeck 002A,Anti-social behaviour,,
,2018-08,Dorset Police,Dorset Police,-2.022098,50.738742,On or near Upton Heath Estate,E01020471,Purbeck 002A,Anti-social behaviour,,
0c02986cde531fd7d600a4cad0b340b7b707d606495dc58278b6cb3745ec11ba,2018-08,Dorset Police,Dorset Police,-2.021955,50.737528,On or near Poole Road,E01020471,Purbeck 002A,Drugs,Local resolution,
e52f73c0631ab05c316139306c684affd8b3e1f6ccc0d172d6cfd0c19b367ea4,2018-08,Dorset Police,Dorset Police,-2.022764,50.739371,On or near Palmerston Road,E01020471,Purbeck 002A,Other theft,Investigation complete; no suspect identified,
fdc384d6e3785883700cb0f43d76ae4d44a8e7aa053a47470abbbc7baf128cac,2018-08,Dorset Police,Dorset Police,-2.021955,50.737528,On or near Poole Road,E01020471,Purbeck 002A,Violence and sexual offences,Unable to prosecute suspect,
,2018-08,Dorset Police,Dorset Police,-2.030969,50.739018,On or near Egdon Court,E01020472,Purbeck 002B,Anti-social behaviour,,
,2018-08,Dorset Police,Dorset Police,-2.025627,50.739307,On or near Dacombe Drive,E01020472,Purbeck 002B,Anti-social behaviour,,
97954ed931952f5add008c50f206393098185a5c863e58593f1abd893d64afe5,2018-08,Dorset Police,Dorset Police,-2.042346,50.751236,On or near Old Sandpit Lane,E01020472,Purbeck 002B,Burglary,Investigation complete; no suspect identified,
7c2095a494651e115d2e3d1cb49908e4d23539c23ff0755851cad7afabd84ca5,2018-08,Dorset Police,Dorset Police,-2.023983,50.738876,On or near Dacombe Close,E01020472,Purbeck 002B,Criminal damage and arson,Investigation complete; no suspect identified,
5721f7ebc66162d725cd55478848816fa69f2161cdee39ffe95929160b207579,2018-08,Dorset Police,Dorset Police,-2.030305,50.742013,On or near Warbler Close,E01020472,Purbeck 002B,Criminal damage and arson,Investigation complete; no suspect identified,
d76fb981726943c3b7403f406b52d16abbad79e0725eac3242f68c2bdd3e66bd,2018-08,Dorset Police,Dorset Police,-2.034439,50.755690,On or near Beacon Hill Lane,E01020472,Purbeck 002B,Criminal damage and arson,Investigation complete; no suspect identified,
ea2700058a90873ec7795f5d7b048d60a9e4ab376f8041df1bfc371998c3e85d,2018-08,Dorset Police,Dorset Police,-2.034439,50.755690,On or near Beacon Hill Lane,E01020472,Purbeck 002B,Criminal damage and arson,Status update unavailable,
ca762350a1e9fa523fd685ad5cad401e1823fc33a30a5e76973f7f8c365c25a9,2018-08,Dorset Police,Dorset Police,-2.042346,50.751236,On or near Old Sandpit Lane,E01020472,Purbeck 002B,Other theft,Investigation complete; no suspect identified,
3638baf74c4a419d0c7ec6d1fd46aaec7ad73cec80b0d7de97d2aa4a220a4fdb,2018-08,Dorset Police,Dorset Police,-2.030969,50.739018,On or near Egdon Court,E01020472,Purbeck 002B,Other theft,Investigation complete; no suspect identified,
f085af24deb03066d93314067b87c29c06523d74e186dbc58ee0aac417c0d80a,2018-08,Dorset Police,Dorset Police,-2.049345,50.761583,On or near Rushall Lane,E01020472,Purbeck 002B,Public order,Unable to prosecute suspect,
32820fcf3efd3bb269f79c135cc04da3cc5c032caa174f9d0bd9a3ec01cf4b95,2018-08,Dorset Police,Dorset Police,-2.030969,50.739018,On or near Egdon Court,E01020472,Purbeck 002B,Shoplifting,Offender fined,
1998258213ed2b6c14ba3dac3586c93ff41db9bdf7613ad5b5b69e7ad437b0bf,2018-08,Dorset Police,Dorset Police,-2.044290,50.753429,On or near Maylyn Road,E01020472,Purbeck 002B,Violence and sexual offences,Unable to prosecute suspect,
426d6724e154ce373949a01f3932a397fda5d1a468c731bf7b3e106f43b443dc,2018-08,Dorset Police,Dorset Police,-2.030886,50.742274,On or near Kestrel Close,E01020472,Purbeck 002B,Violence and sexual offences,Unable to prosecute suspect,
cd6d5f68e67457e514f44e9957b1a8c482be683fde8b60eca3c1cac855a88b38,2018-08,Dorset Police,Dorset Police,-2.030886,50.742274,On or near Kestrel Close,E01020472,Purbeck 002B,Violence and sexual offences,Unable to prosecute suspect,
134bb5a03e6addf3955713b8dd000c1876a0354c3b67fe475e882ffd8ac4883f,2018-08,Dorset Police,Dorset Police,-2.030135,50.742157,On or near Bell Heather Close,E01020472,Purbeck 002B,Violence and sexual offences,Court result unavailable,
08028e6d8ac116173abf1b469c8085919dcdd9adca58e9cf201f2d49d300287b,2018-08,Dorset Police,Dorset Police,-2.025839,50.738867,On or near Briarswood Road,E01020472,Purbeck 002B,Violence and sexual offences,Action to be taken by another organisation,
,2018-08,Dorset Police,Dorset Police,-2.027748,50.732715,On or near Shore Close,E01020473,Purbeck 002C,Anti-social behaviour,,
3156948df42e2df162ea68dff3be703c8fd3218c478d8cf5bec6560e44f1e66c,2018-08,Dorset Police,Dorset Police,-2.027100,50.737931,On or near Supermarket,E01020473,Purbeck 002C,Burglary,Suspect charged as part of another case,
560bd6b90fef83ae9ad218d559c630151db1d9d64be1395997fe3f499fe53d7c,2018-08,Dorset Police,Dorset Police,-2.029905,50.737463,On or near Yarrells Drive,E01020473,Purbeck 002C,Drugs,Offender given a drugs possession warning,
c3e8af4b3456d7cd80c222f8458479096d31080efbd3d544a1d5752a1c235dd2,2018-08,Dorset Police,Dorset Police,-2.029905,50.737463,On or near Yarrells Drive,E01020473,Purbeck 002C,Other theft,Investigation complete; no suspect identified,
d2c9b1bfc601c5b2dc3872e93bc3a4cab49ad88de71ff58a2611992c6afaa9ff,2018-08,Dorset Police,Dorset Police,-2.027054,50.731618,On or near Border Drive,E01020473,Purbeck 002C,Other theft,Investigation complete; no suspect identified,
dc5a766a107acf268d41501eaa4ebdae6d61548b6109b7e5d05acaf4e179a42c,2018-08,Dorset Police,Dorset Police,-2.029905,50.737463,On or near Yarrells Drive,E01020473,Purbeck 002C,Theft from the person,Investigation complete; no suspect identified,
29dcaf30c0b48b71b0dd8f49f046d8c14f4c54aafe9efb98237cbb28e3b72182,2018-08,Dorset Police,Dorset Police,-2.027748,50.732715,On or near Shore Close,E01020473,Purbeck 002C,Violence and sexual offences,Investigation complete; no suspect identified,
63f2fa295ddc12d61ca19bd4a3514a1ca086d45390b55d35888981b8b7e6af21,2018-08,Dorset Police,Dorset Police,-2.027748,50.732715,On or near Shore Close,E01020473,Purbeck 002C,Violence and sexual offences,Unable to prosecute suspect,
5a64a46c89988a92794ec1933fcd374c34e1637040ccaabad93f9e6773b922cb,2018-08,Dorset Police,Dorset Police,-2.027100,50.737931,On or near Supermarket,E01020473,Purbeck 002C,Violence and sexual offences,Investigation complete; no suspect identified,
,2018-08,Dorset Police,Dorset Police,-2.040648,50.739024,On or near Sports/Recreation Area,E01020474,Purbeck 002D,Anti-social behaviour,,
,2018-08,Dorset Police,Dorset Police,-2.065849,50.731666,On or near A351,E01020474,Purbeck 002D,Anti-social behaviour,,
,2018-08,Dorset Police,Dorset Police,-2.040648,50.739024,On or near Sports/Recreation Area,E01020474,Purbeck 002D,Anti-social behaviour,,
,2018-08,Dorset Police,Dorset Police,-2.038679,50.739969,On or near St Neots Close,E01020474,Purbeck 002D,Anti-social behaviour,,
,2018-08,Dorset Police,Dorset Police,-2.030824,50.733362,On or near Bay Close,E01020474,Purbeck 002D,Anti-social behaviour,,
792ee05856c9e3bd569e0a610519d871f0b3af9a2f28e7c5f6101fe4301e9a38,2018-08,Dorset Police,Dorset Police,-2.042010,50.740571,On or near Dorchester Road,E01020474,Purbeck 002D,Burglary,Investigation complete; no suspect identified,
e36b21192b67888ff72dfeafe11b6432a5207695461c96acf06024e850b401f4,2018-08,Dorset Police,Dorset Police,-2.086971,50.729215,On or near Organford Road,E01020474,Purbeck 002D,Other theft,Investigation complete; no suspect identified,
aae0db3350f93afef5d9d8298b06ed4a76a4d8f177050ce2c21cc49cbde22f36,2018-08,Dorset Police,Dorset Police,-2.038679,50.739969,On or near St Neots Close,E01020474,Purbeck 002D,Other theft,Investigation complete; no suspect identified,
e2b1bcdd3c8bad589c426b0ec3c9580514da2dc448e2e39db466c387cfb9428f,2018-08,Dorset Police,Dorset Police,-2.065849,50.731666,On or near A351,E01020474,Purbeck 002D,Other theft,Investigation complete; no suspect identified,
71c41ab5a6139c900a3d2416e5c5d61bad9a31710fdfa44f00369fa60052bc57,2018-08,Dorset Police,Dorset Police,-2.086971,50.729215,On or near Organford Road,E01020474,Purbeck 002D,Vehicle crime,Offender sent to prison,
f4ce6355dfcc2114007f4d1ce77e492599d4e21ffe6ee669262781274cac43b0,2018-08,Dorset Police,Dorset Police,-2.031008,50.733092,On or near Lytchett Way,E01020474,Purbeck 002D,Violence and sexual offences,Unable to prosecute suspect,
,2018-08,Dorset Police,Dorset Police,-2.043624,50.738556,On or near French'S Farm Road,E01020475,Purbeck 002E,Anti-social behaviour,,
,2018-08,Dorset Police,Dorset Police,-2.033251,50.739656,On or near Franklyn Close,E01020475,Purbeck 002E,Anti-social behaviour,,
,2018-08,Dorset Police,Dorset Police,-2.035317,50.735879,On or near Pearce Road,E01020475,Purbeck 002E,Anti-social behaviour,,
,2018-08,Dorset Police,Dorset Police,-2.045253,50.738402,On or near Poppy Close,E01020475,Purbeck 002E,Anti-social behaviour,,
,2018-08,Dorset Police,Dorset Police,-2.033251,50.739656,On or near Franklyn Close,E01020475,Purbeck 002E,Anti-social behaviour,,
,2018-08,Dorset Police,Dorset Police,-2.035476,50.739718,On or near Foxgloves,E01020475,Purbeck 002E,Anti-social behaviour,,
,2018-08,Dorset Police,Dorset Police,-2.034485,50.741122,On or near Richard Close,E01020475,Purbeck 002E,Anti-social behaviour,,
,2018-08,Dorset Police,Dorset Police,-2.034485,50.741122,On or near Richard Close,E01020475,Purbeck 002E,Anti-social behaviour,,
2e599d7a13148ec77375a129267e43a11d242a673716c18fb47041c050289643,2018-08,Dorset Police,Dorset Police,-2.033251,50.739656,On or near Franklyn Close,E01020475,Purbeck 002E,Criminal damage and arson,Investigation complete; no suspect identified,
72afdd73b41aa221033075b32985e61a8951a57c1e522b383721114eaae49904,2018-08,Dorset Police,Dorset Police,-2.036697,50.742182,On or near Doussie Close,E01020475,Purbeck 002E,Criminal damage and arson,Investigation complete; no suspect identified,
a00316aba2f16d67e22a9110314436289b2d0130811313902a6108a264dd6643,2018-08,Dorset Police,Dorset Police,-2.036697,50.742182,On or near Doussie Close,E01020475,Purbeck 002E,Criminal damage and arson,Investigation complete; no suspect identified,
7a8fe3b7514f325ac1ee2c31f3d2f695d9699346e04281adaed10e652a59eb66,2018-08,Dorset Police,Dorset Police,-2.039159,50.738090,On or near Sea View Road,E01020475,Purbeck 002E,Criminal damage and arson,Investigation complete; no suspect identified,
499453f77aaab5eb7b5aa569af28fbd7f2614cb0cf520fe2fb98840964847c77,2018-08,Dorset Police,Dorset Police,-2.033251,50.739656,On or near Franklyn Close,E01020475,Purbeck 002E,Criminal damage and arson,Investigation complete; no suspect identified,
a1705e7f8acab3259cf72c536652b87949205e4eaa3baf5499161245eddd349a,2018-08,Dorset Police,Dorset Police,-2.034968,50.742228,On or near Ash Close,E01020475,Purbeck 002E,Drugs,Offender given a drugs possession warning,
6f05b342a0a5dd52eeb1961f1b4b46c72e7f83fd2b1701a091a117c7ed182bc4,2018-08,Dorset Police,Dorset Police,-2.036454,50.740276,On or near Beacon Road,E01020475,Purbeck 002E,Public order,Unable to prosecute suspect,
e8a4220d4753a99d7ad95a74437a4f13acfc89a7206c4f4ad55d0e10cf12b6fe,2018-08,Dorset Police,Dorset Police,-2.035476,50.739718,On or near Foxgloves,E01020475,Purbeck 002E,Violence and sexual offences,Unable to prosecute suspect,
430727576e42e801721f35e86dfb71e170ea0af41bda3727e2f2ec863f593927,2018-08,Dorset Police,Dorset Police,-2.039375,50.741974,On or near Hickory Close,E01020475,Purbeck 002E,Violence and sexual offences,Unable to prosecute suspect,
9a6302b96111514c200fefd963c95c069792369be6b5d20ab6ee3a311b74cea3,2018-08,Dorset Police,Dorset Police,-2.036454,50.740276,On or near Beacon Road,E01020475,Purbeck 002E,Violence and sexual offences,Investigation complete; no suspect identified,
,2018-08,Dorset Police,Dorset Police,-2.072413,50.716060,On or near Holton Road,E01020476,Purbeck 003A,Anti-social behaviour,,
,2018-08,Dorset Police,Dorset Police,-2.087209,50.720339,On or near Fir Avenue,E01020476,Purbeck 003A,Anti-social behaviour,,
6c11638e606c8f956016730c7c3793620b34fecc40986ac6dba4f7b43d457ed9,2018-08,Dorset Police,Dorset Police,-2.086267,50.724179,On or near Organford Road,E01020476,Purbeck 003A,Burglary,Offender sent to prison,
9cfc9ba9d4d4c2e94c85efc8d9c4d31f363d2439d5923c8031c572b4c0617a71,2018-08,Dorset Police,Dorset Police,-2.071944,50.715116,On or near Shopping Area,E01020476,Purbeck 003A,Burglary,Investigation complete; no suspect identified,
6ca970f280049336bec1a86303afc072e04d8809f0ac8134edc261eff14b2d7c,2018-08,Dorset Police,Dorset Police,-2.087209,50.720339,On or near Fir Avenue,E01020476,Purbeck 003A,Criminal damage and arson,Investigation complete; no suspect identified,
0e8f5e84da9ea2c3ca7ad323fc8e5fcf1af8e07b0564806af66da928ecf62665,2018-08,Dorset Police,Dorset Police,-2.087209,50.720339,On or near Fir Avenue,E01020476,Purbeck 003A,Criminal damage and arson,Investigation complete; no suspect identified,
c8b8e611ed9a43470bac6ec1974ac790e066d4fef9bd729fe1cccc828117a093,2018-08,Dorset Police,Dorset Police,-2.072413,50.716060,On or near Holton Road,E01020476,Purbeck 003A,Other theft,Investigation complete; no suspect identified,
6e56ef43bdfcf48d97f3f8662caed325d6b0dc94dba07b85b1f47ca176787bd5,2018-08,Dorset Police,Dorset Police,-2.149052,50.727668,On or near Parking Area,E01020476,Purbeck 003A,Vehicle crime,Investigation complete; no suspect identified,
1fffd7cdcfdfd21dc1ddaf6a0a56f84a7937df5fd86278f4c78f9d8239e2974c,2018-08,Dorset Police,Dorset Police,-2.087209,50.720339,On or near Fir Avenue,E01020476,Purbeck 003A,Violence and sexual offences,Court result unavailable,
6d369b3952d65e57d2bc317daf1e04393f57c792e00251f45d8133ca2922e9cd,2018-08,Dorset Police,Dorset Police,-2.078220,50.723969,On or near Petrol Station,E01020476,Purbeck 003A,Violence and sexual offences,Formal action is not in the public interest,
,2018-08,Dorset Police,Dorset Police,-2.096585,50.705709,On or near St Martin'S Road,E01020477,Purbeck 003B,Anti-social behaviour,,
9661ee57c8952b64c78c72b6d9bd22006ebf20c730e6e42eae46aebe1caff759,2018-08,Dorset Police,Dorset Police,-2.099901,50.706615,On or near The Beeches,E01020477,Purbeck 003B,Other theft,Investigation complete; no suspect identified,
e458d07cdc9488151d7ddb04d77c9b045649dffbc68e7c09fe06b94590b515c8,2018-08,Dorset Police,Dorset Police,-2.096585,50.705709,On or near St Martin'S Road,E01020477,Purbeck 003B,Public order,Unable to prosecute suspect,
eeebc7cb8613ba0b958b759fa53cd3dff2c2d18a0e04d28c6035859f3d3c7a6c,2018-08,Dorset Police,Dorset Police,-2.099901,50.706615,On or near The Beeches,E01020477,Purbeck 003B,Shoplifting,Investigation complete; no suspect identified,
b54db5b5a1be20d659b43d32fc427d939e3ba56f8a36f72cc45bbea3d51e89da,2018-08,Dorset Police,Dorset Police,-2.099901,50.706615,On or near The Beeches,E01020477,Purbeck 003B,Shoplifting,Investigation complete; no suspect identified,
ff0f39c96b5a0e3f5a12716594e1143340db34c7cd9ef44b21d1d58b3d68387c,2018-08,Dorset Police,Dorset Police,-2.096585,50.705709,On or near St Martin'S Road,E01020477,Purbeck 003B,Violence and sexual offences,Unable to prosecute suspect,
5bd631dce1c475b6e2ea4c2c05b4f8dd3e343258a219c2c93c1687478159a770,2018-08,Dorset Police,Dorset Police,-2.096585,50.705709,On or near St Martin'S Road,E01020477,Purbeck 003B,Violence and sexual offences,Unable to prosecute suspect,
a31ac97c3fc99c06ab32d617b88a6dea3e0ccab15caad0e77c8b8555b234ef52,2018-08,Dorset Police,Dorset Police,-2.098610,50.705510,On or near Tamlin Street,E01020477,Purbeck 003B,Violence and sexual offences,Unable to prosecute suspect,
,2018-08,Dorset Police,Dorset Police,-2.106679,50.685746,On or near Wyatt'S Lane,E01020485,Purbeck 003C,Anti-social behaviour,,
,2018-08,Dorset Police,Dorset Police,-2.110432,50.686606,On or near Supermarket,E01020485,Purbeck 003C,Anti-social behaviour,,
,2018-08,Dorset Police,Dorset Police,-2.109551,50.684934,On or near South Street,E01020485,Purbeck 003C,Anti-social behaviour,,
,2018-08,Dorset Police,Dorset Police,-2.109551,50.684934,On or near South Street,E01020485,Purbeck 003C,Anti-social behaviour,,
,2018-08,Dorset Police,Dorset Police,-2.106837,50.686825,On or near Daler Court,E01020485,Purbeck 003C,Anti-social behaviour,,
fa501feefbb18a276c431422cc712040583db1d2c7679ed3d7d75185882b2985,2018-08,Dorset Police,Dorset Police,-2.108774,50.685699,On or near Supermarket,E01020485,Purbeck 003C,Bicycle theft,Investigation complete; no suspect identified,
5b851f466082bb0c3ec80bfc25177c6452413d1ff808113eeee2cbcd4bf0c383,2018-08,Dorset Police,Dorset Police,-2.108361,50.684458,On or near Church Green,E01020485,Purbeck 003C,Burglary,Court result unavailable,
ed109eaef8447a5b8d01cd0df66a391abc94a27297eec4312f4ec8631e44a829,2018-08,Dorset Police,Dorset Police,-2.108774,50.685699,On or near Supermarket,E01020485,Purbeck 003C,Burglary,Court result unavailable,
8bb89eae3ac64f7d94ccf3fbd7514e44946f122dc5e6ae8d2d5c10396b28ddec,2018-08,Dorset Police,Dorset Police,-2.108596,50.688082,On or near Brixey'S Lane,E01020485,Purbeck 003C,Criminal damage and arson,Investigation complete; no suspect identified,
c9121378c7b5a438252f6dd6461fe8322e88fab56576b1894c0abf778e7bcca4,2018-08,Dorset Police,Dorset Police,-2.111504,50.684887,On or near Pound Lane,E01020485,Purbeck 003C,Criminal damage and arson,Investigation complete; no suspect identified,
0190ecf1876c10929f76942fc7089f5b7aa7902fe44390c391cdd83a29b3e4b6,2018-08,Dorset Police,Dorset Police,-2.110432,50.686606,On or near Supermarket,E01020485,Purbeck 003C,Shoplifting,Investigation complete; no suspect identified,
1643dd58e15dabbeabe566431f02de674d4c5566b927ef21971d88ebef9e1719,2018-08,Dorset Police,Dorset Police,-2.110432,50.686606,On or near Supermarket,E01020485,Purbeck 003C,Shoplifting,Court result unavailable,
c4055ed1cfa82c3f08a1c9bc7ad7a99a396248097cd699e3d1844f112c789ab4,2018-08,Dorset Police,Dorset Police,-2.108774,50.685699,On or near Supermarket,E01020485,Purbeck 003C,Shoplifting,Further investigation is not in the public interest,
f3f2183f61a12ee5d0031162749be02bcfbde4c4beec60276f506db5870ee2a8,2018-08,Dorset Police,Dorset Police,-2.112115,50.685956,On or near St Michael'S Road,E01020485,Purbeck 003C,Vehicle crime,Investigation complete; no suspect identified,
54f8ac83bc4f883c613239f5ae611160554b86f8f285d4c6f0bb35ae73bef10d,2018-08,Dorset Police,Dorset Police,-2.108868,50.689629,On or near Edward Crescent,E01020485,Purbeck 003C,Violence and sexual offences,Unable to prosecute suspect,
935a0a3405f27d773fc54853a86e212fea38da6ad2d00454b3fdcd0ab6aebddb,2018-08,Dorset Police,Dorset Police,-2.110432,50.686606,On or near Supermarket,E01020485,Purbeck 003C,Violence and sexual offences,Unable to prosecute suspect,
aad667f17d76953110b4cf30c22e142f5e3a0738dfad7e1d5fb3bb176a710074,2018-08,Dorset Police,Dorset Police,-2.109551,50.684934,On or near South Street,E01020485,Purbeck 003C,Violence and sexual offences,Unable to prosecute suspect,
934430fc040bf61dd91cb7f371cd596001dc2203e084e384ccd1cd2465944bd2,2018-08,Dorset Police,Dorset Police,-2.106837,50.686825,On or near Daler Court,E01020485,Purbeck 003C,Violence and sexual offences,Unable to prosecute suspect,
6c5c08f2680b4c0675d4827db5a0e6cde17a40dc348699b9d0c8f12d0d07ccf8,2018-08,Dorset Police,Dorset Police,-2.110953,50.685247,On or near Trinity Lane,E01020485,Purbeck 003C,Violence and sexual offences,Unable to prosecute suspect,
4b3dfd787d9b7f6573ebff1e63156193d5af0c2f9da63388185790670bc72624,2018-08,Dorset Police,Dorset Police,-2.110432,50.686606,On or near Supermarket,E01020485,Purbeck 003C,Violence and sexual offences,Unable to prosecute suspect,
,2018-08,Dorset Police,Dorset Police,-2.117694,50.686571,On or near Christmas Close,E01020486,Purbeck 003D,Anti-social behaviour,,
,2018-08,Dorset Police,Dorset Police,-2.119032,50.684016,On or near Worgret Road,E01020486,Purbeck 003D,Anti-social behaviour,,
,2018-08,Dorset Police,Dorset Police,-2.111087,50.688044,On or near North Street,E01020486,Purbeck 003D,Anti-social behaviour,,
,2018-08,Dorset Police,Dorset Police,-2.119032,50.684016,On or near Worgret Road,E01020486,Purbeck 003D,Anti-social behaviour,,
f98e5d5aaf368f768569524c73552e3ebb690c33b59a7a452f7fd9d4aef177d1,2018-08,Dorset Police,Dorset Police,-2.111793,50.687153,On or near Mill Lane,E01020486,Purbeck 003D,Bicycle theft,Investigation complete; no suspect identified,
eb72e8bd2658497dc69185c8a55d644ca174b71333ab02b4e0e159a3d2b1db3c,2018-08,Dorset Police,Dorset Police,-2.118393,50.682911,On or near Shirley Road,E01020486,Purbeck 003D,Burglary,Investigation complete; no suspect identified,
516fcfa234192b983f902d3a3857e79954a5f0a4b35066cb0717b1859afdca46,2018-08,Dorset Police,Dorset Police,-2.122322,50.691719,On or near St Mary'S Close,E01020486,Purbeck 003D,Drugs,Offender given a drugs possession warning,
0db88c277cb998660d0e75ff0d1e59587353a72854fba9cef7abc7b76f940ae6,2018-08,Dorset Police,Dorset Police,-2.114336,50.685442,On or near Parking Area,E01020486,Purbeck 003D,Vehicle crime,Investigation complete; no suspect identified,
4fcb31ab1e28edb6eb1663d40b93f9ae98204a30193b479d8385b6b1243b2fde,2018-08,Dorset Police,Dorset Police,-2.119032,50.684016,On or near Worgret Road,E01020486,Purbeck 003D,Violence and sexual offences,Unable to prosecute suspect,
8475faa20625fa64541e657e552902cd27159b60b7f8eee0420d19862c91a7e4,2018-08,Dorset Police,Dorset Police,-2.111793,50.687153,On or near Mill Lane,E01020486,Purbeck 003D,Violence and sexual offences,Unable to prosecute suspect,
4115821088e5df7c1948c535c065b2f9f7f031e1faba92431eff866d05f53929,2018-08,Dorset Police,Dorset Police,-2.117995,50.682291,On or near Frome Road,E01020486,Purbeck 003D,Violence and sexual offences,Unable to prosecute suspect,
5b12bbaeae0241486920c02e6db4445299bab41f500875be51c8ce1ef16e5335,2018-08,Dorset Police,Dorset Police,-2.119032,50.684016,On or near Worgret Road,E01020486,Purbeck 003D,Violence and sexual offences,Offender given a caution,
,2018-08,Dorset Police,Dorset Police,-2.118073,50.696337,On or near Trent Drive,E01020487,Purbeck 003E,Anti-social behaviour,,
80aa8d1c6408181d86c2ab47d5d8e62a0e307579ecb3aa586d221822ec9c4363,2018-08,Dorset Police,Dorset Police,-2.118006,50.697938,On or near Stockley Road,E01020487,Purbeck 003E,Violence and sexual offences,Unable to prosecute suspect,
,2018-08,Dorset Police,Dorset Police,-2.112391,50.694688,On or near Ryan Close,E01020488,Purbeck 003F,Anti-social behaviour,,
,2018-08,Dorset Police,Dorset Police,-2.118859,50.693719,On or near Mellstock Crescent,E01020488,Purbeck 003F,Anti-social behaviour,,
,2018-08,Dorset Police,Dorset Police,-2.109813,50.694196,On or near Sandford Lane,E01020488,Purbeck 003F,Anti-social behaviour,,
,2018-08,Dorset Police,Dorset Police,-2.111390,50.696317,On or near Sandford Road,E01020488,Purbeck 003F,Anti-social behaviour,,
d6233d3bdbe32990c2b1ba534eb1bf7b069813cce80802574bb80cea7bba7e8b,2018-08,Dorset Police,Dorset Police,-2.122189,50.695074,On or near Westminster Road,E01020488,Purbeck 003F,Burglary,Investigation complete; no suspect identified,
e66cd346718e84758db5610225bd0e06733f62b2913a9e00254c8b2ee4a3a761,2018-08,Dorset Police,Dorset Police,-2.116371,50.695521,On or near Daniel Drive,E01020488,Purbeck 003F,Vehicle crime,Investigation complete; no suspect identified,
7d2b0251358fc8e938f9df403a7cd70658800098e011912891cc2afafff99cbe,2018-08,Dorset Police,Dorset Police,-2.116371,50.695521,On or near Daniel Drive,E01020488,Purbeck 003F,Vehicle crime,Investigation complete; no suspect identified,
ebaa7a8e2f6ac0514575d3df7fa0c75cbd32dbd6bafaa41efceeffd2364779fd,2018-08,Dorset Police,Dorset Police,-2.116371,50.695521,On or near Daniel Drive,E01020488,Purbeck 003F,Vehicle crime,Investigation complete; no suspect identified,
03659eaef3a25d1986025df0af9cb13a6c312afc5b82ad12f169a438b82a3c78,2018-08,Dorset Police,Dorset Police,-2.114338,50.691943,On or near North Causeway,E01020488,Purbeck 003F,Violence and sexual offences,Status update unavailable,
0d52665fe41cb6295f8fc5f819a6bf72cfbe44791d68a35cde43e3eb7e7374b6,2018-08,Dorset Police,Dorset Police,-2.114338,50.691943,On or near North Causeway,E01020488,Purbeck 003F,Violence and sexual offences,Unable to prosecute suspect,
272842e715d772ce4e214483b9b59fa732c61e38da1597fb7a293a917c2ba5f0,2018-08,Dorset Police,Dorset Police,-2.114338,50.691943,On or near North Causeway,E01020488,Purbeck 003F,Violence and sexual offences,Unable to prosecute suspect,
728320a92941881aa7105c48f67953a108713ba95e00f5944193132047d12c2a,2018-08,Dorset Police,Dorset Police,-2.114338,50.691943,On or near North Causeway,E01020488,Purbeck 003F,Violence and sexual offences,Status update unavailable,
a533dffe50091f73abc51e63b6c02f0dd500776da474b3e4d04420fffa81bbfe,2018-08,Dorset Police,Dorset Police,-2.117871,50.695015,On or near Bere Road,E01020488,Purbeck 003F,Other crime,Further investigation is not in the public interest,
,2018-08,Dorset Police,Dorset Police,-2.268519,50.624082,On or near Parking Area,E01020489,Purbeck 004A,Anti-social behaviour,,
,2018-08,Dorset Police,Dorset Police,-2.191416,50.686554,On or near Park/Open Space,E01020489,Purbeck 004A,Anti-social behaviour,,
,2018-08,Dorset Police,Dorset Police,-2.268519,50.624082,On or near Parking Area,E01020489,Purbeck 004A,Anti-social behaviour,,
,2018-08,Dorset Police,Dorset Police,-2.161379,50.670386,On or near B3070,E01020489,Purbeck 004A,Anti-social behaviour,,
5a937c974db01bb5e75d58ecacd1ff187669f10e03b393156857faa5c72c424a,2018-08,Dorset Police,Dorset Police,-2.268519,50.624082,On or near Parking Area,E01020489,Purbeck 004A,Burglary,Investigation complete; no suspect identified,
362913ac3c5ae5305cac11c2da1571dfaebd0231c3a0161ea2fd9655e374288a,2018-08,Dorset Police,Dorset Police,-2.253512,50.619889,On or near Parking Area,E01020489,Purbeck 004A,Burglary,Court result unavailable,
b5960af64d92a0083559df3e2b8bd624385b1b72118331b8dad6d41c96de614d,2018-08,Dorset Police,Dorset Police,-2.253512,50.619889,On or near Parking Area,E01020489,Purbeck 004A,Burglary,Investigation complete; no suspect identified,
e1350c42337e767eb312a4b5ead44cce9299d6fd05fdc4e95d35c0af32e3be62,2018-08,Dorset Police,Dorset Police,-2.199681,50.639284,On or near B3070,E01020489,Purbeck 004A,Criminal damage and arson,Investigation complete; no suspect identified,
84a0f05722283efb0f5e47069fb93323639d6d646e0c64f33f9b7d54f5c2c5ae,2018-08,Dorset Police,Dorset Police,-2.199681,50.639284,On or near B3070,E01020489,Purbeck 004A,Criminal damage and arson,Investigation complete; no suspect identified,
4920d11740e945ca84e6cd484f8cf65d9b2321c32cdb184c56a41a3fb20bafca,2018-08,Dorset Police,Dorset Police,-2.199681,50.639284,On or near B3070,E01020489,Purbeck 004A,Drugs,Offender given a caution,
18d754bb084d6a9972f984acb8ed63502307cd6364c99fe4e9e65aa972634529,2018-08,Dorset Police,Dorset Police,-2.199681,50.639284,On or near B3070,E01020489,Purbeck 004A,Drugs,Offender given a drugs possession warning,
c4a5f9dc8c8ea9d9358b8d3f07e8ed41b132c59658901e4871f0bed30eca8b85,2018-08,Dorset Police,Dorset Police,-2.199681,50.639284,On or near B3070,E01020489,Purbeck 004A,Drugs,Local resolution,
7e16e284603f1075b1a4528e8768a4b34754d1f96890184725bed2398803bb60,2018-08,Dorset Police,Dorset Police,-2.199681,50.639284,On or near B3070,E01020489,Purbeck 004A,Drugs,Local resolution,
a418b896d0c27b203a4614998dad2812ad25d701e7ba67c8b0e164c0bee3f9ba,2018-08,Dorset Police,Dorset Police,-2.199681,50.639284,On or near B3070,E01020489,Purbeck 004A,Drugs,Local resolution,
943275e2523d6b0c9ba8e51d52889cc9080789792dd3863daccf9cd6a41b3661,2018-08,Dorset Police,Dorset Police,-2.199681,50.639284,On or near B3070,E01020489,Purbeck 004A,Drugs,Court result unavailable,
7d5ef47bf7da0b40f0dc9a5c66a78185a16bd1f673aae63491c22bf665ba29e5,2018-08,Dorset Police,Dorset Police,-2.199681,50.639284,On or near B3070,E01020489,Purbeck 004A,Drugs,Offender given a caution,
4de173f0aeb8acd615572757429d2d1227c98f1f98c24860833a6d18049f7bc2,2018-08,Dorset Police,Dorset Police,-2.199681,50.639284,On or near B3070,E01020489,Purbeck 004A,Drugs,Local resolution,
f2d9829b63e74f2f6a6404a10082b42358b5204aeae529db2f89a1df55a89f0f,2018-08,Dorset Police,Dorset Police,-2.199681,50.639284,On or near B3070,E01020489,Purbeck 004A,Other theft,Status update unavailable,
d9cca07cd2e311831f12b6f701f82f95130c29f29756e97b984d24b8863013b2,2018-08,Dorset Police,Dorset Police,-2.199681,50.639284,On or near B3070,E01020489,Purbeck 004A,Other theft,Investigation complete; no suspect identified,
388f1aebdaa519f63c12dc7f79a31dc6bfa4ad0c0252056543399e44523c457f,2018-08,Dorset Police,Dorset Police,-2.199681,50.639284,On or near B3070,E01020489,Purbeck 004A,Other theft,Investigation complete; no suspect identified,
1bd5357be918139d793a705e420650b67f15108c04097b96b279bcacbe0123ed,2018-08,Dorset Police,Dorset Police,-2.199681,50.639284,On or near B3070,E01020489,Purbeck 004A,Other theft,Investigation complete; no suspect identified,
3bfa808a3b4f44b97419d0669e13da2afdd91672e028a75c9e28b4c648de4ed5,2018-08,Dorset Police,Dorset Police,-2.199681,50.639284,On or near B3070,E01020489,Purbeck 004A,Other theft,Investigation complete; no suspect identified,
67512124e2bc9d7e40cbef5b9b46c3c6497024858990260e5dfcf95d1545e30e,2018-08,Dorset Police,Dorset Police,-2.199681,50.639284,On or near B3070,E01020489,Purbeck 004A,Other theft,Investigation complete; no suspect identified,
3b1524db5217dbd87c566eadcfd537b3fe72c7921dcd0e1245fa90435c1edb67,2018-08,Dorset Police,Dorset Police,-2.199681,50.639284,On or near B3070,E01020489,Purbeck 004A,Other theft,Investigation complete; no suspect identified,
fde48f8dab2ad142aee083f769cdbd853e46002237e4f8260892996a94211746,2018-08,Dorset Police,Dorset Police,-2.199681,50.639284,On or near B3070,E01020489,Purbeck 004A,Other theft,Investigation complete; no suspect identified,
efdd7ebd84655bdd394bb05701fb91f3ffd0570c9b574abbbe872cc72d495950,2018-08,Dorset Police,Dorset Police,-2.199681,50.639284,On or near B3070,E01020489,Purbeck 004A,Other theft,Investigation complete; no suspect identified,
8b9e045a3c3a402e694f234d914d3f92ae414139dff20f45c816a868482bb9ab,2018-08,Dorset Police,Dorset Police,-2.199681,50.639284,On or near B3070,E01020489,Purbeck 004A,Other theft,Investigation complete; no suspect identified,
dc077fd1c7f4d8b2838536fc8f5a15748b148e4fe49420edcfe56e7ae79b45ce,2018-08,Dorset Police,Dorset Police,-2.199681,50.639284,On or near B3070,E01020489,Purbeck 004A,Other theft,Investigation complete; no suspect identified,
5c81cfdfbdb48a4952a7cf450fe4ef72e7f8faea483c379ad1a170b10b16befa,2018-08,Dorset Police,Dorset Police,-2.199681,50.639284,On or near B3070,E01020489,Purbeck 004A,Other theft,Investigation complete; no suspect identified,
969b15ed1c73702acb1645b793801a78ce9eb90dbddacd7ec3f167aa49170297,2018-08,Dorset Police,Dorset Police,-2.199681,50.639284,On or near B3070,E01020489,Purbeck 004A,Other theft,Investigation complete; no suspect identified,
71df054e905e9ec085f1e0403473565116e7feda311a9e224d8a86052f8dc7ab,2018-08,Dorset Police,Dorset Police,-2.199681,50.639284,On or near B3070,E01020489,Purbeck 004A,Other theft,Investigation complete; no suspect identified,
2416f1ff71d7d7b6e70f4658751544255e035dfa3c7272d250d144c27b0427c8,2018-08,Dorset Police,Dorset Police,-2.199681,50.639284,On or near B3070,E01020489,Purbeck 004A,Other theft,Investigation complete; no suspect identified,
17cdb89b9e28c3530ef5ad40b7f79d0ce69e4b3092375a0ae23e8a9a461b12b8,2018-08,Dorset Police,Dorset Police,-2.199681,50.639284,On or near B3070,E01020489,Purbeck 004A,Other theft,Investigation complete; no suspect identified,
3da0a242ba772bbae5f7f0dde4ccc4f68ca01a52dd1f1869818a76841f6cc256,2018-08,Dorset Police,Dorset Police,-2.199681,50.639284,On or near B3070,E01020489,Purbeck 004A,Other theft,Investigation complete; no suspect identified,
fa3e71a4aba77cfc942cd5eadef49d047d1c683c32fcdd3604046a24542e4efa,2018-08,Dorset Police,Dorset Police,-2.199681,50.639284,On or near B3070,E01020489,Purbeck 004A,Other theft,Investigation complete; no suspect identified,
474c21b07995e0af0fd3bf42a790753601bd76ab7105695901fc475bb84e6f1f,2018-08,Dorset Police,Dorset Police,-2.199681,50.639284,On or near B3070,E01020489,Purbeck 004A,Other theft,Investigation complete; no suspect identified,
61ccd789fd0ac75786057c9dcef759482fe1cbe55a4ef82b4dee68ef994034f2,2018-08,Dorset Police,Dorset Police,-2.199681,50.639284,On or near B3070,E01020489,Purbeck 004A,Other theft,Investigation complete; no suspect identified,
9751c4362e86d513cd7fd8a2323a2286825b29780c3c6317d24b135bd2310e98,2018-08,Dorset Police,Dorset Police,-2.199681,50.639284,On or near B3070,E01020489,Purbeck 004A,Other theft,Investigation complete; no suspect identified,
ff052a775b85470027f2eaad3c3841e699f023d4f3de4b79c61becf716b02565,2018-08,Dorset Police,Dorset Police,-2.199681,50.639284,On or near B3070,E01020489,Purbeck 004A,Other theft,Investigation complete; no suspect identified,
9c904420ec1b7591f76e7ce9608a0c29db81822f092004b0511132dc1096ace9,2018-08,Dorset Police,Dorset Police,-2.199681,50.639284,On or near B3070,E01020489,Purbeck 004A,Other theft,Investigation complete; no suspect identified,
dc91c54623af26f9a91daddc1eb4b79e7458f3ae27b27e9a6d6b29696adda6d2,2018-08,Dorset Police,Dorset Police,-2.268519,50.624082,On or near Parking Area,E01020489,Purbeck 004A,Public order,Investigation complete; no suspect identified,
c6a917cab018b79d9c1aafe715ffc0670d03928c9672002f922ee2f1f7280fab,2018-08,Dorset Police,Dorset Police,-2.255446,50.619480,On or near Britwell Drive,E01020489,Purbeck 004A,Public order,Investigation complete; no suspect identified,
02dfc7068e55cc881f0cd722bf5514e21c5826d721d01967072e4de280614468,2018-08,Dorset Police,Dorset Police,-2.199681,50.639284,On or near B3070,E01020489,Purbeck 004A,Theft from the person,Investigation complete; no suspect identified,
f74d480c5d31df344c14164524b3287c1c7d7d27757f88c4800207d292d3a816,2018-08,Dorset Police,Dorset Police,-2.199681,50.639284,On or near B3070,E01020489,Purbeck 004A,Theft from the person,Investigation complete; no suspect identified,
3ee329c95713ab061e25001dce3e2f8d3119c86666b53a777ed6857f0f38a891,2018-08,Dorset Police,Dorset Police,-2.199681,50.639284,On or near B3070,E01020489,Purbeck 004A,Vehicle crime,Investigation complete; no suspect identified,
0788b292467b3a38d109c74301265a1b24247b07d4af2647b354e7ea801fd286,2018-08,Dorset Police,Dorset Police,-2.199681,50.639284,On or near B3070,E01020489,Purbeck 004A,Violence and sexual offences,Unable to prosecute suspect,
ab89a8bfa535dbe5016b3c6ee7a4094815ceaa087c7e4e7a2661efdba66cae05,2018-08,Dorset Police,Dorset Police,-2.243194,50.625595,On or near School Lane,E01020489,Purbeck 004A,Violence and sexual offences,Offender given a caution,
9603428a28531a45fa9b0a421d7a78823072c0b46420eb1af8493b6f160d73ff,2018-08,Dorset Police,Dorset Police,-2.199681,50.639284,On or near B3070,E01020489,Purbeck 004A,Violence and sexual offences,Investigation complete; no suspect identified,
6429d6d1fa136764d71697c76068be54c36b2617a6a149efce71cc11d037912f,2018-08,Dorset Police,Dorset Police,-2.199681,50.639284,On or near B3070,E01020489,Purbeck 004A,Violence and sexual offences,Unable to prosecute suspect,
1fe4f3fffece906c3b564e4f9e95f6f1f5202c1dc22e02866bb439864d81b73c,2018-08,Dorset Police,Dorset Police,-2.167835,50.687022,On or near Binnegar Lane,E01020489,Purbeck 004A,Violence and sexual offences,Status update unavailable,
7166795853dc47116336d2d3c1e12dcd3813a0cfae2231faebf04a1685fba7e8,2018-08,Dorset Police,Dorset Police,-2.199681,50.639284,On or near B3070,E01020489,Purbeck 004A,Violence and sexual offences,Unable to prosecute suspect,
20c3111aab69965d5d5ed31d884c193d4f1116a50bdb323c8863d57b6e77f600,2018-08,Dorset Police,Dorset Police,-2.199681,50.639284,On or near B3070,E01020489,Purbeck 004A,Violence and sexual offences,Unable to prosecute suspect,
6202076a0b7bb818ca6b9398fc494ab3d168a5baeb0329f29bbf0f6776657416,2018-08,Dorset Police,Dorset Police,-2.175806,50.683567,On or near Middlefield,E01020489,Purbeck 004A,Violence and sexual offences,Status update unavailable,
,2018-08,Dorset Police,Dorset Police,-2.274823,50.662557,On or near The Orchard,E01020490,Purbeck 004B,Anti-social behaviour,,
,2018-08,Dorset Police,Dorset Police,-2.262236,50.752234,On or near A35,E01020490,Purbeck 004B,Anti-social behaviour,,
,2018-08,Dorset Police,Dorset Police,-2.261518,50.735374,On or near The Hollow,E01020490,Purbeck 004B,Anti-social behaviour,,
115f3c3e75f2ed776e16917aede4f858e0a8f8a9a6d0a161537c0c73efcb853b,2018-08,Dorset Police,Dorset Police,-2.267342,50.737915,On or near Bladen Valley,E01020490,Purbeck 004B,Burglary,Investigation complete; no suspect identified,
f83cbe423980f30371dd796d86590af1a9930bd7778e90bd8e4f08211ed600cf,2018-08,Dorset Police,Dorset Police,-2.270649,50.662584,On or near School Lane,E01020490,Purbeck 004B,Criminal damage and arson,Investigation complete; no suspect identified,
,2018-08,Dorset Police,Dorset Police,-2.220807,50.681179,On or near Station Road,E01020491,Purbeck 004C,Anti-social behaviour,,
2febbbbd85fa251276f7d78bd5ca02a564a8f577a51d425a8774777d44cfa824,2018-08,Dorset Police,Dorset Police,-2.221830,50.682022,On or near Petrol Station,E01020491,Purbeck 004C,Burglary,Investigation complete; no suspect identified,
dec59d6cf550ac8e5ad895b40074baa9684e85b2bd16b6ffa3c1f12189dc333f,2018-08,Dorset Police,Dorset Police,-2.240037,50.680295,On or near The Alisons,E01020491,Purbeck 004C,Other theft,Investigation complete; no suspect identified,
f3b33a8493f84fca76ebfcfc97c821645b203358c3b8334da71239815ffcecca,2018-08,Dorset Police,Dorset Police,-2.240037,50.680295,On or near The Alisons,E01020491,Purbeck 004C,Other theft,Investigation complete; no suspect identified,
2a7c51e7dc7abed13097cb0a8e32c0a43578d182ab577b6ea3ed3b83036405be,2018-08,Dorset Police,Dorset Police,-2.229965,50.675532,On or near Baker Close,E01020491,Purbeck 004C,Other theft,Investigation complete; no suspect identified,
6f5c93a354659775470dac004b46aa737d71d13c52ba5e607596c25ab947acf5,2018-08,Dorset Police,Dorset Police,-2.240037,50.680295,On or near The Alisons,E01020491,Purbeck 004C,Vehicle crime,Investigation complete; no suspect identified,
214bce83fbe4e70a2d7ae77e4cc1543bcfd358c077836dd6763b8b49655a5d62,2018-08,Dorset Police,Dorset Police,-2.240037,50.680295,On or near The Alisons,E01020491,Purbeck 004C,Vehicle crime,Unable to prosecute suspect,
12596f386afaaaa825bf2bad59d6604cc24a30791371ee9d95af2d03b1f6b4a0,2018-08,Dorset Police,Dorset Police,-2.229267,50.674688,On or near Burton Wood,E01020491,Purbeck 004C,Violence and sexual offences,Unable to prosecute suspect,
867f839e8ea74032b0de54ea3ca33b869bd041ab1de4c2a138175c7d8756dc29,2018-08,Dorset Police,Dorset Police,-2.220082,50.677520,On or near Duck Street,E01020491,Purbeck 004C,Violence and sexual offences,Court result unavailable,
ac04d25d34b530c45878a852ef9eab49dad976f191b35993fbf54b384ff23e8d,2018-08,Dorset Police,Dorset Police,-2.233669,50.677592,On or near Back Lane,E01020491,Purbeck 004C,Violence and sexual offences,Offender sent to prison,
8b98e44d2b413b0877b2c65b47afbff09b60dfa72fe4db3f09df0ede317b873f,2018-08,Dorset Police,Dorset Police,-2.235693,50.677615,On or near The Poppies,E01020491,Purbeck 004C,Violence and sexual offences,Investigation complete; no suspect identified,
596ebaa52862357f012bb742d6d10cfeb52157c6e81e6262fb362793e10e8cec,2018-08,Dorset Police,Dorset Police,-2.239250,50.681349,On or near Sandhills Crescent,E01020491,Purbeck 004C,Violence and sexual offences,Unable to prosecute suspect,
34a3397b79faaa853159d98d9325cfb09554136b803cde1519b7dea6f0789843,2018-08,Dorset Police,Dorset Police,-2.220082,50.677520,On or near Duck Street,E01020491,Purbeck 004C,Violence and sexual offences,Status update unavailable,
2a42dae18f593b675b75cce5e288affa919692584708bf4d8de0e3c15d73423a,2018-08,Dorset Police,Dorset Police,-2.229267,50.674688,On or near Burton Wood,E01020491,Purbeck 004C,Violence and sexual offences,Status update unavailable,
,2018-08,Dorset Police,Dorset Police,-2.226689,50.677121,On or near Vicarage Close,E01020492,Purbeck 004D,Anti-social behaviour,,
,2018-08,Dorset Police,Dorset Police,-2.226472,50.679064,On or near Cottage Close,E01020492,Purbeck 004D,Anti-social behaviour,,
5a6e3b758317663d6e59ae286aeafd039b0c865c33e8baa8f4975c413ec9286e,2018-08,Dorset Police,Dorset Police,-2.228166,50.675193,On or near New Road,E01020492,Purbeck 004D,Other theft,Unable to prosecute suspect,
3d068d476e8b65e8d3c5982165655683507fc4863262ef250d267cf78284b2da,2018-08,Dorset Police,Dorset Police,-2.219114,50.679392,On or near Bindon Way,E01020492,Purbeck 004D,Violence and sexual offences,Offender given a caution,
,2018-08,Dorset Police,Dorset Police,-2.252124,50.698615,On or near Cranesmoor Close,E01020493,Purbeck 004E,Anti-social behaviour,,
,2018-08,Dorset Police,Dorset Police,-2.244553,50.702129,On or near Arras Road,E01020493,Purbeck 004E,Anti-social behaviour,,
,2018-08,Dorset Police,Dorset Police,-2.242726,50.702061,On or near Gouzeaucourt Road,E01020493,Purbeck 004E,Anti-social behaviour,,
,2018-08,Dorset Police,Dorset Police,-2.244553,50.702129,On or near Arras Road,E01020493,Purbeck 004E,Anti-social behaviour,,
a929b47dba68366480a022369bc71311e3c4f962b7a92d19803fb14f40439a52,2018-08,Dorset Police,Dorset Police,-2.248364,50.702535,On or near Robertson Road,E01020493,Purbeck 004E,Bicycle theft,Investigation complete; no suspect identified,
ff7d163cb0c9f496cb34be4e4d7beca17eefc45162ac2ba93320ae14ed28087a,2018-08,Dorset Police,Dorset Police,-2.243164,50.701916,On or near St Julien Road,E01020493,Purbeck 004E,Burglary,Investigation complete; no suspect identified,
879efce51b8219ebfe2b61b2907975dfbed2ad655e98d405782c25a88498e61d,2018-08,Dorset Police,Dorset Police,-2.229207,50.697098,On or near Morris Road,E01020493,Purbeck 004E,Criminal damage and arson,Investigation complete; no suspect identified,
ebbb4ccac560ff93f057af136d10e352d13b8e41e02e7b65c47441c24f21627b,2018-08,Dorset Police,Dorset Police,-2.225220,50.695424,On or near Cologne Road,E01020493,Purbeck 004E,Drugs,Status update unavailable,
079dc53dd4f30d50df22b17b9345c3cefbc17f5a94767ee75f50ffd21412460c,2018-08,Dorset Police,Dorset Police,-2.227158,50.697992,On or near Duncan Crescent,E01020493,Purbeck 004E,Drugs,Awaiting court outcome,
f481872dd51da770733b9d8836e0ca99107a4d796d8c84de01ecee2e3ac9ec2f,2018-08,Dorset Police,Dorset Police,-2.229207,50.697098,On or near Morris Road,E01020493,Purbeck 004E,Public order,Unable to prosecute suspect,
355e0d7eedb92da40ad305688027116ae203452d7980242ad7cd2ab30899b433,2018-08,Dorset Police,Dorset Police,-2.245279,50.700104,On or near Sir Richard Hull Road,E01020493,Purbeck 004E,Violence and sexual offences,Offender given a caution,
244b943ce28550d420dec8590c00a14b66e2e31580d6977d7236e93cb86d5082,2018-08,Dorset Police,Dorset Police,-2.241850,50.699707,On or near Windsor Close,E01020493,Purbeck 004E,Violence and sexual offences,Unable to prosecute suspect,
deb7bb5c82901d05925d5f8c0f383917e61c746ba88f102a3d09998f82b627cd,2018-08,Dorset Police,Dorset Police,-2.241850,50.699707,On or near Windsor Close,E01020493,Purbeck 004E,Violence and sexual offences,Unable to prosecute suspect,
03dfc0a6aff59c4388e0856d8ed2460d66bcf4ab1ee8a878009b39de6fe61081,2018-08,Dorset Police,Dorset Police,-2.241850,50.699707,On or near Windsor Close,E01020493,Purbeck 004E,Violence and sexual offences,Unable to prosecute suspect,
81a6c9d041994074a2a32efe443d3c24b582adb48ac46b82ac412a3156a36de2,2018-08,Dorset Police,Dorset Police,-2.229768,50.698922,On or near Cunningham Close,E01020493,Purbeck 004E,Violence and sexual offences,Defendant found not guilty,
,2018-08,Dorset Police,Dorset Police,-2.078763,50.650831,On or near Gallows Hill,E01020466,Purbeck 005A,Anti-social behaviour,,
,2018-08,Dorset Police,Dorset Police,-1.948315,50.641143,On or near Watery Lane,E01020466,Purbeck 005A,Anti-social behaviour,,
,2018-08,Dorset Police,Dorset Police,-2.051329,50.631944,On or near Colletts Close,E01020466,Purbeck 005A,Anti-social behaviour,,
7e1020bd09c44c06ad668c8718451fc401803156e0c286375a2c38f7b5ef748b,2018-08,Dorset Police,Dorset Police,-1.957578,50.641309,On or near Heath Green Road,E01020466,Purbeck 005A,Criminal damage and arson,Investigation complete; no suspect identified,
48adb703140560d4d79e5f027a6675f53197a09f2f06e9bf14f28a0324df1f62,2018-08,Dorset Police,Dorset Police,-2.054303,50.635450,On or near East Street,E01020466,Purbeck 005A,Criminal damage and arson,Status update unavailable,
fd4bab0aeed6f4ec81600e408c3bd5f046e8e30c6d150cbed9bc0679d4aa393d,2018-08,Dorset Police,Dorset Police,-2.057217,50.636491,On or near Springwell Close,E01020466,Purbeck 005A,Criminal damage and arson,Investigation complete; no suspect identified,
b82c947a0778db48b11c90242dc871be00504a57a084ffdc61a1d746c4ee906c,2018-08,Dorset Police,Dorset Police,-1.955286,50.641929,On or near Heatherside,E01020466,Purbeck 005A,Other theft,Status update unavailable,
21b2900c7dd68ee04ecb56aeecb4836ac05849a6c8b9a02e25ee4f70c93c03a2,2018-08,Dorset Police,Dorset Police,-1.954796,50.652153,On or near Parking Area,E01020466,Purbeck 005A,Other theft,Offender given community sentence,
a04467ae3d77fdd79dfcbe7985ee39bd6ed595a1f43da64dbdfea881835fe5cf,2018-08,Dorset Police,Dorset Police,-1.951593,50.644355,On or near Beach Road,E01020466,Purbeck 005A,Other theft,Investigation complete; no suspect identified,
141ea34e720cc5f3228cb0706b741f4f5b68fc187aad48eaf679e803076f311a,2018-08,Dorset Police,Dorset Police,-2.057217,50.636491,On or near Springwell Close,E01020466,Purbeck 005A,Robbery,Unable to prosecute suspect,
f635a8eec21b0fc432fa1dc1ef6c674f481f037983675e4696af8fbb7ebf7b3a,2018-08,Dorset Police,Dorset Police,-2.081012,50.601846,On or near Sports/Recreation Area,E01020466,Purbeck 005A,Vehicle crime,Investigation complete; no suspect identified,
ed565beb9088b943fb6391c23a4786b6b745028a3aea0e77488260f435027fbf,2018-08,Dorset Police,Dorset Police,-2.067325,50.615074,On or near Parking Area,E01020466,Purbeck 005A,Vehicle crime,Investigation complete; no suspect identified,
7a8f992fd89f72700bdf6784bbde39efe6643e63f5fe35944d0a1230ec94cd3b,2018-08,Dorset Police,Dorset Police,-2.051329,50.631944,On or near Colletts Close,E01020466,Purbeck 005A,Vehicle crime,Investigation complete; no suspect identified,
dd0d08cde2325d5885a3f85fad63048a1fb332faa7c1b4a2b83998e115cb0a1a,2018-08,Dorset Police,Dorset Police,-2.051401,50.632708,On or near Jubilee Gardens,E01020466,Purbeck 005A,Vehicle crime,Investigation complete; no suspect identified,
d49a715de9be7513fedcfcd5ca346a1599b23aba4bcca090473808d25ea80324,2018-08,Dorset Police,Dorset Police,-2.045159,50.626038,On or near Valley Road,E01020466,Purbeck 005A,Violence and sexual offences,Unable to prosecute suspect,
79d6cc0ffddd93bc2ac555d5a0fde73a81903a7461232173d0c92b33106002f5,2018-08,Dorset Police,Dorset Police,-2.045159,50.626038,On or near Valley Road,E01020466,Purbeck 005A,Violence and sexual offences,Unable to prosecute suspect,
,2018-08,Dorset Police,Dorset Police,-2.094348,50.677915,On or near Barnhill Road,E01020467,Purbeck 005B,Anti-social behaviour,,
,2018-08,Dorset Police,Dorset Police,-2.106914,50.670737,On or near Scott Close,E01020467,Purbeck 005B,Anti-social behaviour,,
,2018-08,Dorset Police,Dorset Police,-2.101779,50.671793,On or near Tuckers Mill Close,E01020467,Purbeck 005B,Anti-social behaviour,,
,2018-08,Dorset Police,Dorset Police,-2.117178,50.655583,On or near Grange Road,E01020467,Purbeck 005B,Anti-social behaviour,,
b21f32c2ff503dcbb0827ab9cbb9af1dc65bc31733374615625853528b42a831,2018-08,Dorset Police,Dorset Police,-2.041285,50.689708,On or near Parking Area,E01020467,Purbeck 005B,Criminal damage and arson,Unable to prosecute suspect,
1f329e6648f8dd2e1eec1bf04b65299e96e3a3f043f35cd646fe744a9d163d25,2018-08,Dorset Police,Dorset Police,-2.041285,50.689708,On or near Parking Area,E01020467,Purbeck 005B,Criminal damage and arson,Investigation complete; no suspect identified,
484aaead00cd169ae9fabfca77b650f2cc43cd371a9279e5a439d934eca19d64,2018-08,Dorset Police,Dorset Police,-2.114770,50.665729,On or near Grange Road,E01020467,Purbeck 005B,Other theft,Investigation complete; no suspect identified,
2f299922d7b3755a62d018f08ef9095dcd1e4e28f26438441e88049be2f39ee3,2018-08,Dorset Police,Dorset Police,-2.109605,50.683738,On or near South Street,E01020467,Purbeck 005B,Other theft,Investigation complete; no suspect identified,
fb6e15a8676eabf70591305d5cd1e14b8e8716487848a08c404790527b59f6fd,2018-08,Dorset Police,Dorset Police,-2.106914,50.670737,On or near Scott Close,E01020467,Purbeck 005B,Violence and sexual offences,Local resolution,
049fcf80d55bb351fd1c9dcc834391b164df2569641beb9d7957c8d171b6d445,2018-08,Dorset Police,Dorset Police,-2.106914,50.670737,On or near Scott Close,E01020467,Purbeck 005B,Violence and sexual offences,Offender given a caution,
8bf1616aea78d7d5d492ff4e6dbc0e5797fe2d9dc93ce011a9c6a11f53ee8982,2018-08,Dorset Police,Dorset Police,-2.116495,50.619936,On or near Parking Area,E01020467,Purbeck 005B,Violence and sexual offences,Local resolution,
03eb17f7b8be3ac0e86b15f5d95ea4710cb6b56ae791dfafc511385c9f10e8fd,2018-08,Dorset Police,Dorset Police,-2.092859,50.676558,On or near Old Kiln Road,E01020467,Purbeck 005B,Violence and sexual offences,Unable to prosecute suspect,
,2018-08,Dorset Police,Dorset Police,-2.003509,50.608187,On or near Gypshayes,E01020468,Purbeck 005C,Anti-social behaviour,,
,2018-08,Dorset Police,Dorset Police,-2.001431,50.608574,On or near The Hyde,E01020468,Purbeck 005C,Anti-social behaviour,,
,2018-08,Dorset Police,Dorset Police,-1.998266,50.610624,On or near Steppes,E01020468,Purbeck 005C,Anti-social behaviour,,
,2018-08,Dorset Police,Dorset Police,-2.051898,50.596458,On or near Parking Area,E01020468,Purbeck 005C,Anti-social behaviour,,
,2018-08,Dorset Police,Dorset Police,-2.010264,50.608393,On or near Capston Field,E01020468,Purbeck 005C,Anti-social behaviour,,
dffe601b25fc43e7d57a7ed6ca127bd02d456550312df6cb6cda3d3e5d702dd0,2018-08,Dorset Police,Dorset Police,-2.010264,50.608393,On or near Capston Field,E01020468,Purbeck 005C,Criminal damage and arson,Further investigation is not in the public interest,
0acd5d6bc61e378a32f9aea8d70e4a080630808c716bb73a2833621722b9fad2,2018-08,Dorset Police,Dorset Police,-2.001431,50.608574,On or near The Hyde,E01020468,Purbeck 005C,Criminal damage and arson,Investigation complete; no suspect identified,
85e903b9b11ae20bdfbd4ccf9878a8e07b842f2fe689b9c8199801a614e87e5f,2018-08,Dorset Police,Dorset Police,-2.008471,50.621208,On or near Petrol Station,E01020468,Purbeck 005C,Other theft,Investigation complete; no suspect identified,
5e76a35fa67070c4869a41ceeace297baec4e555fc708960cf695a069ad9fa80,2018-08,Dorset Police,Dorset Police,-2.018409,50.621270,On or near South Instow,E01020468,Purbeck 005C,Other theft,Status update unavailable,
826ba444b143f1b1c7ddd61564e2945ca9a7af04edd033d31f18a64de5b40db9,2018-08,Dorset Police,Dorset Police,-2.051898,50.596458,On or near Parking Area,E01020468,Purbeck 005C,Public order,Status update unavailable,
6fa2f94bc9439755871f17d0688c03130ffb04ab211527f8438cf8a4c5aa1fb8,2018-08,Dorset Police,Dorset Police,-1.998266,50.610624,On or near Steppes,E01020468,Purbeck 005C,Violence and sexual offences,Action to be taken by another organisation,
949dc19527c45ffe3a31889e044805fd469153b2e2106165f7f0010e905bafac,2018-08,Dorset Police,Dorset Police,-1.998266,50.610624,On or near Steppes,E01020468,Purbeck 005C,Violence and sexual offences,Action to be taken by another organisation,
731e69067602f0a89556d26ba4d92aa5ade184abad0ddddb4388221e6e6cf56a,2018-08,Dorset Police,Dorset Police,-1.998266,50.610624,On or near Steppes,E01020468,Purbeck 005C,Violence and sexual offences,Action to be taken by another organisation,
71d5906acd6cd62f608e2c757a0e9ddd5a2b667323137210b3841cc0ec5e1112,2018-08,Dorset Police,Dorset Police,-1.998266,50.610624,On or near Steppes,E01020468,Purbeck 005C,Violence and sexual offences,Action to be taken by another organisation,
d4f207996d7c169bc4b09eebb2dd84ac16938fafeb63b45da19ad7dc17c250d1,2018-08,Dorset Police,Dorset Police,-2.016665,50.607853,On or near B3069,E01020468,Purbeck 005C,Other crime,Further investigation is not in the public interest,
fcbd2bfd71856e3814310b467cd90978eb9d499741c124e8687942eb455068e5,2018-08,Dorset Police,Dorset Police,-2.023583,50.621350,On or near Flower Meadow Lane,E01020468,Purbeck 005C,Other crime,Status update unavailable,
,2018-08,Dorset Police,Dorset Police,-1.967313,50.612859,On or near Victoria Avenue,E01020478,Purbeck 006A,Anti-social behaviour,,
7511f86e4534e8d58e5c9975145357ca8577ee366833d394d937bf743cb29aa5,2018-08,Dorset Police,Dorset Police,-1.968895,50.613750,On or near Prospect Crescent,E01020478,Purbeck 006A,Burglary,Status update unavailable,
f6a44333b495a0ebe76dd318364a449517715882a98fb5f84d3586c1257e9ac7,2018-08,Dorset Police,Dorset Police,-1.968895,50.613750,On or near Prospect Crescent,E01020478,Purbeck 006A,Burglary,Investigation complete; no suspect identified,
4bb7ecb6882554a208b61aa4fef2404bbab0eadfbd517312e7a12f17840bac11,2018-08,Dorset Police,Dorset Police,-1.976981,50.610685,On or near Victoria Avenue,E01020478,Purbeck 006A,Drugs,Offender given a drugs possession warning,
4b05967847199446d55e7fd1144018d6b9d8e652e1af34f28b980ac638f86827,2018-08,Dorset Police,Dorset Police,-1.974706,50.611107,On or near Findlay Place,E01020478,Purbeck 006A,Other theft,Further investigation is not in the public interest,
b772f8cc414d146729d520836f0fc49beabfb6f6823e27be268fd2e10639a9bd,2018-08,Dorset Police,Dorset Police,-1.975780,50.611701,On or near Ancaster Road,E01020478,Purbeck 006A,Possession of weapons,Status update unavailable,
c3d345f0740e32f848d078bd8aeebb128d5198a36b2d21e3cee95dbfc0612e3d,2018-08,Dorset Police,Dorset Police,-1.974706,50.611107,On or near Findlay Place,E01020478,Purbeck 006A,Violence and sexual offences,Defendant found not guilty,
c1c0049a43174d62e8d4f2f1319ee8a92ae63d81a16ac07a59643d45df601618,2018-08,Dorset Police,Dorset Police,-1.967313,50.612859,On or near Victoria Avenue,E01020478,Purbeck 006A,Violence and sexual offences,Action to be taken by another organisation,
,2018-08,Dorset Police,Dorset Police,-1.958186,50.609726,On or near Mermond Place,E01020479,Purbeck 006B,Anti-social behaviour,,
,2018-08,Dorset Police,Dorset Police,-1.956744,50.609384,On or near Theatre/Concert Hall,E01020479,Purbeck 006B,Anti-social behaviour,,
,2018-08,Dorset Police,Dorset Police,-1.956744,50.609384,On or near Theatre/Concert Hall,E01020479,Purbeck 006B,Anti-social behaviour,,
d59f02873fc1b0552dc546d08eb54f5b0e870fecff6454996fb4e1a84a818171,2018-08,Dorset Police,Dorset Police,-1.963751,50.613325,On or near Rabling Lane,E01020479,Purbeck 006B,Burglary,Court result unavailable,
933697458e4318c8a62a98eb679ca8b2b3cdb76694120121247f76178c0c3b71,2018-08,Dorset Police,Dorset Police,-1.956744,50.609384,On or near Theatre/Concert Hall,E01020479,Purbeck 006B,Criminal damage and arson,Investigation complete; no suspect identified,
9fc13d93c8d899e841eed5a7e18c4e70cb2885cd6ec2911a6dfb2c7ed45de758,2018-08,Dorset Police,Dorset Police,-1.958186,50.609726,On or near Mermond Place,E01020479,Purbeck 006B,Other theft,Status update unavailable,
0fbfcc65f10bd70accb87a4e72d92a9e0a183edf60fdbfbd6c3e7cac83e1450c,2018-08,Dorset Police,Dorset Police,-1.960245,50.615060,On or near Beach Gardens,E01020479,Purbeck 006B,Other theft,Investigation complete; no suspect identified,
69e047ad732b77f081823366f36d2a2324b892aca02bc8ec91c3145535bf7313,2018-08,Dorset Police,Dorset Police,-1.958186,50.609726,On or near Mermond Place,E01020479,Purbeck 006B,Public order,Court result unavailable,
fc3a608093427666b380eb8df0ec7f130ec2a2265c83942314ecced959cb60b8,2018-08,Dorset Police,Dorset Police,-1.958186,50.609726,On or near Mermond Place,E01020479,Purbeck 006B,Public order,Offender given conditional discharge,
47d4fc40bee35c1eeef9d51892423e2eb6ca20d1d1d0be59d69ce41f124cca4b,2018-08,Dorset Police,Dorset Police,-1.960771,50.610995,On or near Cranborne Road,E01020479,Purbeck 006B,Vehicle crime,Unable to prosecute suspect,
146dab2087af4036c57aae2033c071fc98bf6139009fef321cd7c7713ab20db0,2018-08,Dorset Police,Dorset Police,-1.961873,50.610960,On or near Ilminster Road,E01020479,Purbeck 006B,Violence and sexual offences,Unable to prosecute suspect,
18160d17c10d97ec00e432ac7cd510bdd31af91d49a2810147522143301a812b,2018-08,Dorset Police,Dorset Police,-1.960771,50.610995,On or near Cranborne Road,E01020479,Purbeck 006B,Violence and sexual offences,Unable to prosecute suspect,
85d011bf318cd6bce98cd7f98eb0281b165caa2150a043a5fbfe33dd087fc24f,2018-08,Dorset Police,Dorset Police,-1.961873,50.610960,On or near Ilminster Road,E01020479,Purbeck 006B,Violence and sexual offences,Unable to prosecute suspect,
b83cc5bad2a55b518b06e1b4e7c633b363dfd1c2e55d6e03f5bf708b9db2f858,2018-08,Dorset Police,Dorset Police,-1.958186,50.609726,On or near Mermond Place,E01020479,Purbeck 006B,Violence and sexual offences,Court result unavailable,
f7889e835462dbdb66bd4bd5710abe10857b5a0f2bf3102d3fe57b59b21dc888,2018-08,Dorset Police,Dorset Police,-1.958186,50.609726,On or near Mermond Place,E01020479,Purbeck 006B,Violence and sexual offences,Court result unavailable,
,2018-08,Dorset Police,Dorset Police,-1.982635,50.610344,On or near Sports/Recreation Area,E01020480,Purbeck 006C,Anti-social behaviour,,
,2018-08,Dorset Police,Dorset Police,-1.982635,50.610344,On or near Sports/Recreation Area,E01020480,Purbeck 006C,Anti-social behaviour,,
,2018-08,Dorset Police,Dorset Police,-1.982635,50.610344,On or near Sports/Recreation Area,E01020480,Purbeck 006C,Anti-social behaviour,,
,2018-08,Dorset Police,Dorset Police,-1.957569,50.619519,On or near Cliff Avenue,E01020480,Purbeck 006C,Anti-social behaviour,,
,2018-08,Dorset Police,Dorset Police,-1.957684,50.617964,On or near Highcliffe Road,E01020480,Purbeck 006C,Anti-social behaviour,,
2872b1c5f2f2eeedc51d5d734c789afa9f1f5cc7996dc15ca346101968270a5a,2018-08,Dorset Police,Dorset Police,-1.970611,50.627905,On or near Parking Area,E01020480,Purbeck 006C,Criminal damage and arson,Status update unavailable,
6e2ac1ea113b7a1685be04f78965116ff7c001f0afb76f208734ddef0b61fe6d,2018-08,Dorset Police,Dorset Police,-1.982635,50.610344,On or near Sports/Recreation Area,E01020480,Purbeck 006C,Drugs,Court result unavailable,
8c8ea5794ed0e2f97109cf96bcfbd991f1f6a9d069eebe4f81cbbd8158f835a8,2018-08,Dorset Police,Dorset Police,-1.982635,50.610344,On or near Sports/Recreation Area,E01020480,Purbeck 006C,Drugs,Status update unavailable,
a9774fb42aa95957ac6daaff7de3d67d4edda33907f74f40a61bd4489c1229c0,2018-08,Dorset Police,Dorset Police,-1.958998,50.618450,On or near Seaward Road,E01020480,Purbeck 006C,Possession of weapons,Offender given community sentence,
e657f6eb0128c191cf2795aa881493770d6ff7867875a8722f216013b1d2acd9,2018-08,Dorset Police,Dorset Police,-1.958998,50.618450,On or near Seaward Road,E01020480,Purbeck 006C,Public order,Court result unavailable,
b53e859db19c3c801a821286b82be6c11a26ed40379b9d66a93b00fbb0f2683a,2018-08,Dorset Police,Dorset Police,-1.958998,50.618450,On or near Seaward Road,E01020480,Purbeck 006C,Violence and sexual offences,Court result unavailable,
cb88ade4b067d33061a468a3ea7a0c915f243f511dad11ee33a4b1399c53a002,2018-08,Dorset Police,Dorset Police,-1.957031,50.620311,On or near Victoria Road,E01020480,Purbeck 006C,Violence and sexual offences,Unable to prosecute suspect,
b54494ebfd61ee3fce4a1922f3859bc93174823fe47b9de32fc9e44b71ed54cd,2018-08,Dorset Police,Dorset Police,-1.958603,50.617254,On or near Clifton Road,E01020480,Purbeck 006C,Violence and sexual offences,Local resolution,
f85be88983cf16d01ac1f9c46cacb8716c7a3d352f8b21b0b77ecadbbbfbe8cd,2018-08,Dorset Police,Dorset Police,-1.958998,50.618450,On or near Seaward Road,E01020480,Purbeck 006C,Violence and sexual offences,Court result unavailable,
2b2286aae1b93e9cf4e495f5aa3b142c2dd87513913d8d72d4fbba6a2b3dfeaf,2018-08,Dorset Police,Dorset Police,-1.959887,50.619601,On or near Sports/Recreation Area,E01020480,Purbeck 006C,Violence and sexual offences,Unable to prosecute suspect,
,2018-08,Dorset Police,Dorset Police,-1.956626,50.599888,On or near Boundary Close,E01020481,Purbeck 006D,Anti-social behaviour,,
,2018-08,Dorset Police,Dorset Police,-1.957142,50.607541,On or near Stafford Road,E01020481,Purbeck 006D,Anti-social behaviour,,
dca06e38ca86f5b24fe5fab17bc8100a5e550dc63f7f8fa38d54316a2791b509,2018-08,Dorset Police,Dorset Police,-1.963800,50.604593,On or near Townsend Road,E01020481,Purbeck 006D,Criminal damage and arson,Investigation complete; no suspect identified,
a7b01a4764a2edf6b68c5bf76a4368c5d079bd0deb5460afff585236c12c4238,2018-08,Dorset Police,Dorset Police,-1.955448,50.605229,On or near Grosvenor Road,E01020481,Purbeck 006D,Criminal damage and arson,Unable to prosecute suspect,
268a802cfe428b1ca0377c5a626755aea6153b92f403c4d1212b06c5933fc63c,2018-08,Dorset Police,Dorset Police,-1.957890,50.608000,On or near Mount Pleasant Lane,E01020481,Purbeck 006D,Other theft,Investigation complete; no suspect identified,
847a72b1588cb5fd4212583e7792e56c95ea09ab5d2611d5725877d27c719a85,2018-08,Dorset Police,Dorset Police,-1.955686,50.607450,On or near Marshall Row,E01020481,Purbeck 006D,Other theft,Investigation complete; no suspect identified,
8aaabe355ad4807709b23966c88c2aed48be9ba5124ac70f02ba81a771f75599,2018-08,Dorset Police,Dorset Police,-1.948141,50.606908,On or near Peveril Point Road,E01020481,Purbeck 006D,Other theft,Offender given a caution,
481b184ac7dd8b724dfeaae3dfb3fdeba6b1301d96e684b54da9c6447cc2e088,2018-08,Dorset Police,Dorset Police,-1.957142,50.607541,On or near Stafford Road,E01020481,Purbeck 006D,Public order,Unable to prosecute suspect,
e47809f32661339eb2352a03f622a449edb542a7ebc1f333618c96b71376b165,2018-08,Dorset Police,Dorset Police,-1.955448,50.605229,On or near Grosvenor Road,E01020481,Purbeck 006D,Violence and sexual offences,Unable to prosecute suspect,
3d569bc8d1ca11684183f7d8f51144870dcfe5677e07f43fce8125362419376a,2018-08,Dorset Police,Dorset Police,-1.955686,50.607450,On or near Marshall Row,E01020481,Purbeck 006D,Violence and sexual offences,Unable to prosecute suspect,
6f48a0f1e2cdb9b67d935a2619727a6369196a7b6ed228644bf0a366391d38e6,2018-08,Dorset Police,Dorset Police,-1.957142,50.607541,On or near Stafford Road,E01020481,Purbeck 006D,Violence and sexual offences,Court result unavailable,
,2018-08,Dorset Police,Dorset Police,-1.963247,50.607408,On or near Dunford Place,E01020482,Purbeck 006E,Anti-social behaviour,,
,2018-08,Dorset Police,Dorset Police,-1.958992,50.608585,On or near Town Hall Lane,E01020482,Purbeck 006E,Anti-social behaviour,,
,2018-08,Dorset Police,Dorset Police,-1.958087,50.609205,On or near Commercial Road,E01020482,Purbeck 006E,Anti-social behaviour,,
965ff398b49926a253f92f74a5e08b9e991052ad60d9c1403bb3b81d6a470b88,2018-08,Dorset Police,Dorset Police,-1.958440,50.609592,On or near Station Road,E01020482,Purbeck 006E,Criminal damage and arson,Unable to prosecute suspect,
6b292bda11aef2c7c843a5249b0601eca2f3535a45705da096ba414ff7f4f326,2018-08,Dorset Police,Dorset Police,-1.958087,50.609205,On or near Commercial Road,E01020482,Purbeck 006E,Criminal damage and arson,Court result unavailable,
e4a4a47e68e6cb8cb3714feac5edde023bc6cc126cf9d99386d741f57ddec9aa,2018-08,Dorset Police,Dorset Police,-1.956759,50.608656,On or near Institute Road,E01020482,Purbeck 006E,Criminal damage and arson,Investigation complete; no suspect identified,
04ebb32f1320194a2be30b8bc750e0dd1372347ffcccd46c97a335792ce7cc64,2018-08,Dorset Police,Dorset Police,-1.961408,50.609053,On or near Church Close,E01020482,Purbeck 006E,Other theft,Investigation complete; no suspect identified,
eb0407e7fa4e0663fb9aa20c76b7277723597a18b522c98c69ad54610ddf561b,2018-08,Dorset Police,Dorset Police,-1.956759,50.608656,On or near Institute Road,E01020482,Purbeck 006E,Other theft,Investigation complete; no suspect identified,
2411fce305c427806da0aa8a85dd87ae929b0bae91edd19560c23f49b970c7c8,2018-08,Dorset Police,Dorset Police,-1.958087,50.609205,On or near Commercial Road,E01020482,Purbeck 006E,Public order,Court result unavailable,
bbb7fedf70d258504683d9d59fc69b43f9c26469e4606d918f2e22dd486ee2e5,2018-08,Dorset Police,Dorset Police,-1.958087,50.609205,On or near Commercial Road,E01020482,Purbeck 006E,Shoplifting,Offender sent to prison,
89cbb5c1ab086b7d8361a51236547107ccb49327d05da2b7be0047ab74533360,2018-08,Dorset Police,Dorset Police,-1.965098,50.607840,On or near Manwell'S Lane,E01020482,Purbeck 006E,Violence and sexual offences,Status update unavailable,
e17c5ca3b11f0d6e9203ed75e8f5147945f0279903b1326213012b74d83e6a77,2018-08,Dorset Police,Dorset Police,-1.961947,50.607021,On or near Queens Mead,E01020482,Purbeck 006E,Violence and sexual offences,Unable to prosecute suspect,
,2018-08,Dorset Police,Dorset Police,-1.977491,50.609561,On or near Jubilee Road,E01020483,Purbeck 006F,Anti-social behaviour,,
,2018-08,Dorset Police,Dorset Police,-1.977506,50.608167,On or near Marsh Way,E01020483,Purbeck 006F,Anti-social behaviour,,
4fccd7111376d38a9a47d97b973a613f3c8a29e91bacc39c57a68d0cb861d3c6,2018-08,Dorset Police,Dorset Police,-1.982621,50.608429,On or near Day'S Road,E01020483,Purbeck 006F,Criminal damage and arson,Local resolution,
7e2f892156390a4472bcd2987868b8c86ae3f1b5957078dd3964c5b09c2b3969,2018-08,Dorset Police,Dorset Police,-1.981279,50.606981,On or near Casterbridge Close,E01020483,Purbeck 006F,Criminal damage and arson,Investigation complete; no suspect identified,
c7f07cebbae657078812afd10ac8d48cb1e1c7173e08b2aa5edf4b9e3bb244fa,2018-08,Dorset Police,Dorset Police,-1.982621,50.608429,On or near Day'S Road,E01020483,Purbeck 006F,Criminal damage and arson,Unable to prosecute suspect,
dce88d8cbb2e62bb676e28cc2b8996495a550f5eec519006d40f457bd28fe64e,2018-08,Dorset Police,Dorset Police,-1.984699,50.608411,On or near Holmes Road,E01020483,Purbeck 006F,Violence and sexual offences,Unable to prosecute suspect,
7475bdbaf3bafd3ac40cc520c7c4a5a1685ef6532a562f2f5a21226d46dad509,2018-08,Dorset Police,Dorset Police,-1.982621,50.608429,On or near Day'S Road,E01020483,Purbeck 006F,Violence and sexual offences,Unable to prosecute suspect,
e193fa72dfe35c5ff15348440892e11f379091b261afbc36d9cf638a7c851f27,2018-08,Dorset Police,Dorset Police,-1.979879,50.609552,On or near Leeson Close,E01020483,Purbeck 006F,Violence and sexual offences,Unable to prosecute suspect,
c818f0926bb62e440d0631c10df2eb654d0c154129a4901224cf1850d244e670,2018-08,Dorset Police,Dorset Police,-1.984699,50.608411,On or near Holmes Road,E01020483,Purbeck 006F,Violence and sexual offences,Unable to prosecute suspect,
,2018-08,Dorset Police,Dorset Police,-1.974848,50.609273,On or near Steer Road,E01020484,Purbeck 006G,Anti-social behaviour,,
,2018-08,Dorset Police,Dorset Police,-1.968829,50.607634,On or near Foxhill Close,E01020484,Purbeck 006G,Anti-social behaviour,,
,2018-08,Dorset Police,Dorset Police,-1.974228,50.606709,On or near Purbeck View,E01020484,Purbeck 006G,Anti-social behaviour,,
,2018-08,Dorset Police,Dorset Police,-1.975118,50.606818,On or near Priest'S Way,E01020484,Purbeck 006G,Anti-social behaviour,,
c96cd5e71b558b0c5b63f9f342956ca013f77b56bded1d47b6e3a66138430daf,2018-08,Dorset Police,Dorset Police,-1.976375,50.608787,On or near Bell Street,E01020484,Purbeck 006G,Violence and sexual offences,Unable to prosecute suspect,
9cf77b9d814838a1c53375e9de767cfdd56dfad2fa2827b33b75df0b4bd9a9ad,2018-08,Dorset Police,Dorset Police,-1.974848,50.609273,On or near Steer Road,E01020484,Purbeck 006G,Violence and sexual offences,Unable to prosecute suspect,
64305648160328b6821dd1d26e9073432f91c81186c05a004696698437f9913f,2018-08,Dorset Police,Dorset Police,-2.342763,51.074987,On or near Long Lane,E01029221,South Somerset 001C,Other theft,Investigation complete; no suspect identified,
,2018-08,Dorset Police,Dorset Police,-2.394682,50.978238,On or near Blackmoor Lane,E01029154,South Somerset 008A,Anti-social behaviour,,
,2018-08,Dorset Police,Dorset Police,-2.394474,50.973787,On or near Woodhayes,E01029154,South Somerset 008A,Anti-social behaviour,,
,2018-08,Dorset Police,Dorset Police,-2.508146,50.950291,On or near Knotts Paddock,E01020542,West Dorset 001A,Anti-social behaviour,,
892475e2af82c58f474e85e258820829f69c20f08cd71037c22428f2471bd0ad,2018-08,Dorset Police,Dorset Police,-2.508146,50.950291,On or near Knotts Paddock,E01020542,West Dorset 001A,Burglary,Status update unavailable,
7746d7b23277269f3e3ff2cb4201f85b3cb45a551d29c79d7f25f4972274f29d,2018-08,Dorset Police,Dorset Police,-2.508146,50.950291,On or near Knotts Paddock,E01020542,West Dorset 001A,Other theft,Investigation complete; no suspect identified,
e92337d1e841d1e9ae1ef3e4928570d0ea1ff62166179383cad7f64c00a5fae5,2018-08,Dorset Police,Dorset Police,-2.509989,50.956146,On or near Granville Way,E01020542,West Dorset 001A,Violence and sexual offences,Status update unavailable,
,2018-08,Dorset Police,Dorset Police,-2.517851,50.957667,On or near Stonedene,E01020543,West Dorset 001B,Anti-social behaviour,,
,2018-08,Dorset Police,Dorset Police,-2.513207,50.956177,On or near St Paul'S Close,E01020543,West Dorset 001B,Anti-social behaviour,,
1e90c1105ce1a0d9cf8a044c0fffc90a9569217aa6ad7f0f906538326b0d6a8d,2018-08,Dorset Police,Dorset Police,-2.512403,50.954256,On or near Harbour Road,E01020543,West Dorset 001B,Criminal damage and arson,Investigation complete; no suspect identified,
c43ae032a21abcaa8ba7a9a240b51082c29f7af4fcbc70ef56ee0d17a050cc49,2018-08,Dorset Police,Dorset Police,-2.513149,50.953498,On or near Harbour Way,E01020543,West Dorset 001B,Violence and sexual offences,Unable to prosecute suspect,
8cbebde8e6baeaad5f829f52db4f9b927c8d40dd85db4c601ed80520ab2af660,2018-08,Dorset Police,Dorset Police,-2.513207,50.956177,On or near St Paul'S Close,E01020543,West Dorset 001B,Violence and sexual offences,Court result unavailable,
,2018-08,Dorset Police,Dorset Police,-2.512247,50.945238,On or near Supermarket,E01020544,West Dorset 001C,Anti-social behaviour,,
,2018-08,Dorset Police,Dorset Police,-2.516694,50.952241,On or near Fairfield Heights,E01020544,West Dorset 001C,Anti-social behaviour,,
,2018-08,Dorset Police,Dorset Police,-2.515516,50.951212,On or near Sports/Recreation Area,E01020544,West Dorset 001C,Anti-social behaviour,,
,2018-08,Dorset Police,Dorset Police,-2.517999,50.954321,On or near The Furlongs,E01020544,West Dorset 001C,Anti-social behaviour,,
,2018-08,Dorset Police,Dorset Police,-2.515516,50.951212,On or near Sports/Recreation Area,E01020544,West Dorset 001C,Anti-social behaviour,,
e372c05510f5951ad4c5ad45ebd1f9f8e28c9305079bb688dc32de6a27d260a3,2018-08,Dorset Police,Dorset Police,-2.512247,50.945238,On or near Supermarket,E01020544,West Dorset 001C,Criminal damage and arson,Investigation complete; no suspect identified,
a192885cd1e130a2315659fa4a19d90b621e4bb31f5815bab798d60538f28278,2018-08,Dorset Police,Dorset Police,-2.515826,50.949637,On or near Supermarket,E01020544,West Dorset 001C,Shoplifting,Investigation complete; no suspect identified,
992f8d122767d8713b0220d8f86819be0a2a914f86c7ef47acbc5043b99600fc,2018-08,Dorset Police,Dorset Police,-2.515826,50.949637,On or near Supermarket,E01020544,West Dorset 001C,Shoplifting,Investigation complete; no suspect identified,
2ca4e0fd109a726598c8cb94e1121900b0d353d0b278602bb533d6e93639efce,2018-08,Dorset Police,Dorset Police,-2.515826,50.949637,On or near Supermarket,E01020544,West Dorset 001C,Shoplifting,Unable to prosecute suspect,
,2018-08,Dorset Police,Dorset Police,-2.522745,50.947214,On or near Richmond Green,E01020546,West Dorset 001E,Anti-social behaviour,,
,2018-08,Dorset Police,Dorset Police,-2.514464,50.944922,On or near Pageant Drive,E01020546,West Dorset 001E,Anti-social behaviour,,
33514d0e5e9430a570092d81fa7382f6ec13f72e9aec661ef6d4379ec38b46ce,2018-08,Dorset Police,Dorset Police,-2.522745,50.947214,On or near Richmond Green,E01020546,West Dorset 001E,Criminal damage and arson,Investigation complete; no suspect identified,
ca44665f7b5d8ad0bd926072b0556e6ca43048c2174935e9445be0eb4652a0db,2018-08,Dorset Police,Dorset Police,-2.516046,50.946372,On or near Half Moon Street,E01020546,West Dorset 001E,Other theft,Investigation complete; no suspect identified,
534f885f1016b1400b28624a517d1d979fb178911682a64389f3ecb81d00a67d,2018-08,Dorset Police,Dorset Police,-2.518127,50.946641,On or near Finger Lane,E01020546,West Dorset 001E,Other theft,Investigation complete; no suspect identified,
d52e2e52c6ff88e8baadbe5c4539caa7dc37f096d1f2c7cdbe3cb23707447e33,2018-08,Dorset Police,Dorset Police,-2.521980,50.944943,On or near Wingfield Road,E01020546,West Dorset 001E,Vehicle crime,Investigation complete; no suspect identified,
6900da18e019ce3cf69d8c5f3ac7fb80e879499c575edf46d21e177df3f1a49b,2018-08,Dorset Police,Dorset Police,-2.518849,50.945020,On or near Durrant Close,E01020546,West Dorset 001E,Violence and sexual offences,Unable to prosecute suspect,
4e636126a620eec3ac4d680cde3039f11740b2edbbcd64871a0e2604fecaae7c,2018-08,Dorset Police,Dorset Police,-2.518849,50.945020,On or near Durrant Close,E01020546,West Dorset 001E,Violence and sexual offences,Status update unavailable,
466b70bc76ec990f19b3b5ddd4c9ab68084583c29a6b5138127764b64c218216,2018-08,Dorset Police,Dorset Police,-2.516234,50.945346,On or near Cooks Lane,E01020546,West Dorset 001E,Violence and sexual offences,Unable to prosecute suspect,
7ba61531e03d8ca30067704b65eba1d9169d24b531fd63fc9ef5fa5e463f4087,2018-08,Dorset Police,Dorset Police,-2.517614,50.945331,On or near Lower Acreman Street,E01020546,West Dorset 001E,Violence and sexual offences,Unable to prosecute suspect,
5c34f6bd2aa597bfa5b2ed97ba9f0f53f8061ef4990740c6c5e10496685e29cc,2018-08,Dorset Police,Dorset Police,-2.517614,50.945331,On or near Lower Acreman Street,E01020546,West Dorset 001E,Violence and sexual offences,Unable to prosecute suspect,
,2018-08,Dorset Police,Dorset Police,-2.529709,50.942462,On or near South Court,E01020547,West Dorset 001F,Anti-social behaviour,,
,2018-08,Dorset Police,Dorset Police,-2.529709,50.942462,On or near South Court,E01020547,West Dorset 001F,Anti-social behaviour,,
,2018-08,Dorset Police,Dorset Police,-2.532898,50.942483,On or near Supermarket,E01020547,West Dorset 001F,Anti-social behaviour,,
,2018-08,Dorset Police,Dorset Police,-2.533195,50.941115,On or near Clanfield,E01020547,West Dorset 001F,Anti-social behaviour,,
,2018-08,Dorset Police,Dorset Police,-2.529709,50.942462,On or near South Court,E01020547,West Dorset 001F,Anti-social behaviour,,
,2018-08,Dorset Police,Dorset Police,-2.530141,50.941606,On or near South Avenue,E01020547,West Dorset 001F,Anti-social behaviour,,
8be4bdd9db4d5a1e2f45fe9002ecbd58c5030ea848127546a9253d81d7aa8f94,2018-08,Dorset Police,Dorset Police,-2.530141,50.941606,On or near South Avenue,E01020547,West Dorset 001F,Drugs,Offender given a caution,
1b0e9e86c64f2f1e75e3f778499d98d4937749c0d7d4676aad69b3d69c3898fd,2018-08,Dorset Police,Dorset Police,-2.532898,50.942483,On or near Supermarket,E01020547,West Dorset 001F,Violence and sexual offences,Offender given a caution,
5a06cf53456dd605480729e8a3bf4a59d686aa9522492d05d91284e3f93f106f,2018-08,Dorset Police,Dorset Police,-2.528479,50.940678,On or near Lenthay Road,E01020547,West Dorset 001F,Violence and sexual offences,Investigation complete; no suspect identified,
058f6b37d3108c89f12c459d430a08ddf0b5474b44894089ec2296661bac65b7,2018-08,Dorset Police,Dorset Police,-2.528479,50.940678,On or near Lenthay Road,E01020547,West Dorset 001F,Violence and sexual offences,Unable to prosecute suspect,
963b55371baf32ebee9c7c44136c395b1e1aa60031f73d559c30b40733e7200a,2018-08,Dorset Police,Dorset Police,-2.528479,50.940678,On or near Lenthay Road,E01020547,West Dorset 001F,Violence and sexual offences,Investigation complete; no suspect identified,
41b68559c137ced7f3fdc29b7eb44b0a5651c7a8fe175a57f868c9643ae7b249,2018-08,Dorset Police,Dorset Police,-2.528479,50.940678,On or near Lenthay Road,E01020547,West Dorset 001F,Violence and sexual offences,Investigation complete; no suspect identified,
727960f1911abb90575347e29a4b8d9ddad29ee456a04559add3e11ae718230c,2018-08,Dorset Police,Dorset Police,-2.531499,50.940898,On or near Westbridge Park,E01020547,West Dorset 001F,Violence and sexual offences,Status update unavailable,
,2018-08,Dorset Police,Dorset Police,-2.528891,50.943095,On or near Noake Road,E01032642,West Dorset 001H,Anti-social behaviour,,
,2018-08,Dorset Police,Dorset Police,-2.528766,50.949642,On or near Barton Gardens,E01032642,West Dorset 001H,Anti-social behaviour,,
,2018-08,Dorset Police,Dorset Police,-2.524371,50.943718,On or near Westridge,E01032642,West Dorset 001H,Anti-social behaviour,,
d97487f8e800837dccd0e93c19f18bc5bdac2cd6788026568ef9b42a250c4c0e,2018-08,Dorset Police,Dorset Police,-2.531177,50.948894,On or near A30,E01032642,West Dorset 001H,Burglary,Investigation complete; no suspect identified,
47dd1c8e835b302a2632b23a721ccb3a7aead0017697095ac7f9ae59e3d6e8a6,2018-08,Dorset Police,Dorset Police,-2.535289,50.943758,On or near Midleaze,E01032642,West Dorset 001H,Other theft,Investigation complete; no suspect identified,
599fd2fa7804c84898a976ae9028772a3c5bf32dd38b8bcccec7c3834302f54a,2018-08,Dorset Police,Dorset Police,-2.519387,50.949891,On or near Back Lane,E01032642,West Dorset 001H,Vehicle crime,Investigation complete; no suspect identified,
7ea9677589cc3b933e3ae653ebfd3f48cbce04fb48f97ee40d9010f2a980c324,2018-08,Dorset Police,Dorset Police,-2.530241,50.944141,On or near Ridgeway,E01032642,West Dorset 001H,Violence and sexual offences,Unable to prosecute suspect,
,2018-08,Dorset Police,Dorset Police,-2.602578,50.943098,On or near Compton Road,E01020497,West Dorset 002A,Anti-social behaviour,,
,2018-08,Dorset Police,Dorset Police,-2.585383,50.928348,On or near Bakehouse Lane,E01020497,West Dorset 002A,Anti-social behaviour,,
,2018-08,Dorset Police,Dorset Police,-2.586297,50.930852,On or near Cross Road,E01020497,West Dorset 002A,Anti-social behaviour,,
95034b812515c6bda923455820f1682a672492283c07466eb927062a9476b0b1,2018-08,Dorset Police,Dorset Police,-2.561228,50.918134,On or near Morston,E01020497,West Dorset 002A,Criminal damage and arson,Investigation complete; no suspect identified,
1325fbe24f5f2af84df9800673f89065ae62d104631606101036ced388b441b2,2018-08,Dorset Police,Dorset Police,-2.609682,50.920373,On or near Clifton Hill,E01020497,West Dorset 002A,Other theft,Court result unavailable,
0b13150b817fbfb370ae68882c5f259b1e969dbcc144ffdf761ac0ee28ca6489,2018-08,Dorset Police,Dorset Police,-2.561484,50.919329,On or near Eastfield,E01020497,West Dorset 002A,Possession of weapons,Offender given community sentence,
373c59904ed3c7035373cb4cf28328e1795c6c8c91ad807d07f74560a61065ae,2018-08,Dorset Police,Dorset Police,-2.608252,50.941665,On or near A30,E01020497,West Dorset 002A,Shoplifting,Offender given conditional discharge,
562a080f84ce5e0c8c497647baf0f4e6e2d3100c1f0f7b6f8d43e222696671a5,2018-08,Dorset Police,Dorset Police,-2.608252,50.941665,On or near A30,E01020497,West Dorset 002A,Shoplifting,Investigation complete; no suspect identified,
3cacc5d532032bc5ab2ce699282b0097496f6963b1673d44269db5ba4290a7b1,2018-08,Dorset Police,Dorset Police,-2.587147,50.928330,On or near Higher Westbury,E01020497,West Dorset 002A,Vehicle crime,Investigation complete; no suspect identified,
5b213c31a22b80b3241f487c8f504e7fa4303917da56c0249a7ef09c9eebde57,2018-08,Dorset Police,Dorset Police,-2.561484,50.919329,On or near Eastfield,E01020497,West Dorset 002A,Violence and sexual offences,Investigation complete; no suspect identified,
,2018-08,Dorset Police,Dorset Police,-2.478482,50.927099,On or near Old School Close,E01020508,West Dorset 002B,Anti-social behaviour,,
,2018-08,Dorset Police,Dorset Police,-2.537336,50.874372,On or near Petrol Station,E01020508,West Dorset 002B,Anti-social behaviour,,
,2018-08,Dorset Police,Dorset Police,-2.475343,50.929001,On or near Roselyn Crescent,E01020508,West Dorset 002B,Anti-social behaviour,,
60edc6409ae5f34b580d39f86cb9395ee5dd86e423cd1f6508be65a476f6137f,2018-08,Dorset Police,Dorset Police,-2.424152,50.895188,On or near Foxs Close,E01020508,West Dorset 002B,Burglary,Investigation complete; no suspect identified,
e8b6a612134fa53c6542c253fe346099ba2e4745784b64642c492095260a6376,2018-08,Dorset Police,Dorset Police,-2.501497,50.915870,On or near Whistle Water,E01020508,West Dorset 002B,Criminal damage and arson,Investigation complete; no suspect identified,
cc285f3d86f4187ae5bfc55cdf2fd3c277188eb85f2577c5844e9226c6f9fb9a,2018-08,Dorset Police,Dorset Police,-2.546467,50.874932,On or near Dewlands Orchard,E01020508,West Dorset 002B,Criminal damage and arson,Unable to prosecute suspect,
c07458b42f0f357fd1bc5a205a43ef5b13361d2d0f9605e2e5c87b34c83c71ac,2018-08,Dorset Police,Dorset Police,-2.475343,50.929001,On or near Roselyn Crescent,E01020508,West Dorset 002B,Public order,Local resolution,
40ffd2a676b948d80e359de8a455d1da96ad9719fcaa81e6976e416400993d82,2018-08,Dorset Police,Dorset Police,-2.481834,50.926465,On or near Sports/Recreation Area,E01020508,West Dorset 002B,Vehicle crime,Investigation complete; no suspect identified,
,2018-08,Dorset Police,Dorset Police,-2.531997,50.979500,On or near Spring Lane,E01020541,West Dorset 002C,Anti-social behaviour,,
,2018-08,Dorset Police,Dorset Police,-2.572507,50.966611,On or near Malthouse Lane,E01020541,West Dorset 002C,Anti-social behaviour,,
,2018-08,Dorset Police,Dorset Police,-2.552092,50.979146,On or near Penmore Road,E01020541,West Dorset 002C,Anti-social behaviour,,
23c674c573bdab555d33ce2415d9e5ef9a969bb05b135830e7be2bee800bbe4f,2018-08,Dorset Police,Dorset Police,-2.545538,50.985085,On or near Great Pit Lane,E01020541,West Dorset 002C,Burglary,Investigation complete; no suspect identified,
08719d6ac13f9136804781123f8f02d77b1dff15fd794f7fa6f5cfc3f7a5cc68,2018-08,Dorset Police,Dorset Police,-2.493835,50.979470,On or near The Ridge,E01020541,West Dorset 002C,Other theft,Investigation complete; no suspect identified,
404c67c1b299f6663bc8faeb7dfc08392e4cff47765d995fcf8178ac0eb6c3ca,2018-08,Dorset Police,Dorset Police,-2.569379,50.978685,On or near Rowbarrow Hill,E01020541,West Dorset 002C,Other theft,Investigation complete; no suspect identified,
d4e341ea33fa590f736946bc9b1f8a0670eb19b89a65fa7136b2f1053cc08f8b,2018-08,Dorset Police,Dorset Police,-2.438932,50.915583,On or near Curtis Court,E01020541,West Dorset 002C,Vehicle crime,Investigation complete; no suspect identified,
,2018-08,Dorset Police,Dorset Police,-2.584307,50.896996,On or near Clovermead,E01020550,West Dorset 002D,Anti-social behaviour,,
,2018-08,Dorset Police,Dorset Police,-2.584307,50.896996,On or near Clovermead,E01020550,West Dorset 002D,Anti-social behaviour,,
,2018-08,Dorset Police,Dorset Police,-2.584307,50.896996,On or near Clovermead,E01020550,West Dorset 002D,Anti-social behaviour,,
,2018-08,Dorset Police,Dorset Police,-2.584307,50.896996,On or near Clovermead,E01020550,West Dorset 002D,Anti-social behaviour,,
,2018-08,Dorset Police,Dorset Police,-2.584307,50.896996,On or near Clovermead,E01020550,West Dorset 002D,Anti-social behaviour,,
83f36b0760cd7552237dc89fcae9e9b92ead66bae0dad91f7a260a2747048f70,2018-08,Dorset Police,Dorset Police,-2.584307,50.896996,On or near Clovermead,E01020550,West Dorset 002D,Criminal damage and arson,Investigation complete; no suspect identified,
24069dd81fc92470b61afedfb20f6160a24bfdff6e2a1d880246a7a302976775,2018-08,Dorset Police,Dorset Police,-2.584307,50.896996,On or near Clovermead,E01020550,West Dorset 002D,Vehicle crime,Unable to prosecute suspect,
0b8e247704cbfc7c5970a52a8516326cd57d7afcf8d0f7ef3126e7217b3097db,2018-08,Dorset Police,Dorset Police,-2.772035,50.848937,On or near Down Road,E01020494,West Dorset 003A,Criminal damage and arson,Investigation complete; no suspect identified,
e0e18951ab0a555aa48480c8c76b78fed31839c37ed1162a1bd5260ab0d8ddfc,2018-08,Dorset Police,Dorset Police,-2.769808,50.858637,On or near Lecher Lane,E01020494,West Dorset 003A,Violence and sexual offences,Unable to prosecute suspect,
,2018-08,Dorset Police,Dorset Police,-2.737805,50.809546,On or near Yarn Barton,E01020495,West Dorset 003B,Anti-social behaviour,,
,2018-08,Dorset Police,Dorset Police,-2.760277,50.819437,On or near Park/Open Space,E01020495,West Dorset 003B,Anti-social behaviour,,
,2018-08,Dorset Police,Dorset Police,-2.739364,50.813888,On or near Newtown,E01020495,West Dorset 003B,Anti-social behaviour,,
,2018-08,Dorset Police,Dorset Police,-2.739939,50.809883,On or near Champions,E01020495,West Dorset 003B,Anti-social behaviour,,
3b182e9b1afc39757d03b022658b61a526984cbf354b8eb4429ec3279231a778,2018-08,Dorset Police,Dorset Police,-2.739364,50.813888,On or near Newtown,E01020495,West Dorset 003B,Burglary,Investigation complete; no suspect identified,
59812b70ff2aac5e5de3d345f2589b1d2270c872eab00250eba7e8a5bf460b56,2018-08,Dorset Police,Dorset Police,-2.738945,50.808945,On or near Parking Area,E01020495,West Dorset 003B,Burglary,Investigation complete; no suspect identified,
b15e14b5753fb7d012996503dd2bc6ebed3b1303f51ea976b9ca044a0fe2130d,2018-08,Dorset Police,Dorset Police,-2.743283,50.815806,On or near Sports/Recreation Area,E01020495,West Dorset 003B,Criminal damage and arson,Investigation complete; no suspect identified,
15370175b6e33cda43071812a5e0837abc40e31a57c89c572058492e1c9f7d72,2018-08,Dorset Police,Dorset Police,-2.745628,50.810611,On or near Clay Lane,E01020495,West Dorset 003B,Violence and sexual offences,Action to be taken by another organisation,
df769b97e50dac7eae15b71b67fb2f5add8b8f3baa3578ff8a0d2b9ca6290743,2018-08,Dorset Police,Dorset Police,-2.743491,50.813691,On or near Monmouth Gardens,E01020495,West Dorset 003B,Violence and sexual offences,Unable to prosecute suspect,
565fcf4cea8454b52794df46209b6676c53de8103c3f125691215ccd7f38a795,2018-08,Dorset Police,Dorset Police,-2.751018,50.811269,On or near Pilsdon Close,E01020495,West Dorset 003B,Violence and sexual offences,Unable to prosecute suspect,
,2018-08,Dorset Police,Dorset Police,-2.742491,50.809732,On or near School House Close,E01020496,West Dorset 003C,Anti-social behaviour,,
2bf3b8a4dcef3edf6e0741b36d9170af0fad21ac13f9e48f8cef64adcbc3ae63,2018-08,Dorset Police,Dorset Police,-2.742491,50.809732,On or near School House Close,E01020496,West Dorset 003C,Burglary,Investigation complete; no suspect identified,
db17966e51dbbab5fc591a351aa1fca4558ba51ba2174cd6f1a0fda1417f99e2,2018-08,Dorset Police,Dorset Police,-2.743562,50.809204,On or near Barnes Lane,E01020496,West Dorset 003C,Criminal damage and arson,Investigation complete; no suspect identified,
999a149fb28803bdb5aba6b100b4fcc974dda876d9cf29fc80bd5d4a38a25ab2,2018-08,Dorset Police,Dorset Police,-2.742491,50.809732,On or near School House Close,E01020496,West Dorset 003C,Public order,Investigation complete; no suspect identified,
b4eedaf3725e310bc40f0f35e9301305f3c02a186d03186338815c7f23bbb1e3,2018-08,Dorset Police,Dorset Police,-2.739832,50.807582,On or near St Mary Well Street,E01020496,West Dorset 003C,Violence and sexual offences,Unable to prosecute suspect,
ca057d00328da8961c53d467fc91aa5038dbda18bf5b2d5f9f87f9b3d8b9eebb,2018-08,Dorset Police,Dorset Police,-2.802581,50.821915,On or near Yarnbarton,E01020506,West Dorset 003D,Vehicle crime,Investigation complete; no suspect identified,
b59ac78e52b533fec744a23cdeda810dca790aa2bc4223ec20d9712a772bbee9,2018-08,Dorset Police,Dorset Police,-2.775123,50.806408,On or near Mason'S Lane,E01020506,West Dorset 003D,Violence and sexual offences,Investigation complete; no suspect identified,
,2018-08,Dorset Police,Dorset Police,-2.602072,50.867590,On or near Brakes Hill,E01020530,West Dorset 003E,Anti-social behaviour,,
4dca8f028a5f63c68bbb12301d3bc5330663f7e866ce7f2e097eece636d7a864,2018-08,Dorset Police,Dorset Police,-2.602750,50.879340,On or near Parking Area,E01020530,West Dorset 003E,Burglary,Investigation complete; no suspect identified,
a0d65d17ee9e1df17f9d0e1df856dc9507338c93dd6855b0402ef12a87c12b4c,2018-08,Dorset Police,Dorset Police,-2.606347,50.838927,On or near Tanyard,E01020530,West Dorset 003E,Other theft,Investigation complete; no suspect identified,
2e5752c636a3097662981c4a2b59bbd6a7cf11f23c213901e2c1c8720a8195e7,2018-08,Dorset Police,Dorset Police,-2.579650,50.841401,On or near A37,E01020530,West Dorset 003E,Other theft,Investigation complete; no suspect identified,
0bfe379ed24edc9b489a8bf4e2c0bd7c4bd620b247c266ab06fab3e3430542d3,2018-08,Dorset Police,Dorset Police,-2.570136,50.776287,On or near Petrol Station,E01020534,West Dorset 003F,Other theft,Unable to prosecute suspect,
9fc5a0c725db6fac355d3110c56301968ceca754ff45cc0b121ddfaf2903629b,2018-08,Dorset Police,Dorset Police,-2.664540,50.796497,On or near Green Lane,E01020534,West Dorset 003F,Other theft,Investigation complete; no suspect identified,
401f0f47f58f8f55639793046b84ca2b4dbf23082e4ce9c680ebb9be2726961f,2018-08,Dorset Police,Dorset Police,-2.571078,50.780257,On or near North Road,E01020534,West Dorset 003F,Violence and sexual offences,Local resolution,
800ad43ed5a3ff67c98862eb3348c2a884f0a5667ecd076b921b64db62ad9b9a,2018-08,Dorset Police,Dorset Police,-2.565352,50.774755,On or near Neils View,E01020534,West Dorset 003F,Violence and sexual offences,Unable to prosecute suspect,
,2018-08,Dorset Police,Dorset Police,-2.475561,50.807988,On or near Chescombe,E01020509,West Dorset 004A,Anti-social behaviour,,
,2018-08,Dorset Police,Dorset Police,-2.465494,50.861759,On or near Kennels Lane,E01020509,West Dorset 004A,Anti-social behaviour,,
c9af9e5d626fa015daad76bb16f6106b03037d7e0e348bf8dce78384a846d8a6,2018-08,Dorset Police,Dorset Police,-2.390579,50.728215,On or near Parking Area,E01020509,West Dorset 004A,Burglary,Investigation complete; no suspect identified,
a9ef4005a40e500f45f655aedfb44d68311f2d16d4f33ce2d06d31317f30ed71,2018-08,Dorset Police,Dorset Police,-2.409972,50.718148,On or near Church Lane,E01020509,West Dorset 004A,Burglary,Investigation complete; no suspect identified,
a51aaea787a48e95aaff2d920fc989f3bab5aca3c2cbba814f8c74b5a6e89b69,2018-08,Dorset Police,Dorset Police,-2.481439,50.733666,On or near Frome View,E01020509,West Dorset 004A,Criminal damage and arson,Investigation complete; no suspect identified,
3b47677bcd9b651d5690654facdacd1423ec4837bed96d9b1d15fe1d99b02c40,2018-08,Dorset Police,Dorset Police,-2.479744,50.810443,On or near Srringfield,E01020509,West Dorset 004A,Other theft,Unable to prosecute suspect,
c1c188df8fd18ddbfc3b2412c34792ebdf260512b249bdfee013d7632a77d4e3,2018-08,Dorset Police,Dorset Police,-2.479744,50.810443,On or near Srringfield,E01020509,West Dorset 004A,Other theft,Unable to prosecute suspect,
629e8042afdb25a9411a120483bd53b6212252ae313e99db6101f4cd1e8e6c17,2018-08,Dorset Police,Dorset Police,-2.479744,50.810443,On or near Srringfield,E01020509,West Dorset 004A,Other theft,Unable to prosecute suspect,
c28f9f00d64ed3db55ff30e420120a69a5460579d9314d1d2f2d212f946f2a12,2018-08,Dorset Police,Dorset Police,-2.485991,50.721732,On or near Tilly Whim Lane,E01020509,West Dorset 004A,Other theft,Investigation complete; no suspect identified,
2bc244ef5472fb8cacce891206b505469ca058bedaec18eb49d3bee2df373ee0,2018-08,Dorset Police,Dorset Police,-2.409972,50.718148,On or near Church Lane,E01020509,West Dorset 004A,Other theft,Investigation complete; no suspect identified,
04071502b3a4c4bab963c9d60bf337d24c3167046d7e9b987c75763e35964db4,2018-08,Dorset Police,Dorset Police,-2.479744,50.810443,On or near Srringfield,E01020509,West Dorset 004A,Other theft,Unable to prosecute suspect,
82a455f88b0f7f60bcf949b09338eb0e0836f94b9158ef870f2aa0c6bb435a6e,2018-08,Dorset Police,Dorset Police,-2.479744,50.810443,On or near Srringfield,E01020509,West Dorset 004A,Other theft,Investigation complete; no suspect identified,
d80a4ea6116ac659c91fe125fe2a0344b98a51355d5c194403141db86c3fc860,2018-08,Dorset Police,Dorset Police,-2.479744,50.810443,On or near Srringfield,E01020509,West Dorset 004A,Other theft,Unable to prosecute suspect,
d8bd41a15d0f7cc61f719df56ca7c2af825483f3c7a6945bb1bf6ff56227bfd5,2018-08,Dorset Police,Dorset Police,-2.479744,50.810443,On or near Srringfield,E01020509,West Dorset 004A,Other theft,Unable to prosecute suspect,
6eef6971ffe166de7ce60392caf2709d1699a8eb8b187e12fce9874cf9c9caca,2018-08,Dorset Police,Dorset Police,-2.479744,50.810443,On or near Srringfield,E01020509,West Dorset 004A,Other theft,Unable to prosecute suspect,
7dbe43ee1df81cc761e19c212959e0a5cc0029119e94a5c1da4bc91bc05f54b0,2018-08,Dorset Police,Dorset Police,-2.481439,50.733666,On or near Frome View,E01020509,West Dorset 004A,Public order,Investigation complete; no suspect identified,
67822f58928a91275897981f907ca01699e9b5371bf22927e71009d8e0aa5550,2018-08,Dorset Police,Dorset Police,-2.409972,50.718148,On or near Church Lane,E01020509,West Dorset 004A,Public order,Investigation complete; no suspect identified,
9f86ea5f5571e456eae80a078b383fb572f0f2ef679a109f47b6c3e81d3274e6,2018-08,Dorset Police,Dorset Police,-2.409972,50.718148,On or near Church Lane,E01020509,West Dorset 004A,Vehicle crime,Investigation complete; no suspect identified,
63930735009ae9d6bfde8dfb5c7ab58f30b91f24385818fb941d0daf700b9936,2018-08,Dorset Police,Dorset Police,-2.454733,50.754564,On or near Aspen Road,E01020509,West Dorset 004A,Violence and sexual offences,Unable to prosecute suspect,
56d1dc8d6384b22912a159843a9c922d17b1b3e5bcdc8d2d8a035a6bb01535c3,2018-08,Dorset Police,Dorset Police,-2.457244,50.753287,On or near Acacia Drive,E01020509,West Dorset 004A,Violence and sexual offences,Defendant found not guilty,
f894c9b34acd10a72e3e5b008ef9cbc66283e5e8b34c3d293ed3bda7d87c4daa,2018-08,Dorset Police,Dorset Police,-2.416794,50.714356,On or near Park/Open Space,E01020509,West Dorset 004A,Violence and sexual offences,Investigation complete; no suspect identified,
,2018-08,Dorset Police,Dorset Police,-2.457213,50.737046,On or near Brook Close,E01020510,West Dorset 004B,Anti-social behaviour,,
,2018-08,Dorset Police,Dorset Police,-2.460405,50.731638,On or near Meadow View,E01020510,West Dorset 004B,Anti-social behaviour,,
63106f70802eef6c09e0f44ec98f9b14c2644516fd6bdcd555ba6d4518649062,2018-08,Dorset Police,Dorset Police,-2.460405,50.731638,On or near Meadow View,E01020510,West Dorset 004B,Criminal damage and arson,Investigation complete; no suspect identified,
6f01c5142550641ef2b147bb4e0e17538bbc969658be8382c5dd31892e28c39e,2018-08,Dorset Police,Dorset Police,-2.459397,50.741516,On or near North Street,E01020510,West Dorset 004B,Other theft,Investigation complete; no suspect identified,
551b3ef2601a3df4f61282c19adeed1ccf8c4f0f14fdd488bd821eb03d3d9149,2018-08,Dorset Police,Dorset Police,-2.450806,50.733915,On or near Ellerslie Close,E01020510,West Dorset 004B,Other theft,Investigation complete; no suspect identified,
c8b3f308a74892168f933a1f07cbc1d9d6933ef99ac8a0b1da373ef290dd7fb6,2018-08,Dorset Police,Dorset Police,-2.454512,50.736220,On or near Mill Lane,E01020510,West Dorset 004B,Public order,Unable to prosecute suspect,
,2018-08,Dorset Police,Dorset Police,-2.560420,50.824804,On or near Long Ash Lane,E01020529,West Dorset 004C,Anti-social behaviour,,
e43754d4cd2e65009068cccfc651de5b34a0376ce1a5c28ea94081784807f10d,2018-08,Dorset Police,Dorset Police,-2.522652,50.797876,On or near Orchard Close,E01020529,West Dorset 004C,Burglary,Investigation complete; no suspect identified,
c0898da8a406aba15f80c3adb2a13f39b881ae3258ba09171cc90c02e0e50832,2018-08,Dorset Police,Dorset Police,-2.560420,50.824804,On or near Long Ash Lane,E01020529,West Dorset 004C,Other theft,Investigation complete; no suspect identified,
fbd7c6b9fe4602f1a04dbf10e88a30b379e75dace3654193ba96e4254d541e33,2018-08,Dorset Police,Dorset Police,-2.532623,50.753875,On or near Rural Lane,E01020529,West Dorset 004C,Other theft,Unable to prosecute suspect,
aa0ffb57adf99c93a10cc4005274ba8522a226bbe0f9231ba1df1307abf6a6d3,2018-08,Dorset Police,Dorset Police,-2.578662,50.794851,On or near Duck Street,E01020529,West Dorset 004C,Vehicle crime,Investigation complete; no suspect identified,
88629f4fd25e40ed629ea50130bb364520dfa527daca54a395b5cc72b5ead22a,2018-08,Dorset Police,Dorset Police,-2.579306,50.828552,On or near Sheepwashing Lane,E01020529,West Dorset 004C,Violence and sexual offences,Unable to prosecute suspect,
8416a515e1d872c058c6dcf1e19e1748b74ee3c56a44532aa32e05f1f0cfa3a2,2018-08,Dorset Police,Dorset Police,-2.579306,50.828552,On or near Sheepwashing Lane,E01020529,West Dorset 004C,Violence and sexual offences,Unable to prosecute suspect,
,2018-08,Dorset Police,Dorset Police,-2.417519,50.794235,On or near Northover Close,E01020539,West Dorset 004D,Anti-social behaviour,,
,2018-08,Dorset Police,Dorset Police,-2.394111,50.765837,On or near B3143,E01020539,West Dorset 004D,Anti-social behaviour,,
,2018-08,Dorset Police,Dorset Police,-2.395028,50.770303,On or near Sports/Recreation Area,E01020539,West Dorset 004D,Anti-social behaviour,,
,2018-08,Dorset Police,Dorset Police,-2.408031,50.836984,On or near Park/Open Space,E01020539,West Dorset 004D,Anti-social behaviour,,
9b2638a60a5213b4d3b5c2b664b902c20fa9890868ddba8468319423de8cea0c,2018-08,Dorset Police,Dorset Police,-2.395028,50.770303,On or near Sports/Recreation Area,E01020539,West Dorset 004D,Burglary,Investigation complete; no suspect identified,
4193b1d94e03e5d365e31ffae977d23c17f4ccfd08faf1ba08061792f61c1e73,2018-08,Dorset Police,Dorset Police,-2.446127,50.840918,On or near Lockett'S Lane,E01020539,West Dorset 004D,Burglary,Investigation complete; no suspect identified,
d6dc7aac3f243ca8954fa6031a250a0af69a502c3cd483687c3f5d352b548aff,2018-08,Dorset Police,Dorset Police,-2.395028,50.770303,On or near Sports/Recreation Area,E01020539,West Dorset 004D,Burglary,Investigation complete; no suspect identified,
39a220bc8b90068fb5bd863a56f6f93f3e522e15e50944d0774721fc8c0d9888,2018-08,Dorset Police,Dorset Police,-2.408031,50.836984,On or near Park/Open Space,E01020539,West Dorset 004D,Burglary,Investigation complete; no suspect identified,
72dd05bf2d348cccfcefa7f4e106573c6fd37f65a70c3c8c5db3bef386a6aa67,2018-08,Dorset Police,Dorset Police,-2.394111,50.765837,On or near B3143,E01020539,West Dorset 004D,Criminal damage and arson,Offender given a caution,
cff747807972763b4ef4bd1d466661c7ff5f1e654ee922a2543c99c89c409d4b,2018-08,Dorset Police,Dorset Police,-2.444852,50.844169,On or near Hylands Farm,E01020539,West Dorset 004D,Vehicle crime,Investigation complete; no suspect identified,
20ded5f4bda45a3e05b6f92e689d97c0bcf0f24f35b60c1bae7f413a072baece,2018-08,Dorset Police,Dorset Police,-2.437255,50.845897,On or near Stevens Walk,E01020539,West Dorset 004D,Violence and sexual offences,Unable to prosecute suspect,
ef481608be77278ac8d3fce595d74d47223f6adc6b026ba2baff614d24a2fc2d,2018-08,Dorset Police,Dorset Police,-2.437255,50.845897,On or near Stevens Walk,E01020539,West Dorset 004D,Violence and sexual offences,Unable to prosecute suspect,
,2018-08,Dorset Police,Dorset Police,-2.400746,50.750824,On or near Slyer'S Lane,E01020540,West Dorset 004E,Anti-social behaviour,,
,2018-08,Dorset Police,Dorset Police,-2.353530,50.749061,On or near Sports/Recreation Area,E01020540,West Dorset 004E,Anti-social behaviour,,
,2018-08,Dorset Police,Dorset Police,-2.366531,50.742187,On or near Parking Area,E01020540,West Dorset 004E,Anti-social behaviour,,
,2018-08,Dorset Police,Dorset Police,-2.297597,50.751295,On or near Central Farm Lane,E01020540,West Dorset 004E,Anti-social behaviour,,
22d1e45b6774f14f5e977719a5f1765686bbb751047f756822fea73a323272e7,2018-08,Dorset Police,Dorset Police,-2.343204,50.800431,On or near Orchard Close,E01020540,West Dorset 004E,Burglary,Investigation complete; no suspect identified,
125fac914d32caa541617c4d44e9e7015d517396345fc0520d278fae10a8be8e,2018-08,Dorset Police,Dorset Police,-2.343775,50.748659,On or near The Square,E01020540,West Dorset 004E,Other theft,Investigation complete; no suspect identified,
86e5ae5a5a7b4978a8236e6bee3d457f90647f271269b3b0fccd48964d8a5722,2018-08,Dorset Police,Dorset Police,-2.345183,50.751190,On or near The Moor,E01020540,West Dorset 004E,Vehicle crime,Investigation complete; no suspect identified,
94cc998d5078b862b2ee5a8063eec60146dcb23038e7b579c7d1a3fc6e46f0a9,2018-08,Dorset Police,Dorset Police,-2.345129,50.747755,On or near High Street,E01020540,West Dorset 004E,Violence and sexual offences,Defendant found not guilty,
f9be059acf0ea475774ab51f8dcf10ab52fb8db1030aa95919c08a4b757c35ef,2018-08,Dorset Police,Dorset Police,-2.297597,50.751295,On or near Central Farm Lane,E01020540,West Dorset 004E,Violence and sexual offences,Investigation complete; no suspect identified,
fa6224419c8e25eb98082af3688ad6573d8a59e00fbd997166fa08b89cfc3233,2018-08,Dorset Police,Dorset Police,-2.343204,50.800431,On or near Orchard Close,E01020540,West Dorset 004E,Violence and sexual offences,Status update unavailable,
,2018-08,Dorset Police,Dorset Police,-2.906626,50.739642,On or near Nutcombe Close,E01020511,West Dorset 005A,Anti-social behaviour,,
,2018-08,Dorset Police,Dorset Police,-2.910450,50.740214,On or near Axminster Road,E01020511,West Dorset 005A,Anti-social behaviour,,
,2018-08,Dorset Police,Dorset Police,-2.903641,50.754593,On or near Parking Area,E01020511,West Dorset 005A,Anti-social behaviour,,
,2018-08,Dorset Police,Dorset Police,-2.901906,50.735155,On or near Hammonds Mead,E01020511,West Dorset 005A,Anti-social behaviour,,
930b97d46a4a52c261fc7f19f0be3c2e2337e2d205190cd6b94e74b0c486d124,2018-08,Dorset Police,Dorset Police,-2.901906,50.735155,On or near Hammonds Mead,E01020511,West Dorset 005A,Criminal damage and arson,Investigation complete; no suspect identified,
e6b3358cbbaa585bc3a9856d42863eca6d8b6d3f202fedb8a6f1b36c6b613130,2018-08,Dorset Police,Dorset Police,-2.897198,50.738698,On or near Bridge Road,E01020511,West Dorset 005A,Criminal damage and arson,Investigation complete; no suspect identified,
9fc6d1d9076cac292bcde28a2758b7939e22cf0d5f8a8be5ac78928c56bc4187,2018-08,Dorset Police,Dorset Police,-2.901906,50.735155,On or near Hammonds Mead,E01020511,West Dorset 005A,Other theft,Investigation complete; no suspect identified,
6cc6be338d1c7cf12f19aab7ea3c2537af57c42367eaf0ecf34df544ff6434bf,2018-08,Dorset Police,Dorset Police,-2.903641,50.754593,On or near Parking Area,E01020511,West Dorset 005A,Public order,Unable to prosecute suspect,
51a03262a197d6d373bb1c6a815b36bc4c89c3693ab636174a9ebadc07e726f6,2018-08,Dorset Police,Dorset Police,-2.901207,50.739369,On or near Barr'S Lane,E01020511,West Dorset 005A,Shoplifting,Offender given a caution,
2c099d0dccb26850379fc5295b6259452f8a7543f2c0b51d073deb4ee00e316e,2018-08,Dorset Police,Dorset Police,-2.910450,50.740214,On or near Axminster Road,E01020511,West Dorset 005A,Vehicle crime,Unable to prosecute suspect,
a8da1eeb7748cc17e1f59685b14749d5615e0071cb6f1eab1da500035bf7c51d,2018-08,Dorset Police,Dorset Police,-2.903641,50.754593,On or near Parking Area,E01020511,West Dorset 005A,Vehicle crime,Investigation complete; no suspect identified,
efcdd0caa518acbfeb91a8cad814931813f308b456c90e7ee50c3938585ce6d9,2018-08,Dorset Police,Dorset Police,-2.897198,50.738698,On or near Bridge Road,E01020511,West Dorset 005A,Violence and sexual offences,Unable to prosecute suspect,
eaccf66affc9b3b228431e06afca006dba8a8bb3220f55eafab06c7bdff2ad36,2018-08,Dorset Police,Dorset Police,-2.899997,50.736087,On or near Parkway,E01020511,West Dorset 005A,Other crime,Further investigation is not in the public interest,
,2018-08,Dorset Police,Dorset Police,-2.935062,50.724309,On or near Parking Area,E01020532,West Dorset 005B,Anti-social behaviour,,
,2018-08,Dorset Police,Dorset Police,-2.945285,50.725441,On or near Upper Westhill Road,E01020532,West Dorset 005B,Anti-social behaviour,,
,2018-08,Dorset Police,Dorset Police,-2.948064,50.723458,On or near Ware Lane,E01020532,West Dorset 005B,Anti-social behaviour,,
,2018-08,Dorset Police,Dorset Police,-2.939665,50.720711,On or near Ozone Terrace,E01020532,West Dorset 005B,Anti-social behaviour,,
,2018-08,Dorset Police,Dorset Police,-2.932682,50.725749,On or near Monmouth Street,E01020532,West Dorset 005B,Anti-social behaviour,,
,2018-08,Dorset Police,Dorset Police,-2.934789,50.724842,On or near Broad Street,E01020532,West Dorset 005B,Anti-social behaviour,,
,2018-08,Dorset Police,Dorset Police,-2.939665,50.720711,On or near Ozone Terrace,E01020532,West Dorset 005B,Anti-social behaviour,,
,2018-08,Dorset Police,Dorset Police,-2.935799,50.723638,On or near Marine Parade,E01020532,West Dorset 005B,Anti-social behaviour,,
,2018-08,Dorset Police,Dorset Police,-2.930612,50.727087,On or near East Cliff,E01020532,West Dorset 005B,Anti-social behaviour,,
,2018-08,Dorset Police,Dorset Police,-2.935799,50.723638,On or near Marine Parade,E01020532,West Dorset 005B,Anti-social behaviour,,
,2018-08,Dorset Police,Dorset Police,-2.935776,50.725292,On or near Supermarket,E01020532,West Dorset 005B,Anti-social behaviour,,
00bc180f99e514f25e297b2374937ade6f3348795103de17cf86152bd3701b38,2018-08,Dorset Police,Dorset Police,-2.931813,50.726215,On or near Church Street,E01020532,West Dorset 005B,Other theft,Investigation complete; no suspect identified,
3630fc37c103d91f749e3b736013f671958546d91878ee415927db5ba29f01f5,2018-08,Dorset Police,Dorset Police,-2.932682,50.725749,On or near Monmouth Street,E01020532,West Dorset 005B,Public order,Unable to prosecute suspect,
8e587fc847b932ae9a6a315867b3283bf05d55ce6ccece75eb2641f857a3d2a3,2018-08,Dorset Police,Dorset Police,-2.935776,50.725292,On or near Supermarket,E01020532,West Dorset 005B,Shoplifting,Investigation complete; no suspect identified,
3f4da0c3346616f5cc6943436e2f08fdef09e79df4bfe12a4622c6f05f2b368e,2018-08,Dorset Police,Dorset Police,-2.939430,50.725974,On or near Old Vicarage Garden,E01020532,West Dorset 005B,Vehicle crime,Investigation complete; no suspect identified,
6b30dbbe4eee38d6ee27b5993b6a9783b53582cd376931baeece14ca2b051636,2018-08,Dorset Police,Dorset Police,-2.932156,50.726383,On or near Poole'S Court,E01020532,West Dorset 005B,Violence and sexual offences,Unable to prosecute suspect,
5b669ea31a128bf8fcbc4a7134b0d19cc482117daaf5e2c51c02e04c241d56f4,2018-08,Dorset Police,Dorset Police,-2.939430,50.725974,On or near Old Vicarage Garden,E01020532,West Dorset 005B,Violence and sexual offences,Court result unavailable,
8016d86c4732667cb0ad15138d4aa0b22993f8bde44d4515c97869ab092868d7,2018-08,Dorset Police,Dorset Police,-2.935776,50.725292,On or near Supermarket,E01020532,West Dorset 005B,Violence and sexual offences,Local resolution,
c5176acbade026b8f7bc276d45d571db98c42a9b02ad8a8536ba57c27d8a94a8,2018-08,Dorset Police,Dorset Police,-2.939665,50.720711,On or near Ozone Terrace,E01020532,West Dorset 005B,Violence and sexual offences,Unable to prosecute suspect,
75f5e358313b8e531c8fdee6c398c06bdf00f4c28eeaecb1c2ac0ae41fda500c,2018-08,Dorset Police,Dorset Police,-2.939430,50.725974,On or near Old Vicarage Garden,E01020532,West Dorset 005B,Violence and sexual offences,Investigation complete; no suspect identified,
5aed4d8adfc419c9891527dc00fb04f4d2db5114c3069dbe134b1f7e3fd9fd8f,2018-08,Dorset Police,Dorset Police,-2.935510,50.724764,On or near Parking Area,E01020532,West Dorset 005B,Other crime,Investigation complete; no suspect identified,
,2018-08,Dorset Police,Dorset Police,-2.930460,50.730146,On or near Sports/Recreation Area,E01020533,West Dorset 005C,Anti-social behaviour,,
,2018-08,Dorset Police,Dorset Police,-2.938484,50.728256,On or near Woodmead Road,E01020533,West Dorset 005C,Anti-social behaviour,,
,2018-08,Dorset Police,Dorset Police,-2.933011,50.728768,On or near St Michaels,E01020533,West Dorset 005C,Anti-social behaviour,,
76b4ab355fa3191cf94aee6dd4d3c578c7bacec30a339a09f7968a7bace16d3a,2018-08,Dorset Police,Dorset Police,-2.939307,50.730435,On or near South Avenue,E01020533,West Dorset 005C,Burglary,Investigation complete; no suspect identified,
5e8b18794396f2ad67480e1b25576fd73ad4880cc499bf870a458d06735fc451,2018-08,Dorset Police,Dorset Police,-2.930560,50.736647,On or near Timber Hill,E01020533,West Dorset 005C,Burglary,Investigation complete; no suspect identified,
b008b8f6651f7b20d8dc32ad98f6e42c708777377ca95239c383f543df435b52,2018-08,Dorset Police,Dorset Police,-2.935547,50.727318,On or near Dolphin Close,E01020533,West Dorset 005C,Other theft,Investigation complete; no suspect identified,
50de893fe490ae2f32d887fe35d5f55de75a5b2da96565ec755e59274e1ecf15,2018-08,Dorset Police,Dorset Police,-2.938786,50.731312,On or near Bayview Road,E01020533,West Dorset 005C,Public order,Unable to prosecute suspect,
80888fb8d3a3d10c047ca429344e9043060e218446412f061ca94505edb8e947,2018-08,Dorset Police,Dorset Police,-2.937846,50.731085,On or near North Avenue,E01020533,West Dorset 005C,Violence and sexual offences,Action to be taken by another organisation,
,2018-08,Dorset Police,Dorset Police,-2.906892,50.777562,On or near Sandy Lane,E01020535,West Dorset 005D,Anti-social behaviour,,
,2018-08,Dorset Police,Dorset Police,-2.853365,50.741815,On or near Ship Knapp,E01020535,West Dorset 005D,Anti-social behaviour,,
692433bbb564373a01d8973f7916b1d1bbc01d0bf7acdc28986bf3996d80144e,2018-08,Dorset Police,Dorset Police,-2.885504,50.793392,On or near B3165,E01020535,West Dorset 005D,Burglary,Investigation complete; no suspect identified,
e5e11dc665848d4abfb061cda1a237917a5434dd2ea00e5e9fa9edde3babe9f4,2018-08,Dorset Police,Dorset Police,-2.885504,50.793392,On or near B3165,E01020535,West Dorset 005D,Burglary,Investigation complete; no suspect identified,
c3e24aa6b3ffe40077fc89b95e42cfc8125fa29510f59569b64b648b006b8d81,2018-08,Dorset Police,Dorset Police,-2.893728,50.738042,On or near The Street,E01020535,West Dorset 005D,Vehicle crime,Investigation complete; no suspect identified,
8f5e1db9a8c1af60a3e88d12f59cb5416bd5ae853137c60355d83270f0bf5706,2018-08,Dorset Police,Dorset Police,-2.862953,50.786916,On or near Manshay Lane,E01020535,West Dorset 005D,Violence and sexual offences,Further investigation is not in the public interest,
,2018-08,Dorset Police,Dorset Police,-2.743077,50.745547,On or near Banton Shard,E01020498,West Dorset 006A,Anti-social behaviour,,
,2018-08,Dorset Police,Dorset Police,-2.744647,50.747992,On or near Corbin Way,E01020498,West Dorset 006A,Anti-social behaviour,,
,2018-08,Dorset Police,Dorset Police,-2.741401,50.747995,On or near Hemlet'S Close,E01020498,West Dorset 006A,Anti-social behaviour,,
,2018-08,Dorset Police,Dorset Police,-2.744234,50.746133,On or near Dodhams Farm Close,E01020498,West Dorset 006A,Anti-social behaviour,,
4801cbb605287140f259d64414bbcc1068499e60fcc4aba116390d4520139558,2018-08,Dorset Police,Dorset Police,-2.752134,50.748178,On or near Suttil Crescent,E01020498,West Dorset 006A,Bicycle theft,Investigation complete; no suspect identified,
040c4937fdc2d783f5b1566b195006e9a3b5a1d47bf808b45679aa8ee775ca5c,2018-08,Dorset Police,Dorset Police,-2.739855,50.746161,On or near Court Close,E01020498,West Dorset 006A,Burglary,Investigation complete; no suspect identified,
bf3a31aed8044c424d03d77840a5eacfe22a0e458f42eead2c87eab0d1bed174,2018-08,Dorset Police,Dorset Police,-2.740227,50.744585,On or near Spring Close,E01020498,West Dorset 006A,Criminal damage and arson,Unable to prosecute suspect,
fe96d4e4f23324fdaa8223cdc1bc3e678c4af75bb000ac38318ba23a4e5cf9c5,2018-08,Dorset Police,Dorset Police,-2.739514,50.747027,On or near Gore Cross Way,E01020498,West Dorset 006A,Criminal damage and arson,Offender given a caution,
4f87be53c2a04d48a9eb3a9684173ff36285cd2d47f465bcf643f3db3c739bcf,2018-08,Dorset Police,Dorset Police,-2.742705,50.737276,On or near Happy Island Way,E01020498,West Dorset 006A,Public order,Investigation complete; no suspect identified,
c25c06233bdfce45adea1141bc61ac2334c98adb57b3b4dcc7ea4f45deae8c92,2018-08,Dorset Police,Dorset Police,-2.739453,50.736865,On or near King Charles Way,E01020498,West Dorset 006A,Vehicle crime,Investigation complete; no suspect identified,
2d4e816fbe979e9ff6ba1f2c5b6735e54698c0c3ab246b916eff651b6b78c29e,2018-08,Dorset Police,Dorset Police,-2.739453,50.736865,On or near King Charles Way,E01020498,West Dorset 006A,Vehicle crime,Investigation complete; no suspect identified,
8cb1a82dab560c4e2580e9b6ebe3e7adeff518f5b8c6f9d148b794003a3bc76e,2018-08,Dorset Police,Dorset Police,-2.739453,50.736865,On or near King Charles Way,E01020498,West Dorset 006A,Violence and sexual offences,Investigation complete; no suspect identified,
bfbe3203169b5f677c8219109640971c8cf1c2857926be25bf2848c15f049cc5,2018-08,Dorset Police,Dorset Police,-2.739514,50.747027,On or near Gore Cross Way,E01020498,West Dorset 006A,Violence and sexual offences,Offender given a caution,
8e8600d1874182efa6eef55585043d67e7f21f51c35083505afed233a18bda8b,2018-08,Dorset Police,Dorset Police,-2.740227,50.744585,On or near Spring Close,E01020498,West Dorset 006A,Violence and sexual offences,Unable to prosecute suspect,
,2018-08,Dorset Police,Dorset Police,-2.765133,50.739577,On or near Diments Gardens,E01020499,West Dorset 006B,Anti-social behaviour,,
,2018-08,Dorset Police,Dorset Police,-2.765133,50.739577,On or near Diments Gardens,E01020499,West Dorset 006B,Anti-social behaviour,,
,2018-08,Dorset Police,Dorset Police,-2.760782,50.741305,On or near Orchard Avenue,E01020499,West Dorset 006B,Anti-social behaviour,,
,2018-08,Dorset Police,Dorset Police,-2.760677,50.740074,On or near Armstrong Road,E01020499,West Dorset 006B,Anti-social behaviour,,
,2018-08,Dorset Police,Dorset Police,-2.765133,50.739577,On or near Diments Gardens,E01020499,West Dorset 006B,Anti-social behaviour,,
,2018-08,Dorset Police,Dorset Police,-2.760782,50.741305,On or near Orchard Avenue,E01020499,West Dorset 006B,Anti-social behaviour,,
,2018-08,Dorset Police,Dorset Police,-2.760737,50.741135,On or near Yarn Mill Close,E01020499,West Dorset 006B,Anti-social behaviour,,
99da89db2761235019390b1710f3283d49597f4ca76a3171abf5e383e1696a70,2018-08,Dorset Police,Dorset Police,-2.759470,50.740819,On or near Rivervale,E01020499,West Dorset 006B,Burglary,Unable to prosecute suspect,
09d2ecc2a2b676b400e733a15e26653f424614e3909e31735421032d9f27db6d,2018-08,Dorset Police,Dorset Police,-2.764701,50.738303,On or near North Allington,E01020499,West Dorset 006B,Criminal damage and arson,Investigation complete; no suspect identified,
,2018-08,Dorset Police,Dorset Police,-2.758502,50.735268,On or near North Street,E01020500,West Dorset 006C,Anti-social behaviour,,
,2018-08,Dorset Police,Dorset Police,-2.757216,50.733730,On or near Shopping Area,E01020500,West Dorset 006C,Anti-social behaviour,,
,2018-08,Dorset Police,Dorset Police,-2.758026,50.734767,On or near Parking Area,E01020500,West Dorset 006C,Anti-social behaviour,,
,2018-08,Dorset Police,Dorset Police,-2.757196,50.734251,On or near Rax Lane,E01020500,West Dorset 006C,Anti-social behaviour,,
,2018-08,Dorset Police,Dorset Police,-2.753130,50.734314,On or near Cordova Gardens,E01020500,West Dorset 006C,Anti-social behaviour,,
,2018-08,Dorset Police,Dorset Police,-2.757216,50.733730,On or near Shopping Area,E01020500,West Dorset 006C,Anti-social behaviour,,
,2018-08,Dorset Police,Dorset Police,-2.763121,50.736955,On or near Fulbrooks Close,E01020500,West Dorset 006C,Anti-social behaviour,,
,2018-08,Dorset Police,Dorset Police,-2.757216,50.733730,On or near Shopping Area,E01020500,West Dorset 006C,Anti-social behaviour,,
,2018-08,Dorset Police,Dorset Police,-2.757216,50.733730,On or near Shopping Area,E01020500,West Dorset 006C,Anti-social behaviour,,
,2018-08,Dorset Police,Dorset Police,-2.758026,50.734767,On or near Parking Area,E01020500,West Dorset 006C,Anti-social behaviour,,
18d45c886205b6a410076a36baa67359b658f046135c5ed840be7faaf55c2c0f,2018-08,Dorset Police,Dorset Police,-2.758502,50.735268,On or near North Street,E01020500,West Dorset 006C,Burglary,Investigation complete; no suspect identified,
253d4036059760577cd6464c64e4c7d904b0d6ead799c79b2152481bbc6dd33b,2018-08,Dorset Police,Dorset Police,-2.757431,50.733890,On or near Downes Street,E01020500,West Dorset 006C,Criminal damage and arson,Unable to prosecute suspect,
e9625c9fbd9c94a2999a5ed80892ab9f56e05081af9de2ea1bae1e83a0ce9e00,2018-08,Dorset Police,Dorset Police,-2.764428,50.735454,On or near St Swithins Place,E01020500,West Dorset 006C,Criminal damage and arson,Investigation complete; no suspect identified,
fc9fa7043ab67c5ddc47251f4fa16990654ba460b833b06c0d56662bb870227c,2018-08,Dorset Police,Dorset Police,-2.764428,50.735454,On or near St Swithins Place,E01020500,West Dorset 006C,Criminal damage and arson,Investigation complete; no suspect identified,
e7a47a278b8d452ede1aa36037707e26ee4198428cbfb58ce73d44d8a99deb3b,2018-08,Dorset Police,Dorset Police,-2.752724,50.734613,On or near St Andrews Road,E01020500,West Dorset 006C,Criminal damage and arson,Investigation complete; no suspect identified,
4fb2dc924f3e9413a86b6af210fbf97aa505e94e9bd970d9d08e818c00d36a3f,2018-08,Dorset Police,Dorset Police,-2.757216,50.733730,On or near Shopping Area,E01020500,West Dorset 006C,Drugs,Offender fined,
4806356a8c1748c620c797b696e125f28ad4f8eb92af139bd608895a7b36cf80,2018-08,Dorset Police,Dorset Police,-2.758584,50.737731,On or near North Mills Road,E01020500,West Dorset 006C,Other theft,Investigation complete; no suspect identified,
e0d1fb7e0b5e0bdb236ddbc34109ab705e1dd1219bd07a1cd96739c47c109919,2018-08,Dorset Police,Dorset Police,-2.757216,50.733730,On or near Shopping Area,E01020500,West Dorset 006C,Other theft,Investigation complete; no suspect identified,
ca72cea4186fe65d41b66c509a0a2c24a8e7427baf75b929d48fb0c36ffa81cd,2018-08,Dorset Police,Dorset Police,-2.757216,50.733730,On or near Shopping Area,E01020500,West Dorset 006C,Shoplifting,Investigation complete; no suspect identified,
3ea9d678ec27c75ac05e167bc8a1436617fdb2885e432488a5bf01c3a9af94ef,2018-08,Dorset Police,Dorset Police,-2.757216,50.733730,On or near Shopping Area,E01020500,West Dorset 006C,Shoplifting,Unable to prosecute suspect,
f9b989cac142d414dde6804b4c5351fa5817ae69acec643aae41888d77622053,2018-08,Dorset Police,Dorset Police,-2.757216,50.733730,On or near Shopping Area,E01020500,West Dorset 006C,Shoplifting,Unable to prosecute suspect,
e0033ea449ba4fc06f995c9ac64bd79be7110a7899b86b8d44f9d91b2eb113bd,2018-08,Dorset Police,Dorset Police,-2.757216,50.733730,On or near Shopping Area,E01020500,West Dorset 006C,Shoplifting,Court result unavailable,
b0e16f9818149dabf17345eed346112bd7bce771bc095179fd220d71b0afd45f,2018-08,Dorset Police,Dorset Police,-2.757216,50.733730,On or near Shopping Area,E01020500,West Dorset 006C,Shoplifting,Unable to prosecute suspect,
da868fcb56bc29083dfb16ca303ac327a5f89fb8e08221cf0a598ba03905aec8,2018-08,Dorset Police,Dorset Police,-2.757216,50.733730,On or near Shopping Area,E01020500,West Dorset 006C,Shoplifting,Unable to prosecute suspect,
d281f3e930b8cd4c3487598689941a8cba98b0a81a3ce01f4d4b26096810b1b1,2018-08,Dorset Police,Dorset Police,-2.763121,50.736955,On or near Fulbrooks Close,E01020500,West Dorset 006C,Vehicle crime,Investigation complete; no suspect identified,
01de63423df43891e62ed53ac0acb01a2e5b2318978fd82320c857190ab5e8cf,2018-08,Dorset Police,Dorset Police,-2.757431,50.733890,On or near Downes Street,E01020500,West Dorset 006C,Vehicle crime,Investigation complete; no suspect identified,
f789725743bd2705528f8c9fdd95dc47616e4d273739eb9a68fd2b8e91e5ab1c,2018-08,Dorset Police,Dorset Police,-2.757431,50.733890,On or near Downes Street,E01020500,West Dorset 006C,Violence and sexual offences,Unable to prosecute suspect,
00067f065c3218226953a561c392fe5d04f0933bf166491a215050ac8525701c,2018-08,Dorset Police,Dorset Police,-2.755972,50.738333,On or near Osbourne Road,E01020500,West Dorset 006C,Violence and sexual offences,Unable to prosecute suspect,
,2018-08,Dorset Police,Dorset Police,-2.748253,50.735910,On or near Sea Road North,E01020501,West Dorset 006D,Anti-social behaviour,,
bb9cd25f809fbff891cfc2eb5a2bee635fa08a4166305bd2588df51f4fcf9f1b,2018-08,Dorset Police,Dorset Police,-2.748218,50.738158,On or near Sports/Recreation Area,E01020501,West Dorset 006D,Shoplifting,Unable to prosecute suspect,
c882801510a47d936897b144ace1fcc3c3b51217b8b5b1ef76c2050617a514be,2018-08,Dorset Police,Dorset Police,-2.744076,50.742429,On or near Knightstone Rise,E01020501,West Dorset 006D,Vehicle crime,Investigation complete; no suspect identified,
1f9610f9af6473e9674a2b57a8d0e70bc2617e3b12ce65fa6080fb66e00507d1,2018-08,Dorset Police,Dorset Police,-2.744076,50.742429,On or near Knightstone Rise,E01020501,West Dorset 006D,Violence and sexual offences,Status update unavailable,
d22be2b36ddeaf671c6d0617fbfd0ef5f832e74eec7688a99f9a826d8ceda901,2018-08,Dorset Police,Dorset Police,-2.744076,50.742429,On or near Knightstone Rise,E01020501,West Dorset 006D,Violence and sexual offences,Investigation complete; no suspect identified,
1eabe8ebc2d491e784bb844eebbae93fab2c8fda3ae20757d257a85ab7a723d2,2018-08,Dorset Police,Dorset Police,-2.744076,50.742429,On or near Knightstone Rise,E01020501,West Dorset 006D,Violence and sexual offences,Unable to prosecute suspect,
,2018-08,Dorset Police,Dorset Police,-2.717328,50.723613,On or near Rockway,E01020507,West Dorset 007A,Anti-social behaviour,,
513422ec8e892bb5e4af1927a6edf6b2fa2450d9e9d33bd81d2fd1515c603479,2018-08,Dorset Police,Dorset Police,-2.663343,50.677791,On or near Beach Road,E01020507,West Dorset 007A,Burglary,Investigation complete; no suspect identified,
5142b21a24a5626dee2b483e9a1e89a10e558c041a2fe927c1054a33284380d4,2018-08,Dorset Police,Dorset Police,-2.705971,50.694699,On or near Parking Area,E01020507,West Dorset 007A,Burglary,Investigation complete; no suspect identified,
d3061be35e7dfccbc5a9c2971f68ca6826d26b611ecee2f0f4d257dfb18cba8c,2018-08,Dorset Police,Dorset Police,-2.726650,50.702539,On or near Mill Street,E01020507,West Dorset 007A,Criminal damage and arson,Unable to prosecute suspect,
c0ca3bc47e7a4ceef5002f09bf68b7fda1b05f3c07472550b9a4305adad64f4b,2018-08,Dorset Police,Dorset Police,-2.730057,50.703993,On or near Barr Lane,E01020507,West Dorset 007A,Other theft,Investigation complete; no suspect identified,
5699ba9bf877aba616c20571cdbc9f823b2262b5f11007b4347a41a0fab0b97b,2018-08,Dorset Police,Dorset Police,-2.727345,50.700781,On or near Petrol Station,E01020507,West Dorset 007A,Other theft,Court result unavailable,
3dca3da60e24c84ece2faaed50d66ab5d57a7f3cf8a39eb7e5a452e1cc390995,2018-08,Dorset Police,Dorset Police,-2.730057,50.703993,On or near Barr Lane,E01020507,West Dorset 007A,Other theft,Unable to prosecute suspect,
ef067d273f0cdc7753e7226e3871f74e44d5b8fe655eb6383d498528254d8c12,2018-08,Dorset Police,Dorset Police,-2.725963,50.704828,On or near South Annings,E01020507,West Dorset 007A,Public order,Unable to prosecute suspect,
1f523f0bcd85788dd25840cc70c67a35323830e39fc8b25de33728a118826c19,2018-08,Dorset Police,Dorset Police,-2.717328,50.723613,On or near Rockway,E01020507,West Dorset 007A,Violence and sexual offences,Unable to prosecute suspect,
,2018-08,Dorset Police,Dorset Police,-2.816104,50.731920,On or near Main Street,E01020517,West Dorset 007B,Anti-social behaviour,,
,2018-08,Dorset Police,Dorset Police,-2.785421,50.740072,On or near Shear Plot,E01020517,West Dorset 007B,Anti-social behaviour,,
,2018-08,Dorset Police,Dorset Police,-2.821961,50.733822,On or near Winniford Close,E01020517,West Dorset 007B,Anti-social behaviour,,
,2018-08,Dorset Police,Dorset Police,-2.767145,50.731722,On or near Magdalen Lane,E01020517,West Dorset 007B,Anti-social behaviour,,
,2018-08,Dorset Police,Dorset Police,-2.785421,50.740072,On or near Shear Plot,E01020517,West Dorset 007B,Anti-social behaviour,,
,2018-08,Dorset Police,Dorset Police,-2.819701,50.732650,On or near Fairfax,E01020517,West Dorset 007B,Anti-social behaviour,,
f65df4b1e986c6e7ff02980ba881132b3326600349e23a925b553febccf77261,2018-08,Dorset Police,Dorset Police,-2.879972,50.736024,On or near Stonebarrow Lane,E01020517,West Dorset 007B,Burglary,Investigation complete; no suspect identified,
b8f2f0ab5d529ab5cb6eae27e377265ffcfc0d7dd24c4ae33a6a86ea2760ad12,2018-08,Dorset Police,Dorset Police,-2.785421,50.740072,On or near Shear Plot,E01020517,West Dorset 007B,Criminal damage and arson,Investigation complete; no suspect identified,
6449fb71455834aa0bd7f75e4d06d85a0588e6295cab0b3dc1917ae3588c967b,2018-08,Dorset Police,Dorset Police,-2.820639,50.731987,On or near Duck Street,E01020517,West Dorset 007B,Other theft,Unable to prosecute suspect,
07ef8c83b28d14db8c230a8eaa26265a5c13704af2b1fd739f7888ed8f091df1,2018-08,Dorset Police,Dorset Police,-2.844769,50.739828,On or near Shedbush Lane,E01020517,West Dorset 007B,Vehicle crime,Investigation complete; no suspect identified,
7cf4840ff9d38b9bec778c08f0d56e550781739750ea519e79c29bc17f5c44ec,2018-08,Dorset Police,Dorset Police,-2.822457,50.722514,On or near Parking Area,E01020517,West Dorset 007B,Violence and sexual offences,Offender given a caution,
,2018-08,Dorset Police,Dorset Police,-2.740373,50.734045,On or near Valley View,E01020531,West Dorset 007C,Anti-social behaviour,,
,2018-08,Dorset Police,Dorset Police,-2.702440,50.740763,On or near Purbeck Close,E01020531,West Dorset 007C,Anti-social behaviour,,
4ac2c9d4df11541e629ddb3d4e9118c5b315ab3e07d9731069143af92a16f17b,2018-08,Dorset Police,Dorset Police,-2.714868,50.745328,On or near Highacres,E01020531,West Dorset 007C,Criminal damage and arson,Investigation complete; no suspect identified,
,2018-08,Dorset Police,Dorset Police,-2.754237,50.792597,On or near Tower Hill,E01020536,West Dorset 007D,Anti-social behaviour,,
,2018-08,Dorset Police,Dorset Police,-2.768787,50.748114,On or near Dottery Road,E01020536,West Dorset 007D,Anti-social behaviour,,
0c2296a0976d1b6049136ca7faa0663617daa402871ad3e48df0164eba838dfe,2018-08,Dorset Police,Dorset Police,-2.753220,50.791093,On or near Chantry Walk,E01020536,West Dorset 007D,Vehicle crime,Investigation complete; no suspect identified,
d24eaf3b17cda775b76eea44bf05cbf3c9d5a497e62aba8999e9a6c3cb4f3ae8,2018-08,Dorset Police,Dorset Police,-2.768787,50.748114,On or near Dottery Road,E01020536,West Dorset 007D,Violence and sexual offences,Unable to prosecute suspect,
b159f0793ddf995409041bbaab9b4a6e3d020abb28b509c1822ca031ff758a5b,2018-08,Dorset Police,Dorset Police,-2.759832,50.769297,On or near Pineapple Lane,E01020536,West Dorset 007D,Violence and sexual offences,Unable to prosecute suspect,
,2018-08,Dorset Police,Dorset Police,-2.764945,50.731539,On or near Arrow Field,E01020502,West Dorset 008A,Anti-social behaviour,,
,2018-08,Dorset Police,Dorset Police,-2.761586,50.729744,On or near Sports/Recreation Area,E01020502,West Dorset 008A,Anti-social behaviour,,
,2018-08,Dorset Police,Dorset Police,-2.760794,50.728086,On or near Sports/Recreation Area,E01020502,West Dorset 008A,Anti-social behaviour,,
98e3163d596c638d78888a329f7a790ac5ac963fab529fcfacb36a7c79952a6c,2018-08,Dorset Police,Dorset Police,-2.758820,50.729546,On or near Normandy Way,E01020502,West Dorset 008A,Burglary,Unable to prosecute suspect,
8adcf1359434871bd38a8291497ff3fa67399f14f7005af71256dd397e3be033,2018-08,Dorset Police,Dorset Police,-2.758820,50.729546,On or near Normandy Way,E01020502,West Dorset 008A,Burglary,Offender fined,
e464b5d288619b890e55d970531d3cc895efb74e510060c0a35cf9a809243bb1,2018-08,Dorset Police,Dorset Police,-2.758686,50.728225,On or near Doctor Roberts Close,E01020502,West Dorset 008A,Criminal damage and arson,Investigation complete; no suspect identified,
c3260e76c4bdad5eedc4462cb072e54585773a4ab1b994084f2d9ef7ae9c649c,2018-08,Dorset Police,Dorset Police,-2.756837,50.731349,On or near Parking Area,E01020502,West Dorset 008A,Criminal damage and arson,Investigation complete; no suspect identified,
07ba7990553f38a68d8765dc0385baf7f22b77d999c3f5b6928ca017bbcb475a,2018-08,Dorset Police,Dorset Police,-2.758686,50.728225,On or near Doctor Roberts Close,E01020502,West Dorset 008A,Other theft,Unable to prosecute suspect,
66e21cbc439f5b7a0b45b346fc35bc7e663e9452025ac94e1f969d16c760809e,2018-08,Dorset Police,Dorset Police,-2.758686,50.728225,On or near Doctor Roberts Close,E01020502,West Dorset 008A,Other theft,Unable to prosecute suspect,
8c7d623aea3f0e93879a50933d07fcaca6385048ca3d383cb98366a53b75c5ac,2018-08,Dorset Police,Dorset Police,-2.758686,50.728225,On or near Doctor Roberts Close,E01020502,West Dorset 008A,Other theft,Unable to prosecute suspect,
198412270e49d49ce90272094936c7c83663a98cd283131b4a211eeb65c68c61,2018-08,Dorset Police,Dorset Police,-2.760525,50.727170,On or near Parking Area,E01020502,West Dorset 008A,Shoplifting,Court result unavailable,
da6f3d924f6cdf7d68b1e00608ddacfd603ea7c355f3cc59b947444fe9958ecf,2018-08,Dorset Police,Dorset Police,-2.758686,50.728225,On or near Doctor Roberts Close,E01020502,West Dorset 008A,Shoplifting,Investigation complete; no suspect identified,
f7cca39bab6b693b497fd8bd3d11d4583ccbfd60aabb43e6f15513ee6a5744a4,2018-08,Dorset Police,Dorset Police,-2.758686,50.728225,On or near Doctor Roberts Close,E01020502,West Dorset 008A,Shoplifting,Offender fined,
a7034ebf617fe4066635171f4087f2f8583756e5644c1dc8afa741255d82923d,2018-08,Dorset Police,Dorset Police,-2.760794,50.728086,On or near Sports/Recreation Area,E01020502,West Dorset 008A,Violence and sexual offences,Unable to prosecute suspect,
a0692512401b0baeb2900822e3abeabf787637eee5327561522501d2c44d75ae,2018-08,Dorset Police,Dorset Police,-2.763224,50.727638,On or near Alexandra Court,E01020502,West Dorset 008A,Violence and sexual offences,Unable to prosecute suspect,
88f0af99b21457409ef5bf6019367741b264ee6e31fc405893db324b566f71c4,2018-08,Dorset Police,Dorset Police,-2.757153,50.731563,On or near Church Street,E01020502,West Dorset 008A,Violence and sexual offences,Unable to prosecute suspect,
161b75f0b70a970793e16bbadad50dfa2c033ebb0b45e7090f0bbbb3db62356f,2018-08,Dorset Police,Dorset Police,-2.758686,50.728225,On or near Doctor Roberts Close,E01020502,West Dorset 008A,Violence and sexual offences,Unable to prosecute suspect,
0f11d4368cba89fa601254dd765b545adcae17809fcdd528e0d4006cacd1b4be,2018-08,Dorset Police,Dorset Police,-2.757153,50.731563,On or near Church Street,E01020502,West Dorset 008A,Violence and sexual offences,Unable to prosecute suspect,
e0bf2ea6fd7c2527ab91ae2c2d6827bb647f61a44f7dc817c3de524a914d389d,2018-08,Dorset Police,Dorset Police,-2.763520,50.729273,On or near Princess Road,E01020502,West Dorset 008A,Violence and sexual offences,Unable to prosecute suspect,
,2018-08,Dorset Police,Dorset Police,-2.760820,50.734012,On or near West Street,E01020503,West Dorset 008B,Anti-social behaviour,,
,2018-08,Dorset Police,Dorset Police,-2.756556,50.732340,On or near Chancery Lane,E01020503,West Dorset 008B,Anti-social behaviour,,
,2018-08,Dorset Police,Dorset Police,-2.761353,50.732848,On or near St Michael'S Lane,E01020503,West Dorset 008B,Anti-social behaviour,,
aff54877a7f71ddd79ad66a8e915039e402b7cd69efa32dc51b5b231fde6adb6,2018-08,Dorset Police,Dorset Police,-2.755421,50.732284,On or near Parking Area,E01020503,West Dorset 008B,Bicycle theft,Investigation complete; no suspect identified,
03bf3bfb35ae2fe122b7e9f313cdac0012f7cc99625257faa8f159e4aea99704,2018-08,Dorset Police,Dorset Police,-2.748117,50.732754,On or near Crock Lane,E01020503,West Dorset 008B,Burglary,Investigation complete; no suspect identified,
1d1163971571b93d09ae32562fdcb0af82ac7049c14ac922bf744fbb11b9b419,2018-08,Dorset Police,Dorset Police,-2.757897,50.730254,On or near South Street,E01020503,West Dorset 008B,Burglary,Investigation complete; no suspect identified,
be2f315757135bed184e24a15138ea20fa55792d2a9bdaa7bab3859fbd46759d,2018-08,Dorset Police,Dorset Police,-2.756556,50.732340,On or near Chancery Lane,E01020503,West Dorset 008B,Criminal damage and arson,Unable to prosecute suspect,
645bd769ce5b687b93e66fb3437153b90ab23d37d3b161b90a1505a3ed6086b4,2018-08,Dorset Police,Dorset Police,-2.759528,50.732141,On or near Gundry Lane,E01020503,West Dorset 008B,Criminal damage and arson,Investigation complete; no suspect identified,
138d42f485ea3d8241154f9bebc64a51687120958069571ee687ba7337c69028,2018-08,Dorset Police,Dorset Police,-2.763067,50.732765,On or near Shopping Area,E01020503,West Dorset 008B,Other theft,Unable to prosecute suspect,
1c5f41f383a55b930b350a539adced1aec57c4fcfcb057b62f67671cc4cdae49,2018-08,Dorset Police,Dorset Police,-2.760544,50.733645,On or near Supermarket,E01020503,West Dorset 008B,Shoplifting,Unable to prosecute suspect,
8bbd901f9c2865695732e90222d4e12de55ffd2b6e894bb4c3ba3e14b7156d41,2018-08,Dorset Police,Dorset Police,-2.754227,50.732013,On or near Asker Gardens,E01020503,West Dorset 008B,Vehicle crime,Investigation complete; no suspect identified,
a5532393eff551695f9c0b5e18dd64114ee53f1ba2eb813cc363b43e6f7738b0,2018-08,Dorset Police,Dorset Police,-2.763067,50.732765,On or near Shopping Area,E01020503,West Dorset 008B,Vehicle crime,Investigation complete; no suspect identified,
4afc60301a59e20d233dafcf413083963d01b391b530d5b15edfc3b34e9f9aff,2018-08,Dorset Police,Dorset Police,-2.754969,50.733232,On or near East Street,E01020503,West Dorset 008B,Violence and sexual offences,Local resolution,
d8d3d37455adb2d6b8daa28ee3dbf1709e86fa43a3cac3da459d7610ef935a64,2018-08,Dorset Police,Dorset Police,-2.762359,50.733678,On or near Tannery Road,E01020503,West Dorset 008B,Violence and sexual offences,Court case unable to proceed,
78eb162c4f3658429b66ee89ee2ba321e034fe661bc46c5a99fb7cef09991362,2018-08,Dorset Police,Dorset Police,-2.761353,50.732848,On or near St Michael'S Lane,E01020503,West Dorset 008B,Violence and sexual offences,Investigation complete; no suspect identified,
ebad8377620c507308983ded92fa818b6d530a5964efefab1173a24bb25918a0,2018-08,Dorset Police,Dorset Police,-2.760820,50.734012,On or near West Street,E01020503,West Dorset 008B,Violence and sexual offences,Unable to prosecute suspect,
87601662c0cf4022031fc3b837fac4917770a3dfc89d6c2654b1f86de7df30e9,2018-08,Dorset Police,Dorset Police,-2.754969,50.733232,On or near East Street,E01020503,West Dorset 008B,Violence and sexual offences,Unable to prosecute suspect,
,2018-08,Dorset Police,Dorset Police,-2.757611,50.721353,On or near Wanderwell,E01020504,West Dorset 008C,Anti-social behaviour,,
,2018-08,Dorset Police,Dorset Police,-2.760164,50.710176,On or near Parking Area,E01020504,West Dorset 008C,Anti-social behaviour,,
,2018-08,Dorset Police,Dorset Police,-2.754173,50.726033,On or near Maple Gardens,E01020504,West Dorset 008C,Anti-social behaviour,,
,2018-08,Dorset Police,Dorset Police,-2.758165,50.713525,On or near Nightclub,E01020504,West Dorset 008C,Anti-social behaviour,,
,2018-08,Dorset Police,Dorset Police,-2.757611,50.721353,On or near Wanderwell,E01020504,West Dorset 008C,Anti-social behaviour,,
61bd754af873d7f21f1853ee0f04da8a585301c09a30d0127b20754f8da1b12e,2018-08,Dorset Police,Dorset Police,-2.765251,50.712049,On or near Forty Foot Way,E01020504,West Dorset 008C,Burglary,Unable to prosecute suspect,
e26acc9b937aee3d84ca2fb9b8018647679bd8546f398e3ffc31f0bf91ef315b,2018-08,Dorset Police,Dorset Police,-2.756943,50.715062,On or near Meadowlands,E01020504,West Dorset 008C,Criminal damage and arson,Investigation complete; no suspect identified,
014b8472f198c974d828710dd2bbabb0e0bc2a4de524325e0fd4907c3f07611c,2018-08,Dorset Police,Dorset Police,-2.758071,50.724362,On or near West Bay Road,E01020504,West Dorset 008C,Criminal damage and arson,Investigation complete; no suspect identified,
2b86de77ff508029e5b7d3bd5559deea78abb37fd5a82f7ff854ece9897c0c8e,2018-08,Dorset Police,Dorset Police,-2.757611,50.721353,On or near Wanderwell,E01020504,West Dorset 008C,Drugs,Formal action is not in the public interest,
1c3ca30e976e2205794459e5b5a8a5da4ac3016c956024e63608b8351fe66606,2018-08,Dorset Police,Dorset Police,-2.754354,50.715268,On or near Bramble Drive,E01020504,West Dorset 008C,Other theft,Investigation complete; no suspect identified,
22a9d0a6c7ce8518d82bb9c06d6151317ed8d36dd3575993a0494925719fd48c,2018-08,Dorset Police,Dorset Police,-2.753104,50.721175,On or near Coopers Drive,E01020504,West Dorset 008C,Other theft,Investigation complete; no suspect identified,
4041c402e819c0e308444f8bf8ab993f304c1fb64f14ac605a454e9bdce407f6,2018-08,Dorset Police,Dorset Police,-2.764294,50.710671,On or near Parking Area,E01020504,West Dorset 008C,Theft from the person,Investigation complete; no suspect identified,
b0c27559450a6546392a1807246c8e3976248804f7a8ecf4916db88b5fa46fb0,2018-08,Dorset Police,Dorset Police,-2.755846,50.719062,On or near Marsh Gate,E01020504,West Dorset 008C,Vehicle crime,Investigation complete; no suspect identified,
879c261cace31f5b015b5563dba7947aef9acefe1d5191c66b62c0ac204ca0fe,2018-08,Dorset Police,Dorset Police,-2.760164,50.710176,On or near Parking Area,E01020504,West Dorset 008C,Violence and sexual offences,Unable to prosecute suspect,
9b5fa60039eddfd1a198f80583544634ea75a48e9bc556d885e248aa5116265d,2018-08,Dorset Police,Dorset Police,-2.761730,50.710625,On or near Parking Area,E01020504,West Dorset 008C,Violence and sexual offences,Local resolution,
06427c1a869f66d1f7523969f293c45deca10fdae541a78e7299aab31e0f944b,2018-08,Dorset Police,Dorset Police,-2.765251,50.712049,On or near Forty Foot Way,E01020504,West Dorset 008C,Violence and sexual offences,Unable to prosecute suspect,
f902c42e2c46e287dd3b8cac2b351bda60173a8f9c0b55acbef0af72c15f4160,2018-08,Dorset Police,Dorset Police,-2.765251,50.712049,On or near Forty Foot Way,E01020504,West Dorset 008C,Violence and sexual offences,Court result unavailable,
e0b8148a123de418ee474901cf88730165b305e9af46b31b4c473395002c66c1,2018-08,Dorset Police,Dorset Police,-2.760164,50.710176,On or near Parking Area,E01020504,West Dorset 008C,Violence and sexual offences,Court result unavailable,
,2018-08,Dorset Police,Dorset Police,-2.444530,50.707131,On or near Lime Close,E01020526,West Dorset 009C,Anti-social behaviour,,
59d5b0f1fea80ae150aee9869afcf37ca39f163e83329c29f56ce4577fc8a47a,2018-08,Dorset Police,Dorset Police,-2.449475,50.705889,On or near Garfield Avenue,E01020526,West Dorset 009C,Burglary,Investigation complete; no suspect identified,
77f7016343b06c3be413a8bc28f29bfe37955f0743e9a43c7ffce2ddf19e0c36,2018-08,Dorset Police,Dorset Police,-2.449489,50.708821,On or near Coburg Road,E01020526,West Dorset 009C,Criminal damage and arson,Investigation complete; no suspect identified,
c5f3b883d240862ca23f83933ff560ad429a6dd496adc55f0d4fa84c359fbc51,2018-08,Dorset Police,Dorset Police,-2.455844,50.709893,On or near Castle Close,E01020526,West Dorset 009C,Other theft,Investigation complete; no suspect identified,
13d0e69f464ea70e840fb7291991fc2b402776f3bb2d8b615c9c343afdea18be,2018-08,Dorset Police,Dorset Police,-2.448914,50.709435,On or near Louise Road,E01020526,West Dorset 009C,Public order,Unable to prosecute suspect,
86eaa70949794d71411dc8daa11c5f5e03f3781e679faa423453e99618264ab1,2018-08,Dorset Police,Dorset Police,-2.449301,50.706951,On or near Treves Road,E01020526,West Dorset 009C,Violence and sexual offences,Unable to prosecute suspect,
,2018-08,Dorset Police,Dorset Police,-2.446327,50.709948,On or near Maud Road,E01020527,West Dorset 009D,Anti-social behaviour,,
,2018-08,Dorset Police,Dorset Police,-2.446327,50.709948,On or near Maud Road,E01020527,West Dorset 009D,Anti-social behaviour,,
d98505be2b51bbb3b61088eeab01b40bd59cad0470414c8e53154b7bf026c2bb,2018-08,Dorset Police,Dorset Police,-2.447975,50.710436,On or near Alice Road,E01020527,West Dorset 009D,Bicycle theft,Investigation complete; no suspect identified,
82126d29b1959f00a9a90bab83fdab492aeac59e589b913c7a604fe6cc737fd9,2018-08,Dorset Police,Dorset Police,-2.443653,50.710201,On or near Alexandra Road,E01020527,West Dorset 009D,Bicycle theft,Investigation complete; no suspect identified,
046ad00262250b659a2d66bc03e214c8c6c333f6a85bde143cc1520a10bd7ca7,2018-08,Dorset Police,Dorset Police,-2.451091,50.710469,On or near Marie Road,E01020527,West Dorset 009D,Criminal damage and arson,Investigation complete; no suspect identified,
37cc18b3fe850c142fa0201515f9837aaf528a9f58f7f1f666aec8e781b05116,2018-08,Dorset Police,Dorset Police,-2.446327,50.709948,On or near Maud Road,E01020527,West Dorset 009D,Other theft,Investigation complete; no suspect identified,
efb3ac3149135f100079bb695c0bef75b226cbbbcd3e5aa942683802a40511ae,2018-08,Dorset Police,Dorset Police,-2.446327,50.709948,On or near Maud Road,E01020527,West Dorset 009D,Violence and sexual offences,Investigation complete; no suspect identified,
e026aaf681d90203b7508675322139ee1a7c444c5c415c12fdd66972db463754,2018-08,Dorset Police,Dorset Police,-2.444987,50.710556,On or near Dagmar Road,E01020527,West Dorset 009D,Violence and sexual offences,Unable to prosecute suspect,
,2018-08,Dorset Police,Dorset Police,-2.452211,50.710618,On or near Windsor Road,E01020528,West Dorset 009E,Anti-social behaviour,,
,2018-08,Dorset Police,Dorset Police,-2.458788,50.711132,On or near Brookhouse Street,E01020528,West Dorset 009E,Anti-social behaviour,,
,2018-08,Dorset Police,Dorset Police,-2.454666,50.713981,On or near Wessex Way,E01020528,West Dorset 009E,Anti-social behaviour,,
,2018-08,Dorset Police,Dorset Police,-2.456654,50.713047,On or near Whitfield Road,E01020528,West Dorset 009E,Anti-social behaviour,,
1f321d75ed50851386732c45df743df1f0eb2aa3570972aa948e4ac50fea2368,2018-08,Dorset Police,Dorset Police,-2.455228,50.713547,On or near Liscombe Close,E01020528,West Dorset 009E,Drugs,Offender given a caution,
f190996625f72b47cf1ea7d792585b8c21e0e58b38c91a7663529fa27999f531,2018-08,Dorset Police,Dorset Police,-2.454125,50.712238,On or near Damer'S Road,E01020528,West Dorset 009E,Other theft,Unable to prosecute suspect,
aa64e9aec145c4ebc124e98e97d5bf846ab1b9a7e1e3a6bbf414f1383dacfb54,2018-08,Dorset Police,Dorset Police,-2.460198,50.711981,On or near Nantillo Street,E01020528,West Dorset 009E,Other theft,Investigation complete; no suspect identified,
f7a1af9e43387e6cb07292ade1bd58fb47a06e3837e9400856727c1690fa2cd7,2018-08,Dorset Police,Dorset Police,-2.456469,50.711510,On or near Blagdon Road,E01020528,West Dorset 009E,Public order,Investigation complete; no suspect identified,
3cb16a7b3267a4044667609ac9a659b367ca98548b35ec292ea337cd243e7724,2018-08,Dorset Police,Dorset Police,-2.457938,50.708266,On or near Sports/Recreation Area,E01020528,West Dorset 009E,Violence and sexual offences,Unable to prosecute suspect,
dd9c84d8a82e3a60615e5a0d0410b447dcb7ac13617e57bf701e4eb16dd74d43,2018-08,Dorset Police,Dorset Police,-2.454666,50.713981,On or near Wessex Way,E01020528,West Dorset 009E,Violence and sexual offences,Offender given a caution,
3dde142a8ffe4a86767aaa0bddf5e638b84557134157f86f13ffa8f07272cf62,2018-08,Dorset Police,Dorset Police,-2.462672,50.711521,On or near Victor Jackson Avenue,E01020528,West Dorset 009E,Violence and sexual offences,Unable to prosecute suspect,
25534649388fcc955fa4e8fb4ae41cd89713eb3153f85ee3fc6cc4adef5430ee,2018-08,Dorset Police,Dorset Police,-2.457938,50.708266,On or near Sports/Recreation Area,E01020528,West Dorset 009E,Violence and sexual offences,Further investigation is not in the public interest,
c66153102601cb268029c7e50220cfba6908130a9bf4aa8af31f8aff442b59c9,2018-08,Dorset Police,Dorset Police,-2.457938,50.708266,On or near Sports/Recreation Area,E01020528,West Dorset 009E,Violence and sexual offences,Unable to prosecute suspect,
,2018-08,Dorset Police,Dorset Police,-2.470448,50.712992,On or near Sherberton Street,E01032641,West Dorset 009F,Anti-social behaviour,,
,2018-08,Dorset Police,Dorset Police,-2.463217,50.713596,On or near Monnington Lane,E01032641,West Dorset 009F,Anti-social behaviour,,
,2018-08,Dorset Police,Dorset Police,-2.452996,50.714212,On or near Poundbury Crescent,E01032641,West Dorset 009F,Anti-social behaviour,,
,2018-08,Dorset Police,Dorset Police,-2.468399,50.713405,On or near Challacombe Square,E01032641,West Dorset 009F,Anti-social behaviour,,
,2018-08,Dorset Police,Dorset Police,-2.461411,50.712929,On or near Highdown Avenue,E01032641,West Dorset 009F,Anti-social behaviour,,
,2018-08,Dorset Police,Dorset Police,-2.463630,50.713855,On or near Moraston Street,E01032641,West Dorset 009F,Anti-social behaviour,,
,2018-08,Dorset Police,Dorset Police,-2.467766,50.715269,On or near Ringhill Street,E01032641,West Dorset 009F,Anti-social behaviour,,
4c9fd58ef3861118480c4652d0831944736f7e3391ba6cb28a62abb1af8aebc3,2018-08,Dorset Police,Dorset Police,-2.459324,50.712380,On or near Bridport Road,E01032641,West Dorset 009F,Criminal damage and arson,Investigation complete; no suspect identified,
47e5921e1b3ffcd31502d2bb49b6d54f6acbc506d217e7cd1a156381364dfef4,2018-08,Dorset Police,Dorset Police,-2.468671,50.715166,On or near Headland Warren,E01032641,West Dorset 009F,Criminal damage and arson,Investigation complete; no suspect identified,
6dd77574b632d165ce57ed5eee663e73e01c6d06759e745dcd0e28d419cd3a4a,2018-08,Dorset Police,Dorset Police,-2.469284,50.714157,On or near Peverell Avenue West,E01032641,West Dorset 009F,Criminal damage and arson,Investigation complete; no suspect identified,
f779581c0bf1e5274c6be5ce99ada548b8d98c873126b3890b723850bfacc9c9,2018-08,Dorset Police,Dorset Police,-2.467766,50.715269,On or near Ringhill Street,E01032641,West Dorset 009F,Drugs,Local resolution,
188799985317a897d6cb4708f04d63596a09746330ca52b8fb996b59e32679b5,2018-08,Dorset Police,Dorset Police,-2.463217,50.713596,On or near Monnington Lane,E01032641,West Dorset 009F,Other theft,Investigation complete; no suspect identified,
d5742f6dc1042fbed5757c6d34ebadff6a4de4de3635ae5b69914c35763c678f,2018-08,Dorset Police,Dorset Police,-2.467766,50.715269,On or near Ringhill Street,E01032641,West Dorset 009F,Shoplifting,Offender fined,
b54e4397e90adbff0caa481e74a43aa0dbeedd755c9726e82dc44bc56666634b,2018-08,Dorset Police,Dorset Police,-2.467766,50.715269,On or near Ringhill Street,E01032641,West Dorset 009F,Shoplifting,Court result unavailable,
9cce5b54bddffed28046ed591c8a7d27986f33b3a70840dbe98944e8528453d3,2018-08,Dorset Police,Dorset Police,-2.467766,50.715269,On or near Ringhill Street,E01032641,West Dorset 009F,Shoplifting,Court result unavailable,
fe2030db48c2c158e983a43ed0205ea58f0ba44e1952b7ac7d4b03ae77c2688d,2018-08,Dorset Police,Dorset Police,-2.463774,50.712650,On or near Aconbury Avenue,E01032641,West Dorset 009F,Vehicle crime,Investigation complete; no suspect identified,
e93112d60bc00bd52709f049a902af1dc8912cdd3a8a2879365ce27df24181e6,2018-08,Dorset Police,Dorset Police,-2.469539,50.712681,On or near Yardworthy,E01032641,West Dorset 009F,Violence and sexual offences,Offender given community sentence,
cef4302e8a29070842100d36fffd979b0243dfeea4ea528afff369104d2bf052,2018-08,Dorset Police,Dorset Police,-2.467766,50.715269,On or near Ringhill Street,E01032641,West Dorset 009F,Violence and sexual offences,Unable to prosecute suspect,
,2018-08,Dorset Police,Dorset Police,-2.446745,50.715189,On or near St Thomas Road,E01032643,West Dorset 009G,Anti-social behaviour,,
,2018-08,Dorset Police,Dorset Police,-2.452512,50.716822,On or near Plassey Close,E01032643,West Dorset 009G,Anti-social behaviour,,
,2018-08,Dorset Police,Dorset Police,-2.435242,50.716564,On or near Orchard Street,E01032643,West Dorset 009G,Anti-social behaviour,,
,2018-08,Dorset Police,Dorset Police,-2.443770,50.713645,On or near St Helen'S Road,E01032643,West Dorset 009G,Anti-social behaviour,,
05872b464654a5277e68b5027a19ef1a6340f6d82d810e9204bfb55ca6062add,2018-08,Dorset Police,Dorset Police,-2.439506,50.716530,On or near Glyde Path Road,E01032643,West Dorset 009G,Bicycle theft,Investigation complete; no suspect identified,
ae0a1100eb405f8a9a040a4d40764a7f458775119e9485b0229922f48dd6e25e,2018-08,Dorset Police,Dorset Police,-2.447063,50.717292,On or near Shopping Area,E01032643,West Dorset 009G,Burglary,Investigation complete; no suspect identified,
bc43d9d4e952d9b8e0d94558e8c5af7aebb06634f86e2b39e0a234ad3d6fbb48,2018-08,Dorset Police,Dorset Police,-2.441511,50.718941,On or near Petrol Station,E01032643,West Dorset 009G,Burglary,Investigation complete; no suspect identified,
96fb39b1d0b66e4279f81e5b2fd343323287b04a02dbd12a2a312c55c36ea5a0,2018-08,Dorset Police,Dorset Police,-2.442611,50.712354,On or near Victoria Road,E01032643,West Dorset 009G,Criminal damage and arson,Investigation complete; no suspect identified,
832934c7b89b7f988d8031897941a6f2638d95698f7557eb25d2a2e1f3a88b47,2018-08,Dorset Police,Dorset Police,-2.442611,50.712354,On or near Victoria Road,E01032643,West Dorset 009G,Criminal damage and arson,Offender ordered to pay compensation,
e5234e629529547b77211c3e12321ae14b25488cacf84d1a40cec352cfa45b53,2018-08,Dorset Police,Dorset Police,-2.442611,50.712354,On or near Victoria Road,E01032643,West Dorset 009G,Criminal damage and arson,Investigation complete; no suspect identified,
c82ce357f8a4f3ce1fa7744ad9841ef2882113f527fa6e0f9800921d6224e37c,2018-08,Dorset Police,Dorset Police,-2.442611,50.712354,On or near Victoria Road,E01032643,West Dorset 009G,Criminal damage and arson,Investigation complete; no suspect identified,
6da849f7e6dcfa83b65f6fd4ad39bf7fca6dc08391fd48611f1f940f7a4f6917,2018-08,Dorset Police,Dorset Police,-2.448297,50.714563,On or near Hawthorne Road,E01032643,West Dorset 009G,Criminal damage and arson,Investigation complete; no suspect identified,
657ab169c9151d102f36d45cbed5793123023e2e6f33edfad62c432a00f3d355,2018-08,Dorset Police,Dorset Police,-2.448297,50.714563,On or near Hawthorne Road,E01032643,West Dorset 009G,Criminal damage and arson,Investigation complete; no suspect identified,
b2d9c9e6377a2c74749c1772ff533e7b476a3806965fdaea05c2c97795d113af,2018-08,Dorset Police,Dorset Police,-2.447139,50.713452,On or near Hospital,E01032643,West Dorset 009G,Drugs,Formal action is not in the public interest,
78ba1fef95a1a0b74b313c18b164dd2736d10d0465853e71440bdaf0e957fd81,2018-08,Dorset Police,Dorset Police,-2.442388,50.718731,On or near B3147,E01032643,West Dorset 009G,Other theft,Unable to prosecute suspect,
40d52604cd63fcafd479bdb0b576873bbcf5e241227c97f41a58dafa1e229a88,2018-08,Dorset Police,Dorset Police,-2.442388,50.718731,On or near B3147,E01032643,West Dorset 009G,Other theft,Investigation complete; no suspect identified,
602f824a9fa135aaa19a8dc790dcf4f8b7607b340f8a1b3cf382486bd408bfa6,2018-08,Dorset Police,Dorset Police,-2.448297,50.714563,On or near Hawthorne Road,E01032643,West Dorset 009G,Other theft,Investigation complete; no suspect identified,
25e910d2180af37fff733331eb1d866f03698a04dfed767d55c2199fbb0dcbf0,2018-08,Dorset Police,Dorset Police,-2.447139,50.713452,On or near Hospital,E01032643,West Dorset 009G,Shoplifting,Court result unavailable,
697248b310e1c0d8b78116a9f23b3f9035faf5fd94b45f96022540f86d3aec51,2018-08,Dorset Police,Dorset Police,-2.442740,50.714081,On or near Cornwall Road,E01032643,West Dorset 009G,Vehicle crime,Investigation complete; no suspect identified,
37b92554e041cde035d6fbfa2e02b4f0ba45d503091f5efeab5d28eef0ee72a3,2018-08,Dorset Police,Dorset Police,-2.452512,50.716822,On or near Plassey Close,E01032643,West Dorset 009G,Vehicle crime,Investigation complete; no suspect identified,
3563450c6704d72b28938187dbc384952cff9da5913c909588a30d002a9220a3,2018-08,Dorset Police,Dorset Police,-2.453557,50.716494,On or near Normandy Way,E01032643,West Dorset 009G,Vehicle crime,Investigation complete; no suspect identified,
efa0b3959b5f859fd78fdf934cdc2d32197312e477fa01917def2d3cf72c8d17,2018-08,Dorset Police,Dorset Police,-2.447139,50.713452,On or near Hospital,E01032643,West Dorset 009G,Violence and sexual offences,Investigation complete; no suspect identified,
ca4fa2272dd99071b8842a2e5e9bff40802311b267397270efb4145a8257bcbc,2018-08,Dorset Police,Dorset Police,-2.446745,50.715189,On or near St Thomas Road,E01032643,West Dorset 009G,Violence and sexual offences,Unable to prosecute suspect,
ebbfc3573b8be93d8ce48b68c88f15d5290f64b56c6a1a48b72444801c24d0d0,2018-08,Dorset Police,Dorset Police,-2.446745,50.715189,On or near St Thomas Road,E01032643,West Dorset 009G,Violence and sexual offences,Investigation complete; no suspect identified,
d47787b67d073c4e9a2bb84dd7075169c9306829cda745f0ad5afd51b1fc500b,2018-08,Dorset Police,Dorset Police,-2.442388,50.718731,On or near B3147,E01032643,West Dorset 009G,Violence and sexual offences,Court result unavailable,
c69f40af0610beaddbb27ec96e769392d875f37001b3fb9c8f6e9e04eae9d2e2,2018-08,Dorset Police,Dorset Police,-2.439506,50.716530,On or near Glyde Path Road,E01032643,West Dorset 009G,Violence and sexual offences,Further investigation is not in the public interest,
7203aa4be5e88389f89c653980b9034856973570088af90536693726be1bc803,2018-08,Dorset Police,Dorset Police,-2.447063,50.717292,On or near Shopping Area,E01032643,West Dorset 009G,Other crime,Unable to prosecute suspect,
,2018-08,Dorset Police,Dorset Police,-2.439717,50.714856,On or near Alington Street,E01032644,West Dorset 009H,Anti-social behaviour,,
,2018-08,Dorset Police,Dorset Police,-2.436234,50.713503,On or near Charles Street,E01032644,West Dorset 009H,Anti-social behaviour,,
,2018-08,Dorset Police,Dorset Police,-2.435173,50.715170,On or near Church Street,E01032644,West Dorset 009H,Anti-social behaviour,,
,2018-08,Dorset Police,Dorset Police,-2.439717,50.714856,On or near Alington Street,E01032644,West Dorset 009H,Anti-social behaviour,,
,2018-08,Dorset Police,Dorset Police,-2.436807,50.712691,On or near Shopping Area,E01032644,West Dorset 009H,Anti-social behaviour,,
,2018-08,Dorset Police,Dorset Police,-2.439717,50.714856,On or near Alington Street,E01032644,West Dorset 009H,Anti-social behaviour,,
,2018-08,Dorset Police,Dorset Police,-2.435173,50.715170,On or near Church Street,E01032644,West Dorset 009H,Anti-social behaviour,,
,2018-08,Dorset Police,Dorset Police,-2.436633,50.713798,On or near Shopping Area,E01032644,West Dorset 009H,Anti-social behaviour,,
,2018-08,Dorset Police,Dorset Police,-2.437866,50.712345,On or near Supermarket,E01032644,West Dorset 009H,Anti-social behaviour,,
,2018-08,Dorset Police,Dorset Police,-2.436807,50.712691,On or near Shopping Area,E01032644,West Dorset 009H,Anti-social behaviour,,
,2018-08,Dorset Police,Dorset Police,-2.439717,50.714856,On or near Alington Street,E01032644,West Dorset 009H,Anti-social behaviour,,
,2018-08,Dorset Police,Dorset Police,-2.439394,50.713635,On or near Somerleigh Road,E01032644,West Dorset 009H,Anti-social behaviour,,
,2018-08,Dorset Police,Dorset Police,-2.442315,50.716987,On or near School Lane,E01032644,West Dorset 009H,Anti-social behaviour,,
,2018-08,Dorset Police,Dorset Police,-2.439717,50.714856,On or near Alington Street,E01032644,West Dorset 009H,Anti-social behaviour,,
32302cf2e74627175b13feb7dfd847794d032fc79a18ec33f60928d75201466f,2018-08,Dorset Police,Dorset Police,-2.437560,50.714505,On or near Supermarket,E01032644,West Dorset 009H,Burglary,Investigation complete; no suspect identified,
30fd30284b59bcad27f9d62b3d6b3365cdaf44e8fd38f9deadd7734106d0552d,2018-08,Dorset Police,Dorset Police,-2.437866,50.712345,On or near Supermarket,E01032644,West Dorset 009H,Burglary,Investigation complete; no suspect identified,
8864194f1aacda8e0137e705bac5c9d1d149c71994f2b69a2248d93137698a0d,2018-08,Dorset Police,Dorset Police,-2.437848,50.713434,On or near Shopping Area,E01032644,West Dorset 009H,Criminal damage and arson,Investigation complete; no suspect identified,
e0841ae4ab92738c6a910ac56b64b2f5a98242cab981b1f4ea46c2606bcddc8a,2018-08,Dorset Police,Dorset Police,-2.437560,50.714505,On or near Supermarket,E01032644,West Dorset 009H,Drugs,Offender given a drugs possession warning,
278bde044e8e8957f5382df181c3fd47d2877ea1fd247b071393371336be1389,2018-08,Dorset Police,Dorset Police,-2.439717,50.714856,On or near Alington Street,E01032644,West Dorset 009H,Drugs,Offender given a drugs possession warning,
948ea4266e44f4318532379afe60e472b7b27fa29e449e124b21128a7d56938f,2018-08,Dorset Police,Dorset Police,-2.434143,50.715660,On or near High East Street,E01032644,West Dorset 009H,Other theft,Investigation complete; no suspect identified,
6dc6b248fde7fcd89ae65a4b724a195b8245eb9d9cc3cf684d7831f440b3566b,2018-08,Dorset Police,Dorset Police,-2.442653,50.715286,On or near Parking Area,E01032644,West Dorset 009H,Other theft,Status update unavailable,
7d58d3ff59f2113b26602e2837ef60237e46ccab5bd4195561034a2be37d1636,2018-08,Dorset Police,Dorset Police,-2.435590,50.714287,On or near Supermarket,E01032644,West Dorset 009H,Other theft,Status update unavailable,
49746b4e1265ffaee4e3d9d6b6288b6c95af24342538bf57a5da3fa4e2cbb4d3,2018-08,Dorset Police,Dorset Police,-2.437560,50.714505,On or near Supermarket,E01032644,West Dorset 009H,Other theft,Investigation complete; no suspect identified,
22a755448d25305c23dbe4486a0b089d585c1b9fa1f8e63c1295e165da194f21,2018-08,Dorset Police,Dorset Police,-2.438488,50.715293,On or near High West Street,E01032644,West Dorset 009H,Other theft,Unable to prosecute suspect,
68a884621f205cb8e4a73dc352b0a6331aa6af8bcd2676ccc23c9d6b8500e693,2018-08,Dorset Police,Dorset Police,-2.443179,50.717002,On or near West Mills Road,E01032644,West Dorset 009H,Other theft,Investigation complete; no suspect identified,
04680cb1c647b6af6e064dc5d0e255b91c64873b85bbcef740d447a5f0921559,2018-08,Dorset Police,Dorset Police,-2.439394,50.713635,On or near Somerleigh Road,E01032644,West Dorset 009H,Public order,Unable to prosecute suspect,
120c2c3b1be0af1260a67a882ce98c81d348774b31f61797dccbc049130f4831,2018-08,Dorset Police,Dorset Police,-2.439685,50.714560,On or near Prince'S Street,E01032644,West Dorset 009H,Shoplifting,Court result unavailable,
ed580348b386f1a29da0ea004c596d43644269afa857d0202cce5bc8dcf052a2,2018-08,Dorset Police,Dorset Police,-2.436807,50.712691,On or near Shopping Area,E01032644,West Dorset 009H,Shoplifting,Unable to prosecute suspect,
7bebbd7a4598b49afb2a6a341ee60fa63d77b6bc6f05d0d2ce36ea995cc98642,2018-08,Dorset Police,Dorset Police,-2.435590,50.714287,On or near Supermarket,E01032644,West Dorset 009H,Shoplifting,Unable to prosecute suspect,
86038ebabfbdf0062b63cfee8201fc6e549bc709114c59b473ebc3be2d89aa22,2018-08,Dorset Police,Dorset Police,-2.438683,50.713358,On or near Supermarket,E01032644,West Dorset 009H,Shoplifting,Investigation complete; no suspect identified,
1b41356c4da8ad9ea3f601765441eb008fd048e23b33774f1cf73bc84e73c99a,2018-08,Dorset Police,Dorset Police,-2.436633,50.713798,On or near Shopping Area,E01032644,West Dorset 009H,Shoplifting,Court result unavailable,
1d90b66c6fab802668a16745839be382899305c81ed6ca2f51fc8ef5b66b0086,2018-08,Dorset Police,Dorset Police,-2.436807,50.712691,On or near Shopping Area,E01032644,West Dorset 009H,Shoplifting,Offender fined,
22bf6a61a91b28bfe420204a0939a90517f2c6a7e56e390e2290ba4c07d54da4,2018-08,Dorset Police,Dorset Police,-2.437560,50.714505,On or near Supermarket,E01032644,West Dorset 009H,Shoplifting,Investigation complete; no suspect identified,
20bcfde88824b563eb41a0fc8e621dc911a770cf5c86a013514de97af74ba8b3,2018-08,Dorset Police,Dorset Police,-2.436633,50.713798,On or near Shopping Area,E01032644,West Dorset 009H,Shoplifting,Investigation complete; no suspect identified,
76914baad2ea35453d77dd2ea2ebc63cd1fe07e038e9c4ed669edb778b8532df,2018-08,Dorset Police,Dorset Police,-2.436633,50.713798,On or near Shopping Area,E01032644,West Dorset 009H,Shoplifting,Unable to prosecute suspect,
22a73b2b186cb0a85bd4123598eb60e5bf7b2d47632a768b2c7e021748232477,2018-08,Dorset Police,Dorset Police,-2.436633,50.713798,On or near Shopping Area,E01032644,West Dorset 009H,Shoplifting,Unable to prosecute suspect,
965e6119518ef9dfe032deef58993e3004ef2e6b64b23702bde14ad3bf74385c,2018-08,Dorset Police,Dorset Police,-2.437560,50.714505,On or near Supermarket,E01032644,West Dorset 009H,Shoplifting,Court result unavailable,
ab0bc7f6d46608baa249ea458539e7221dc467ba362bff8c4babf27c2469d3be,2018-08,Dorset Police,Dorset Police,-2.437560,50.714505,On or near Supermarket,E01032644,West Dorset 009H,Shoplifting,Unable to prosecute suspect,
7e88b151373bc3f1a988d7b040570e48d52c25deb542d6498c8cccdeed36446c,2018-08,Dorset Police,Dorset Police,-2.436633,50.713798,On or near Shopping Area,E01032644,West Dorset 009H,Shoplifting,Court result unavailable,
c1b296778cf63242220526679ab2fe012572e9c569e5d0cfadcbe9cb466eba87,2018-08,Dorset Police,Dorset Police,-2.438683,50.713358,On or near Supermarket,E01032644,West Dorset 009H,Shoplifting,Investigation complete; no suspect identified,
cd95e1d9f6fc389ec4c9b64350d9738c749ca4c92981c75b281b3538dbf95187,2018-08,Dorset Police,Dorset Police,-2.438683,50.713358,On or near Supermarket,E01032644,West Dorset 009H,Shoplifting,Unable to prosecute suspect,
1855bbc1fed011887b54378ba1f3216cdf8c11457f65b66a7d5674212a223670,2018-08,Dorset Police,Dorset Police,-2.439685,50.714560,On or near Prince'S Street,E01032644,West Dorset 009H,Shoplifting,Court result unavailable,
23d7d645c6a80c94039c696b4cd7e19b8906e694588b176a6cb126ed92a2f8e1,2018-08,Dorset Police,Dorset Police,-2.437560,50.714505,On or near Supermarket,E01032644,West Dorset 009H,Shoplifting,Investigation complete; no suspect identified,
87bc4b31fb03eec33e880f2873a9a977183adc29ac859bf609af6ed07c40f914,2018-08,Dorset Police,Dorset Police,-2.442653,50.715286,On or near Parking Area,E01032644,West Dorset 009H,Theft from the person,Unable to prosecute suspect,
5541dac0543e93465696027d19853b68465a4f983611e58a0290d50a564932e8,2018-08,Dorset Police,Dorset Police,-2.434143,50.715660,On or near High East Street,E01032644,West Dorset 009H,Violence and sexual offences,Unable to prosecute suspect,
48f037ec49ae3195a6d44b4c9fdf73d8159068fec43cdad34d153ce6ddd1e673,2018-08,Dorset Police,Dorset Police,-2.436664,50.715641,On or near The Bow,E01032644,West Dorset 009H,Violence and sexual offences,Court result unavailable,
5a7a9353b4e121580f91e96ac8380bb5be87d38ad58a4f51b5d93577a3459381,2018-08,Dorset Police,Dorset Police,-2.442653,50.715286,On or near Parking Area,E01032644,West Dorset 009H,Violence and sexual offences,Action to be taken by another organisation,
7bb4d265d5fbc3966e97c0a1a8097e95bcd015a6112031f650f138ec121b9fe0,2018-08,Dorset Police,Dorset Police,-2.437849,50.713523,On or near Trinity Street,E01032644,West Dorset 009H,Violence and sexual offences,Local resolution,
34f6d68af65f78b0a0d613695bd4acafe217db65e10df67d639f5cbe9f5a0855,2018-08,Dorset Police,Dorset Police,-2.436633,50.713798,On or near Shopping Area,E01032644,West Dorset 009H,Violence and sexual offences,Court result unavailable,
,2018-08,Dorset Police,Dorset Police,-2.432608,50.715054,On or near Salisbury Street,E01032645,West Dorset 009I,Anti-social behaviour,,
,2018-08,Dorset Police,Dorset Police,-2.439577,50.710522,On or near Parking Area,E01032645,West Dorset 009I,Anti-social behaviour,,
,2018-08,Dorset Police,Dorset Police,-2.441789,50.712367,On or near Cornwall Road,E01032645,West Dorset 009I,Anti-social behaviour,,
,2018-08,Dorset Police,Dorset Police,-2.433510,50.713054,On or near Linden Avenue,E01032645,West Dorset 009I,Anti-social behaviour,,
,2018-08,Dorset Police,Dorset Police,-2.434588,50.714777,On or near Durngate Street,E01032645,West Dorset 009I,Anti-social behaviour,,
,2018-08,Dorset Police,Dorset Police,-2.437761,50.711734,On or near Weymouth Avenue,E01032645,West Dorset 009I,Anti-social behaviour,,
,2018-08,Dorset Police,Dorset Police,-2.431101,50.712874,On or near Icen Way,E01032645,West Dorset 009I,Anti-social behaviour,,
,2018-08,Dorset Police,Dorset Police,-2.432241,50.713706,On or near All Saints' Road,E01032645,West Dorset 009I,Anti-social behaviour,,
,2018-08,Dorset Police,Dorset Police,-2.432241,50.713706,On or near All Saints' Road,E01032645,West Dorset 009I,Anti-social behaviour,,
,2018-08,Dorset Police,Dorset Police,-2.432608,50.715054,On or near Salisbury Street,E01032645,West Dorset 009I,Anti-social behaviour,,
,2018-08,Dorset Police,Dorset Police,-2.432241,50.713706,On or near All Saints' Road,E01032645,West Dorset 009I,Anti-social behaviour,,
,2018-08,Dorset Police,Dorset Police,-2.439577,50.710522,On or near Parking Area,E01032645,West Dorset 009I,Anti-social behaviour,,
,2018-08,Dorset Police,Dorset Police,-2.437761,50.711734,On or near Weymouth Avenue,E01032645,West Dorset 009I,Anti-social behaviour,,
,2018-08,Dorset Police,Dorset Police,-2.439577,50.710522,On or near Parking Area,E01032645,West Dorset 009I,Anti-social behaviour,,
,2018-08,Dorset Police,Dorset Police,-2.439577,50.710522,On or near Parking Area,E01032645,West Dorset 009I,Anti-social behaviour,,
,2018-08,Dorset Police,Dorset Police,-2.432241,50.713706,On or near All Saints' Road,E01032645,West Dorset 009I,Anti-social behaviour,,
,2018-08,Dorset Police,Dorset Police,-2.441789,50.712367,On or near Cornwall Road,E01032645,West Dorset 009I,Anti-social behaviour,,
831b05ec195618150e76e6ae0db14615431f53ad5ffa01e38865fb7774408b9d,2018-08,Dorset Police,Dorset Police,-2.432608,50.715054,On or near Salisbury Street,E01032645,West Dorset 009I,Bicycle theft,Investigation complete; no suspect identified,
69f8d763b54601866abca40bd8d4ee7201be8c2585f5a512a302a0a48012e0e7,2018-08,Dorset Police,Dorset Police,-2.441070,50.709635,On or near Maumbury Road,E01032645,West Dorset 009I,Criminal damage and arson,Unable to prosecute suspect,
731f7f8b5d745131f3ffeb2beb419514dcb77f6c3b7c2255bde44c576e8c0349,2018-08,Dorset Police,Dorset Police,-2.439577,50.710522,On or near Parking Area,E01032645,West Dorset 009I,Criminal damage and arson,Investigation complete; no suspect identified,
047d9d2bcce33a74c38ff701aa591057bb173112d670e8604739a40e94b971f8,2018-08,Dorset Police,Dorset Police,-2.432241,50.713706,On or near All Saints' Road,E01032645,West Dorset 009I,Criminal damage and arson,Investigation complete; no suspect identified,
21a59a6d63c884f895989c2f1dd5f89184f89c095342306fa7f7fcafd75e3573,2018-08,Dorset Police,Dorset Police,-2.432608,50.715054,On or near Salisbury Street,E01032645,West Dorset 009I,Criminal damage and arson,Investigation complete; no suspect identified,
73597660c4ed1ade932cd0aa04bd46c96603dec3cbcf16e792c251bd4734fd47,2018-08,Dorset Police,Dorset Police,-2.432608,50.715054,On or near Salisbury Street,E01032645,West Dorset 009I,Drugs,Offender given a drugs possession warning,
8c65954f2015cae2e3f19b1514cc385652ecc2dd2e6b440b4e97928466cac1a8,2018-08,Dorset Police,Dorset Police,-2.439988,50.709082,On or near Police Station,E01032645,West Dorset 009I,Other theft,Investigation complete; no suspect identified,
f51bbabdeaab93c01475875d9f058f5a858c76474095d855ce8d79c55b7800d9,2018-08,Dorset Police,Dorset Police,-2.433332,50.715186,On or near Channons Court,E01032645,West Dorset 009I,Other theft,Investigation complete; no suspect identified,
2b7ef9c8e81652ba795f2b50d862c8891fa60195d59c577e96116c606a771a49,2018-08,Dorset Police,Dorset Police,-2.440199,50.710403,On or near Fairfield Road,E01032645,West Dorset 009I,Other theft,Investigation complete; no suspect identified,
445eefb8d0fed2d952e93d99a022a844838d44bcbe5074c38ecd694472d7a72e,2018-08,Dorset Police,Dorset Police,-2.433810,50.713359,On or near Wollaston Road,E01032645,West Dorset 009I,Other theft,Investigation complete; no suspect identified,
cde0e4810cdff5c5ef8db5489bedf114d10f18b816f98f2dec57433e6dce9469,2018-08,Dorset Police,Dorset Police,-2.440199,50.710403,On or near Fairfield Road,E01032645,West Dorset 009I,Other theft,Defendant found not guilty,
391bf2165af5b5c8e661f22da07e348873cea6797cb8db0ed87144d9c84ddc5b,2018-08,Dorset Police,Dorset Police,-2.439988,50.709082,On or near Police Station,E01032645,West Dorset 009I,Other theft,Investigation complete; no suspect identified,
9c18794e3f7e6664ddb8af3e5b8757e50b01fd329264fb5010a53ce23d4821af,2018-08,Dorset Police,Dorset Police,-2.433810,50.713359,On or near Wollaston Road,E01032645,West Dorset 009I,Vehicle crime,Investigation complete; no suspect identified,
8aa8e860f85f7c46ef192c621a37a8191ffcaa8565690e46f410b3567c2de38e,2018-08,Dorset Police,Dorset Police,-2.441789,50.712367,On or near Cornwall Road,E01032645,West Dorset 009I,Violence and sexual offences,Offender sent to prison,
1ad329f37249abbb0d9bce4407b78ea6f3a65fb1e27a15b1ba99db5f168b4778,2018-08,Dorset Police,Dorset Police,-2.439988,50.709082,On or near Police Station,E01032645,West Dorset 009I,Violence and sexual offences,Status update unavailable,
cfdaa2dc7b6607c6147390c63bcf5592e085d8f0b0dfcfce90d508fdcf068dc3,2018-08,Dorset Police,Dorset Police,-2.439542,50.711377,On or near Great Western Road,E01032645,West Dorset 009I,Violence and sexual offences,Offender given suspended prison sentence,
7a5f217438311a7be0ed8a0dad187aec85abc3c6544f754170d4ce4fe19600b8,2018-08,Dorset Police,Dorset Police,-2.432608,50.715054,On or near Salisbury Street,E01032645,West Dorset 009I,Violence and sexual offences,Unable to prosecute suspect,
eb5fde94e2f78ae7d461ceec09e3be95b11c4a605350b2419e9d8a1757b7a851,2018-08,Dorset Police,Dorset Police,-2.432608,50.715054,On or near Salisbury Street,E01032645,West Dorset 009I,Violence and sexual offences,Unable to prosecute suspect,
a675897714f4b2b56dd08bac3b54d72b3086131aa0fb1d7c0ebf09a6650b5c6f,2018-08,Dorset Police,Dorset Police,-2.432608,50.715054,On or near Salisbury Street,E01032645,West Dorset 009I,Violence and sexual offences,Unable to prosecute suspect,
b667ea11481cf402c04b47e6164725b7a71e31d682495e442adc74bef4b49390,2018-08,Dorset Police,Dorset Police,-2.432608,50.715054,On or near Salisbury Street,E01032645,West Dorset 009I,Violence and sexual offences,Unable to prosecute suspect,
317a6ab708215ec2b842f2dd5806ba07543e554e8eebebe46748b1ef1e664bd8,2018-08,Dorset Police,Dorset Police,-2.441789,50.712367,On or near Cornwall Road,E01032645,West Dorset 009I,Violence and sexual offences,Court result unavailable,
754375634780d9ca83e07ae86a7f74ce6a91d6165c7d3f89056f255741028992,2018-08,Dorset Police,Dorset Police,-2.432608,50.715054,On or near Salisbury Street,E01032645,West Dorset 009I,Violence and sexual offences,Unable to prosecute suspect,
,2018-08,Dorset Police,Dorset Police,-2.425462,50.712715,On or near Little Britain,E01020518,West Dorset 010A,Anti-social behaviour,,
,2018-08,Dorset Police,Dorset Police,-2.428898,50.715202,On or near River Crescent,E01020518,West Dorset 010A,Anti-social behaviour,,
,2018-08,Dorset Police,Dorset Police,-2.429342,50.714212,On or near High Street Fordington,E01020518,West Dorset 010A,Anti-social behaviour,,
,2018-08,Dorset Police,Dorset Police,-2.428898,50.715202,On or near River Crescent,E01020518,West Dorset 010A,Anti-social behaviour,,
,2018-08,Dorset Police,Dorset Police,-2.428948,50.714465,On or near Pound Lane,E01020518,West Dorset 010A,Anti-social behaviour,,
,2018-08,Dorset Police,Dorset Police,-2.428948,50.714465,On or near Pound Lane,E01020518,West Dorset 010A,Anti-social behaviour,,
,2018-08,Dorset Police,Dorset Police,-2.428948,50.714465,On or near Pound Lane,E01020518,West Dorset 010A,Anti-social behaviour,,
4b28571130f70d19ccf584f4ccdebb705ec7c50b891564e8fb9e4acf2cddbd82,2018-08,Dorset Police,Dorset Police,-2.422398,50.712196,On or near Stinsford View,E01020518,West Dorset 010A,Bicycle theft,Investigation complete; no suspect identified,
911613f62444753c3b9bbfbbefb5183184d2840344d63ccd20f927c4b91b3d14,2018-08,Dorset Police,Dorset Police,-2.425462,50.712715,On or near Little Britain,E01020518,West Dorset 010A,Burglary,Investigation complete; no suspect identified,
f72c1b2b3d0a015d68c615afa1134cea2795b006f478cff9e3048eaa80ea42ba,2018-08,Dorset Police,Dorset Police,-2.427749,50.713453,On or near Church Acre,E01020518,West Dorset 010A,Burglary,Unable to prosecute suspect,
1bb38305a39a01d1252da55e3ced4fba72253dfa487359bea78d319b947bac02,2018-08,Dorset Police,Dorset Police,-2.425462,50.712715,On or near Little Britain,E01020518,West Dorset 010A,Criminal damage and arson,Unable to prosecute suspect,
ec6e9370e9c2b6f9db483bac91b4ad780daca42b0258b0466207ea3a92d550f5,2018-08,Dorset Police,Dorset Police,-2.428898,50.715202,On or near River Crescent,E01020518,West Dorset 010A,Criminal damage and arson,Local resolution,
9bb9e98a83afa051707aced7baa252e9c8d6b78ca55c583ccc8266113aaf9d6f,2018-08,Dorset Police,Dorset Police,-2.429342,50.714212,On or near High Street Fordington,E01020518,West Dorset 010A,Criminal damage and arson,Investigation complete; no suspect identified,
617ad8fceca795807a224883ee79382f36df1ac702512d390b681f5e31b52c2d,2018-08,Dorset Police,Dorset Police,-2.427749,50.713453,On or near Church Acre,E01020518,West Dorset 010A,Criminal damage and arson,Investigation complete; no suspect identified,
ac0c01f988baa1bd976aab20b3ba0938c49e6974b4a01ee6eebf10f1b858ce73,2018-08,Dorset Police,Dorset Police,-2.427250,50.714615,On or near Mill Street,E01020518,West Dorset 010A,Criminal damage and arson,Investigation complete; no suspect identified,
86f77ed07df2fc916056420d10049e63493795e60cd72db8ecb83756580717ca,2018-08,Dorset Police,Dorset Police,-2.427111,50.714966,On or near Durnover Court,E01020518,West Dorset 010A,Public order,Unable to prosecute suspect,
ef8e319874e692bf57889bd1496679813ed95d6e4858a7fec5511f2b5e512a99,2018-08,Dorset Police,Dorset Police,-2.425462,50.712715,On or near Little Britain,E01020518,West Dorset 010A,Public order,Local resolution,
aa266e328d028b71194dc4caccc402fd8494b5482f807ed7790825a1e2d45457,2018-08,Dorset Police,Dorset Police,-2.427250,50.714615,On or near Mill Street,E01020518,West Dorset 010A,Violence and sexual offences,Unable to prosecute suspect,
ecbfaa6288c1353e6afcc6ef640a6671a8c9d742196ba22485398e91c39fdf3a,2018-08,Dorset Police,Dorset Police,-2.427111,50.714966,On or near Durnover Court,E01020518,West Dorset 010A,Violence and sexual offences,Local resolution,
363e9e64d2bc3198c3edb97a7dc2d651e89319eebb6736cafcfcdb88a2fd2c68,2018-08,Dorset Police,Dorset Police,-2.429487,50.716064,On or near London Road,E01020518,West Dorset 010A,Violence and sexual offences,Local resolution,
55bdcf30ec6f46a661cbcd0191da703eb022d4dad4acc481d04bbb93c1a481a4,2018-08,Dorset Police,Dorset Police,-2.427250,50.714615,On or near Mill Street,E01020518,West Dorset 010A,Violence and sexual offences,Status update unavailable,
58040fb7d9b3887bfd0d15de77b7b62a1dc506ed31c112398711b2497e40f31a,2018-08,Dorset Police,Dorset Police,-2.428370,50.714710,On or near Holloway Road,E01020518,West Dorset 010A,Violence and sexual offences,Local resolution,
3052bce963731370d66f59ee41feba2f0837f8162e5c93b555d4c85892d67863,2018-08,Dorset Police,Dorset Police,-2.428948,50.714465,On or near Pound Lane,E01020518,West Dorset 010A,Violence and sexual offences,Unable to prosecute suspect,
52a32e55b0702bd645826e61853859705fac395433160ae893850157449b170a,2018-08,Dorset Police,Dorset Police,-2.427409,50.704048,On or near Holbaek Close,E01020519,West Dorset 010B,Violence and sexual offences,Unable to prosecute suspect,
bae87bf0996794a2ab50ac06d8196353c270fcab0345c8d4ad116f88a63eb139,2018-08,Dorset Police,Dorset Police,-2.426639,50.705076,On or near Highgrove Close,E01020519,West Dorset 010B,Violence and sexual offences,Unable to prosecute suspect,
9b279bb5092525838011ee0f00819fb86a13e03f6120d28aa9f62923ae331072,2018-08,Dorset Police,Dorset Police,-2.428092,50.712175,On or near Alfred Place,E01020519,West Dorset 010B,Violence and sexual offences,Local resolution,
,2018-08,Dorset Police,Dorset Police,-2.426087,50.711346,On or near Alington Road,E01020520,West Dorset 010C,Anti-social behaviour,,
,2018-08,Dorset Police,Dorset Police,-2.427236,50.711575,On or near Fordington Gardens,E01020520,West Dorset 010C,Anti-social behaviour,,
6717f17ac07722ed069a8262dbe0136089773791408aa9cadebcc270f2dac111,2018-08,Dorset Police,Dorset Police,-2.424595,50.710794,On or near Ackerman Road,E01020520,West Dorset 010C,Other theft,Investigation complete; no suspect identified,
57bfad21209f85c82feb860320c7deaff0054ac45448f68ca36632c850b2cbea,2018-08,Dorset Police,Dorset Police,-2.427236,50.711575,On or near Fordington Gardens,E01020520,West Dorset 010C,Other theft,Investigation complete; no suspect identified,
faefebfcce2cf35f0f565f62a568e7c163221265d0ef177ae12cb49f34546526,2018-08,Dorset Police,Dorset Police,-2.416326,50.711012,On or near Fenway Close,E01020520,West Dorset 010C,Other theft,Offender given conditional discharge,
24849ea56b781c745fe534cd6a7b0b87927baf5172b5a50d04128ea446df4fcc,2018-08,Dorset Police,Dorset Police,-2.416326,50.711012,On or near Fenway Close,E01020520,West Dorset 010C,Other theft,Court case unable to proceed,
4f54f2f368b757446aaedf5f13aa1ad6b70113e74d0d8355192295309da0233a,2018-08,Dorset Police,Dorset Police,-2.426087,50.711346,On or near Alington Road,E01020520,West Dorset 010C,Public order,Unable to prosecute suspect,
3de38be926d614d4777ddb943a719785e351a93bdf6228ab92800ecd0c09b66e,2018-08,Dorset Police,Dorset Police,-2.421831,50.708987,On or near Friars Close,E01020520,West Dorset 010C,Violence and sexual offences,Investigation complete; no suspect identified,
,2018-08,Dorset Police,Dorset Police,-2.434825,50.708247,On or near Monmouth Road,E01020523,West Dorset 010D,Anti-social behaviour,,
,2018-08,Dorset Police,Dorset Police,-2.438291,50.707811,On or near Ashley Road,E01020523,West Dorset 010D,Anti-social behaviour,,
c5a6b912143eb62eb1161aecfbe2c0365268def8b61965243b162917a8a6fc02,2018-08,Dorset Police,Dorset Police,-2.438291,50.707811,On or near Ashley Road,E01020523,West Dorset 010D,Criminal damage and arson,Investigation complete; no suspect identified,
fc1a5c8df9ec00daa362975cae0be86323393b3dd3ffc9f8f39f06c66aa5d8c8,2018-08,Dorset Police,Dorset Police,-2.431528,50.708529,On or near Culliford Road,E01020523,West Dorset 010D,Criminal damage and arson,Investigation complete; no suspect identified,
94c3ce6800fe4476727f86aae212e4e5b63b1e454da4ff0a69e31488fb203190,2018-08,Dorset Police,Dorset Police,-2.431528,50.708529,On or near Culliford Road,E01020523,West Dorset 010D,Criminal damage and arson,Investigation complete; no suspect identified,
ed5decd0cba047cd3ab1de18c8cb042222583b926c196a2720a2481d6265ccea,2018-08,Dorset Police,Dorset Police,-2.431528,50.708529,On or near Culliford Road,E01020523,West Dorset 010D,Criminal damage and arson,Investigation complete; no suspect identified,
3b4a40460bb25733e0b0bd3ee846a3e6c2619bed8f5bcfd6d22ecfe040b59355,2018-08,Dorset Police,Dorset Police,-2.437488,50.708309,On or near Cromwell Road,E01020523,West Dorset 010D,Other theft,Unable to prosecute suspect,
70c4f53cb4c57e58d96d8d20387c5a490bf8101f1314fe4aa60c932f8a4a8378,2018-08,Dorset Police,Dorset Police,-2.438291,50.707811,On or near Ashley Road,E01020523,West Dorset 010D,Violence and sexual offences,Unable to prosecute suspect,
c688f3bdb89d9d9a26bbca372e5837ecea1bcafe7f15b0c52bf1b7919fb1f867,2018-08,Dorset Police,Dorset Police,-2.437488,50.708309,On or near Cromwell Road,E01020523,West Dorset 010D,Violence and sexual offences,Unable to prosecute suspect,
28b1f64c34e4cbbdf442cd3dc19824f7f336f3eab5824898fefd542ad06c745a,2018-08,Dorset Police,Dorset Police,-2.443983,50.701675,On or near Supermarket,E01020524,West Dorset 010E,Burglary,Formal action is not in the public interest,
34d20768824eea36d963f1b8b09fcef0169736445325cbd8faa65e6f010d21e0,2018-08,Dorset Police,Dorset Police,-2.444358,50.705369,On or near Temple Close,E01020524,West Dorset 010E,Criminal damage and arson,Investigation complete; no suspect identified,
741f05c2b47f0b12c6a3b811190b6131ea0a72c1c1cb0512d89bc83afb48bf59,2018-08,Dorset Police,Dorset Police,-2.444358,50.705369,On or near Temple Close,E01020524,West Dorset 010E,Criminal damage and arson,Investigation complete; no suspect identified,
31b5f60c56315b7e2e946fae71619fd0e9790118d0f205ba643d2d157676c525,2018-08,Dorset Police,Dorset Police,-2.444358,50.705369,On or near Temple Close,E01020524,West Dorset 010E,Criminal damage and arson,Investigation complete; no suspect identified,
8d0b9d903b790b9d496e19b7d5ecdddb226bd61bb60eea7e96f56ab89caaa323,2018-08,Dorset Police,Dorset Police,-2.443983,50.701675,On or near Supermarket,E01020524,West Dorset 010E,Other theft,Investigation complete; no suspect identified,
978f1a6f53f931dbb8eaec8b1a841918e643331af06f227ec9f4957bcf5f5ee5,2018-08,Dorset Police,Dorset Police,-2.443983,50.701675,On or near Supermarket,E01020524,West Dorset 010E,Other theft,Investigation complete; no suspect identified,
a0ae11ead964e31f7a8b1262dc1ead99f5ba20f3b84bf724f5cfbeea303c6037,2018-08,Dorset Police,Dorset Police,-2.443983,50.701675,On or near Supermarket,E01020524,West Dorset 010E,Other theft,Unable to prosecute suspect,
567ea22ab7355c1f9968f679e39cef31b5a27feeb96acda4558ee7fc3a08175d,2018-08,Dorset Police,Dorset Police,-2.443983,50.701675,On or near Supermarket,E01020524,West Dorset 010E,Other theft,Investigation complete; no suspect identified,
9ff67a7243bf1b9d13a70b782ffd7d620c5aeebd9e27c1d02cb1d2ed146e7bb7,2018-08,Dorset Police,Dorset Police,-2.443983,50.701675,On or near Supermarket,E01020524,West Dorset 010E,Public order,Unable to prosecute suspect,
a8959cb11145381360cc976c75cc6ddeafe699bcd79922090ceb531a33cc4072,2018-08,Dorset Police,Dorset Police,-2.443983,50.701675,On or near Supermarket,E01020524,West Dorset 010E,Shoplifting,Investigation complete; no suspect identified,
e4add4601c5b64af5076bea40edb8b49a6fda7d98eb852200fe590e13fb2efc8,2018-08,Dorset Police,Dorset Police,-2.437921,50.704557,On or near Grosvenor Road,E01020525,West Dorset 010F,Other theft,Investigation complete; no suspect identified,
4864f6b1f1e0138f0376ffb00760695f56fa28e7ce1066c6117c35ade5e054ae,2018-08,Dorset Police,Dorset Police,-2.390006,50.679764,On or near Bramble Edge,E01020505,West Dorset 011A,Robbery,Unable to prosecute suspect,
,2018-08,Dorset Police,Dorset Police,-2.379611,50.643836,On or near Mills Road,E01020537,West Dorset 011B,Anti-social behaviour,,
,2018-08,Dorset Police,Dorset Police,-2.391613,50.643239,On or near Glebe Close,E01020537,West Dorset 011B,Anti-social behaviour,,
,2018-08,Dorset Police,Dorset Police,-2.334545,50.690683,On or near Pedestrian Subway,E01020537,West Dorset 011B,Anti-social behaviour,,
,2018-08,Dorset Police,Dorset Police,-2.327649,50.694524,On or near Old Farm Way,E01020537,West Dorset 011B,Anti-social behaviour,,
,2018-08,Dorset Police,Dorset Police,-2.388213,50.647683,On or near Roman Road,E01020537,West Dorset 011B,Anti-social behaviour,,
20ee994eef3725c9f45da86359b1de709bb8f8b6b167f31a5c3be353b54d3aae,2018-08,Dorset Police,Dorset Police,-2.312415,50.692390,On or near Redbridge Lane,E01020537,West Dorset 011B,Burglary,Investigation complete; no suspect identified,
d46c3980886116f1fe26bec06c2da01d7e3559518d3e22149f02475d2bcc8792,2018-08,Dorset Police,Dorset Police,-2.325736,50.665636,On or near Petrol Station,E01020537,West Dorset 011B,Burglary,Investigation complete; no suspect identified,
d643a5bf50da05d12ae28e4951f49f0a937bffe34634da17cbf106ad00f7fdf5,2018-08,Dorset Police,Dorset Police,-2.318391,50.690548,On or near Moreton Road,E01020537,West Dorset 011B,Criminal damage and arson,Investigation complete; no suspect identified,
4f29d925b800e04586df9075510fedeefea0c77d48ce5559b382cc454efff951,2018-08,Dorset Police,Dorset Police,-2.391613,50.643239,On or near Glebe Close,E01020537,West Dorset 011B,Other theft,Investigation complete; no suspect identified,
f0acf85a2432e748a80971d07890fad194830c9e92278e34937eadd6efeb400d,2018-08,Dorset Police,Dorset Police,-2.325736,50.665636,On or near Petrol Station,E01020537,West Dorset 011B,Other theft,Unable to prosecute suspect,
d6aefa86a823320e42197167334d64d4a00672c9ee04aadaf41131e145755911,2018-08,Dorset Police,Dorset Police,-2.391613,50.643239,On or near Glebe Close,E01020537,West Dorset 011B,Public order,Court result unavailable,
80b2d65d06ac6489a5b70d0e31977854ba1a5c67632e02b7e2aefedf3d02996a,2018-08,Dorset Police,Dorset Police,-2.334545,50.690683,On or near Pedestrian Subway,E01020537,West Dorset 011B,Violence and sexual offences,Unable to prosecute suspect,
1a66a4dbd59202de40ed93b6df4d4c5df4085769c1ac9f7578e401044ccedd88,2018-08,Dorset Police,Dorset Police,-2.392383,50.643955,On or near Hill View,E01020537,West Dorset 011B,Violence and sexual offences,Court result unavailable,
6fd1926f991ec27ca9c0b823f8a1d2521e3caf7ce569593781883016b2ff54cf,2018-08,Dorset Police,Dorset Police,-2.392383,50.643955,On or near Hill View,E01020537,West Dorset 011B,Violence and sexual offences,Court result unavailable,
53a234b979c0a6ee8d0ed92b5ba930ea4b9fe774a4bde6efe7d2a4ac15f35b38,2018-08,Dorset Police,Dorset Police,-2.331000,50.665738,On or near Chilbury Gardens,E01020537,West Dorset 011B,Violence and sexual offences,Unable to prosecute suspect,
50ff7e9dffa8fd74fcb0a3396d99172a1319bb28cfe270bc4d6f22baee36bd23,2018-08,Dorset Police,Dorset Police,-2.325409,50.696158,On or near Green Lane,E01020537,West Dorset 011B,Violence and sexual offences,Status update unavailable,
,2018-08,Dorset Police,Dorset Police,-2.329103,50.693810,On or near Hope Close,E01020538,West Dorset 011C,Anti-social behaviour,,
,2018-08,Dorset Police,Dorset Police,-2.330369,50.694750,On or near Heathland Close,E01020538,West Dorset 011C,Anti-social behaviour,,
c6a1fddf2c6762fa23adf99c6b0acbd695d96e83e3cc847d3fa0932e793e1208,2018-08,Dorset Police,Dorset Police,-2.332063,50.724035,On or near Watery Lane,E01020538,West Dorset 011C,Criminal damage and arson,Unable to prosecute suspect,
a837d293c060cb0a7e9c9e5d49a51c0a7c33986252100a0538f85e4acbf1d256,2018-08,Dorset Police,Dorset Police,-2.333220,50.695408,On or near Hurricane Close,E01020538,West Dorset 011C,Other theft,Unable to prosecute suspect,
bca38c6c972767c9c9e82f82523e1f4fd8edab53ac2031c685bf324860079a3b,2018-08,Dorset Police,Dorset Police,-2.330369,50.694750,On or near Heathland Close,E01020538,West Dorset 011C,Violence and sexual offences,Status update unavailable,
3d6d6539e80d4ac2903d6ebe5a6e2e803c1dd62c7278b85a0173f76089bec21a,2018-08,Dorset Police,Dorset Police,-2.330369,50.694750,On or near Heathland Close,E01020538,West Dorset 011C,Violence and sexual offences,Unable to prosecute suspect,
63b5e5cb30774184f4a32915ee545ad84331c3f14929cd327a0e3ed5c090d27d,2018-08,Dorset Police,Dorset Police,-2.331491,50.693218,On or near Empool Close,E01020538,West Dorset 011C,Violence and sexual offences,Unable to prosecute suspect,
3d7f1b844bc6c3cb63d43a828602f7e65a47437a3d03db76c7c5aa3cd0fefee2,2018-08,Dorset Police,Dorset Police,-2.330369,50.694750,On or near Heathland Close,E01020538,West Dorset 011C,Violence and sexual offences,Unable to prosecute suspect,
bca38c6c972767c9c9e82f82523e1f4fd8edab53ac2031c685bf324860079a3b,2018-08,Dorset Police,Dorset Police,-2.329103,50.693810,On or near Hope Close,E01020538,West Dorset 011C,Violence and sexual offences,Unable to prosecute suspect,
c65179243ea99335a63fd6a89930327ab0670bd9613b7ab6885fa2c0ff98e01f,2018-08,Dorset Police,Dorset Police,-2.329103,50.693810,On or near Hope Close,E01020538,West Dorset 011C,Violence and sexual offences,Court result unavailable,
df1918cfe8032d7c70bc569209b065c4be2c6d81407df0b68cfde6e7c6612bea,2018-08,Dorset Police,Dorset Police,-2.329103,50.693810,On or near Hope Close,E01020538,West Dorset 011C,Violence and sexual offences,Court result unavailable,
df1918cfe8032d7c70bc569209b065c4be2c6d81407df0b68cfde6e7c6612bea,2018-08,Dorset Police,Dorset Police,-2.330369,50.694750,On or near Heathland Close,E01020538,West Dorset 011C,Violence and sexual offences,Status update unavailable,
c65179243ea99335a63fd6a89930327ab0670bd9613b7ab6885fa2c0ff98e01f,2018-08,Dorset Police,Dorset Police,-2.330369,50.694750,On or near Heathland Close,E01020538,West Dorset 011C,Violence and sexual offences,Status update unavailable,
91f8d9e9970c49bfc88ed9371896d42b11e4486f3edf5b383c824a08dfaf062b,2018-08,Dorset Police,Dorset Police,-2.329103,50.693810,On or near Hope Close,E01020538,West Dorset 011C,Violence and sexual offences,Unable to prosecute suspect,
71be46276ad6d4b87d9ffbaaf89f2c2b783be894b5ae698ee332be3c72729704,2018-08,Dorset Police,Dorset Police,-2.325719,50.697893,On or near Briars End,E01020538,West Dorset 011C,Violence and sexual offences,Local resolution,
36851662c9a7b8c0af038ea114f1d2222f2423513b6eb052125cded55e79c43c,2018-08,Dorset Police,Dorset Police,-2.331491,50.693218,On or near Empool Close,E01020538,West Dorset 011C,Other crime,Further investigation is not in the public interest,
c84acbf19b6c028fdcf7b96fa64c0a833642ce443143b88c28f1a2479735a1a7,2018-08,Dorset Police,Dorset Police,-2.331491,50.693218,On or near Empool Close,E01020538,West Dorset 011C,Other crime,Further investigation is not in the public interest,
87337ec59fdc066c76b003f5fd55d54b57683a141b8cd6bacb6743e7432fb3b6,2018-08,Dorset Police,Dorset Police,-2.465744,50.652732,On or near Meadow View Road,E01020549,West Dorset 011D,Violence and sexual offences,Unable to prosecute suspect,
6d3be64497aad3f3064bf946186fcb838cda01c5c5ce896e791957dfda9a26f8,2018-08,Dorset Police,Dorset Police,-2.456939,50.687074,On or near Parking Area,E01020549,West Dorset 011D,Violence and sexual offences,Court result unavailable,
,2018-08,Dorset Police,Dorset Police,-2.526346,50.626422,On or near Fleet Road,E01020512,West Dorset 012A,Anti-social behaviour,,
,2018-08,Dorset Police,Dorset Police,-2.565653,50.671480,On or near Westfield,E01020512,West Dorset 012A,Anti-social behaviour,,
,2018-08,Dorset Police,Dorset Police,-2.589600,50.716928,On or near A35,E01020512,West Dorset 012A,Anti-social behaviour,,
,2018-08,Dorset Police,Dorset Police,-2.526346,50.626422,On or near Fleet Road,E01020512,West Dorset 012A,Anti-social behaviour,,
bfb63e786b10068049b083a65ac28d6908876494449840615c93a25a536d1b09,2018-08,Dorset Police,Dorset Police,-2.563528,50.668928,On or near Petrol Station,E01020512,West Dorset 012A,Burglary,Investigation complete; no suspect identified,
b0883b5a0076e2f9027d9bc954f0d39bc5e31777adad0c325f6710d15bdf7ac1,2018-08,Dorset Police,Dorset Police,-2.569588,50.683278,On or near Bishop'S Road,E01020512,West Dorset 012A,Criminal damage and arson,Investigation complete; no suspect identified,
ff0a3cee147c2dd0f6f6a9e759b4c402ad4c75fec107f373373ad96f412101b1,2018-08,Dorset Police,Dorset Police,-2.623640,50.659395,On or near Parking Area,E01020512,West Dorset 012A,Other theft,Investigation complete; no suspect identified,
f526bff964cdb1840bc214450c919f0c00b02fde73117ffcc240e5de39f3a9a2,2018-08,Dorset Police,Dorset Police,-2.623640,50.659395,On or near Parking Area,E01020512,West Dorset 012A,Other theft,Investigation complete; no suspect identified,
e64bc2abd95a5d6b1ee2e720f2bf9ec3e37d4b07f23b5059f5703d01521c16a6,2018-08,Dorset Police,Dorset Police,-2.525428,50.634052,On or near B3157,E01020512,West Dorset 012A,Violence and sexual offences,Investigation complete; no suspect identified,
7ad4002a8b7862ebbbbdfd4b938cc112d73ec6b9d715421da0182a83d68b2f94,2018-08,Dorset Police,Dorset Police,-2.565653,50.671480,On or near Westfield,E01020512,West Dorset 012A,Violence and sexual offences,Court result unavailable,
ddf2c340a85a61d52bf559fc097cb5191033db464caca469300db54c17d86a92,2018-08,Dorset Police,Dorset Police,-2.565653,50.671480,On or near Westfield,E01020512,West Dorset 012A,Violence and sexual offences,Offender sent to prison,
5689b50a3ab816c36119261a2947cadad5a29422fa5c7514b58427f68b08dbfd,2018-08,Dorset Police,Dorset Police,-2.600171,50.666218,On or near Church Street,E01020512,West Dorset 012A,Violence and sexual offences,Unable to prosecute suspect,
eccd3548693eb234e849b5c71a58ca061fd2ec337bb76d9859270abf7d5dac56,2018-08,Dorset Police,Dorset Police,-2.565129,50.670269,On or near New Road,E01020512,West Dorset 012A,Violence and sexual offences,Local resolution,
,2018-08,Dorset Police,Dorset Police,-2.501001,50.622792,On or near Rashley Road,E01020513,West Dorset 012B,Anti-social behaviour,,
,2018-08,Dorset Police,Dorset Police,-2.499657,50.625352,On or near Fern Square,E01020513,West Dorset 012B,Anti-social behaviour,,
,2018-08,Dorset Police,Dorset Police,-2.499657,50.625352,On or near Fern Square,E01020513,West Dorset 012B,Anti-social behaviour,,
,2018-08,Dorset Police,Dorset Police,-2.499657,50.625352,On or near Fern Square,E01020513,West Dorset 012B,Anti-social behaviour,,
,2018-08,Dorset Police,Dorset Police,-2.502145,50.620054,On or near Chickerell Road,E01020513,West Dorset 012B,Anti-social behaviour,,
,2018-08,Dorset Police,Dorset Police,-2.508438,50.625485,On or near Lugger Close,E01020513,West Dorset 012B,Anti-social behaviour,,
3067a494180af9bdf0759806cbaf2aada6bf9234acba34dd50ad20c21ca3ce1b,2018-08,Dorset Police,Dorset Police,-2.502145,50.620054,On or near Chickerell Road,E01020513,West Dorset 012B,Burglary,Investigation complete; no suspect identified,
82d8a37ac2f02e3b81b24f16142b9677b98ee797a79cc2f2c2a421e90ffa8fde,2018-08,Dorset Police,Dorset Police,-2.502145,50.620054,On or near Chickerell Road,E01020513,West Dorset 012B,Burglary,Investigation complete; no suspect identified,
f83d7c0176f8c943f4c3f88f5ec278bf66e86d2b8504baa6477ea93eac8cf669,2018-08,Dorset Police,Dorset Police,-2.502145,50.620054,On or near Chickerell Road,E01020513,West Dorset 012B,Criminal damage and arson,Status update unavailable,
606c3f0df1bd7adf5e1110af9ab5a92f7e31f5ce16619e593435859bbd5fdfc5,2018-08,Dorset Police,Dorset Police,-2.498459,50.620357,On or near Heron Close,E01020513,West Dorset 012B,Criminal damage and arson,Unable to prosecute suspect,
748609f964beed806c17795a08317ec21b8cb5aa65676de92b5477e4100fc254,2018-08,Dorset Police,Dorset Police,-2.502145,50.620054,On or near Chickerell Road,E01020513,West Dorset 012B,Violence and sexual offences,Unable to prosecute suspect,
1f7416ca918cc1384d3e8830053bded31b2b50b40e754b5e26023a85e38ef71e,2018-08,Dorset Police,Dorset Police,-2.508438,50.625485,On or near Lugger Close,E01020513,West Dorset 012B,Violence and sexual offences,Unable to prosecute suspect,
,2018-08,Dorset Police,Dorset Police,-2.494443,50.620167,On or near Brown'S Crescent,E01020514,West Dorset 012C,Anti-social behaviour,,
,2018-08,Dorset Police,Dorset Police,-2.500955,50.623728,On or near Rolfe Crescent,E01020514,West Dorset 012C,Anti-social behaviour,,
ea07c22982d40e76d5754c944204e56238759aad7e5dccf35058c29a770897f9,2018-08,Dorset Police,Dorset Police,-2.494443,50.620167,On or near Brown'S Crescent,E01020514,West Dorset 012C,Criminal damage and arson,Unable to prosecute suspect,
6aeb398b019c3ead65343f6153d248199dd7254c79965fc3ee6c4e0f36386e36,2018-08,Dorset Police,Dorset Police,-2.485181,50.619919,On or near Sports/Recreation Area,E01020514,West Dorset 012C,Drugs,Court result unavailable,
9dbd73012641a319a88f57fb4d2f9870460b7b346db95028ee792334b3557a32,2018-08,Dorset Police,Dorset Police,-2.494443,50.620167,On or near Brown'S Crescent,E01020514,West Dorset 012C,Drugs,Formal action is not in the public interest,
7deff08f87f1784293a484b85b959e0b8676ecf2af0717aeaacec274df0adbba,2018-08,Dorset Police,Dorset Police,-2.485181,50.619919,On or near Sports/Recreation Area,E01020514,West Dorset 012C,Drugs,Formal action is not in the public interest,
2b9b51140b1de31a4db0fcda25825df1667560ea4a478e41fad0308f4205d228,2018-08,Dorset Police,Dorset Police,-2.485181,50.619919,On or near Sports/Recreation Area,E01020514,West Dorset 012C,Possession of weapons,Court result unavailable,
7cf3261889fc125fbc42807db388c0a402c3e9860cee7c7f0dd031d7ffd7b72d,2018-08,Dorset Police,Dorset Police,-2.496924,50.642360,On or near Church Lane,E01020514,West Dorset 012C,Public order,Unable to prosecute suspect,
6a65648badbbe0fcf72f202ddc3f344bad0da69a6f36294407dca2c719de1a9a,2018-08,Dorset Police,Dorset Police,-2.502475,50.624441,On or near East Street,E01020514,West Dorset 012C,Public order,Unable to prosecute suspect,
a5887e7736e4715554e0d61cc4d4f7ad7273b7a045df64523f39aa844610f3dd,2018-08,Dorset Police,Dorset Police,-2.485181,50.619919,On or near Sports/Recreation Area,E01020514,West Dorset 012C,Public order,Court case unable to proceed,
79e3dfe1779a8b6755fcba2d9624b24dbaece90669212dc9ee3febd679d91e39,2018-08,Dorset Police,Dorset Police,-2.494443,50.620167,On or near Brown'S Crescent,E01020514,West Dorset 012C,Violence and sexual offences,Unable to prosecute suspect,
8922c9a8c00ada45b22bb9d3dff1d414129ed054526f876166023edd6121aa71,2018-08,Dorset Police,Dorset Police,-2.494443,50.620167,On or near Brown'S Crescent,E01020514,West Dorset 012C,Violence and sexual offences,Unable to prosecute suspect,
c80f68972b7bc108c3937566560e880519dffdbb430d0866516fc1e32fdb2ca6,2018-08,Dorset Police,Dorset Police,-2.498731,50.624691,On or near School Hill,E01020514,West Dorset 012C,Violence and sexual offences,Unable to prosecute suspect,
f0a579eb781ec55a18d273fd35625324688e00bb6faef0d7c8f64861d68fa4ca,2018-08,Dorset Police,Dorset Police,-2.494443,50.620167,On or near Brown'S Crescent,E01020514,West Dorset 012C,Violence and sexual offences,Unable to prosecute suspect,
,2018-08,Dorset Police,Dorset Police,-2.496538,50.619106,On or near Trenchard Way,E01020515,West Dorset 012D,Anti-social behaviour,,
,2018-08,Dorset Police,Dorset Police,-2.499717,50.613688,On or near Australia Road,E01020515,West Dorset 012D,Anti-social behaviour,,
a3b413cca935e5fdc422db0f8ae1c4c9fcfe8b4f730d15e07b401baa04d77807,2018-08,Dorset Police,Dorset Police,-2.500673,50.618504,On or near Elziver Close,E01020515,West Dorset 012D,Violence and sexual offences,Unable to prosecute suspect,
38dc9c8ba0086233586b285991c54c5a11cf819c33aad04a9f416261a5f39fdf,2018-08,Dorset Police,Dorset Police,-2.497179,50.619634,On or near Mohune Way,E01020515,West Dorset 012D,Violence and sexual offences,Unable to prosecute suspect,
d7ce34637e07425691dfe6d93f66a12f5e403ca9f6db47aebfbe78358c17151f,2018-08,Dorset Police,Dorset Police,-2.499717,50.613688,On or near Australia Road,E01020515,West Dorset 012D,Violence and sexual offences,Unable to prosecute suspect,
,2018-08,Dorset Police,Dorset Police,-2.487016,50.612816,On or near Petrol Station,E01020516,West Dorset 012E,Anti-social behaviour,,
187d9ca3500c10cb0ef85cb3ea350a7c34b7486d6060454cd4d2203c24a98478,2018-08,Dorset Police,Dorset Police,-2.483096,50.613713,On or near Cobham Drive,E01020516,West Dorset 012E,Criminal damage and arson,Unable to prosecute suspect,
aec5cb7651ae450158dbf7021010064be2914b26bb64220940ff7a311f60dbb8,2018-08,Dorset Police,Dorset Police,-2.482569,50.611926,On or near Canterbury Close,E01020516,West Dorset 012E,Drugs,Unable to prosecute suspect,
4606377f21ba8f07856a4650b078d1fbb5b14e2534ae720635146275a3d07ea1,2018-08,Dorset Police,Dorset Police,-2.487016,50.612816,On or near Petrol Station,E01020516,West Dorset 012E,Other theft,Investigation complete; no suspect identified,
0306a691a5755eb782a7e6971273f31cec82a01b43d2cf1008233b16c0a51747,2018-08,Dorset Police,Dorset Police,-2.487564,50.604297,On or near Fraser Avenue,E01020516,West Dorset 012E,Other theft,Investigation complete; no suspect identified,
f615bc6d23cb7c4e1cd30c70eede95b9b1a17a1768e57376f1baa770b18abd47,2018-08,Dorset Police,Dorset Police,-2.487564,50.604297,On or near Fraser Avenue,E01020516,West Dorset 012E,Vehicle crime,Investigation complete; no suspect identified,
86f156ecbbccdb898b1bbf77ae8f46fb2c1bf80dd3c95ef2eaa5fb4d49e6c175,2018-08,Dorset Police,Dorset Police,-2.487636,50.614045,On or near Kent Close,E01020516,West Dorset 012E,Vehicle crime,Unable to prosecute suspect,
b2ecf6801c108b38a3f0fdb7838d071c9e28f9e32efdb4938e0050fda9d1d5e6,2018-08,Dorset Police,Dorset Police,-2.487564,50.604297,On or near Fraser Avenue,E01020516,West Dorset 012E,Violence and sexual offences,Awaiting court outcome,
f9f9824b72037e15022e5e0d53c62509606f8d053961bdb7e7189aba7175c45d,2018-08,Dorset Police,Dorset Police,-2.483096,50.613713,On or near Cobham Drive,E01020516,West Dorset 012E,Violence and sexual offences,Unable to prosecute suspect,
a2f03881c1d7db94242d0a63735a3574c55f25c29faaaafc989259c45c6ac74e,2018-08,Dorset Police,Dorset Police,-2.487564,50.604297,On or near Fraser Avenue,E01020516,West Dorset 012E,Violence and sexual offences,Unable to prosecute suspect,
bf4a97c8c86fd92dbc2b5c7827beb33713f29cc293f1ce4d0a385d486a635305,2018-08,Dorset Police,Dorset Police,-2.487564,50.604297,On or near Fraser Avenue,E01020516,West Dorset 012E,Violence and sexual offences,Unable to prosecute suspect,
,2018-08,Dorset Police,Dorset Police,-2.446130,50.642881,On or near Primula Close,E01020551,Weymouth and Portland 001A,Anti-social behaviour,,
,2018-08,Dorset Police,Dorset Police,-2.451396,50.646350,On or near Bincombe Rise,E01020551,Weymouth and Portland 001A,Anti-social behaviour,,
,2018-08,Dorset Police,Dorset Police,-2.457431,50.648844,On or near Nuthatch Close,E01020551,Weymouth and Portland 001A,Anti-social behaviour,,
,2018-08,Dorset Police,Dorset Police,-2.451396,50.646350,On or near Bincombe Rise,E01020551,Weymouth and Portland 001A,Anti-social behaviour,,
,2018-08,Dorset Police,Dorset Police,-2.451396,50.646350,On or near Bincombe Rise,E01020551,Weymouth and Portland 001A,Anti-social behaviour,,
,2018-08,Dorset Police,Dorset Police,-2.446130,50.642881,On or near Primula Close,E01020551,Weymouth and Portland 001A,Anti-social behaviour,,
,2018-08,Dorset Police,Dorset Police,-2.458122,50.650127,On or near Pipit Close,E01020551,Weymouth and Portland 001A,Anti-social behaviour,,
,2018-08,Dorset Police,Dorset Police,-2.458122,50.650127,On or near Pipit Close,E01020551,Weymouth and Portland 001A,Anti-social behaviour,,
,2018-08,Dorset Police,Dorset Police,-2.451396,50.646350,On or near Bincombe Rise,E01020551,Weymouth and Portland 001A,Anti-social behaviour,,
b481214e11b9ab06daaff048efee7e058de2f2ce066c0bd320407dfe4dcacaaf,2018-08,Dorset Police,Dorset Police,-2.444482,50.645126,On or near Holzwickede Court,E01020551,Weymouth and Portland 001A,Criminal damage and arson,Investigation complete; no suspect identified,
725904439f5b1af0ee338a402f5a78c6d1679a9537902cc8a4ccb75f255554ed,2018-08,Dorset Police,Dorset Police,-2.458122,50.650127,On or near Pipit Close,E01020551,Weymouth and Portland 001A,Criminal damage and arson,Unable to prosecute suspect,
88e05dcdc7e7d6d56e2cb0945be45435b21f03bd7fba85633de2d76b970b0fa9,2018-08,Dorset Police,Dorset Police,-2.450280,50.643557,On or near Castlemaine Road,E01020551,Weymouth and Portland 001A,Other theft,Unable to prosecute suspect,
dcdb206ad114e5bfd43801229288a0ee76ead1e3f4aaab2fe095f516cfa973fe,2018-08,Dorset Police,Dorset Police,-2.458122,50.650127,On or near Pipit Close,E01020551,Weymouth and Portland 001A,Vehicle crime,Investigation complete; no suspect identified,
f5e2c6509d66fa41d808133a4bb5e3ae0e1f9bad014f1d705404784292f4eb71,2018-08,Dorset Police,Dorset Police,-2.444482,50.645126,On or near Holzwickede Court,E01020551,Weymouth and Portland 001A,Vehicle crime,Investigation complete; no suspect identified,
76496c40bad10bfaeb2542f7993f936b82fe6f6013c86cbd672758b7db0d9f41,2018-08,Dorset Police,Dorset Police,-2.451111,50.646135,On or near Culliford Way,E01020551,Weymouth and Portland 001A,Violence and sexual offences,Unable to prosecute suspect,
e210f007a89b50d878735a49efea55b009de7b2d062376161fdd163ec66abe33,2018-08,Dorset Police,Dorset Police,-2.451111,50.646135,On or near Culliford Way,E01020551,Weymouth and Portland 001A,Violence and sexual offences,Unable to prosecute suspect,
9c52b38dcc3f25b2a6775262774130b29e24293f0c016ec9642a4f71e9cbd58c,2018-08,Dorset Police,Dorset Police,-2.459434,50.649735,On or near Fieldfare Close,E01020551,Weymouth and Portland 001A,Violence and sexual offences,Unable to prosecute suspect,
ad355eea2b31451d656df6ecacf24ba2bf61a8d1e020ad3f6c354d35a6cd32e0,2018-08,Dorset Police,Dorset Police,-2.458952,50.649683,On or near Chaffinch Close,E01020551,Weymouth and Portland 001A,Violence and sexual offences,Investigation complete; no suspect identified,
aa93471cc83c4977f309afac3246e95fb8611d9e65fae6a49e89f7f595050005,2018-08,Dorset Police,Dorset Police,-2.444482,50.645126,On or near Holzwickede Court,E01020551,Weymouth and Portland 001A,Violence and sexual offences,Unable to prosecute suspect,
8bd707a19659a6b3937d24f3e4f07f17b5a6450c746be0ab6fc293f9d5190f35,2018-08,Dorset Police,Dorset Police,-2.450280,50.643557,On or near Castlemaine Road,E01020551,Weymouth and Portland 001A,Violence and sexual offences,Unable to prosecute suspect,
1f82c5b916b2ca59416271c3217593cefbf7cfbc177042beffd6230f7c5827f3,2018-08,Dorset Police,Dorset Police,-2.450280,50.643557,On or near Castlemaine Road,E01020551,Weymouth and Portland 001A,Violence and sexual offences,Unable to prosecute suspect,
0208d5469c708b932d28709dd950d46b87c0b14ae951e2b2b1e74fab332a4547,2018-08,Dorset Police,Dorset Police,-2.451111,50.646135,On or near Culliford Way,E01020551,Weymouth and Portland 001A,Other crime,Unable to prosecute suspect,
4a3bdafa67c5aeff4aef0b92da7ef1537e2d57f0946b9604ad7617793a4d4685,2018-08,Dorset Police,Dorset Police,-2.451111,50.646135,On or near Culliford Way,E01020551,Weymouth and Portland 001A,Other crime,Unable to prosecute suspect,
,2018-08,Dorset Police,Dorset Police,-2.454267,50.647876,On or near Shopping Area,E01020552,Weymouth and Portland 001B,Anti-social behaviour,,
,2018-08,Dorset Police,Dorset Police,-2.451142,50.643518,On or near Wentworth Close,E01020552,Weymouth and Portland 001B,Anti-social behaviour,,
,2018-08,Dorset Police,Dorset Police,-2.453559,50.646278,On or near Canberra Road,E01020552,Weymouth and Portland 001B,Anti-social behaviour,,
,2018-08,Dorset Police,Dorset Police,-2.449263,50.645144,On or near Knoll Rise,E01020552,Weymouth and Portland 001B,Anti-social behaviour,,
,2018-08,Dorset Police,Dorset Police,-2.449766,50.644557,On or near Hamilton Close,E01020552,Weymouth and Portland 001B,Anti-social behaviour,,
,2018-08,Dorset Police,Dorset Police,-2.454266,50.647732,On or near Supermarket,E01020552,Weymouth and Portland 001B,Anti-social behaviour,,
,2018-08,Dorset Police,Dorset Police,-2.454266,50.647732,On or near Supermarket,E01020552,Weymouth and Portland 001B,Anti-social behaviour,,
,2018-08,Dorset Police,Dorset Police,-2.451553,50.645054,On or near Gladstone Close,E01020552,Weymouth and Portland 001B,Anti-social behaviour,,
,2018-08,Dorset Police,Dorset Police,-2.453261,50.644760,On or near Kimberley Close,E01020552,Weymouth and Portland 001B,Anti-social behaviour,,
,2018-08,Dorset Police,Dorset Police,-2.452425,50.647515,On or near Canberra Crescent,E01020552,Weymouth and Portland 001B,Anti-social behaviour,,
,2018-08,Dorset Police,Dorset Police,-2.451553,50.645054,On or near Gladstone Close,E01020552,Weymouth and Portland 001B,Anti-social behaviour,,
,2018-08,Dorset Police,Dorset Police,-2.454150,50.645997,On or near Darwin Close,E01020552,Weymouth and Portland 001B,Anti-social behaviour,,
,2018-08,Dorset Police,Dorset Police,-2.454266,50.647732,On or near Supermarket,E01020552,Weymouth and Portland 001B,Anti-social behaviour,,
,2018-08,Dorset Police,Dorset Police,-2.449766,50.644557,On or near Hamilton Close,E01020552,Weymouth and Portland 001B,Anti-social behaviour,,
b2f173dcfde0a0c8afd93e039247a3e19a5461ea2d770efdfda740cf46333e01,2018-08,Dorset Police,Dorset Police,-2.449766,50.644557,On or near Hamilton Close,E01020552,Weymouth and Portland 001B,Burglary,Investigation complete; no suspect identified,
a483c8638a15a8d166da1e42736003c90608b918115f81a359bae5dc5707b95d,2018-08,Dorset Police,Dorset Police,-2.451553,50.645054,On or near Gladstone Close,E01020552,Weymouth and Portland 001B,Criminal damage and arson,Investigation complete; no suspect identified,
8439a40d70a5365239efc5634c32efb91c71a5ee116959a86c5a9ff5ff030593,2018-08,Dorset Police,Dorset Police,-2.451142,50.643518,On or near Wentworth Close,E01020552,Weymouth and Portland 001B,Criminal damage and arson,Unable to prosecute suspect,
7736205b484267b9939914e0841974eb666f698e17533112738b1ca2f95f653d,2018-08,Dorset Police,Dorset Police,-2.457888,50.647862,On or near Beverley Road,E01020552,Weymouth and Portland 001B,Drugs,Offender given conditional discharge,
f2ef4ed5b9804b5708a66784d1f846e95de145963c6321e30b55b22d8ca5a5a2,2018-08,Dorset Police,Dorset Police,-2.451600,50.645495,On or near Bayard Road,E01020552,Weymouth and Portland 001B,Other theft,Unable to prosecute suspect,
0e075f79b562890e57509cb033a05368355a1ffa7be92f3ccafaa699d1750227,2018-08,Dorset Police,Dorset Police,-2.448751,50.643383,On or near Clivia Close,E01020552,Weymouth and Portland 001B,Vehicle crime,Investigation complete; no suspect identified,
691197d789fcfd8275547751296a89557692fd205017a3ca5ec3e5710a8b57a8,2018-08,Dorset Police,Dorset Police,-2.454853,50.647011,On or near Rockhampton Close,E01020552,Weymouth and Portland 001B,Violence and sexual offences,Unable to prosecute suspect,
78f7c903d970773e4948d84bbfe1f97d33c3916189ef299480f5990036bff3af,2018-08,Dorset Police,Dorset Police,-2.452793,50.644546,On or near Brisbane Road,E01020552,Weymouth and Portland 001B,Violence and sexual offences,Unable to prosecute suspect,
e602b3aff60d63b3211e6b223d7e3266428e4cc5eb7b09ad1652c11c1d2265f6,2018-08,Dorset Police,Dorset Police,-2.453559,50.646278,On or near Canberra Road,E01020552,Weymouth and Portland 001B,Violence and sexual offences,Unable to prosecute suspect,
57398afe26e4628ca3e8dce6e7a745b74a5a24c31e9c345698aa71ef58ff0483,2018-08,Dorset Police,Dorset Police,-2.453559,50.646278,On or near Canberra Road,E01020552,Weymouth and Portland 001B,Violence and sexual offences,Unable to prosecute suspect,
7caec20ea60a42b760509a83aeff25298dba9b1532e890189da48889d9b00fe9,2018-08,Dorset Police,Dorset Police,-2.453261,50.644760,On or near Kimberley Close,E01020552,Weymouth and Portland 001B,Violence and sexual offences,Unable to prosecute suspect,
2667bfccd0c70047c2d91bc036e2984a857f91ea1855e8125855d6da5902e49b,2018-08,Dorset Police,Dorset Police,-2.452793,50.644546,On or near Brisbane Road,E01020552,Weymouth and Portland 001B,Violence and sexual offences,Unable to prosecute suspect,
0803438fc0896e3ed899ee4034d97fde69ed879597388038b1f342ddc2405101,2018-08,Dorset Police,Dorset Police,-2.456309,50.646933,On or near Jenner Way,E01020552,Weymouth and Portland 001B,Violence and sexual offences,Unable to prosecute suspect,
,2018-08,Dorset Police,Dorset Police,-2.468727,50.663988,On or near The Ridgeway,E01020570,Weymouth and Portland 001C,Anti-social behaviour,,
,2018-08,Dorset Police,Dorset Police,-2.471831,50.650333,On or near Mill Street,E01020570,Weymouth and Portland 001C,Anti-social behaviour,,
,2018-08,Dorset Police,Dorset Police,-2.467192,50.658976,On or near Sprague Close,E01020570,Weymouth and Portland 001C,Anti-social behaviour,,
d719183a684d205a68a7bd6a14f33b76e879f00631b1ed2ebdfb20f3247e2d7e,2018-08,Dorset Police,Dorset Police,-2.469013,50.658609,On or near Miles Gardens,E01020570,Weymouth and Portland 001C,Criminal damage and arson,Investigation complete; no suspect identified,
d8170f75440acfc192b4a9e2acd0672549fe669b4d125caee3d15176769e44c5,2018-08,Dorset Police,Dorset Police,-2.480405,50.665883,On or near Goulds Hill Close,E01020570,Weymouth and Portland 001C,Drugs,Offender given a drugs possession warning,
25ad7001f6b6286e25f673c278c9de7ab79aaf59ad6a8f91513e87e0beafb88c,2018-08,Dorset Police,Dorset Police,-2.480405,50.665883,On or near Goulds Hill Close,E01020570,Weymouth and Portland 001C,Other theft,Investigation complete; no suspect identified,
cbe8fe532c62e70ac8c8d7de7aba1f02ab60b3c93d61260779eef41dbee21aad,2018-08,Dorset Police,Dorset Police,-2.469385,50.649039,On or near Springfield Road,E01020570,Weymouth and Portland 001C,Public order,Investigation complete; no suspect identified,
,2018-08,Dorset Police,Dorset Police,-2.464722,50.650947,On or near Broadwey Close,E01020571,Weymouth and Portland 001D,Anti-social behaviour,,
,2018-08,Dorset Police,Dorset Police,-2.468132,50.655321,On or near Victoria Avenue,E01020571,Weymouth and Portland 001D,Anti-social behaviour,,
,2018-08,Dorset Police,Dorset Police,-2.466249,50.648090,On or near Parking Area,E01020571,Weymouth and Portland 001D,Anti-social behaviour,,
,2018-08,Dorset Police,Dorset Police,-2.466249,50.648090,On or near Parking Area,E01020571,Weymouth and Portland 001D,Anti-social behaviour,,
,2018-08,Dorset Police,Dorset Police,-2.468132,50.655321,On or near Victoria Avenue,E01020571,Weymouth and Portland 001D,Anti-social behaviour,,
68da1b8251fefbc6cf0538da2557c8023a2a00b090989a789fb5a77c1aea1142,2018-08,Dorset Police,Dorset Police,-2.466249,50.648090,On or near Parking Area,E01020571,Weymouth and Portland 001D,Bicycle theft,Investigation complete; no suspect identified,
2c098ef59f12ad9f78ecbb8cd91b573df8ec39a0be581844d602164e952c55e0,2018-08,Dorset Police,Dorset Police,-2.466945,50.646900,On or near Juniper Way,E01020571,Weymouth and Portland 001D,Burglary,Investigation complete; no suspect identified,
8f0b11bb8258d6d2b7c658b21ed7c53322a384f9b34dca9eb9f38eb5718b159c,2018-08,Dorset Police,Dorset Police,-2.466954,50.657826,On or near Chapel Lane,E01020571,Weymouth and Portland 001D,Vehicle crime,Investigation complete; no suspect identified,
77e7900e25f998ff1c22303a9fd6074a339e965e666cc1eb58f467b288a5889d,2018-08,Dorset Police,Dorset Police,-2.462556,50.650766,On or near Sanderling Close,E01020571,Weymouth and Portland 001D,Violence and sexual offences,Investigation complete; no suspect identified,
5d93fd7f2ea7c1a2463ff8412f32e12317c99b4141d989ff3c3ea4ae0dcd3729,2018-08,Dorset Police,Dorset Police,-2.463850,50.650078,On or near Reedling Close,E01020571,Weymouth and Portland 001D,Violence and sexual offences,Court result unavailable,
2466db1f1c879ce9ae31a1ddfd3898c85e28ba7f7616a69f9baec3192c12e295,2018-08,Dorset Police,Dorset Police,-2.463850,50.650078,On or near Reedling Close,E01020571,Weymouth and Portland 001D,Violence and sexual offences,Unable to prosecute suspect,
18b3af57fd11c39676623d738b6546360fa2049a4307e096fb33542633873928,2018-08,Dorset Police,Dorset Police,-2.467353,50.648166,On or near Came Down Close,E01020571,Weymouth and Portland 001D,Violence and sexual offences,Awaiting court outcome,
a8d5adab6917772db9d7b4cad98192b7381206c06e133ec02ed2d7bc758cbb64,2018-08,Dorset Police,Dorset Police,-2.467320,50.656233,On or near St Lawrence Road,E01020571,Weymouth and Portland 001D,Violence and sexual offences,Unable to prosecute suspect,
fadc2def0be2e95a19f83e30926b3ff9061b4bc16d8f5998cbd515102526655e,2018-08,Dorset Police,Dorset Police,-2.468478,50.654583,On or near Old Station Road,E01020571,Weymouth and Portland 001D,Violence and sexual offences,Court result unavailable,
9b3c951a46faad00e41bb9f938ae84348ae758699bf862089a83ada95079da7b,2018-08,Dorset Police,Dorset Police,-2.467320,50.656233,On or near St Lawrence Road,E01020571,Weymouth and Portland 001D,Violence and sexual offences,Unable to prosecute suspect,
e23308272ec66438bd4b5d9a281906aa85a4120231b62ac6f5a4f0b717d8b404,2018-08,Dorset Police,Dorset Police,-2.466945,50.646900,On or near Juniper Way,E01020571,Weymouth and Portland 001D,Violence and sexual offences,Unable to prosecute suspect,
,2018-08,Dorset Police,Dorset Police,-2.431979,50.634301,On or near Heron Close,E01020557,Weymouth and Portland 002A,Anti-social behaviour,,
,2018-08,Dorset Police,Dorset Police,-2.444800,50.630907,On or near Park/Open Space,E01020557,Weymouth and Portland 002A,Anti-social behaviour,,
c48b0b5d29446fceb3f158403a58e5a689a3b41c18c4cd35a6df91e80ab1458f,2018-08,Dorset Police,Dorset Police,-2.443026,50.627209,On or near Parking Area,E01020557,Weymouth and Portland 002A,Bicycle theft,Investigation complete; no suspect identified,
fc764338429c7f2a826af93827b3088f0b920486263902aff6a55b9e3093b938,2018-08,Dorset Police,Dorset Police,-2.434853,50.639308,On or near Enkworth Road,E01020557,Weymouth and Portland 002A,Criminal damage and arson,Investigation complete; no suspect identified,
af6dee0766286201c6a5aeb7266909bde8a0442478f971406375dc6b7b42c18c,2018-08,Dorset Police,Dorset Police,-2.424380,50.636838,On or near Bowleaze Coveway,E01020557,Weymouth and Portland 002A,Criminal damage and arson,Investigation complete; no suspect identified,
1eb2c4da1ab7d4764441a89621c470384868cbf1a8aeab7710e70f918c9ec345,2018-08,Dorset Police,Dorset Police,-2.432528,50.634011,On or near Parking Area,E01020557,Weymouth and Portland 002A,Other theft,Investigation complete; no suspect identified,
46c06e230224019b1eb4031ef95460a672e1281249497c3f2ad43e78c8828ea0,2018-08,Dorset Police,Dorset Police,-2.424380,50.636838,On or near Bowleaze Coveway,E01020557,Weymouth and Portland 002A,Other theft,Investigation complete; no suspect identified,
f3510e276b87ba28d02d069dc40f5e5183cda34e55f7c5566cf64941f4be9e32,2018-08,Dorset Police,Dorset Police,-2.443026,50.627209,On or near Parking Area,E01020557,Weymouth and Portland 002A,Other theft,Unable to prosecute suspect,
adc4ae17f7f51a7bec367356ba4a342032d42dd5a1a4415dd495879ef7d78596,2018-08,Dorset Police,Dorset Police,-2.430361,50.633623,On or near Parking Area,E01020557,Weymouth and Portland 002A,Public order,Status update unavailable,
833e28dc2cc952e805cb0eb1fe7299954d945d3b76a5cc6b6d33db605c4ffec0,2018-08,Dorset Police,Dorset Police,-2.424380,50.636838,On or near Bowleaze Coveway,E01020557,Weymouth and Portland 002A,Public order,Investigation complete; no suspect identified,
b7013aab0f90b38016762653d5eb65a03c679eaca9a0345e78ca9da0f3164d5d,2018-08,Dorset Police,Dorset Police,-2.443026,50.627209,On or near Parking Area,E01020557,Weymouth and Portland 002A,Public order,Unable to prosecute suspect,
4eef6386c91eb7d67ef1116295e114a8449a15c4cecead720188bc6caad71237,2018-08,Dorset Police,Dorset Police,-2.424380,50.636838,On or near Bowleaze Coveway,E01020557,Weymouth and Portland 002A,Vehicle crime,Investigation complete; no suspect identified,
,2018-08,Dorset Police,Dorset Police,-2.421982,50.645336,On or near Horyford Close,E01020558,Weymouth and Portland 002B,Anti-social behaviour,,
9ee2973ba12cd19356341ea4d64d89c1abe8dea181a2adfbc1a0102afbcf28c1,2018-08,Dorset Police,Dorset Police,-2.425881,50.646383,On or near Hawkesworth Close,E01020558,Weymouth and Portland 002B,Burglary,Status update unavailable,
d3713a62409c2d9f7877439cfd3ecdeda938508d1c562e444c8504da0c003868,2018-08,Dorset Police,Dorset Police,-2.418382,50.646095,On or near Tallidge Close,E01020558,Weymouth and Portland 002B,Other theft,Formal action is not in the public interest,
22b63a31c0b0f45c9c1a9882674c70c73f16b404b06f0b0eccca87dca3e657c1,2018-08,Dorset Police,Dorset Police,-2.418382,50.646095,On or near Tallidge Close,E01020558,Weymouth and Portland 002B,Other theft,Investigation complete; no suspect identified,
95ffd130dde3a83aefd6d4741fb41da3bb87cc7cb813a9c1a706bc4b1f40c304,2018-08,Dorset Police,Dorset Police,-2.418382,50.646095,On or near Tallidge Close,E01020558,Weymouth and Portland 002B,Public order,Unable to prosecute suspect,
7b790a326adf128d88371bcab45dafb971e3fb64a247158910038038baf61a0d,2018-08,Dorset Police,Dorset Police,-2.418382,50.646095,On or near Tallidge Close,E01020558,Weymouth and Portland 002B,Violence and sexual offences,Unable to prosecute suspect,
91226edb9ada24dd152a76d58fc83aa37b8c379c4da29fc0f7367c649d34d5ff,2018-08,Dorset Police,Dorset Police,-2.421280,50.647470,On or near Bridge Inn Lane,E01020558,Weymouth and Portland 002B,Violence and sexual offences,Unable to prosecute suspect,
c72e2a8302bb86def6ce9b404dec39929b7ccfcc52422d4e033da9ce2168c960,2018-08,Dorset Police,Dorset Police,-2.429065,50.643502,On or near Chalbury Lodge,E01020558,Weymouth and Portland 002B,Violence and sexual offences,Investigation complete; no suspect identified,
c53646f4f5ce582ac8f3b586c0684113f478989372964ea943ded042957ee9a1,2018-08,Dorset Police,Dorset Police,-2.418382,50.646095,On or near Tallidge Close,E01020558,Weymouth and Portland 002B,Violence and sexual offences,Unable to prosecute suspect,
291c27dbc721f81ac5ee2167eed4a92eb77d42d9d819bdfa442569a97e8f0068,2018-08,Dorset Police,Dorset Police,-2.418382,50.646095,On or near Tallidge Close,E01020558,Weymouth and Portland 002B,Violence and sexual offences,Further investigation is not in the public interest,
a9be363cbae8aab95e72009d6548be978894bb8207d08324e7bd7afa51d6b099,2018-08,Dorset Police,Dorset Police,-2.418382,50.646095,On or near Tallidge Close,E01020558,Weymouth and Portland 002B,Violence and sexual offences,Unable to prosecute suspect,
2a3839165c6f5821701bbb6328582936f0865cb74868b26c35795e16f1bf00b7,2018-08,Dorset Police,Dorset Police,-2.425881,50.646383,On or near Hawkesworth Close,E01020558,Weymouth and Portland 002B,Violence and sexual offences,Unable to prosecute suspect,
7d4928ecd3df19356b65efab8c7eca6377c93b38c5e04c03fea87704637cfbad,2018-08,Dorset Police,Dorset Police,-2.418382,50.646095,On or near Tallidge Close,E01020558,Weymouth and Portland 002B,Violence and sexual offences,Unable to prosecute suspect,
8be9590a7db31830a7ab98b4bbf818890c9a239d735aa56c96b3c6d43156a75a,2018-08,Dorset Police,Dorset Police,-2.416781,50.645732,On or near Holcombe Close,E01020558,Weymouth and Portland 002B,Violence and sexual offences,Unable to prosecute suspect,
b410141579026511f4e3c9827a7b4cf06382761cfbafb1ee3c1b81ad35920e5c,2018-08,Dorset Police,Dorset Police,-2.418382,50.646095,On or near Tallidge Close,E01020558,Weymouth and Portland 002B,Violence and sexual offences,Unable to prosecute suspect,
2360010fc117c4b03989862927b548fdd8c178c44029721dd0c18f25d5f0d182,2018-08,Dorset Police,Dorset Police,-2.432733,50.645584,On or near Allberry Gardens,E01020559,Weymouth and Portland 002C,Other theft,Investigation complete; no suspect identified,
,2018-08,Dorset Police,Dorset Police,-2.444163,50.624786,On or near Greenhill,E01020560,Weymouth and Portland 002D,Anti-social behaviour,,
,2018-08,Dorset Police,Dorset Police,-2.447986,50.626929,On or near Parking Area,E01020560,Weymouth and Portland 002D,Anti-social behaviour,,
,2018-08,Dorset Police,Dorset Police,-2.444163,50.624786,On or near Greenhill,E01020560,Weymouth and Portland 002D,Anti-social behaviour,,
,2018-08,Dorset Police,Dorset Police,-2.447986,50.626929,On or near Parking Area,E01020560,Weymouth and Portland 002D,Anti-social behaviour,,
fd35a69ca5b6664f4aa48e95e6ed09622bc97d55f814fbc0c4b63d416e09576b,2018-08,Dorset Police,Dorset Police,-2.457964,50.628042,On or near Cleveland Avenue,E01020560,Weymouth and Portland 002D,Burglary,Investigation complete; no suspect identified,
d82e43bd0445671b82e85b153a5c5da2cc24c689c5158832c17afa0949f9b3ab,2018-08,Dorset Police,Dorset Police,-2.445889,50.624905,On or near Parking Area,E01020560,Weymouth and Portland 002D,Criminal damage and arson,Investigation complete; no suspect identified,
ebb871ce55b827f412baca5acb837fa4e88acffe576d817e4b88f4c71d824c70,2018-08,Dorset Police,Dorset Police,-2.453241,50.632332,On or near Sports/Recreation Area,E01020560,Weymouth and Portland 002D,Criminal damage and arson,Investigation complete; no suspect identified,
505d0188a5f05169c663223e01a7371c942a61b4502f992aa40db45423a68414,2018-08,Dorset Police,Dorset Police,-2.445889,50.624905,On or near Parking Area,E01020560,Weymouth and Portland 002D,Violence and sexual offences,Investigation complete; no suspect identified,
392b92e19c9a97e4b330860da5cb2dde7c866a85101d6307161c194d945b8fb9,2018-08,Dorset Police,Dorset Police,-2.445889,50.624905,On or near Parking Area,E01020560,Weymouth and Portland 002D,Violence and sexual offences,Unable to prosecute suspect,
30959db0b8d8478e7d4c986ff6bf4e6a66e6c8cbcdc3a3a6d9c2a4ef60be870c,2018-08,Dorset Police,Dorset Police,-2.455780,50.630289,On or near Teeling Road,E01020560,Weymouth and Portland 002D,Violence and sexual offences,Unable to prosecute suspect,
,2018-08,Dorset Police,Dorset Police,-2.455421,50.623834,On or near Supermarket,E01020561,Weymouth and Portland 002E,Anti-social behaviour,,
,2018-08,Dorset Police,Dorset Police,-2.457393,50.624590,On or near Great Western Terrace,E01020561,Weymouth and Portland 002E,Anti-social behaviour,,
,2018-08,Dorset Police,Dorset Police,-2.458721,50.624459,On or near Southfield Avenue,E01020561,Weymouth and Portland 002E,Anti-social behaviour,,
,2018-08,Dorset Police,Dorset Police,-2.455421,50.623834,On or near Supermarket,E01020561,Weymouth and Portland 002E,Anti-social behaviour,,
88baec98a44ed4eb29a42c4864024fc5f02c06ee39b712504e724cc10e6a4af2,2018-08,Dorset Police,Dorset Police,-2.460375,50.630208,On or near Hetherly Road,E01020561,Weymouth and Portland 002E,Criminal damage and arson,Investigation complete; no suspect identified,
4decae1c80fa0ed7808ac3addb133dffcc785f52a2c384f209ecc26313b8af07,2018-08,Dorset Police,Dorset Police,-2.455421,50.623834,On or near Supermarket,E01020561,Weymouth and Portland 002E,Other theft,Offender given a caution,
294eb8634301d8811d0dd9c9ac3f4f8d3b274817a916bf1d16aceece11f19122,2018-08,Dorset Police,Dorset Police,-2.460375,50.630208,On or near Hetherly Road,E01020561,Weymouth and Portland 002E,Other theft,Investigation complete; no suspect identified,
26000df038ee360fe922f7400196f8ad09a7f9ab9f1227249aee640cec387eac,2018-08,Dorset Police,Dorset Police,-2.458721,50.624459,On or near Southfield Avenue,E01020561,Weymouth and Portland 002E,Possession of weapons,Unable to prosecute suspect,
e89a42cfe2d68f15eae5ee4288ccff2aa538637887b4e6f94ad205ef96a788f1,2018-08,Dorset Police,Dorset Police,-2.455421,50.623834,On or near Supermarket,E01020561,Weymouth and Portland 002E,Shoplifting,Unable to prosecute suspect,
55f0fcb74d6eafd1a6b5be5d747ca39eb2217b9fe50d944c919df075f31458c4,2018-08,Dorset Police,Dorset Police,-2.457393,50.624590,On or near Great Western Terrace,E01020561,Weymouth and Portland 002E,Violence and sexual offences,Action to be taken by another organisation,
6555465def4f53984b5e0b31c9eb0ab450df1caeb8f2d21acae103d7d00d4ab1,2018-08,Dorset Police,Dorset Police,-2.456698,50.625753,On or near Ferndale Road,E01020561,Weymouth and Portland 002E,Violence and sexual offences,Unable to prosecute suspect,
,2018-08,Dorset Police,Dorset Police,-2.463452,50.615367,On or near Pottery Lane,E01020574,Weymouth and Portland 003A,Anti-social behaviour,,
,2018-08,Dorset Police,Dorset Police,-2.469401,50.622268,On or near Weymouth Way,E01020574,Weymouth and Portland 003A,Anti-social behaviour,,
,2018-08,Dorset Police,Dorset Police,-2.465065,50.615522,On or near Pottery Lane,E01020574,Weymouth and Portland 003A,Anti-social behaviour,,
,2018-08,Dorset Police,Dorset Police,-2.469918,50.615970,On or near Links Road,E01020574,Weymouth and Portland 003A,Anti-social behaviour,,
,2018-08,Dorset Police,Dorset Police,-2.469918,50.615970,On or near Links Road,E01020574,Weymouth and Portland 003A,Anti-social behaviour,,
,2018-08,Dorset Police,Dorset Police,-2.470874,50.615472,On or near Devon Road,E01020574,Weymouth and Portland 003A,Anti-social behaviour,,
,2018-08,Dorset Police,Dorset Police,-2.463452,50.615367,On or near Pottery Lane,E01020574,Weymouth and Portland 003A,Anti-social behaviour,,
,2018-08,Dorset Police,Dorset Police,-2.467413,50.614236,On or near Longcroft Lane,E01020574,Weymouth and Portland 003A,Anti-social behaviour,,
,2018-08,Dorset Police,Dorset Police,-2.467413,50.614236,On or near Longcroft Lane,E01020574,Weymouth and Portland 003A,Anti-social behaviour,,
,2018-08,Dorset Police,Dorset Police,-2.469401,50.622268,On or near Weymouth Way,E01020574,Weymouth and Portland 003A,Anti-social behaviour,,
,2018-08,Dorset Police,Dorset Police,-2.470041,50.612714,On or near Longcroft Road,E01020574,Weymouth and Portland 003A,Anti-social behaviour,,
,2018-08,Dorset Police,Dorset Police,-2.463777,50.615348,On or near Minton Place,E01020574,Weymouth and Portland 003A,Anti-social behaviour,,
8761b06d536c02cf396f4bb6fc5a7bbfd9431c08b367d3213238f439b98480cf,2018-08,Dorset Police,Dorset Police,-2.469862,50.614631,On or near Rutland Road,E01020574,Weymouth and Portland 003A,Criminal damage and arson,Unable to prosecute suspect,
954448155f2d1a77c294a5230fd4a7cf2a53f4e82c623c1cc8840d24697e8f13,2018-08,Dorset Police,Dorset Police,-2.469918,50.615970,On or near Links Road,E01020574,Weymouth and Portland 003A,Criminal damage and arson,Unable to prosecute suspect,
36554e94ede459782cffdd773dbf6d15420eb5e9a7edf44f56f2186da21b6506,2018-08,Dorset Police,Dorset Police,-2.469082,50.614409,On or near Links Road,E01020574,Weymouth and Portland 003A,Criminal damage and arson,Investigation complete; no suspect identified,
c6797d05f5c59013e32d991ad2daed0964f9dd5ac707e9fa554ce3040c6107a3,2018-08,Dorset Police,Dorset Police,-2.461139,50.621671,On or near Park/Open Space,E01020574,Weymouth and Portland 003A,Possession of weapons,Offender given a caution,
84764feb8a85f65b618bc8efd1080a1a3a9a9c5f518b4245d0fcd19a6bb69991,2018-08,Dorset Police,Dorset Police,-2.469918,50.615970,On or near Links Road,E01020574,Weymouth and Portland 003A,Public order,Formal action is not in the public interest,
461bb11d6413bd87a74d607900ffae6060706966e7873fc458235e1821dc104d,2018-08,Dorset Police,Dorset Police,-2.471961,50.613930,On or near Kitchener Road,E01020574,Weymouth and Portland 003A,Vehicle crime,Investigation complete; no suspect identified,
0d0cb6b534ed0acd38bbefe30d6b55a04e482a5fa4003cddf5603837312e3f39,2018-08,Dorset Police,Dorset Police,-2.469918,50.615970,On or near Links Road,E01020574,Weymouth and Portland 003A,Violence and sexual offences,Unable to prosecute suspect,
e3d0595f24d7c1a61893bb7b2773aad5d623e8f0c2055069be90bc23046abed4,2018-08,Dorset Police,Dorset Police,-2.469918,50.615970,On or near Links Road,E01020574,Weymouth and Portland 003A,Violence and sexual offences,Formal action is not in the public interest,
0b71ba68c172048dbe4f05e48097c7bc172709765c4a730d2d2a732af37047d1,2018-08,Dorset Police,Dorset Police,-2.469918,50.615970,On or near Links Road,E01020574,Weymouth and Portland 003A,Violence and sexual offences,Unable to prosecute suspect,
ceba241ee1ed338d32f4def559aec911cf037465570016b1d96162577cf17738,2018-08,Dorset Police,Dorset Police,-2.469918,50.615970,On or near Links Road,E01020574,Weymouth and Portland 003A,Violence and sexual offences,Unable to prosecute suspect,
19f3f163384d18ff3f3c19a914a43e4838e255c8d69733cc460917935434e276,2018-08,Dorset Police,Dorset Police,-2.461139,50.621671,On or near Park/Open Space,E01020574,Weymouth and Portland 003A,Violence and sexual offences,Investigation complete; no suspect identified,
5dbbafd1f4692d0503b8adc06d20ace5a764436cb4de2e22b097cda4f74ad731,2018-08,Dorset Police,Dorset Police,-2.471768,50.613031,On or near Queensland Road,E01020574,Weymouth and Portland 003A,Violence and sexual offences,Defendant found not guilty,
,2018-08,Dorset Police,Dorset Police,-2.478094,50.613833,On or near Bedford Road,E01020575,Weymouth and Portland 003B,Anti-social behaviour,,
,2018-08,Dorset Police,Dorset Police,-2.476600,50.612895,On or near Cornwall Close,E01020575,Weymouth and Portland 003B,Anti-social behaviour,,
,2018-08,Dorset Police,Dorset Police,-2.475842,50.614822,On or near Norfolk Road,E01020575,Weymouth and Portland 003B,Anti-social behaviour,,
,2018-08,Dorset Police,Dorset Police,-2.475581,50.612719,On or near Shirecroft Road,E01020575,Weymouth and Portland 003B,Anti-social behaviour,,
c54ce83a2c6c71f70ac0cc14caa0615f483ad574cfc649bced83113055b6d931,2018-08,Dorset Police,Dorset Police,-2.478094,50.613833,On or near Bedford Road,E01020575,Weymouth and Portland 003B,Criminal damage and arson,Investigation complete; no suspect identified,
f3044b37ed57ea1421e1dca12442f4380c6a9d3ea21290fcdb13461db99b84ba,2018-08,Dorset Police,Dorset Police,-2.476600,50.612895,On or near Cornwall Close,E01020575,Weymouth and Portland 003B,Other theft,Investigation complete; no suspect identified,
e553bb0449b6c403dfa13645c18513af5eb2898851713b195c65613c04b1adc5,2018-08,Dorset Police,Dorset Police,-2.474898,50.613657,On or near Dorset Close,E01020575,Weymouth and Portland 003B,Other theft,Investigation complete; no suspect identified,
54f4bad2dc39978737eebee1a83cb4ea6f856061d7cb9457ac0fd35cd397c68d,2018-08,Dorset Police,Dorset Police,-2.476600,50.612895,On or near Cornwall Close,E01020575,Weymouth and Portland 003B,Public order,Offender fined,
95f400f5780603a6e186c8343f09a58df5e7f49a3b57855b128e15c05f84943d,2018-08,Dorset Police,Dorset Police,-2.475842,50.614822,On or near Norfolk Road,E01020575,Weymouth and Portland 003B,Public order,Unable to prosecute suspect,
8c1f25d0a0ce4637a90c6738a98d8521a68de900da5eeba41bf7a7482818341c,2018-08,Dorset Police,Dorset Police,-2.475842,50.614822,On or near Norfolk Road,E01020575,Weymouth and Portland 003B,Public order,Unable to prosecute suspect,
96eb06c511023ee4945121b0b9d2d71ecfbc534ccab25636d5b3264f958c89fd,2018-08,Dorset Police,Dorset Police,-2.478094,50.613833,On or near Bedford Road,E01020575,Weymouth and Portland 003B,Violence and sexual offences,Court result unavailable,
cd9dafda38a91d780db94dbd1ea501d0bd786787ef2f60b0b5e0c2b7a9b29d1a,2018-08,Dorset Police,Dorset Police,-2.473748,50.611782,On or near Adelaide Crescent,E01020575,Weymouth and Portland 003B,Violence and sexual offences,Unable to prosecute suspect,
09243a638743b55e94b0366b8ecf1d02d769616a012a13e67bf8635ab0ac517e,2018-08,Dorset Police,Dorset Police,-2.478094,50.613833,On or near Bedford Road,E01020575,Weymouth and Portland 003B,Violence and sexual offences,Unable to prosecute suspect,
da113b65339d136878a1a2a638f90de534282281ec31250e7130dc8985c089d6,2018-08,Dorset Police,Dorset Police,-2.480230,50.614040,On or near Hereford Crescent,E01020575,Weymouth and Portland 003B,Violence and sexual offences,Unable to prosecute suspect,
8785ddbab6119c31010c7f0d0b3ad4d182fbc32e7e740e6b7c6ab3257155f1fb,2018-08,Dorset Police,Dorset Police,-2.478094,50.613833,On or near Bedford Road,E01020575,Weymouth and Portland 003B,Violence and sexual offences,Offender sent to prison,
b7f7169c3c17d830cf70b6a9deb29c362a5c5d60b00944e2afbddcc35d57342f,2018-08,Dorset Police,Dorset Police,-2.479987,50.613753,On or near Hereford Road,E01020575,Weymouth and Portland 003B,Violence and sexual offences,Offender given community sentence,
da1f580089bfd012889753cef84890a0fabb31f01dd2f22c2580d7a2f70d9f17,2018-08,Dorset Police,Dorset Police,-2.476856,50.624144,On or near Parking Area,E01020576,Weymouth and Portland 003C,Burglary,Status update unavailable,
7814ddb605089d2ce0ffba1702ab6bbdb294bdd169a845fca1f92128e81573b8,2018-08,Dorset Police,Dorset Police,-2.483036,50.618911,On or near Radipole Lane,E01020576,Weymouth and Portland 003C,Criminal damage and arson,Court result unavailable,
57ac094184988977b16de369e9cd85e190f0ba7b2955f0fdd5b108d3caedfe27,2018-08,Dorset Police,Dorset Police,-2.474766,50.623001,On or near Beaulieu,E01020576,Weymouth and Portland 003C,Other theft,Investigation complete; no suspect identified,
ec57db744f6f33c2b6411f7e38aaca667c3f4cad9d8195a95e9a833ca58f29c7,2018-08,Dorset Police,Dorset Police,-2.483036,50.618911,On or near Radipole Lane,E01020576,Weymouth and Portland 003C,Possession of weapons,Court result unavailable,
966f978dac18eaffab6b441547db7ffc71ac7a69931d53c1a8d87ae729308a32,2018-08,Dorset Police,Dorset Police,-2.483036,50.618911,On or near Radipole Lane,E01020576,Weymouth and Portland 003C,Public order,Offender given conditional discharge,
40825039ceea53ac68a26a93a34b78b8d981b228171c2201773eee00129b1731,2018-08,Dorset Police,Dorset Police,-2.483036,50.618911,On or near Radipole Lane,E01020576,Weymouth and Portland 003C,Public order,Unable to prosecute suspect,
8db7fa5ca8cc167a4a729438893bfa6d390e2d92e4046052db1b86aa5be940ba,2018-08,Dorset Police,Dorset Police,-2.483036,50.618911,On or near Radipole Lane,E01020576,Weymouth and Portland 003C,Violence and sexual offences,Offender given community sentence,
080b99c3383231d28564c586f4efa44443bc78b78331ebe05cc2dfa5fe8a4037,2018-08,Dorset Police,Dorset Police,-2.476856,50.624144,On or near Parking Area,E01020576,Weymouth and Portland 003C,Violence and sexual offences,Unable to prosecute suspect,
a2be8b599e304f120b1da64fe011783f842eeaa65a8fb8b9c19ca72109f08656,2018-08,Dorset Police,Dorset Police,-2.483036,50.618911,On or near Radipole Lane,E01020576,Weymouth and Portland 003C,Violence and sexual offences,Unable to prosecute suspect,
d1df8b7132a278e6004975cf6aab4723625af4f8b8e40f5c6dff750908a2a02f,2018-08,Dorset Police,Dorset Police,-2.476444,50.625413,On or near Poplar Close,E01020576,Weymouth and Portland 003C,Violence and sexual offences,Court result unavailable,
013314680241d101951bb4debd75d6e5a7df31c3cdfc6ab4b6dec34667b43a87,2018-08,Dorset Police,Dorset Police,-2.483036,50.618911,On or near Radipole Lane,E01020576,Weymouth and Portland 003C,Violence and sexual offences,Court result unavailable,
c53669d4e90718c341fc93316a76a85122ee7381ef418bd4c3a813de08bb8166,2018-08,Dorset Police,Dorset Police,-2.477278,50.621210,On or near Briar Close,E01020576,Weymouth and Portland 003C,Violence and sexual offences,Offender given a caution,
,2018-08,Dorset Police,Dorset Police,-2.468730,50.638646,On or near Blenheim Road,E01020579,Weymouth and Portland 003D,Anti-social behaviour,,
,2018-08,Dorset Police,Dorset Police,-2.468221,50.628774,On or near Ullswater Crescent,E01020579,Weymouth and Portland 003D,Anti-social behaviour,,
,2018-08,Dorset Police,Dorset Police,-2.463281,50.632472,On or near Petrol Station,E01020579,Weymouth and Portland 003D,Anti-social behaviour,,
,2018-08,Dorset Police,Dorset Police,-2.468730,50.638646,On or near Blenheim Road,E01020579,Weymouth and Portland 003D,Anti-social behaviour,,
,2018-08,Dorset Police,Dorset Police,-2.463281,50.632472,On or near Petrol Station,E01020579,Weymouth and Portland 003D,Anti-social behaviour,,
948981441c42d24d191319663e121f5a6bf43e8b3da915655a54d1fe898e2c6c,2018-08,Dorset Police,Dorset Police,-2.468263,50.642911,On or near Sports/Recreation Area,E01020579,Weymouth and Portland 003D,Burglary,Offender fined,
62627e7920c0ab554fce7b4f831fe662d9c18655c327f08e5e2e2001fb491129,2018-08,Dorset Police,Dorset Police,-2.463281,50.632472,On or near Petrol Station,E01020579,Weymouth and Portland 003D,Other theft,Investigation complete; no suspect identified,
b3ba42ba92508beb70e6047321384a3031e5ce33102cc140b4051094f5ebe057,2018-08,Dorset Police,Dorset Police,-2.463281,50.632472,On or near Petrol Station,E01020579,Weymouth and Portland 003D,Other theft,Unable to prosecute suspect,
dd4643c5512ae4c1e718b79fa16284e8ea88e4c3ab8fd26f952ab0d1eeaca1ed,2018-08,Dorset Police,Dorset Police,-2.481104,50.644207,On or near Nottington Lane,E01020579,Weymouth and Portland 003D,Other theft,Unable to prosecute suspect,
b6e7bfea4fb6aa8b6f53b4f53c152f94be5155979ac5127ad24eb3d5eca993c2,2018-08,Dorset Police,Dorset Police,-2.469734,50.637302,On or near Petrol Station,E01020579,Weymouth and Portland 003D,Other theft,Unable to prosecute suspect,
919154ff60ed9331f61b4807f9206eef2c2cefc3ae9c8bc0c35137f5ee092f01,2018-08,Dorset Police,Dorset Police,-2.468730,50.638646,On or near Blenheim Road,E01020579,Weymouth and Portland 003D,Public order,Status update unavailable,
232709955eaa88a830507ecb082350137efc592efb00b93ecc1f1d6e0376861a,2018-08,Dorset Police,Dorset Police,-2.463281,50.632472,On or near Petrol Station,E01020579,Weymouth and Portland 003D,Robbery,Unable to prosecute suspect,
80fb4dc22fb2e9c12265a16bbc5ff039f4c7838ceaf240bd2c343edaf098d052,2018-08,Dorset Police,Dorset Police,-2.463281,50.632472,On or near Petrol Station,E01020579,Weymouth and Portland 003D,Shoplifting,Unable to prosecute suspect,
16bd2a336abef8e46eb5783afa6717061a04301758f0b6d8d326edee4eab047e,2018-08,Dorset Police,Dorset Police,-2.469734,50.637302,On or near Petrol Station,E01020579,Weymouth and Portland 003D,Shoplifting,Offender ordered to pay compensation,
0ecbc1014243a49d0b05aa1927a62a5691fbaa50ad34a5c2b09a7b8dd5136742,2018-08,Dorset Police,Dorset Police,-2.469734,50.637302,On or near Petrol Station,E01020579,Weymouth and Portland 003D,Shoplifting,Court result unavailable,
c2729f2307ae2b51173718450fac9cc55522debb7ea0a1e6f01ca4b3f1d37ee2,2018-08,Dorset Police,Dorset Police,-2.469734,50.637302,On or near Petrol Station,E01020579,Weymouth and Portland 003D,Shoplifting,Court result unavailable,
1a6e052851a6e53c266383d7b0fda3ec0f6bc0d00a3ef13c391c6fdbbb8943e8,2018-08,Dorset Police,Dorset Police,-2.469734,50.637302,On or near Petrol Station,E01020579,Weymouth and Portland 003D,Shoplifting,Court result unavailable,
d8bd7f180b8df8c85cfec42dd98b48967c23191eb02a37b934470ce4932aeea6,2018-08,Dorset Police,Dorset Police,-2.463281,50.632472,On or near Petrol Station,E01020579,Weymouth and Portland 003D,Violence and sexual offences,Investigation complete; no suspect identified,
723af36577481f7e9431ecc9f352557792e67ba19cf5b9b81afdc0b90745f16a,2018-08,Dorset Police,Dorset Police,-2.469864,50.644586,On or near Court Road,E01020579,Weymouth and Portland 003D,Violence and sexual offences,Status update unavailable,
36ab120809cc641b83450a35256d93925610f8f7ac81f5f9e992e984d0c0b2fe,2018-08,Dorset Police,Dorset Police,-2.469518,50.638337,On or near Lancaster Road,E01020579,Weymouth and Portland 003D,Violence and sexual offences,Unable to prosecute suspect,
,2018-08,Dorset Police,Dorset Police,-2.464108,50.628907,On or near Queens Road,E01020580,Weymouth and Portland 003E,Anti-social behaviour,,
31e31897a295ae35cfe8cf8c5ee4ab58a4589af5c06e76a077cb859089489739,2018-08,Dorset Police,Dorset Police,-2.467590,50.632086,On or near Mount Pleasant Avenue South,E01020580,Weymouth and Portland 003E,Other theft,Unable to prosecute suspect,
de4eb757c6738cec9ce47c02be10d08e4a1ef7ccd07c96e0f6ed342665bb67c6,2018-08,Dorset Police,Dorset Police,-2.464108,50.628907,On or near Queens Road,E01020580,Weymouth and Portland 003E,Vehicle crime,Investigation complete; no suspect identified,
a3c30d95e57de62a462bdceef730f870919af862a09a1b12272b86e5e6a89929,2018-08,Dorset Police,Dorset Police,-2.469493,50.635765,On or near Creech Way,E01020580,Weymouth and Portland 003E,Violence and sexual offences,Status update unavailable,
07d2693d1121ff1771475fbadb6d98cd9b4c5857f1257eb7488772b0a3cdce93,2018-08,Dorset Police,Dorset Police,-2.466589,50.628088,On or near Coniston Crescent,E01020580,Weymouth and Portland 003E,Violence and sexual offences,Unable to prosecute suspect,
652afee522b813be37f816ce9bfbf543ed28d46153fb8fc12dada7305c754d46,2018-08,Dorset Police,Dorset Police,-2.470336,50.628190,On or near Ambleside,E01020580,Weymouth and Portland 003E,Violence and sexual offences,Unable to prosecute suspect,
a4b2c6fe9422d9a846824dd33f0e8d76dd914304933fd45b5345add0de80b0f6,2018-08,Dorset Police,Dorset Police,-2.470336,50.628190,On or near Ambleside,E01020580,Weymouth and Portland 003E,Violence and sexual offences,Status update unavailable,
,2018-08,Dorset Police,Dorset Police,-2.451808,50.618587,On or near William Street,E01020553,Weymouth and Portland 004A,Anti-social behaviour,,
,2018-08,Dorset Police,Dorset Police,-2.451808,50.618587,On or near William Street,E01020553,Weymouth and Portland 004A,Anti-social behaviour,,
,2018-08,Dorset Police,Dorset Police,-2.452832,50.619222,On or near Avenue Road,E01020553,Weymouth and Portland 004A,Anti-social behaviour,,
,2018-08,Dorset Police,Dorset Police,-2.451808,50.618587,On or near William Street,E01020553,Weymouth and Portland 004A,Anti-social behaviour,,
,2018-08,Dorset Police,Dorset Police,-2.450027,50.618540,On or near The Esplanade,E01020553,Weymouth and Portland 004A,Anti-social behaviour,,
136c07d3dee3aca326d2dd7c3ffa7aea902c1f122d634e34ce1eb5287e26b847,2018-08,Dorset Police,Dorset Police,-2.451730,50.619307,On or near Grange Road,E01020553,Weymouth and Portland 004A,Bicycle theft,Investigation complete; no suspect identified,
c3dcd27190b992ed1a2b5b90930124b01aa87a0e71ca3e1c6009274d428440ad,2018-08,Dorset Police,Dorset Police,-2.451730,50.619307,On or near Grange Road,E01020553,Weymouth and Portland 004A,Drugs,Offender fined,
2a807b7edc8a9d52b5304b8e13ee8b87f8104471481eba625dce072b29c484fe,2018-08,Dorset Police,Dorset Police,-2.456734,50.619323,On or near Carlton Road South,E01020553,Weymouth and Portland 004A,Other theft,Investigation complete; no suspect identified,
119f927ad880d545d887ac63cd4276b537812cd8ddb4ce28eb71218a4b9a8e06,2018-08,Dorset Police,Dorset Police,-2.456734,50.619323,On or near Carlton Road South,E01020553,Weymouth and Portland 004A,Other theft,Investigation complete; no suspect identified,
c5ef3ac59f103c7ad7f6e5f64d171e8f796468b6265af12f17d878f26121663b,2018-08,Dorset Police,Dorset Police,-2.450027,50.618540,On or near The Esplanade,E01020553,Weymouth and Portland 004A,Robbery,Court result unavailable,
4cfce9b9c2a17cb6466e71a1419aa3eccbec4ada94d25d9d3c816cb6f9820820,2018-08,Dorset Police,Dorset Police,-2.455940,50.620459,On or near Glendinning Avenue,E01020553,Weymouth and Portland 004A,Violence and sexual offences,Offender sent to prison,
27b6a7204071c01b801559c8f83364849993668508d9d7f8d8645b791d200855,2018-08,Dorset Police,Dorset Police,-2.458518,50.619613,On or near Jubilee Close,E01020553,Weymouth and Portland 004A,Violence and sexual offences,Action to be taken by another organisation,
d881dc3aeea5cc6aed332c230d7fc2d5e8b96b5fb3f5e10ee5bec65078665b89,2018-08,Dorset Police,Dorset Police,-2.450027,50.618540,On or near The Esplanade,E01020553,Weymouth and Portland 004A,Violence and sexual offences,Unable to prosecute suspect,
5a2f5458421b6b5523a867a04891afb0e1cad6fb7144fc5437b549a1e9e506db,2018-08,Dorset Police,Dorset Police,-2.455380,50.619571,On or near Glendinning Avenue,E01020553,Weymouth and Portland 004A,Violence and sexual offences,Unable to prosecute suspect,
c8f92d7661dcf8cc4f31849b21ea36652bf3925530a939bed1eda87bd72d9fb5,2018-08,Dorset Police,Dorset Police,-2.455380,50.619571,On or near Glendinning Avenue,E01020553,Weymouth and Portland 004A,Violence and sexual offences,Status update unavailable,
637536e0e18b081b2cd5735371f9fbb02bfdb59708d9d43c6c23a4910f0ed966,2018-08,Dorset Police,Dorset Police,-2.455940,50.620459,On or near Glendinning Avenue,E01020553,Weymouth and Portland 004A,Violence and sexual offences,Court result unavailable,
3bfde81aeab9a5df7813b83b91e9bbbaaeb9a702963a71d459ae66f2f26cf972,2018-08,Dorset Police,Dorset Police,-2.455940,50.620459,On or near Glendinning Avenue,E01020553,Weymouth and Portland 004A,Violence and sexual offences,Unable to prosecute suspect,
,2018-08,Dorset Police,Dorset Police,-2.453938,50.613741,On or near Gloucester Mews,E01020554,Weymouth and Portland 004B,Anti-social behaviour,,
,2018-08,Dorset Police,Dorset Police,-2.455177,50.608781,On or near Supermarket,E01020554,Weymouth and Portland 004B,Anti-social behaviour,,
,2018-08,Dorset Police,Dorset Police,-2.453207,50.609733,On or near Nightclub,E01020554,Weymouth and Portland 004B,Anti-social behaviour,,
,2018-08,Dorset Police,Dorset Police,-2.454754,50.611894,On or near Great George Street,E01020554,Weymouth and Portland 004B,Anti-social behaviour,,
,2018-08,Dorset Police,Dorset Police,-2.453699,50.610936,On or near Shopping Area,E01020554,Weymouth and Portland 004B,Anti-social behaviour,,
,2018-08,Dorset Police,Dorset Police,-2.452828,50.614437,On or near Pedestrian Subway,E01020554,Weymouth and Portland 004B,Anti-social behaviour,,
,2018-08,Dorset Police,Dorset Police,-2.455111,50.609330,On or near Supermarket,E01020554,Weymouth and Portland 004B,Anti-social behaviour,,
,2018-08,Dorset Police,Dorset Police,-2.452828,50.614437,On or near Pedestrian Subway,E01020554,Weymouth and Portland 004B,Anti-social behaviour,,
,2018-08,Dorset Police,Dorset Police,-2.456427,50.609477,On or near Parking Area,E01020554,Weymouth and Portland 004B,Anti-social behaviour,,
,2018-08,Dorset Police,Dorset Police,-2.454754,50.611894,On or near Great George Street,E01020554,Weymouth and Portland 004B,Anti-social behaviour,,
,2018-08,Dorset Police,Dorset Police,-2.451073,50.608275,On or near Esplanade,E01020554,Weymouth and Portland 004B,Anti-social behaviour,,
,2018-08,Dorset Police,Dorset Police,-2.453508,50.610136,On or near Nightclub,E01020554,Weymouth and Portland 004B,Anti-social behaviour,,
,2018-08,Dorset Police,Dorset Police,-2.454726,50.614835,On or near King Street,E01020554,Weymouth and Portland 004B,Anti-social behaviour,,
,2018-08,Dorset Police,Dorset Police,-2.453434,50.609804,On or near New Street,E01020554,Weymouth and Portland 004B,Anti-social behaviour,,
,2018-08,Dorset Police,Dorset Police,-2.453938,50.613741,On or near Gloucester Mews,E01020554,Weymouth and Portland 004B,Anti-social behaviour,,
,2018-08,Dorset Police,Dorset Police,-2.454381,50.614207,On or near Albert Street,E01020554,Weymouth and Portland 004B,Anti-social behaviour,,
,2018-08,Dorset Police,Dorset Police,-2.454381,50.614207,On or near Albert Street,E01020554,Weymouth and Portland 004B,Anti-social behaviour,,
,2018-08,Dorset Police,Dorset Police,-2.453468,50.607447,On or near Helen Lane,E01020554,Weymouth and Portland 004B,Anti-social behaviour,,
,2018-08,Dorset Police,Dorset Police,-2.454754,50.611894,On or near Great George Street,E01020554,Weymouth and Portland 004B,Anti-social behaviour,,
,2018-08,Dorset Police,Dorset Police,-2.453938,50.613741,On or near Gloucester Mews,E01020554,Weymouth and Portland 004B,Anti-social behaviour,,
,2018-08,Dorset Police,Dorset Police,-2.456580,50.610655,On or near Parking Area,E01020554,Weymouth and Portland 004B,Anti-social behaviour,,
,2018-08,Dorset Police,Dorset Police,-2.454754,50.611894,On or near Great George Street,E01020554,Weymouth and Portland 004B,Anti-social behaviour,,
,2018-08,Dorset Police,Dorset Police,-2.456427,50.609477,On or near Parking Area,E01020554,Weymouth and Portland 004B,Anti-social behaviour,,
,2018-08,Dorset Police,Dorset Police,-2.454754,50.611894,On or near Great George Street,E01020554,Weymouth and Portland 004B,Anti-social behaviour,,
,2018-08,Dorset Police,Dorset Police,-2.454849,50.612955,On or near Gloucester Street,E01020554,Weymouth and Portland 004B,Anti-social behaviour,,
,2018-08,Dorset Police,Dorset Police,-2.457213,50.614789,On or near A353,E01020554,Weymouth and Portland 004B,Anti-social behaviour,,
,2018-08,Dorset Police,Dorset Police,-2.452828,50.614437,On or near Pedestrian Subway,E01020554,Weymouth and Portland 004B,Anti-social behaviour,,
,2018-08,Dorset Police,Dorset Police,-2.447296,50.609333,On or near Parking Area,E01020554,Weymouth and Portland 004B,Anti-social behaviour,,
,2018-08,Dorset Police,Dorset Police,-2.451073,50.608275,On or near Esplanade,E01020554,Weymouth and Portland 004B,Anti-social behaviour,,
,2018-08,Dorset Police,Dorset Police,-2.455078,50.611776,On or near Westham Road,E01020554,Weymouth and Portland 004B,Anti-social behaviour,,
,2018-08,Dorset Police,Dorset Police,-2.454025,50.608030,On or near Nightclub,E01020554,Weymouth and Portland 004B,Anti-social behaviour,,
,2018-08,Dorset Police,Dorset Police,-2.453699,50.610936,On or near Shopping Area,E01020554,Weymouth and Portland 004B,Anti-social behaviour,,
,2018-08,Dorset Police,Dorset Police,-2.453434,50.609804,On or near New Street,E01020554,Weymouth and Portland 004B,Anti-social behaviour,,
,2018-08,Dorset Police,Dorset Police,-2.452577,50.608827,On or near St Alban Street,E01020554,Weymouth and Portland 004B,Anti-social behaviour,,
,2018-08,Dorset Police,Dorset Police,-2.452828,50.614437,On or near Pedestrian Subway,E01020554,Weymouth and Portland 004B,Anti-social behaviour,,
,2018-08,Dorset Police,Dorset Police,-2.454726,50.613351,On or near Turton Street,E01020554,Weymouth and Portland 004B,Anti-social behaviour,,
,2018-08,Dorset Police,Dorset Police,-2.453434,50.609804,On or near New Street,E01020554,Weymouth and Portland 004B,Anti-social behaviour,,
,2018-08,Dorset Police,Dorset Police,-2.446322,50.609507,On or near Ferry Terminal,E01020554,Weymouth and Portland 004B,Anti-social behaviour,,
,2018-08,Dorset Police,Dorset Police,-2.454463,50.613963,On or near Clifton Place,E01020554,Weymouth and Portland 004B,Anti-social behaviour,,
,2018-08,Dorset Police,Dorset Police,-2.454754,50.611894,On or near Great George Street,E01020554,Weymouth and Portland 004B,Anti-social behaviour,,
,2018-08,Dorset Police,Dorset Police,-2.455078,50.611776,On or near Westham Road,E01020554,Weymouth and Portland 004B,Anti-social behaviour,,
,2018-08,Dorset Police,Dorset Police,-2.453804,50.608561,On or near Maiden Street,E01020554,Weymouth and Portland 004B,Anti-social behaviour,,
,2018-08,Dorset Police,Dorset Police,-2.452828,50.614437,On or near Pedestrian Subway,E01020554,Weymouth and Portland 004B,Anti-social behaviour,,
,2018-08,Dorset Police,Dorset Police,-2.453434,50.609804,On or near New Street,E01020554,Weymouth and Portland 004B,Anti-social behaviour,,
,2018-08,Dorset Police,Dorset Police,-2.454381,50.614207,On or near Albert Street,E01020554,Weymouth and Portland 004B,Anti-social behaviour,,
,2018-08,Dorset Police,Dorset Police,-2.453508,50.610136,On or near Nightclub,E01020554,Weymouth and Portland 004B,Anti-social behaviour,,
,2018-08,Dorset Police,Dorset Police,-2.453508,50.610136,On or near Nightclub,E01020554,Weymouth and Portland 004B,Anti-social behaviour,,
,2018-08,Dorset Police,Dorset Police,-2.458080,50.616728,On or near Radipole Park Drive,E01020554,Weymouth and Portland 004B,Anti-social behaviour,,
,2018-08,Dorset Police,Dorset Police,-2.446322,50.609507,On or near Ferry Terminal,E01020554,Weymouth and Portland 004B,Anti-social behaviour,,
,2018-08,Dorset Police,Dorset Police,-2.453804,50.608561,On or near Maiden Street,E01020554,Weymouth and Portland 004B,Anti-social behaviour,,
,2018-08,Dorset Police,Dorset Police,-2.453804,50.608561,On or near Maiden Street,E01020554,Weymouth and Portland 004B,Anti-social behaviour,,
,2018-08,Dorset Police,Dorset Police,-2.453508,50.610136,On or near Nightclub,E01020554,Weymouth and Portland 004B,Anti-social behaviour,,
,2018-08,Dorset Police,Dorset Police,-2.455111,50.609330,On or near Supermarket,E01020554,Weymouth and Portland 004B,Anti-social behaviour,,
,2018-08,Dorset Police,Dorset Police,-2.453804,50.608561,On or near Maiden Street,E01020554,Weymouth and Portland 004B,Anti-social behaviour,,
,2018-08,Dorset Police,Dorset Police,-2.452577,50.608827,On or near St Alban Street,E01020554,Weymouth and Portland 004B,Anti-social behaviour,,
,2018-08,Dorset Police,Dorset Police,-2.454754,50.611894,On or near Great George Street,E01020554,Weymouth and Portland 004B,Anti-social behaviour,,
,2018-08,Dorset Police,Dorset Police,-2.454754,50.611894,On or near Great George Street,E01020554,Weymouth and Portland 004B,Anti-social behaviour,,
,2018-08,Dorset Police,Dorset Police,-2.455111,50.609330,On or near Supermarket,E01020554,Weymouth and Portland 004B,Anti-social behaviour,,
,2018-08,Dorset Police,Dorset Police,-2.452828,50.614437,On or near Pedestrian Subway,E01020554,Weymouth and Portland 004B,Anti-social behaviour,,
,2018-08,Dorset Police,Dorset Police,-2.454754,50.611894,On or near Great George Street,E01020554,Weymouth and Portland 004B,Anti-social behaviour,,
,2018-08,Dorset Police,Dorset Police,-2.453207,50.609733,On or near Nightclub,E01020554,Weymouth and Portland 004B,Anti-social behaviour,,
,2018-08,Dorset Police,Dorset Police,-2.453804,50.608561,On or near Maiden Street,E01020554,Weymouth and Portland 004B,Anti-social behaviour,,
,2018-08,Dorset Police,Dorset Police,-2.455078,50.611776,On or near Westham Road,E01020554,Weymouth and Portland 004B,Anti-social behaviour,,
,2018-08,Dorset Police,Dorset Police,-2.453508,50.610136,On or near Nightclub,E01020554,Weymouth and Portland 004B,Anti-social behaviour,,
,2018-08,Dorset Police,Dorset Police,-2.455078,50.611776,On or near Westham Road,E01020554,Weymouth and Portland 004B,Anti-social behaviour,,
,2018-08,Dorset Police,Dorset Police,-2.454909,50.608908,On or near St Thomas Street,E01020554,Weymouth and Portland 004B,Anti-social behaviour,,
,2018-08,Dorset Police,Dorset Police,-2.452428,50.608018,On or near Belle Vue,E01020554,Weymouth and Portland 004B,Anti-social behaviour,,
,2018-08,Dorset Police,Dorset Police,-2.453508,50.610136,On or near Nightclub,E01020554,Weymouth and Portland 004B,Anti-social behaviour,,
,2018-08,Dorset Police,Dorset Police,-2.454754,50.611894,On or near Great George Street,E01020554,Weymouth and Portland 004B,Anti-social behaviour,,
,2018-08,Dorset Police,Dorset Police,-2.455723,50.612699,On or near Parking Area,E01020554,Weymouth and Portland 004B,Anti-social behaviour,,
,2018-08,Dorset Police,Dorset Police,-2.453434,50.609804,On or near New Street,E01020554,Weymouth and Portland 004B,Anti-social behaviour,,
,2018-08,Dorset Police,Dorset Police,-2.454754,50.611894,On or near Great George Street,E01020554,Weymouth and Portland 004B,Anti-social behaviour,,
,2018-08,Dorset Police,Dorset Police,-2.453508,50.610136,On or near Nightclub,E01020554,Weymouth and Portland 004B,Anti-social behaviour,,
,2018-08,Dorset Police,Dorset Police,-2.453508,50.610136,On or near Nightclub,E01020554,Weymouth and Portland 004B,Anti-social behaviour,,
,2018-08,Dorset Police,Dorset Police,-2.454754,50.611894,On or near Great George Street,E01020554,Weymouth and Portland 004B,Anti-social behaviour,,
,2018-08,Dorset Police,Dorset Police,-2.454025,50.608030,On or near Nightclub,E01020554,Weymouth and Portland 004B,Anti-social behaviour,,
,2018-08,Dorset Police,Dorset Police,-2.454754,50.611894,On or near Great George Street,E01020554,Weymouth and Portland 004B,Anti-social behaviour,,
,2018-08,Dorset Police,Dorset Police,-2.454754,50.611894,On or near Great George Street,E01020554,Weymouth and Portland 004B,Anti-social behaviour,,
,2018-08,Dorset Police,Dorset Police,-2.454849,50.612955,On or near Gloucester Street,E01020554,Weymouth and Portland 004B,Anti-social behaviour,,
,2018-08,Dorset Police,Dorset Police,-2.455078,50.611776,On or near Westham Road,E01020554,Weymouth and Portland 004B,Anti-social behaviour,,
,2018-08,Dorset Police,Dorset Police,-2.453322,50.608473,On or near Market Street,E01020554,Weymouth and Portland 004B,Anti-social behaviour,,
,2018-08,Dorset Police,Dorset Police,-2.452577,50.608827,On or near St Alban Street,E01020554,Weymouth and Portland 004B,Anti-social behaviour,,
,2018-08,Dorset Police,Dorset Police,-2.454616,50.607767,On or near St Edmund Street,E01020554,Weymouth and Portland 004B,Anti-social behaviour,,
,2018-08,Dorset Police,Dorset Police,-2.455195,50.615103,On or near Parking Area,E01020554,Weymouth and Portland 004B,Anti-social behaviour,,
,2018-08,Dorset Police,Dorset Police,-2.454381,50.614207,On or near Albert Street,E01020554,Weymouth and Portland 004B,Anti-social behaviour,,
,2018-08,Dorset Police,Dorset Police,-2.454754,50.611894,On or near Great George Street,E01020554,Weymouth and Portland 004B,Anti-social behaviour,,
,2018-08,Dorset Police,Dorset Police,-2.455489,50.614760,On or near Upway Street,E01020554,Weymouth and Portland 004B,Anti-social behaviour,,
,2018-08,Dorset Police,Dorset Police,-2.455195,50.615103,On or near Parking Area,E01020554,Weymouth and Portland 004B,Anti-social behaviour,,
,2018-08,Dorset Police,Dorset Police,-2.456427,50.609477,On or near Parking Area,E01020554,Weymouth and Portland 004B,Anti-social behaviour,,
,2018-08,Dorset Police,Dorset Police,-2.452828,50.614437,On or near Pedestrian Subway,E01020554,Weymouth and Portland 004B,Anti-social behaviour,,
,2018-08,Dorset Police,Dorset Police,-2.454849,50.612955,On or near Gloucester Street,E01020554,Weymouth and Portland 004B,Anti-social behaviour,,
,2018-08,Dorset Police,Dorset Police,-2.454849,50.612955,On or near Gloucester Street,E01020554,Weymouth and Portland 004B,Anti-social behaviour,,
,2018-08,Dorset Police,Dorset Police,-2.453322,50.608473,On or near Market Street,E01020554,Weymouth and Portland 004B,Anti-social behaviour,,
,2018-08,Dorset Police,Dorset Police,-2.454829,50.610859,On or near School Street,E01020554,Weymouth and Portland 004B,Anti-social behaviour,,
,2018-08,Dorset Police,Dorset Police,-2.453508,50.610136,On or near Nightclub,E01020554,Weymouth and Portland 004B,Anti-social behaviour,,
,2018-08,Dorset Police,Dorset Police,-2.452828,50.614437,On or near Pedestrian Subway,E01020554,Weymouth and Portland 004B,Anti-social behaviour,,
,2018-08,Dorset Police,Dorset Police,-2.453434,50.609804,On or near New Street,E01020554,Weymouth and Portland 004B,Anti-social behaviour,,
,2018-08,Dorset Police,Dorset Police,-2.456264,50.608695,On or near West Street,E01020554,Weymouth and Portland 004B,Anti-social behaviour,,
,2018-08,Dorset Police,Dorset Police,-2.455078,50.611776,On or near Westham Road,E01020554,Weymouth and Portland 004B,Anti-social behaviour,,
,2018-08,Dorset Police,Dorset Police,-2.453468,50.607447,On or near Helen Lane,E01020554,Weymouth and Portland 004B,Anti-social behaviour,,
,2018-08,Dorset Police,Dorset Police,-2.446322,50.609507,On or near Ferry Terminal,E01020554,Weymouth and Portland 004B,Anti-social behaviour,,
f34027da147c57f4d565d84cbb963bc9f1e648914b8e8e31af46b62842a99786,2018-08,Dorset Police,Dorset Police,-2.455754,50.614408,On or near Bus/Coach Station,E01020554,Weymouth and Portland 004B,Bicycle theft,Investigation complete; no suspect identified,
edcabea8ae541e47c08ad36f1a365a294e29d502697e1432179604b9af7d73a1,2018-08,Dorset Police,Dorset Police,-2.454909,50.608908,On or near St Thomas Street,E01020554,Weymouth and Portland 004B,Bicycle theft,Unable to prosecute suspect,
313c927fba04c53db458c0c6db62fb3be943c3befb46a5359949602eae83e97a,2018-08,Dorset Police,Dorset Police,-2.453699,50.610936,On or near Shopping Area,E01020554,Weymouth and Portland 004B,Bicycle theft,Investigation complete; no suspect identified,
1949ac1be75738c1c1859bf0404aafba479be77d6b11ce805fb75a225341af5a,2018-08,Dorset Police,Dorset Police,-2.454616,50.607767,On or near St Edmund Street,E01020554,Weymouth and Portland 004B,Bicycle theft,Status update unavailable,
ea518c83fb075f160eb98a28aa78ac2f40e2788d9878a3ba13cbc82118858e12,2018-08,Dorset Police,Dorset Police,-2.454726,50.614835,On or near King Street,E01020554,Weymouth and Portland 004B,Bicycle theft,Investigation complete; no suspect identified,
4ab3ba70522c3d70d9e2f920f0cd98574c1b2f7b3bcc4d9f79fdb02ae7cdabb7,2018-08,Dorset Police,Dorset Police,-2.451073,50.608275,On or near Esplanade,E01020554,Weymouth and Portland 004B,Bicycle theft,Investigation complete; no suspect identified,
496dd2f2ff9dd9f4d56c077d20474e591966211b0fc0d7f1dc05f4a78e27ef5d,2018-08,Dorset Police,Dorset Police,-2.453804,50.608561,On or near Maiden Street,E01020554,Weymouth and Portland 004B,Bicycle theft,Investigation complete; no suspect identified,
08a27cd89a06c833ca95b25d47a13110270451bc43f9a460b212704d1000a6d2,2018-08,Dorset Police,Dorset Police,-2.454616,50.607767,On or near St Edmund Street,E01020554,Weymouth and Portland 004B,Bicycle theft,Investigation complete; no suspect identified,
a6db0697ef4ac52fbf3a4d19e117cd773c66f21f52e568f15cbb1bf400aaf236,2018-08,Dorset Police,Dorset Police,-2.454754,50.611894,On or near Great George Street,E01020554,Weymouth and Portland 004B,Bicycle theft,Investigation complete; no suspect identified,
3af8396f1f153ce72820b97017f1dfa8f166db766bc2976c2761571dbe902732,2018-08,Dorset Police,Dorset Police,-2.456580,50.610655,On or near Parking Area,E01020554,Weymouth and Portland 004B,Bicycle theft,Investigation complete; no suspect identified,
f6fd17b2f085c5926d99daf4d5c02d7d84514963e240f105bf57ed11514ecdd6,2018-08,Dorset Police,Dorset Police,-2.454829,50.610859,On or near School Street,E01020554,Weymouth and Portland 004B,Bicycle theft,Investigation complete; no suspect identified,
bffbd51d74e07cb08dbc9cf3abd151988b5ff29ef34cf90d98eda3e3a7546a40,2018-08,Dorset Police,Dorset Police,-2.454754,50.611894,On or near Great George Street,E01020554,Weymouth and Portland 004B,Bicycle theft,Investigation complete; no suspect identified,
9533bd6601baddb9f26b90788a9b018bd33b0df1ef5268517d785800642205fc,2018-08,Dorset Police,Dorset Police,-2.456580,50.610655,On or near Parking Area,E01020554,Weymouth and Portland 004B,Bicycle theft,Investigation complete; no suspect identified,
3af22e57ae9373fde95495322e5915fcdc30b3408208899610614c72429be2b5,2018-08,Dorset Police,Dorset Police,-2.453468,50.607447,On or near Helen Lane,E01020554,Weymouth and Portland 004B,Burglary,Offender sent to prison,
397366c1513087088e516d66a3238aec0b1a231bcd8d94d061aad44380a0eb4a,2018-08,Dorset Police,Dorset Police,-2.453938,50.613741,On or near Gloucester Mews,E01020554,Weymouth and Portland 004B,Burglary,Investigation complete; no suspect identified,
2deb7e2c992164a93f6124b88228e004ce315f2969b4aab3e4687e486f70bc1d,2018-08,Dorset Police,Dorset Police,-2.455111,50.609330,On or near Supermarket,E01020554,Weymouth and Portland 004B,Burglary,Unable to prosecute suspect,
e7f4944b31812d7b3943aeb969bdf3df358744b2bd0d73e520b37bd04c1beffd,2018-08,Dorset Police,Dorset Police,-2.454754,50.611894,On or near Great George Street,E01020554,Weymouth and Portland 004B,Criminal damage and arson,Investigation complete; no suspect identified,
3c021aa07696e1b12d55dc224b9806f9dc1ceabd8842ef5dff70c439ebaaa846,2018-08,Dorset Police,Dorset Police,-2.454025,50.608030,On or near Nightclub,E01020554,Weymouth and Portland 004B,Criminal damage and arson,Unable to prosecute suspect,
4865254eb88a466e63b3de852bf0f8046b3ba4725ff1ef716778355940db3538,2018-08,Dorset Police,Dorset Police,-2.446322,50.609507,On or near Ferry Terminal,E01020554,Weymouth and Portland 004B,Criminal damage and arson,Investigation complete; no suspect identified,
0f45e461e813a925acd1f509472d60a742a3b1287d5efd6ee9bd62fbe620b309,2018-08,Dorset Police,Dorset Police,-2.453207,50.609733,On or near Nightclub,E01020554,Weymouth and Portland 004B,Criminal damage and arson,Investigation complete; no suspect identified,
4eb06f9129ea5156d9e459b97a2b3d1f925b26d90aa95bbd24980adc29e4ebe9,2018-08,Dorset Police,Dorset Police,-2.454754,50.611894,On or near Great George Street,E01020554,Weymouth and Portland 004B,Criminal damage and arson,Investigation complete; no suspect identified,
3c81f8b5710d0a2d278c3c3bc76e867273a19417897f80f6e4454b1a30a2bef4,2018-08,Dorset Police,Dorset Police,-2.452828,50.614437,On or near Pedestrian Subway,E01020554,Weymouth and Portland 004B,Drugs,Court result unavailable,
ef316998a477c1508bcff61bdeee7d924a20620858595c354ffa1fed467bee6a,2018-08,Dorset Police,Dorset Police,-2.453508,50.610136,On or near Nightclub,E01020554,Weymouth and Portland 004B,Drugs,Offender given a drugs possession warning,
2c001b83c21225a2310e6967612856683c37e81ebd6c353e77f1d476beaf83c5,2018-08,Dorset Police,Dorset Police,-2.454025,50.608030,On or near Nightclub,E01020554,Weymouth and Portland 004B,Drugs,Offender given conditional discharge,
fddb3c861dd6bd06ff59741afc28153fff28e5c7871eed51a0bcb6301c3da8da,2018-08,Dorset Police,Dorset Police,-2.454754,50.611894,On or near Great George Street,E01020554,Weymouth and Portland 004B,Other theft,Investigation complete; no suspect identified,
62425dab8e9ea454a15f3ac8d8744816e849247e003e2f52bdf516773fbd2d81,2018-08,Dorset Police,Dorset Police,-2.453699,50.610936,On or near Shopping Area,E01020554,Weymouth and Portland 004B,Other theft,Status update unavailable,
e28392b723c4520fea56559d565e4ed982f4812f8dc50a1f60aed2837339ebb3,2018-08,Dorset Police,Dorset Police,-2.456085,50.607770,On or near Lower St Edmund Street,E01020554,Weymouth and Portland 004B,Other theft,Status update unavailable,
a08d65d7390e8bd71bf33b2713928d199b0d39872c5ca61df7d2ff162610525b,2018-08,Dorset Police,Dorset Police,-2.454829,50.610859,On or near School Street,E01020554,Weymouth and Portland 004B,Other theft,Investigation complete; no suspect identified,
1f1740c1758be78322653fb9e93bdc604962ad0064c84c6761f9643b11a521ec,2018-08,Dorset Police,Dorset Police,-2.454754,50.611894,On or near Great George Street,E01020554,Weymouth and Portland 004B,Other theft,Investigation complete; no suspect identified,
f8f545a3bbedd9240a776994fea9d63dd67cc1335c7bffe12fc5c80710b1bcd5,2018-08,Dorset Police,Dorset Police,-2.454025,50.608030,On or near Nightclub,E01020554,Weymouth and Portland 004B,Other theft,Unable to prosecute suspect,
8c17f9f86f41eaee6b39cea90decc68543ede4c775a4827f0fbdf7f7e79c83da,2018-08,Dorset Police,Dorset Police,-2.453468,50.607447,On or near Helen Lane,E01020554,Weymouth and Portland 004B,Other theft,Court result unavailable,
b2a51b015d174db1c2070234ca8851989d48675a541454768a468d1d949fe7be,2018-08,Dorset Police,Dorset Police,-2.454381,50.614207,On or near Albert Street,E01020554,Weymouth and Portland 004B,Other theft,Unable to prosecute suspect,
b8496500624d870934b6645e94deb56b463064c7c487bbf854ed054167de0bde,2018-08,Dorset Police,Dorset Police,-2.456580,50.610655,On or near Parking Area,E01020554,Weymouth and Portland 004B,Other theft,Investigation complete; no suspect identified,
7c1fd4677548823478286529ed699a3f7f6344551e1fa86de2eb078eff6b4cd5,2018-08,Dorset Police,Dorset Police,-2.453508,50.610136,On or near Nightclub,E01020554,Weymouth and Portland 004B,Other theft,Investigation complete; no suspect identified,
71e4d810c41a30167b64b1fb34507406e240c5926ca11f7676bb614749ac042c,2018-08,Dorset Police,Dorset Police,-2.458080,50.616728,On or near Radipole Park Drive,E01020554,Weymouth and Portland 004B,Other theft,Investigation complete; no suspect identified,
d061cd1ce81ff03fa953a86d1356e3cfc040ed6fb3da3d34f7a48e80bf57ea7c,2018-08,Dorset Police,Dorset Police,-2.453508,50.610136,On or near Nightclub,E01020554,Weymouth and Portland 004B,Other theft,Investigation complete; no suspect identified,
7120504889ea5ac7f8aa93dc1c99829524dd879864db41e45b7e0fe56572a4bc,2018-08,Dorset Police,Dorset Police,-2.454829,50.610859,On or near School Street,E01020554,Weymouth and Portland 004B,Other theft,Unable to prosecute suspect,
d1ed1627d1e4ebb0f2bb2fcf8fc33c3034428017e3e991c0a5c8af74b741bace,2018-08,Dorset Police,Dorset Police,-2.451073,50.608275,On or near Esplanade,E01020554,Weymouth and Portland 004B,Other theft,Unable to prosecute suspect,
b1a6b5f36d177a2baf00e8890d8b9028ef7ed0941685405d6d73437d52d47bc6,2018-08,Dorset Police,Dorset Police,-2.456427,50.609477,On or near Parking Area,E01020554,Weymouth and Portland 004B,Other theft,Court result unavailable,
5ce089199b9bc67fb06c49e8da6607763d53b955cae668af6c0fe5c4dd5ed6df,2018-08,Dorset Police,Dorset Police,-2.453699,50.610936,On or near Shopping Area,E01020554,Weymouth and Portland 004B,Other theft,Offender given a caution,
065086ab154ed92247a1f70d4acdcd112df931ec5c8e4fe5493c1f40a7de0a93,2018-08,Dorset Police,Dorset Police,-2.455754,50.614408,On or near Bus/Coach Station,E01020554,Weymouth and Portland 004B,Other theft,Investigation complete; no suspect identified,
5f08bd32e868dd285dd382aeca1f0ef78a33e8c04f218c272b70a6a43c157049,2018-08,Dorset Police,Dorset Police,-2.455078,50.611776,On or near Westham Road,E01020554,Weymouth and Portland 004B,Public order,Court result unavailable,
1430c139827c92514e7cc2e9da201a25a6d641c274a313dd9393ccad933adeaf,2018-08,Dorset Police,Dorset Police,-2.453508,50.610136,On or near Nightclub,E01020554,Weymouth and Portland 004B,Public order,Court result unavailable,
a4895cf532884d046fbe7626040fd09f21b7ef9cb9cb25d292ed008f270d8421,2018-08,Dorset Police,Dorset Police,-2.453322,50.608473,On or near Market Street,E01020554,Weymouth and Portland 004B,Public order,Unable to prosecute suspect,
36b5548b3db8eb8d543d1522c4ddedb2b61ae5c37360cd608052bcfa46cb2e12,2018-08,Dorset Police,Dorset Police,-2.454829,50.610859,On or near School Street,E01020554,Weymouth and Portland 004B,Public order,Unable to prosecute suspect,
68be721d273d0d45fc9d267912abfa1d86c50fccb104cf8e7f994f08b57c8af2,2018-08,Dorset Police,Dorset Police,-2.453400,50.607753,On or near Mitchell Street,E01020554,Weymouth and Portland 004B,Public order,Unable to prosecute suspect,
ac43caebe6d153457120595a4aa2262ca38d0773a7581a5cae0d4408a868068f,2018-08,Dorset Police,Dorset Police,-2.453699,50.610936,On or near Shopping Area,E01020554,Weymouth and Portland 004B,Public order,Unable to prosecute suspect,
34362849dc88030647529efad7d83cce07cf0212beb6e944ce68bcb04dac8b6d,2018-08,Dorset Police,Dorset Police,-2.454754,50.611894,On or near Great George Street,E01020554,Weymouth and Portland 004B,Public order,Unable to prosecute suspect,
9ab1e0027172945f6a3e4a63a619b8291c0837944751c3045e951dd77aef6e8c,2018-08,Dorset Police,Dorset Police,-2.454463,50.613963,On or near Clifton Place,E01020554,Weymouth and Portland 004B,Public order,Unable to prosecute suspect,
723f4cb3e74b0582ffb8ec5445b4985c6053a953f05f70d90eb20524a08bf847,2018-08,Dorset Police,Dorset Police,-2.453508,50.610136,On or near Nightclub,E01020554,Weymouth and Portland 004B,Public order,Unable to prosecute suspect,
599e3f7b6c4413ce6928b3308ab1c0e135456ebdf2a4af71e7a7ab946169ed0c,2018-08,Dorset Police,Dorset Police,-2.453468,50.607447,On or near Helen Lane,E01020554,Weymouth and Portland 004B,Public order,Unable to prosecute suspect,
ccd63b975612f9e5cfb307f738f9352df491591ccb93f705ae7584eb32062ac4,2018-08,Dorset Police,Dorset Police,-2.454381,50.614207,On or near Albert Street,E01020554,Weymouth and Portland 004B,Public order,Court result unavailable,
fbc07adf8f114bf2a06e9aff46217f45d5d8dbac8c5d5ac3c79618416860f5d7,2018-08,Dorset Police,Dorset Police,-2.454381,50.614207,On or near Albert Street,E01020554,Weymouth and Portland 004B,Robbery,Unable to prosecute suspect,
59046c47bc31efa60c23ae56d49eef78ee8eae69c9c46aac33738b18017c9f3d,2018-08,Dorset Police,Dorset Police,-2.455078,50.611776,On or near Westham Road,E01020554,Weymouth and Portland 004B,Shoplifting,Unable to prosecute suspect,
c3d4ebf0d2091bccd2fe5d610349f57a0d12eafa29982002613c0dcaf71b1a19,2018-08,Dorset Police,Dorset Police,-2.456580,50.610655,On or near Parking Area,E01020554,Weymouth and Portland 004B,Shoplifting,Unable to prosecute suspect,
a6d661d9b5b55adb835f2936426a9a145633ce1d94b86265b84681bdd843d2fd,2018-08,Dorset Police,Dorset Police,-2.454726,50.614835,On or near King Street,E01020554,Weymouth and Portland 004B,Shoplifting,Investigation complete; no suspect identified,
9221ddeb5f182466df645751789f5f91dee2a82649a471f6263497245010a677,2018-08,Dorset Police,Dorset Police,-2.454754,50.611894,On or near Great George Street,E01020554,Weymouth and Portland 004B,Shoplifting,Offender given community sentence,
eac5b93d5cf3fd80a86e0841bf5275095ba6e6a2f9deb73dd799a31d6bfdb5dd,2018-08,Dorset Police,Dorset Police,-2.453699,50.610936,On or near Shopping Area,E01020554,Weymouth and Portland 004B,Shoplifting,Investigation complete; no suspect identified,
c312f45bb6e3d410ae18ad3b021c338c67e1d154deac09bd90ab7863f1697761,2018-08,Dorset Police,Dorset Police,-2.453699,50.610936,On or near Shopping Area,E01020554,Weymouth and Portland 004B,Shoplifting,Offender given conditional discharge,
52f3280608fecd6873b0303449608bd9713c33e2e86b1cb7e7ba088c928d10c6,2018-08,Dorset Police,Dorset Police,-2.454754,50.611894,On or near Great George Street,E01020554,Weymouth and Portland 004B,Shoplifting,Unable to prosecute suspect,
ea404875d8a1985be96041f40c347638f48cfc74616bb11d30a33119ce13304c,2018-08,Dorset Police,Dorset Police,-2.453699,50.610936,On or near Shopping Area,E01020554,Weymouth and Portland 004B,Shoplifting,Offender ordered to pay compensation,
2c8541ea7f3aa22062a379a07450cea90d074165687e5d7d65427ba17027f51e,2018-08,Dorset Police,Dorset Police,-2.455177,50.608781,On or near Supermarket,E01020554,Weymouth and Portland 004B,Shoplifting,Investigation complete; no suspect identified,
45d1c38bfad1340096e92711d0c2bc0e7e3db7dbf30743cd2d42d476d8004711,2018-08,Dorset Police,Dorset Police,-2.454754,50.611894,On or near Great George Street,E01020554,Weymouth and Portland 004B,Shoplifting,Court result unavailable,
f9ed9700ba3e7b7cfaddc538c92a8be4204ba19136c2c74e71bd8071c448e58b,2018-08,Dorset Police,Dorset Police,-2.455177,50.608781,On or near Supermarket,E01020554,Weymouth and Portland 004B,Shoplifting,Unable to prosecute suspect,
0fdac05b65721713c66b20420f244dd6fdca7c42269e4b0a2a9c2322d2fde53a,2018-08,Dorset Police,Dorset Police,-2.454754,50.611894,On or near Great George Street,E01020554,Weymouth and Portland 004B,Shoplifting,Court result unavailable,
951802d84a2d4121d2a8387d1a3157edbf546df2c5d5a1901e424883b7363799,2018-08,Dorset Police,Dorset Police,-2.455177,50.608781,On or near Supermarket,E01020554,Weymouth and Portland 004B,Shoplifting,Unable to prosecute suspect,
b11c731f10413f9a9c0b3ba4789d664f1291071ed8fc725e7852d5ce934dce9c,2018-08,Dorset Police,Dorset Police,-2.455177,50.608781,On or near Supermarket,E01020554,Weymouth and Portland 004B,Shoplifting,Unable to prosecute suspect,
099136305b9b67d9843e982756b0aae23cade00edf174096360282eb0dc459e8,2018-08,Dorset Police,Dorset Police,-2.455177,50.608781,On or near Supermarket,E01020554,Weymouth and Portland 004B,Shoplifting,Investigation complete; no suspect identified,
34e6068405a024fb65145c7d496cf5dd21a8d5149aacce0ea329e1c037a4120c,2018-08,Dorset Police,Dorset Police,-2.453508,50.610136,On or near Nightclub,E01020554,Weymouth and Portland 004B,Shoplifting,Unable to prosecute suspect,
70b56f0a8fdafefce8717b837e9fe8271c15bdf08bb75f76ec6aa5ba1cae9a82,2018-08,Dorset Police,Dorset Police,-2.454754,50.611894,On or near Great George Street,E01020554,Weymouth and Portland 004B,Shoplifting,Local resolution,
dfa3752d2dfea16669569d0db079b0e1cc913504c996752f708d478eefc796a2,2018-08,Dorset Police,Dorset Police,-2.458149,50.618032,On or near Supermarket,E01020554,Weymouth and Portland 004B,Shoplifting,Investigation complete; no suspect identified,
c584692b58e046fe9a3fc370ad42a4e579b314087aef85b3fd90d7145ebd1970,2018-08,Dorset Police,Dorset Police,-2.451073,50.608275,On or near Esplanade,E01020554,Weymouth and Portland 004B,Vehicle crime,Investigation complete; no suspect identified,
63b613a9ff576e4898b864a30772adee804ae628d224a737e8c9abcc0f578602,2018-08,Dorset Police,Dorset Police,-2.454754,50.611894,On or near Great George Street,E01020554,Weymouth and Portland 004B,Vehicle crime,Investigation complete; no suspect identified,
1a0aa76b3dcaff5530aefee07b1f07a24eeb150cc6fdaf4fcdb6f47be5e10527,2018-08,Dorset Police,Dorset Police,-2.454381,50.614207,On or near Albert Street,E01020554,Weymouth and Portland 004B,Vehicle crime,Investigation complete; no suspect identified,
9c24f9e466ce3ad5b62c67c28194e78e14b8ab9e9fafc68a85e81865d05ce2ef,2018-08,Dorset Police,Dorset Police,-2.454381,50.614207,On or near Albert Street,E01020554,Weymouth and Portland 004B,Violence and sexual offences,Investigation complete; no suspect identified,
2b760d50fc847e82ed4a8ee07c75ab6afec9d0fe54a0729c1fcbe2d3c672ae01,2018-08,Dorset Police,Dorset Police,-2.453508,50.610136,On or near Nightclub,E01020554,Weymouth and Portland 004B,Violence and sexual offences,Unable to prosecute suspect,
6279e0124869245716c30f787825eafb2fc1a899759c657c66d68c7af6d8b161,2018-08,Dorset Police,Dorset Police,-2.458149,50.618032,On or near Supermarket,E01020554,Weymouth and Portland 004B,Violence and sexual offences,Investigation complete; no suspect identified,
e5aa655714340680af310e1420db1f4e18e83bf715a5d9c6c1bb13d8b659f832,2018-08,Dorset Police,Dorset Police,-2.453508,50.610136,On or near Nightclub,E01020554,Weymouth and Portland 004B,Violence and sexual offences,Unable to prosecute suspect,
b942d72346e5f5732ac8b3bccbc365587acde6f2ae22d0560a17312b8b0e140e,2018-08,Dorset Police,Dorset Police,-2.454616,50.607767,On or near St Edmund Street,E01020554,Weymouth and Portland 004B,Violence and sexual offences,Unable to prosecute suspect,
6c6bac0ecab041a2015a9329a63b55bf1a5ff0970e0920d7fca0822da1041c23,2018-08,Dorset Police,Dorset Police,-2.454025,50.608030,On or near Nightclub,E01020554,Weymouth and Portland 004B,Violence and sexual offences,Unable to prosecute suspect,
4ff780495900da60e0eb24b35b054016216186b2bd6cff2f9cd470d4efc5916b,2018-08,Dorset Police,Dorset Police,-2.454381,50.614207,On or near Albert Street,E01020554,Weymouth and Portland 004B,Violence and sexual offences,Unable to prosecute suspect,
246415185ecc6b7fc69e84a4e1216402706d7beeaa7dc627bbfc45ed55a77f6e,2018-08,Dorset Police,Dorset Police,-2.453804,50.608561,On or near Maiden Street,E01020554,Weymouth and Portland 004B,Violence and sexual offences,Investigation complete; no suspect identified,
e707b5d914d423cb14aa8c1f6a0ac00071ac1712279fa8091ce9d8c73bf361e9,2018-08,Dorset Police,Dorset Police,-2.455078,50.611776,On or near Westham Road,E01020554,Weymouth and Portland 004B,Violence and sexual offences,Offender otherwise dealt with,
1af7de7233deeaa48ae979de88f2e39a26a1fd58f4c56d6bc3c06b0aeebd1d8d,2018-08,Dorset Police,Dorset Police,-2.453508,50.610136,On or near Nightclub,E01020554,Weymouth and Portland 004B,Violence and sexual offences,Unable to prosecute suspect,
dba2e6f80ffd39a4d15e0925f0f862f7800b97f4cf64991e6e51fd7f1d8bb743,2018-08,Dorset Police,Dorset Police,-2.453508,50.610136,On or near Nightclub,E01020554,Weymouth and Portland 004B,Violence and sexual offences,Unable to prosecute suspect,
dca54553a2307b36fe9668f2c65e7a8d108c7e81534e6f47b878ccde6642aeee,2018-08,Dorset Police,Dorset Police,-2.454025,50.608030,On or near Nightclub,E01020554,Weymouth and Portland 004B,Violence and sexual offences,Further investigation is not in the public interest,
945b2e0d58703d44a41ff4fb78a3201635e7324eb1d3d19ba8ce061b99fb8fe8,2018-08,Dorset Police,Dorset Police,-2.453508,50.610136,On or near Nightclub,E01020554,Weymouth and Portland 004B,Violence and sexual offences,Unable to prosecute suspect,
cef6539ec97a56013b1431714da157e84cd4cf81bb0462311016d8494a1c1e75,2018-08,Dorset Police,Dorset Police,-2.454726,50.614835,On or near King Street,E01020554,Weymouth and Portland 004B,Violence and sexual offences,Unable to prosecute suspect,
d283d591f3999abbee84833c92a1c2e9e7b710421b40ee729ab3209f22da23c7,2018-08,Dorset Police,Dorset Police,-2.454849,50.612955,On or near Gloucester Street,E01020554,Weymouth and Portland 004B,Violence and sexual offences,Unable to prosecute suspect,
fb533767d25ce555eb631ff208be81ab4b765ef1f2e01291bef8af84bfcdbaa2,2018-08,Dorset Police,Dorset Police,-2.453508,50.610136,On or near Nightclub,E01020554,Weymouth and Portland 004B,Violence and sexual offences,Unable to prosecute suspect,
eef8a10e4c004dd1219590dc7b8fe7cf57c2cdb8928ce8db913a530b894c5933,2018-08,Dorset Police,Dorset Police,-2.454754,50.611894,On or near Great George Street,E01020554,Weymouth and Portland 004B,Violence and sexual offences,Unable to prosecute suspect,
223acd2612df5c530f7bbea31ac38537edb17758385fdd4ebf7fcd95a685b99a,2018-08,Dorset Police,Dorset Police,-2.452577,50.608827,On or near St Alban Street,E01020554,Weymouth and Portland 004B,Violence and sexual offences,Investigation complete; no suspect identified,
127f90ecba880c62d013d8f4c50efdd1e98ec1b204cb0116eb414fe3b7e2fc09,2018-08,Dorset Police,Dorset Police,-2.454849,50.612955,On or near Gloucester Street,E01020554,Weymouth and Portland 004B,Violence and sexual offences,Status update unavailable,
68c43f61d1371c12fc08c18ff0f40dd791a7febef7333c520f481b85b9a3f0ee,2018-08,Dorset Police,Dorset Police,-2.454616,50.607767,On or near St Edmund Street,E01020554,Weymouth and Portland 004B,Violence and sexual offences,Unable to prosecute suspect,
df24a3328c0a59c86a80e79ed897bc509562fff915e9aac9dcded8ae00f8ea24,2018-08,Dorset Police,Dorset Police,-2.453508,50.610136,On or near Nightclub,E01020554,Weymouth and Portland 004B,Violence and sexual offences,Further investigation is not in the public interest,
282dd4ef15d4d0e5ed91208c26f355552c6588a16b69e111e5d49efa6ffa9562,2018-08,Dorset Police,Dorset Police,-2.454909,50.608908,On or near St Thomas Street,E01020554,Weymouth and Portland 004B,Violence and sexual offences,Unable to prosecute suspect,
3145831b1b96946a3ede14f1805356e04cdd690f680405d02d46a04df3b432d7,2018-08,Dorset Police,Dorset Police,-2.453508,50.610136,On or near Nightclub,E01020554,Weymouth and Portland 004B,Violence and sexual offences,Unable to prosecute suspect,
1c45460a67e5ecef429bf0f486e183848c872cbdd7409f46e4c16a16256f8354,2018-08,Dorset Police,Dorset Police,-2.454381,50.614207,On or near Albert Street,E01020554,Weymouth and Portland 004B,Violence and sexual offences,Unable to prosecute suspect,
477728bab1f699e11b79890d4f87a0947d949b6a058fde3184d2380559f0a1c0,2018-08,Dorset Police,Dorset Police,-2.453508,50.610136,On or near Nightclub,E01020554,Weymouth and Portland 004B,Violence and sexual offences,Status update unavailable,
bb61d17bdce2a13cb5387129b0900d51499b4e60b71315a9523c5c7aa5b3083b,2018-08,Dorset Police,Dorset Police,-2.451973,50.607795,On or near South Parade,E01020554,Weymouth and Portland 004B,Violence and sexual offences,Status update unavailable,
0fae8ce8ed22c4efc2219a33160042cd9746e2933e62132ab1a88f3398e6c0fc,2018-08,Dorset Police,Dorset Police,-2.453508,50.610136,On or near Nightclub,E01020554,Weymouth and Portland 004B,Violence and sexual offences,Unable to prosecute suspect,
b77b81c947d615ae850bd0697372648bd0c3669b168a4c0b2d9008e5164bd0c8,2018-08,Dorset Police,Dorset Police,-2.456580,50.610655,On or near Parking Area,E01020554,Weymouth and Portland 004B,Violence and sexual offences,Unable to prosecute suspect,
ea636ebb287a5d88b6c748e25701eb07d4d63d41d308f2a966107c469b528091,2018-08,Dorset Police,Dorset Police,-2.453508,50.610136,On or near Nightclub,E01020554,Weymouth and Portland 004B,Violence and sexual offences,Unable to prosecute suspect,
740582ba079da6b2d961f3f20adefe253832d100fa1a422725cf5818bc7959df,2018-08,Dorset Police,Dorset Police,-2.453508,50.610136,On or near Nightclub,E01020554,Weymouth and Portland 004B,Violence and sexual offences,Investigation complete; no suspect identified,
1dcd31d37cc3e8b9a91fc02e72851829b9f6c1e51d486c4779e980e5c3903257,2018-08,Dorset Police,Dorset Police,-2.455496,50.614022,On or near Bath Street,E01020554,Weymouth and Portland 004B,Violence and sexual offences,Unable to prosecute suspect,
62650c8df450d08e0b7ac5d92d11bd7a3cb17b80f6b5bfa2702eca844e35f222,2018-08,Dorset Police,Dorset Police,-2.454829,50.610859,On or near School Street,E01020554,Weymouth and Portland 004B,Violence and sexual offences,Unable to prosecute suspect,
866995fcedd8d9e6fea06abe0c8814de59ef4dd04e8377cad54da92b4b597515,2018-08,Dorset Police,Dorset Police,-2.455111,50.609330,On or near Supermarket,E01020554,Weymouth and Portland 004B,Violence and sexual offences,Unable to prosecute suspect,
57bfe94b6bed7370a359a2cab0ee22b037847f8d5c23156182a22c2281c9f725,2018-08,Dorset Police,Dorset Police,-2.453434,50.609804,On or near New Street,E01020554,Weymouth and Portland 004B,Violence and sexual offences,Status update unavailable,
b684352f47da4c38f22a62aeb99b5b33a477d19e11a8fac9b498453c89ad94eb,2018-08,Dorset Police,Dorset Police,-2.454754,50.611894,On or near Great George Street,E01020554,Weymouth and Portland 004B,Violence and sexual offences,Unable to prosecute suspect,
b49995da70b9f2fcb03864abfd1f5e2bec0a5dc66af4eef658c6cdb11ea5ed84,2018-08,Dorset Police,Dorset Police,-2.453804,50.608561,On or near Maiden Street,E01020554,Weymouth and Portland 004B,Violence and sexual offences,Action to be taken by another organisation,
d412db578ea710276a4de175c39fdf5e49f0f7c3e783c1a0bd90d357e36bb707,2018-08,Dorset Police,Dorset Police,-2.455111,50.609330,On or near Supermarket,E01020554,Weymouth and Portland 004B,Violence and sexual offences,Offender given a caution,
4f6937af9ea691a15636b331e8a33c8a007a15ab495ac96355ba418097820082,2018-08,Dorset Police,Dorset Police,-2.447296,50.609333,On or near Parking Area,E01020554,Weymouth and Portland 004B,Violence and sexual offences,Investigation complete; no suspect identified,
57ccb4ed5e309637a453c4b7216e591a61dcf21f35c860bb6214d601617dd492,2018-08,Dorset Police,Dorset Police,-2.454754,50.611894,On or near Great George Street,E01020554,Weymouth and Portland 004B,Violence and sexual offences,Unable to prosecute suspect,
4dcaf7b7632851ec55595cfb81cac22a3e342ff915cc064252ea6f0dcc0cf216,2018-08,Dorset Police,Dorset Police,-2.454381,50.614207,On or near Albert Street,E01020554,Weymouth and Portland 004B,Violence and sexual offences,Unable to prosecute suspect,
4ee653b2d311124875ddf045b0980bab03b72932180e1c3a725ee7be1af4b639,2018-08,Dorset Police,Dorset Police,-2.458149,50.618032,On or near Supermarket,E01020554,Weymouth and Portland 004B,Violence and sexual offences,Investigation complete; no suspect identified,
97965139e95585bdd8ff499f9768105550dd2f4b09ca905880461a0f5ccf379c,2018-08,Dorset Police,Dorset Police,-2.452828,50.614437,On or near Pedestrian Subway,E01020554,Weymouth and Portland 004B,Violence and sexual offences,Unable to prosecute suspect,
494877d60b84e93b4923a5b6ff3f5c1ef6c44357aa9838e4d4c879c560acfb3a,2018-08,Dorset Police,Dorset Police,-2.454025,50.608030,On or near Nightclub,E01020554,Weymouth and Portland 004B,Violence and sexual offences,Unable to prosecute suspect,
95f974405f185057c1e953d32d8783c5b3cfd72fff626ebacd346dbe5d406996,2018-08,Dorset Police,Dorset Police,-2.455496,50.614022,On or near Bath Street,E01020554,Weymouth and Portland 004B,Violence and sexual offences,Unable to prosecute suspect,
f9313d620eb7664a6279ebad779451f603600a4287e97bf21e2f60e892b6a1ac,2018-08,Dorset Police,Dorset Police,-2.455496,50.614022,On or near Bath Street,E01020554,Weymouth and Portland 004B,Violence and sexual offences,Status update unavailable,
40c092858f4b3e91bd16c4dbca69e478c32ec486dcb5be06bd0ac6db3048a276,2018-08,Dorset Police,Dorset Police,-2.455078,50.611776,On or near Westham Road,E01020554,Weymouth and Portland 004B,Violence and sexual offences,Unable to prosecute suspect,
070addeb980a5d3c4c15b9daa72171a7191dc59d54961a3e357164a720bfeb43,2018-08,Dorset Police,Dorset Police,-2.457213,50.614789,On or near A353,E01020554,Weymouth and Portland 004B,Violence and sexual offences,Unable to prosecute suspect,
3a56f21aa6d4fbaa453e2cdad177dccf8c0184aafb66ac85a1c94c554f7f04ad,2018-08,Dorset Police,Dorset Police,-2.453322,50.608473,On or near Market Street,E01020554,Weymouth and Portland 004B,Violence and sexual offences,Unable to prosecute suspect,
5e7b0bcb8e7f0b8731ad934ddbad38e3d7812732c99ea0311c5bb1805940ffee,2018-08,Dorset Police,Dorset Police,-2.454463,50.613963,On or near Clifton Place,E01020554,Weymouth and Portland 004B,Violence and sexual offences,Offender given a caution,
d4fd4fad3256bc5c973cf0deddbcc7b8157c5499e7b8877dc4ce031c387782f5,2018-08,Dorset Police,Dorset Police,-2.454381,50.614207,On or near Albert Street,E01020554,Weymouth and Portland 004B,Violence and sexual offences,Unable to prosecute suspect,
652e2f2d089888cd4e766aefdaf0baf271877dac5c11e526f78f5e9c1f760837,2018-08,Dorset Police,Dorset Police,-2.455177,50.608781,On or near Supermarket,E01020554,Weymouth and Portland 004B,Violence and sexual offences,Investigation complete; no suspect identified,
729fe98ed6c5e199cf113bd5fcc67e50a9b27dd82295ab252ad028fe3e1ca5b0,2018-08,Dorset Police,Dorset Police,-2.453322,50.608473,On or near Market Street,E01020554,Weymouth and Portland 004B,Violence and sexual offences,Unable to prosecute suspect,
,2018-08,Dorset Police,Dorset Police,-2.452110,50.617642,On or near Victoria Street,E01020555,Weymouth and Portland 004C,Anti-social behaviour,,
,2018-08,Dorset Police,Dorset Police,-2.452110,50.617642,On or near Victoria Street,E01020555,Weymouth and Portland 004C,Anti-social behaviour,,
,2018-08,Dorset Police,Dorset Police,-2.455861,50.618203,On or near Charles Street,E01020555,Weymouth and Portland 004C,Anti-social behaviour,,
,2018-08,Dorset Police,Dorset Police,-2.453463,50.615721,On or near Queen Street,E01020555,Weymouth and Portland 004C,Anti-social behaviour,,
,2018-08,Dorset Police,Dorset Police,-2.452110,50.617642,On or near Victoria Street,E01020555,Weymouth and Portland 004C,Anti-social behaviour,,
,2018-08,Dorset Police,Dorset Police,-2.453463,50.615721,On or near Queen Street,E01020555,Weymouth and Portland 004C,Anti-social behaviour,,
,2018-08,Dorset Police,Dorset Police,-2.453463,50.615721,On or near Queen Street,E01020555,Weymouth and Portland 004C,Anti-social behaviour,,
,2018-08,Dorset Police,Dorset Police,-2.452767,50.615436,On or near Musgrave Place,E01020555,Weymouth and Portland 004C,Anti-social behaviour,,
,2018-08,Dorset Police,Dorset Police,-2.455861,50.618203,On or near Charles Street,E01020555,Weymouth and Portland 004C,Anti-social behaviour,,
,2018-08,Dorset Police,Dorset Police,-2.452110,50.617642,On or near Victoria Street,E01020555,Weymouth and Portland 004C,Anti-social behaviour,,
,2018-08,Dorset Police,Dorset Police,-2.452110,50.617642,On or near Victoria Street,E01020555,Weymouth and Portland 004C,Anti-social behaviour,,
,2018-08,Dorset Police,Dorset Police,-2.454334,50.618092,On or near Walpole Street,E01020555,Weymouth and Portland 004C,Anti-social behaviour,,
,2018-08,Dorset Police,Dorset Police,-2.454334,50.618092,On or near Walpole Street,E01020555,Weymouth and Portland 004C,Anti-social behaviour,,
,2018-08,Dorset Police,Dorset Police,-2.452110,50.617642,On or near Victoria Street,E01020555,Weymouth and Portland 004C,Anti-social behaviour,,
,2018-08,Dorset Police,Dorset Police,-2.452184,50.616490,On or near Astrid Way,E01020555,Weymouth and Portland 004C,Anti-social behaviour,,
,2018-08,Dorset Police,Dorset Police,-2.455861,50.618203,On or near Charles Street,E01020555,Weymouth and Portland 004C,Anti-social behaviour,,
,2018-08,Dorset Police,Dorset Police,-2.452110,50.617642,On or near Victoria Street,E01020555,Weymouth and Portland 004C,Anti-social behaviour,,
,2018-08,Dorset Police,Dorset Police,-2.455381,50.616811,On or near Ranelagh Road,E01020555,Weymouth and Portland 004C,Anti-social behaviour,,
,2018-08,Dorset Police,Dorset Police,-2.453463,50.615721,On or near Queen Street,E01020555,Weymouth and Portland 004C,Anti-social behaviour,,
,2018-08,Dorset Police,Dorset Police,-2.452110,50.617642,On or near Victoria Street,E01020555,Weymouth and Portland 004C,Anti-social behaviour,,
,2018-08,Dorset Police,Dorset Police,-2.453463,50.615721,On or near Queen Street,E01020555,Weymouth and Portland 004C,Anti-social behaviour,,
,2018-08,Dorset Police,Dorset Police,-2.452110,50.617642,On or near Victoria Street,E01020555,Weymouth and Portland 004C,Anti-social behaviour,,
,2018-08,Dorset Police,Dorset Police,-2.452110,50.617642,On or near Victoria Street,E01020555,Weymouth and Portland 004C,Anti-social behaviour,,
,2018-08,Dorset Police,Dorset Police,-2.452110,50.617642,On or near Victoria Street,E01020555,Weymouth and Portland 004C,Anti-social behaviour,,
,2018-08,Dorset Police,Dorset Police,-2.454334,50.618092,On or near Walpole Street,E01020555,Weymouth and Portland 004C,Anti-social behaviour,,
,2018-08,Dorset Police,Dorset Police,-2.453203,50.618114,On or near Lennox Street,E01020555,Weymouth and Portland 004C,Anti-social behaviour,,
,2018-08,Dorset Police,Dorset Police,-2.453463,50.615721,On or near Queen Street,E01020555,Weymouth and Portland 004C,Anti-social behaviour,,
,2018-08,Dorset Police,Dorset Police,-2.452953,50.615642,On or near Crescent Street,E01020555,Weymouth and Portland 004C,Anti-social behaviour,,
,2018-08,Dorset Police,Dorset Police,-2.452110,50.617642,On or near Victoria Street,E01020555,Weymouth and Portland 004C,Anti-social behaviour,,
,2018-08,Dorset Police,Dorset Police,-2.452767,50.615436,On or near Musgrave Place,E01020555,Weymouth and Portland 004C,Anti-social behaviour,,
,2018-08,Dorset Police,Dorset Police,-2.452110,50.617642,On or near Victoria Street,E01020555,Weymouth and Portland 004C,Anti-social behaviour,,
,2018-08,Dorset Police,Dorset Police,-2.453203,50.618114,On or near Lennox Street,E01020555,Weymouth and Portland 004C,Anti-social behaviour,,
,2018-08,Dorset Police,Dorset Police,-2.452110,50.617642,On or near Victoria Street,E01020555,Weymouth and Portland 004C,Anti-social behaviour,,
,2018-08,Dorset Police,Dorset Police,-2.452767,50.615436,On or near Musgrave Place,E01020555,Weymouth and Portland 004C,Anti-social behaviour,,
,2018-08,Dorset Police,Dorset Police,-2.452110,50.617642,On or near Victoria Street,E01020555,Weymouth and Portland 004C,Anti-social behaviour,,
,2018-08,Dorset Police,Dorset Police,-2.452110,50.617642,On or near Victoria Street,E01020555,Weymouth and Portland 004C,Anti-social behaviour,,
,2018-08,Dorset Police,Dorset Police,-2.452767,50.615436,On or near Musgrave Place,E01020555,Weymouth and Portland 004C,Anti-social behaviour,,
,2018-08,Dorset Police,Dorset Police,-2.452767,50.615436,On or near Musgrave Place,E01020555,Weymouth and Portland 004C,Anti-social behaviour,,
,2018-08,Dorset Police,Dorset Police,-2.453463,50.615721,On or near Queen Street,E01020555,Weymouth and Portland 004C,Anti-social behaviour,,
,2018-08,Dorset Police,Dorset Police,-2.452110,50.617642,On or near Victoria Street,E01020555,Weymouth and Portland 004C,Anti-social behaviour,,
,2018-08,Dorset Police,Dorset Police,-2.452110,50.617642,On or near Victoria Street,E01020555,Weymouth and Portland 004C,Anti-social behaviour,,
,2018-08,Dorset Police,Dorset Police,-2.452767,50.615436,On or near Musgrave Place,E01020555,Weymouth and Portland 004C,Anti-social behaviour,,
,2018-08,Dorset Police,Dorset Police,-2.453879,50.616430,On or near Derby Street,E01020555,Weymouth and Portland 004C,Anti-social behaviour,,
,2018-08,Dorset Police,Dorset Police,-2.452767,50.615436,On or near Musgrave Place,E01020555,Weymouth and Portland 004C,Anti-social behaviour,,
,2018-08,Dorset Police,Dorset Police,-2.452110,50.617642,On or near Victoria Street,E01020555,Weymouth and Portland 004C,Anti-social behaviour,,
,2018-08,Dorset Police,Dorset Police,-2.452110,50.617642,On or near Victoria Street,E01020555,Weymouth and Portland 004C,Anti-social behaviour,,
17a7c2a6fb053db66057dc35f7cb5eb1d76feb13c38b17b177bdc56a51989f7e,2018-08,Dorset Police,Dorset Police,-2.452184,50.616490,On or near Astrid Way,E01020555,Weymouth and Portland 004C,Bicycle theft,Investigation complete; no suspect identified,
f19c52200e2f02ebb2b104e9213e3686bf77e1efbe9943df85ced97a0e78ca84,2018-08,Dorset Police,Dorset Police,-2.452110,50.617642,On or near Victoria Street,E01020555,Weymouth and Portland 004C,Bicycle theft,Investigation complete; no suspect identified,
d83596fb006c0ab3219165ee25ef14d7ab6af716619ba5c4e3419896b0ba59ef,2018-08,Dorset Police,Dorset Police,-2.452767,50.615436,On or near Musgrave Place,E01020555,Weymouth and Portland 004C,Bicycle theft,Unable to prosecute suspect,
68657c90d02e2136d1a15f752486eebff2eece4801f7acc9063c69f6117433ed,2018-08,Dorset Police,Dorset Police,-2.452184,50.616490,On or near Astrid Way,E01020555,Weymouth and Portland 004C,Bicycle theft,Investigation complete; no suspect identified,
d8067d5ee66ea2ead81ef7d0f63676d2afb4b02131bac3365ac3fad11c4f1b64,2018-08,Dorset Police,Dorset Police,-2.453463,50.615721,On or near Queen Street,E01020555,Weymouth and Portland 004C,Bicycle theft,Status update unavailable,
590561f0f614c5c897f97bb8a2bae3177777dbe18fc526d1b96e3406e0d96adb,2018-08,Dorset Police,Dorset Police,-2.454334,50.618092,On or near Walpole Street,E01020555,Weymouth and Portland 004C,Burglary,Investigation complete; no suspect identified,
67a9a1dc951742f64d7c232d8ee3cf3d125968356f6ece1fdae37b953b1cb803,2018-08,Dorset Police,Dorset Police,-2.453918,50.617464,On or near Hardwick Street,E01020555,Weymouth and Portland 004C,Burglary,Court result unavailable,
36827c9fbe8e0d2b7047b9e951172df7534aad937096f14ac3c61e50b23a7c9e,2018-08,Dorset Police,Dorset Police,-2.453463,50.615721,On or near Queen Street,E01020555,Weymouth and Portland 004C,Criminal damage and arson,Unable to prosecute suspect,
3e1cdeb879bda02d6b6e3c316a65d9012cea1ec257940f5e28ec4f1d79ac7174,2018-08,Dorset Police,Dorset Police,-2.455381,50.616811,On or near Ranelagh Road,E01020555,Weymouth and Portland 004C,Drugs,Offender given a caution,
9760d0853e52579962f4b876d858fb2dd6a33e3dd322a896e6f7b74d54b6f599,2018-08,Dorset Police,Dorset Police,-2.452110,50.617642,On or near Victoria Street,E01020555,Weymouth and Portland 004C,Drugs,Offender given a caution,
edbe2a4079d35d056e076831c205062e836c5ad4d880ad2a407c4a34a282e236,2018-08,Dorset Police,Dorset Police,-2.452110,50.617642,On or near Victoria Street,E01020555,Weymouth and Portland 004C,Drugs,Offender given a drugs possession warning,
059d2d170312f6d526e943e97d94e3e694354b373ec33ee6c28db457c0e31a4e,2018-08,Dorset Police,Dorset Police,-2.453463,50.615721,On or near Queen Street,E01020555,Weymouth and Portland 004C,Drugs,Unable to prosecute suspect,
07d2129ec87620594716ce4cb0949c6feaf38cf29041bc831c0d32840396d7db,2018-08,Dorset Police,Dorset Police,-2.453879,50.616430,On or near Derby Street,E01020555,Weymouth and Portland 004C,Other theft,Unable to prosecute suspect,
0f6e5d66f9123e705ac17af791dc65c2d7e4cf93ed0257b7ebb352b65718cc63,2018-08,Dorset Police,Dorset Police,-2.453463,50.615721,On or near Queen Street,E01020555,Weymouth and Portland 004C,Other theft,Formal action is not in the public interest,
804571c360096ed9b313c252f275a2090143b16c6a95d45db740232c723ca894,2018-08,Dorset Police,Dorset Police,-2.453879,50.616430,On or near Derby Street,E01020555,Weymouth and Portland 004C,Other theft,Investigation complete; no suspect identified,
1171d93923aa5fb9a1909a2e5fe90ffeea7f03be023f1b5c217aaa552d6f8214,2018-08,Dorset Police,Dorset Police,-2.452110,50.617642,On or near Victoria Street,E01020555,Weymouth and Portland 004C,Other theft,Investigation complete; no suspect identified,
f316e7c5caa01263ccd23cc2641f94c934568fc97bbf0f1b6fd882bea5716124,2018-08,Dorset Police,Dorset Police,-2.455861,50.618203,On or near Charles Street,E01020555,Weymouth and Portland 004C,Possession of weapons,Unable to prosecute suspect,
0a4f8850f9f6b31bb7538c17346bf4e1d4486ddb77266500822cd6a2ee8ba1c2,2018-08,Dorset Police,Dorset Police,-2.453620,50.615963,On or near Stanley Street,E01020555,Weymouth and Portland 004C,Possession of weapons,Unable to prosecute suspect,
6a3a01cb5047161c80969db3e919dcf69883877c3ffb4893509b7e30dd5acee8,2018-08,Dorset Police,Dorset Police,-2.453879,50.616430,On or near Derby Street,E01020555,Weymouth and Portland 004C,Public order,Unable to prosecute suspect,
96bc761d32312c5c825aac46c202f36014d0f1d8d48ad76009a1b5f074e538a6,2018-08,Dorset Police,Dorset Police,-2.455861,50.618203,On or near Charles Street,E01020555,Weymouth and Portland 004C,Public order,Unable to prosecute suspect,
3ffdc73bd8df1cd66e595dfe2b23ec08277fee344bdbbfdc8d1eb004f58387ff,2018-08,Dorset Police,Dorset Police,-2.455861,50.618203,On or near Charles Street,E01020555,Weymouth and Portland 004C,Public order,Court result unavailable,
a54d5f54ea5b647ddb83b21750950d04a1f182fef9ed9107c5ff6181b6e1c3d9,2018-08,Dorset Police,Dorset Police,-2.452184,50.616490,On or near Astrid Way,E01020555,Weymouth and Portland 004C,Vehicle crime,Investigation complete; no suspect identified,
87b384a96b2b3bbde57845961abeafd0dd1b7f6cc03e5051e6e0fbbac266123d,2018-08,Dorset Police,Dorset Police,-2.452184,50.616490,On or near Astrid Way,E01020555,Weymouth and Portland 004C,Vehicle crime,Investigation complete; no suspect identified,
ba359a5342424a1628d3f14f0a0941157e3add853f9498d79965a852997ebc44,2018-08,Dorset Police,Dorset Police,-2.453203,50.618114,On or near Lennox Street,E01020555,Weymouth and Portland 004C,Violence and sexual offences,Action to be taken by another organisation,
f9313d620eb7664a6279ebad779451f603600a4287e97bf21e2f60e892b6a1ac,2018-08,Dorset Police,Dorset Police,-2.452953,50.615642,On or near Crescent Street,E01020555,Weymouth and Portland 004C,Violence and sexual offences,Unable to prosecute suspect,
b5c26800a1688e25a687b85424f1fdf66c0eaf29339fd93e429b4a47a31cb3a5,2018-08,Dorset Police,Dorset Police,-2.453463,50.615721,On or near Queen Street,E01020555,Weymouth and Portland 004C,Violence and sexual offences,Court result unavailable,
b1dc3014da1d72f17319f17e945296080fde82cef97c58ace8b610cd56456beb,2018-08,Dorset Police,Dorset Police,-2.453463,50.615721,On or near Queen Street,E01020555,Weymouth and Portland 004C,Violence and sexual offences,Offender given conditional discharge,
bd436bd5f3c9bc9188de259c2bcb9d6af2ab1dbd1e5ea60a107209e529bb7677,2018-08,Dorset Police,Dorset Police,-2.453203,50.618114,On or near Lennox Street,E01020555,Weymouth and Portland 004C,Violence and sexual offences,Action to be taken by another organisation,
0e18926762faebbf32ce85536d8465f1e4e98634bd3772b5bb252aee6a3d3dbd,2018-08,Dorset Police,Dorset Police,-2.453203,50.618114,On or near Lennox Street,E01020555,Weymouth and Portland 004C,Violence and sexual offences,Action to be taken by another organisation,
80a1165ea3282281ef2d42e909873e7d9018a41998dc7c3c60be9c6ed7e3e1d3,2018-08,Dorset Police,Dorset Police,-2.453879,50.616430,On or near Derby Street,E01020555,Weymouth and Portland 004C,Violence and sexual offences,Offender fined,
fa0d16d8a3f63eef202d30a2522e919bb817dc827d0358419d73a1c032abd956,2018-08,Dorset Police,Dorset Police,-2.453463,50.615721,On or near Queen Street,E01020555,Weymouth and Portland 004C,Violence and sexual offences,Court result unavailable,
6e6a2dfefd529ac205beb1f044684878f831bdc5474f7ee88ae8530ad1eb9abf,2018-08,Dorset Police,Dorset Police,-2.453463,50.615721,On or near Queen Street,E01020555,Weymouth and Portland 004C,Violence and sexual offences,Court result unavailable,
318b45ac562366ab715e5686fe71ff5f4ca998b1fcce7173ea8f03db0307b1b7,2018-08,Dorset Police,Dorset Police,-2.452110,50.617642,On or near Victoria Street,E01020555,Weymouth and Portland 004C,Violence and sexual offences,Unable to prosecute suspect,
6040b69150c4bb786cb74c141ae5b07494c49529b9e48e9f69263d198a1bf97f,2018-08,Dorset Police,Dorset Police,-2.455861,50.618203,On or near Charles Street,E01020555,Weymouth and Portland 004C,Violence and sexual offences,Offender given community sentence,
9f53c141855c7fafeb34ac39845ff53b86b39193123acdc9f13b0a7d29a8898f,2018-08,Dorset Police,Dorset Police,-2.452110,50.617642,On or near Victoria Street,E01020555,Weymouth and Portland 004C,Violence and sexual offences,Unable to prosecute suspect,
7b5c49f3288e65edc8b8703daa3de132fcb6fe96c37557d156dd5c098ef2df66,2018-08,Dorset Police,Dorset Police,-2.455323,50.618052,On or near Penny Street,E01020555,Weymouth and Portland 004C,Violence and sexual offences,Court result unavailable,
cbad741085d55968077573474409ebd29c63ab5ef445b3f0f53383fff60341da,2018-08,Dorset Police,Dorset Police,-2.455317,50.618978,On or near Cassiobury Road,E01020555,Weymouth and Portland 004C,Violence and sexual offences,Unable to prosecute suspect,
6e0c0d28271751d412c42ff933947bdf6cf3798319b4b04ba20baaeb4ba45bc3,2018-08,Dorset Police,Dorset Police,-2.455317,50.618978,On or near Cassiobury Road,E01020555,Weymouth and Portland 004C,Violence and sexual offences,Unable to prosecute suspect,
d59d1141b50035bbc44605121e643e7416d9c6483b789798ede9393654db6a54,2018-08,Dorset Police,Dorset Police,-2.454243,50.617507,On or near Brownlow Street,E01020555,Weymouth and Portland 004C,Violence and sexual offences,Defendant found not guilty,
b23dfcfad2764e432f684f864f25a06360d5ede2ae3e35e00236a94cbc42b215,2018-08,Dorset Police,Dorset Police,-2.453203,50.618114,On or near Lennox Street,E01020555,Weymouth and Portland 004C,Violence and sexual offences,Action to be taken by another organisation,
51a108443c74374e9d257d13c7d6f1bbbcbd8595592e02adefe69ce9f2989283,2018-08,Dorset Police,Dorset Police,-2.455317,50.618978,On or near Cassiobury Road,E01020555,Weymouth and Portland 004C,Violence and sexual offences,Unable to prosecute suspect,
18937d7a812779c13ed3048d0e87cccc7c421505da4e41efbb6b4273b17bfd39,2018-08,Dorset Police,Dorset Police,-2.453879,50.616430,On or near Derby Street,E01020555,Weymouth and Portland 004C,Violence and sexual offences,Offender fined,
e5eb3deec24a4ef1543094ee07d9e70f28f4b39e485d6af9ec2dc27c023e526c,2018-08,Dorset Police,Dorset Police,-2.455861,50.618203,On or near Charles Street,E01020555,Weymouth and Portland 004C,Violence and sexual offences,Unable to prosecute suspect,
449809df8d5e7dfdccb987a83fefec3a88c1f88003724a493b7a745aef005159,2018-08,Dorset Police,Dorset Police,-2.453463,50.615721,On or near Queen Street,E01020555,Weymouth and Portland 004C,Violence and sexual offences,Unable to prosecute suspect,
7ecd93b0f8b6c2db1fe10a0df13073983c540a2d552867188f30cac354c64dbf,2018-08,Dorset Police,Dorset Police,-2.452110,50.617642,On or near Victoria Street,E01020555,Weymouth and Portland 004C,Violence and sexual offences,Court result unavailable,
a1f4179eaa675cb1c1cf5ad9f7d64c2bf809c1ec98bb38d6a4cf0bcaaabb773f,2018-08,Dorset Police,Dorset Police,-2.452110,50.617642,On or near Victoria Street,E01020555,Weymouth and Portland 004C,Violence and sexual offences,Court result unavailable,
8120f81e4cb7998639448a4c641a77f14fda76f45f78c1e4dcde40053a1be52c,2018-08,Dorset Police,Dorset Police,-2.452110,50.617642,On or near Victoria Street,E01020555,Weymouth and Portland 004C,Violence and sexual offences,Court result unavailable,
112517ec3dcac1a264c400009e5192b635e60073ad46af445cb5243c844cf33f,2018-08,Dorset Police,Dorset Police,-2.452110,50.617642,On or near Victoria Street,E01020555,Weymouth and Portland 004C,Violence and sexual offences,Court result unavailable,
34dbd894709e0d408dabfa3185e1bd5c486986a717c9bddd3ec7e4200ef8c171,2018-08,Dorset Police,Dorset Police,-2.453463,50.615721,On or near Queen Street,E01020555,Weymouth and Portland 004C,Violence and sexual offences,Unable to prosecute suspect,
2649f2e688c6ecc5486dd0c4377662ab2887b6fae3419adbd38f6619fd2ccfe3,2018-08,Dorset Police,Dorset Police,-2.453879,50.616430,On or near Derby Street,E01020555,Weymouth and Portland 004C,Violence and sexual offences,Unable to prosecute suspect,
a0939bd85cc675287c322a6fa34ae803a09300689bfa8eab208fc3546747b308,2018-08,Dorset Police,Dorset Police,-2.453879,50.616430,On or near Derby Street,E01020555,Weymouth and Portland 004C,Violence and sexual offences,Unable to prosecute suspect,
36efd5143a57442f5437292842f7c574cdffef194be931104802d6e9810f2712,2018-08,Dorset Police,Dorset Police,-2.453879,50.616430,On or near Derby Street,E01020555,Weymouth and Portland 004C,Violence and sexual offences,Unable to prosecute suspect,
c12618ebb8800ddedd883985609b0c701533c103650b62dc05986e0fe2febb58,2018-08,Dorset Police,Dorset Police,-2.452110,50.617642,On or near Victoria Street,E01020555,Weymouth and Portland 004C,Violence and sexual offences,Court result unavailable,
55876957b10eae13cc1d1fd16e201bebf6873ac859e0ce0016c89f6b5d0463c1,2018-08,Dorset Police,Dorset Police,-2.455861,50.618203,On or near Charles Street,E01020555,Weymouth and Portland 004C,Violence and sexual offences,Unable to prosecute suspect,
7eda6a8945cd4129db90c5386ef6f9a23bf859304c4437f15f2aa66eb1003a52,2018-08,Dorset Police,Dorset Police,-2.453203,50.618114,On or near Lennox Street,E01020555,Weymouth and Portland 004C,Violence and sexual offences,Status update unavailable,
c0bd2c65e8b89f6a21b9ddb025676bd88f9f444a7571a781cd69e55ba41984bf,2018-08,Dorset Police,Dorset Police,-2.453660,50.617141,On or near Chelmsford Street,E01020555,Weymouth and Portland 004C,Other crime,Unable to prosecute suspect,
ec173bbf2b24ede0e19e60986d60d4c71023d5b4bf1989b88b03a72cb6e80020,2018-08,Dorset Police,Dorset Police,-2.453660,50.617141,On or near Chelmsford Street,E01020555,Weymouth and Portland 004C,Other crime,Unable to prosecute suspect,
e8a0ac61e38fc56de9c274dd1cad26500ff6397eb11c06236656888b507f2dda,2018-08,Dorset Police,Dorset Police,-2.453879,50.616430,On or near Derby Street,E01020555,Weymouth and Portland 004C,Other crime,Unable to prosecute suspect,
,2018-08,Dorset Police,Dorset Police,-2.450938,50.619229,On or near Dorchester Road,E01020556,Weymouth and Portland 004D,Anti-social behaviour,,
,2018-08,Dorset Police,Dorset Police,-2.450938,50.619229,On or near Dorchester Road,E01020556,Weymouth and Portland 004D,Anti-social behaviour,,
,2018-08,Dorset Police,Dorset Police,-2.454429,50.620636,On or near Kirtleton Avenue,E01020556,Weymouth and Portland 004D,Anti-social behaviour,,
,2018-08,Dorset Police,Dorset Police,-2.450938,50.619229,On or near Dorchester Road,E01020556,Weymouth and Portland 004D,Anti-social behaviour,,
,2018-08,Dorset Police,Dorset Police,-2.449986,50.620195,On or near Westerhall Road,E01020556,Weymouth and Portland 004D,Anti-social behaviour,,
,2018-08,Dorset Police,Dorset Police,-2.449538,50.622121,On or near Melcombe Avenue,E01020556,Weymouth and Portland 004D,Anti-social behaviour,,
,2018-08,Dorset Police,Dorset Police,-2.453596,50.620819,On or near Park Lane,E01020556,Weymouth and Portland 004D,Anti-social behaviour,,
c2bb98604542c256bbddf0e9aa7c3f4e929872b94745eda9e406b6ce6b3ffa73,2018-08,Dorset Police,Dorset Police,-2.449538,50.622121,On or near Melcombe Avenue,E01020556,Weymouth and Portland 004D,Bicycle theft,Investigation complete; no suspect identified,
c9e3c2e77f7e8f94433baca93857bab1c0bf433eee884fd916f980376b89fd1e,2018-08,Dorset Police,Dorset Police,-2.457795,50.622314,On or near Alexandra Road,E01020556,Weymouth and Portland 004D,Burglary,Unable to prosecute suspect,
076e72862ddba9f5043d9c8e7379dae36f734f5c910e19905dd4f81b90546a1e,2018-08,Dorset Police,Dorset Police,-2.449538,50.622121,On or near Melcombe Avenue,E01020556,Weymouth and Portland 004D,Criminal damage and arson,Investigation complete; no suspect identified,
db8781104e160e37c05600f9bc9fa10eacab2cda210e08cb3d1769ffb973e356,2018-08,Dorset Police,Dorset Police,-2.454367,50.623074,On or near Fernhill Avenue,E01020556,Weymouth and Portland 004D,Criminal damage and arson,Unable to prosecute suspect,
4756a81344d1834fb019dba0516690cdd27f6daef2b708b09732201f9784eca2,2018-08,Dorset Police,Dorset Police,-2.452679,50.620940,On or near Dorchester Road,E01020556,Weymouth and Portland 004D,Criminal damage and arson,Investigation complete; no suspect identified,
1df9593597e1886db1a311093551f0327fcd5da45a5f38cc18e0d20d4076077e,2018-08,Dorset Police,Dorset Police,-2.455857,50.622141,On or near Westbourne Road,E01020556,Weymouth and Portland 004D,Robbery,Unable to prosecute suspect,
12e4335e665f864317c59d1fdd4fb591f9168d68c651210e64c7482b19b4b9d9,2018-08,Dorset Police,Dorset Police,-2.454429,50.620636,On or near Kirtleton Avenue,E01020556,Weymouth and Portland 004D,Violence and sexual offences,Unable to prosecute suspect,
235208b80d4bc429f37b1e04e4d632a2e83644a316607cd0c29b87e49fad3647,2018-08,Dorset Police,Dorset Police,-2.454367,50.623074,On or near Fernhill Avenue,E01020556,Weymouth and Portland 004D,Violence and sexual offences,Status update unavailable,
40b4f82cdd26b416bd2d390ac09deb320e693263a97d00ae9647c6656fdcd8e3,2018-08,Dorset Police,Dorset Police,-2.453596,50.620819,On or near Park Lane,E01020556,Weymouth and Portland 004D,Violence and sexual offences,Unable to prosecute suspect,
0a959b801b7786cc20bff9ccf6c65e5f74e91061df85debe04250d0ed05f1ac9,2018-08,Dorset Police,Dorset Police,-2.455258,50.621649,On or near Carlton Road North,E01020556,Weymouth and Portland 004D,Violence and sexual offences,Unable to prosecute suspect,
,2018-08,Dorset Police,Dorset Police,-2.456655,50.606751,On or near Parking Area,E01020581,Weymouth and Portland 004E,Anti-social behaviour,,
,2018-08,Dorset Police,Dorset Police,-2.456655,50.606751,On or near Parking Area,E01020581,Weymouth and Portland 004E,Anti-social behaviour,,
,2018-08,Dorset Police,Dorset Police,-2.454847,50.606866,On or near Trinity Road,E01020581,Weymouth and Portland 004E,Anti-social behaviour,,
,2018-08,Dorset Police,Dorset Police,-2.454847,50.606866,On or near Trinity Road,E01020581,Weymouth and Portland 004E,Anti-social behaviour,,
,2018-08,Dorset Police,Dorset Police,-2.454847,50.606866,On or near Trinity Road,E01020581,Weymouth and Portland 004E,Anti-social behaviour,,
,2018-08,Dorset Police,Dorset Police,-2.459476,50.601866,On or near New Close Gardens,E01020581,Weymouth and Portland 004E,Anti-social behaviour,,
,2018-08,Dorset Police,Dorset Police,-2.454847,50.606866,On or near Trinity Road,E01020581,Weymouth and Portland 004E,Anti-social behaviour,,
,2018-08,Dorset Police,Dorset Police,-2.454847,50.606866,On or near Trinity Road,E01020581,Weymouth and Portland 004E,Anti-social behaviour,,
,2018-08,Dorset Police,Dorset Police,-2.459476,50.601866,On or near New Close Gardens,E01020581,Weymouth and Portland 004E,Anti-social behaviour,,
,2018-08,Dorset Police,Dorset Police,-2.459476,50.601866,On or near New Close Gardens,E01020581,Weymouth and Portland 004E,Anti-social behaviour,,
,2018-08,Dorset Police,Dorset Police,-2.448845,50.607232,On or near Parking Area,E01020581,Weymouth and Portland 004E,Anti-social behaviour,,
,2018-08,Dorset Police,Dorset Police,-2.454847,50.606866,On or near Trinity Road,E01020581,Weymouth and Portland 004E,Anti-social behaviour,,
,2018-08,Dorset Police,Dorset Police,-2.448899,50.606988,On or near Barrack Road,E01020581,Weymouth and Portland 004E,Anti-social behaviour,,
,2018-08,Dorset Police,Dorset Police,-2.454847,50.606866,On or near Trinity Road,E01020581,Weymouth and Portland 004E,Anti-social behaviour,,
24afbc7f29f604ae3e969fa73e29ecac469ee10d4b686ebb72fd1eda9606cff5,2018-08,Dorset Police,Dorset Police,-2.452606,50.605949,On or near Cove Street,E01020581,Weymouth and Portland 004E,Bicycle theft,Investigation complete; no suspect identified,
1368332789c1a2617c96bc75e68b883f9bddf6a6beea66b1bbcc9e7c63f9d154,2018-08,Dorset Police,Dorset Police,-2.458675,50.600889,On or near Bincleaves Road,E01020581,Weymouth and Portland 004E,Criminal damage and arson,Investigation complete; no suspect identified,
09fa1f3cdfe8fd08ac976984034fb8077df1aaa86cc62bf4e5518416ed1d7f7d,2018-08,Dorset Police,Dorset Police,-2.460714,50.596969,On or near Old Castle Road,E01020581,Weymouth and Portland 004E,Criminal damage and arson,Investigation complete; no suspect identified,
0805e7287d97bb4f875ec443f41bab6a88b189fd2221fdd43934bc2eafadf4bf,2018-08,Dorset Police,Dorset Police,-2.454136,50.604900,On or near Newberry Road,E01020581,Weymouth and Portland 004E,Other theft,Investigation complete; no suspect identified,
1226a45dda30d51694197d5af25da015b8af9852ea485ade20ab3f731294fd93,2018-08,Dorset Police,Dorset Police,-2.456655,50.606751,On or near Parking Area,E01020581,Weymouth and Portland 004E,Other theft,Investigation complete; no suspect identified,
c58b1bf869e2d993064ba29d72d46d0ef6d49c3dc9a53831fbd7aa979e9aa475,2018-08,Dorset Police,Dorset Police,-2.452606,50.605949,On or near Cove Street,E01020581,Weymouth and Portland 004E,Violence and sexual offences,Investigation complete; no suspect identified,
,2018-08,Dorset Police,Dorset Police,-2.461131,50.604935,On or near Wyke Road,E01020582,Weymouth and Portland 004F,Anti-social behaviour,,
,2018-08,Dorset Police,Dorset Police,-2.456479,50.606087,On or near Dorset Terrace,E01020582,Weymouth and Portland 004F,Anti-social behaviour,,
,2018-08,Dorset Police,Dorset Police,-2.459600,50.605868,On or near James Street,E01020582,Weymouth and Portland 004F,Anti-social behaviour,,
,2018-08,Dorset Police,Dorset Police,-2.459600,50.605868,On or near James Street,E01020582,Weymouth and Portland 004F,Anti-social behaviour,,
,2018-08,Dorset Police,Dorset Police,-2.459464,50.606480,On or near High West Street,E01020582,Weymouth and Portland 004F,Anti-social behaviour,,
,2018-08,Dorset Police,Dorset Police,-2.459705,50.605103,On or near Rodwell Street,E01020582,Weymouth and Portland 004F,Anti-social behaviour,,
,2018-08,Dorset Police,Dorset Police,-2.456479,50.606087,On or near Dorset Terrace,E01020582,Weymouth and Portland 004F,Anti-social behaviour,,
,2018-08,Dorset Police,Dorset Police,-2.459464,50.606480,On or near High West Street,E01020582,Weymouth and Portland 004F,Anti-social behaviour,,
,2018-08,Dorset Police,Dorset Police,-2.459464,50.606480,On or near High West Street,E01020582,Weymouth and Portland 004F,Anti-social behaviour,,
,2018-08,Dorset Police,Dorset Police,-2.461302,50.606535,On or near Weston Road,E01020582,Weymouth and Portland 004F,Anti-social behaviour,,
ac2e491fe9b0bdb6290947e9b712e24a11e342b68b1fb33225fb56064240b159,2018-08,Dorset Police,Dorset Police,-2.459600,50.605868,On or near James Street,E01020582,Weymouth and Portland 004F,Bicycle theft,Unable to prosecute suspect,
60ca3736b85c50792392463cf3156ba7e246db797a6d83976b0e7e1bae2bdb28,2018-08,Dorset Police,Dorset Police,-2.461545,50.605401,On or near Portmore Gardens,E01020582,Weymouth and Portland 004F,Burglary,Investigation complete; no suspect identified,
87a858f22915bfe8f07fbcb7c694eee3ec8d4ab08d5e82e80d012bc1684de81d,2018-08,Dorset Police,Dorset Police,-2.459705,50.605103,On or near Rodwell Street,E01020582,Weymouth and Portland 004F,Burglary,Investigation complete; no suspect identified,
a68cfb308a1dd6938f8553a72db2d3a016828ce4f2ba35f77fe38e5ce55e39d7,2018-08,Dorset Police,Dorset Police,-2.456479,50.606087,On or near Dorset Terrace,E01020582,Weymouth and Portland 004F,Other theft,Unable to prosecute suspect,
d398645f5838d9b300fd1bdc227cb74b300c9bc46a3755595fe2fe9196c6377f,2018-08,Dorset Police,Dorset Police,-2.461131,50.604935,On or near Wyke Road,E01020582,Weymouth and Portland 004F,Public order,Unable to prosecute suspect,
e6d55fd2a49d6c97ec90f858c4bbc334e30f74ad36e5c0a57ce1be34051d9756,2018-08,Dorset Police,Dorset Police,-2.459705,50.605103,On or near Rodwell Street,E01020582,Weymouth and Portland 004F,Public order,Unable to prosecute suspect,
35e15236d76370baea2036158aa1f619db31077ff06c0834daa4037d51804d21,2018-08,Dorset Police,Dorset Police,-2.459464,50.606480,On or near High West Street,E01020582,Weymouth and Portland 004F,Robbery,Offender given conditional discharge,
9adf0c09bff9c9547a1aa804af59be4e48c9960eb1127a66a23139c9b322a69c,2018-08,Dorset Police,Dorset Police,-2.459464,50.606480,On or near High West Street,E01020582,Weymouth and Portland 004F,Robbery,Court result unavailable,
28218edf11328fc55d9072d780659b8d50ccb02dbee378f53e493004f5b0fd2b,2018-08,Dorset Police,Dorset Police,-2.461545,50.605401,On or near Portmore Gardens,E01020582,Weymouth and Portland 004F,Theft from the person,Unable to prosecute suspect,
21c911e6564451b0beed7e7f7804e048f7d7887cafe1978bad668b017e641eab,2018-08,Dorset Police,Dorset Police,-2.457838,50.606306,On or near Chapelhay Street,E01020582,Weymouth and Portland 004F,Violence and sexual offences,Unable to prosecute suspect,
c6b3f807c9dd1be9c96f604d8c25db0054f72ad79779ac5dfe1f4e10625f7ad6,2018-08,Dorset Police,Dorset Police,-2.461545,50.605401,On or near Portmore Gardens,E01020582,Weymouth and Portland 004F,Violence and sexual offences,Status update unavailable,
1294556ac36a4ae3b571f43ef7ed1f1f27d06d5fbc68f087446f4c8c9110fd80,2018-08,Dorset Police,Dorset Police,-2.461131,50.604935,On or near Wyke Road,E01020582,Weymouth and Portland 004F,Violence and sexual offences,Unable to prosecute suspect,
,2018-08,Dorset Police,Dorset Police,-2.467480,50.612446,On or near Cromwell Road,E01020572,Weymouth and Portland 005A,Anti-social behaviour,,
,2018-08,Dorset Police,Dorset Police,-2.464100,50.612298,On or near Essex Road,E01020572,Weymouth and Portland 005A,Anti-social behaviour,,
,2018-08,Dorset Police,Dorset Police,-2.464100,50.612298,On or near Essex Road,E01020572,Weymouth and Portland 005A,Anti-social behaviour,,
,2018-08,Dorset Police,Dorset Police,-2.465779,50.611922,On or near Holly Road,E01020572,Weymouth and Portland 005A,Anti-social behaviour,,
,2018-08,Dorset Police,Dorset Police,-2.465779,50.611922,On or near Holly Road,E01020572,Weymouth and Portland 005A,Anti-social behaviour,,
,2018-08,Dorset Police,Dorset Police,-2.464100,50.612298,On or near Essex Road,E01020572,Weymouth and Portland 005A,Anti-social behaviour,,
36b6d6e77d232d9f26fdcb203351839f958205ee472c48c91e9a0dcc1bb1d993,2018-08,Dorset Police,Dorset Police,-2.465779,50.611922,On or near Holly Road,E01020572,Weymouth and Portland 005A,Bicycle theft,Investigation complete; no suspect identified,
dc9c9bdba854a6ef5a716bfc72e13425ae31a99af8ff9a8835736f35ec9c5873,2018-08,Dorset Police,Dorset Police,-2.464100,50.612298,On or near Essex Road,E01020572,Weymouth and Portland 005A,Criminal damage and arson,Investigation complete; no suspect identified,
39c9cb8d562d3d64ccfc70a40d551ccdbc15249a16862ac74c8c17837521a056,2018-08,Dorset Police,Dorset Police,-2.467583,50.612850,On or near Cromwell Road,E01020572,Weymouth and Portland 005A,Other theft,Unable to prosecute suspect,
cce5b4862d08d835ad71546359816a940083f7757688641f428bfb2f2c91802f,2018-08,Dorset Police,Dorset Police,-2.468833,50.612063,On or near Franklin Road,E01020572,Weymouth and Portland 005A,Possession of weapons,Unable to prosecute suspect,
ba7c98c330cde6ac5523b7e68888ee3a4de0fff9131056e3f823a3e6987a6423,2018-08,Dorset Police,Dorset Police,-2.468227,50.610833,On or near Old Parish Lane,E01020572,Weymouth and Portland 005A,Public order,Unable to prosecute suspect,
5a6725961056db0269c8749ef5d3c3e10c62e15570b1b3d69f12c319ee563ebf,2018-08,Dorset Police,Dorset Police,-2.466781,50.613276,On or near Highland Road,E01020572,Weymouth and Portland 005A,Violence and sexual offences,Unable to prosecute suspect,
5e296fbfb51076a2192049d2ae662c1711e604cf13edcd584ac081eedbcbf861,2018-08,Dorset Police,Dorset Police,-2.469859,50.611537,On or near Emmadale Road,E01020572,Weymouth and Portland 005A,Violence and sexual offences,Unable to prosecute suspect,
c7728df0e787cb01a53ce704b6a3b2792da4456b33525b7ca84d615135a24eb7,2018-08,Dorset Police,Dorset Police,-2.467480,50.612446,On or near Cromwell Road,E01020572,Weymouth and Portland 005A,Violence and sexual offences,Unable to prosecute suspect,
3df21f7a59e57ecc7ac785a123edad7c5216017042d767e211f1a775456bfd10,2018-08,Dorset Police,Dorset Police,-2.462282,50.611361,On or near Melbury Road,E01020572,Weymouth and Portland 005A,Violence and sexual offences,Unable to prosecute suspect,
432ff98e5dd9e72772d0ea4de4e1333d999d478c8e542cc3443d7a2a3e63c95a,2018-08,Dorset Police,Dorset Police,-2.463767,50.611445,On or near Kellaway Terrace,E01020572,Weymouth and Portland 005A,Violence and sexual offences,Unable to prosecute suspect,
966834105c2f1b6b10c9710f0f0a81777e75cd6f3527159e821adf254c232237,2018-08,Dorset Police,Dorset Police,-2.463767,50.611445,On or near Kellaway Terrace,E01020572,Weymouth and Portland 005A,Violence and sexual offences,Unable to prosecute suspect,
d2765a2f258092ec40f140d440fc9e7c7e5fa0bffeceee61f99d8949cc201b8b,2018-08,Dorset Police,Dorset Police,-2.466781,50.613276,On or near Highland Road,E01020572,Weymouth and Portland 005A,Violence and sexual offences,Investigation complete; no suspect identified,
9535bef13b2ff5960e48fb0ba776b5bbba8e4152ccbe498b2717f0c0c68168b3,2018-08,Dorset Police,Dorset Police,-2.463767,50.611445,On or near Kellaway Terrace,E01020572,Weymouth and Portland 005A,Violence and sexual offences,Unable to prosecute suspect,
,2018-08,Dorset Police,Dorset Police,-2.466764,50.608654,On or near Knightsdale Road,E01020573,Weymouth and Portland 005B,Anti-social behaviour,,
,2018-08,Dorset Police,Dorset Police,-2.460670,50.608336,On or near Parking Area,E01020573,Weymouth and Portland 005B,Anti-social behaviour,,
,2018-08,Dorset Police,Dorset Police,-2.466764,50.608654,On or near Knightsdale Road,E01020573,Weymouth and Portland 005B,Anti-social behaviour,,
,2018-08,Dorset Police,Dorset Police,-2.466764,50.608654,On or near Knightsdale Road,E01020573,Weymouth and Portland 005B,Anti-social behaviour,,
,2018-08,Dorset Police,Dorset Police,-2.461548,50.611400,On or near Ilchester Road,E01020573,Weymouth and Portland 005B,Anti-social behaviour,,
,2018-08,Dorset Police,Dorset Police,-2.461927,50.612585,On or near Holland Road,E01020573,Weymouth and Portland 005B,Anti-social behaviour,,
,2018-08,Dorset Police,Dorset Police,-2.468714,50.610085,On or near Franklin Close,E01020573,Weymouth and Portland 005B,Anti-social behaviour,,
,2018-08,Dorset Police,Dorset Police,-2.457653,50.612017,On or near Parking Area,E01020573,Weymouth and Portland 005B,Anti-social behaviour,,
,2018-08,Dorset Police,Dorset Police,-2.466764,50.608654,On or near Knightsdale Road,E01020573,Weymouth and Portland 005B,Anti-social behaviour,,
,2018-08,Dorset Police,Dorset Police,-2.458403,50.613552,On or near A353,E01020573,Weymouth and Portland 005B,Anti-social behaviour,,
,2018-08,Dorset Police,Dorset Police,-2.461636,50.607388,On or near Supermarket,E01020573,Weymouth and Portland 005B,Anti-social behaviour,,
,2018-08,Dorset Police,Dorset Police,-2.466764,50.608654,On or near Knightsdale Road,E01020573,Weymouth and Portland 005B,Anti-social behaviour,,
,2018-08,Dorset Police,Dorset Police,-2.466764,50.608654,On or near Knightsdale Road,E01020573,Weymouth and Portland 005B,Anti-social behaviour,,
,2018-08,Dorset Police,Dorset Police,-2.466764,50.608654,On or near Knightsdale Road,E01020573,Weymouth and Portland 005B,Anti-social behaviour,,
,2018-08,Dorset Police,Dorset Police,-2.460670,50.608336,On or near Parking Area,E01020573,Weymouth and Portland 005B,Anti-social behaviour,,
,2018-08,Dorset Police,Dorset Police,-2.466764,50.608654,On or near Knightsdale Road,E01020573,Weymouth and Portland 005B,Anti-social behaviour,,
,2018-08,Dorset Police,Dorset Police,-2.458403,50.613552,On or near A353,E01020573,Weymouth and Portland 005B,Anti-social behaviour,,
,2018-08,Dorset Police,Dorset Police,-2.459494,50.612406,On or near Pedestrian Subway,E01020573,Weymouth and Portland 005B,Anti-social behaviour,,
d6b6ea166579a1d2343b00caec1328cca833df1925a88476ad4f89d404e784cd,2018-08,Dorset Police,Dorset Police,-2.460627,50.612671,On or near Alma Road,E01020573,Weymouth and Portland 005B,Burglary,Investigation complete; no suspect identified,
b9c8c335727ff32d122596a3ad5d1981a29adeee69c00bf49c7026ea8cb12d8b,2018-08,Dorset Police,Dorset Police,-2.461927,50.612585,On or near Holland Road,E01020573,Weymouth and Portland 005B,Burglary,Unable to prosecute suspect,
6756206bc236d5f492ca09640678e61fc0077d00bd448694d0186b01c5724ba1,2018-08,Dorset Police,Dorset Police,-2.469589,50.609937,On or near Emmadale Close,E01020573,Weymouth and Portland 005B,Criminal damage and arson,Investigation complete; no suspect identified,
401ea69ce9d4e99c2ee27b8d8059c5ba60e1132c69b05ffc33880db4ff13d530,2018-08,Dorset Police,Dorset Police,-2.461927,50.612585,On or near Holland Road,E01020573,Weymouth and Portland 005B,Criminal damage and arson,Investigation complete; no suspect identified,
0d8780e9dda49cab7002fcdaba7c60cbf6512a1d1cbc033b106440f131255f0b,2018-08,Dorset Police,Dorset Police,-2.458403,50.613552,On or near A353,E01020573,Weymouth and Portland 005B,Drugs,Offender sent to prison,
1bb0f8b11848cc29cac089452aac107b3f8751a284504706da9393de1f30812a,2018-08,Dorset Police,Dorset Police,-2.466764,50.608654,On or near Knightsdale Road,E01020573,Weymouth and Portland 005B,Drugs,Offender given penalty notice,
4f1fe60da946a5acf9bb7d0a5fc238d46d2ede577535bf569786fb49a0a278ce,2018-08,Dorset Police,Dorset Police,-2.466764,50.608654,On or near Knightsdale Road,E01020573,Weymouth and Portland 005B,Drugs,Offender given a caution,
36f28d417f705f680457013b3f0b03ae9089af1bdf6bde2b30f216c5f6fa457a,2018-08,Dorset Police,Dorset Police,-2.466764,50.608654,On or near Knightsdale Road,E01020573,Weymouth and Portland 005B,Other theft,Unable to prosecute suspect,
7f681f394eee3cdb09dd157878fc5635750af960003cae8ead37b50d10fabe7f,2018-08,Dorset Police,Dorset Police,-2.457653,50.612017,On or near Parking Area,E01020573,Weymouth and Portland 005B,Other theft,Investigation complete; no suspect identified,
21b18e8bfc502528668faa5c42b727b6bb6b782597bb11f31c845a396e2197ce,2018-08,Dorset Police,Dorset Police,-2.466764,50.608654,On or near Knightsdale Road,E01020573,Weymouth and Portland 005B,Public order,Investigation complete; no suspect identified,
3fb4581bae5b905197784977487c725823a1349e1762d0f5cbde1934786a3547,2018-08,Dorset Police,Dorset Police,-2.465211,50.610234,On or near Sedgefield Close,E01020573,Weymouth and Portland 005B,Public order,Unable to prosecute suspect,
44840e1eeee37a56d965c9dbea2687f271c58eafb51e8ffa88a43a708961e283,2018-08,Dorset Police,Dorset Police,-2.460670,50.608336,On or near Parking Area,E01020573,Weymouth and Portland 005B,Public order,Offender sent to prison,
ca34cd8ad20e978c271b52f70f7f0ad51e1b610dcd7a9b0c498c720b11118455,2018-08,Dorset Police,Dorset Police,-2.461927,50.612585,On or near Holland Road,E01020573,Weymouth and Portland 005B,Violence and sexual offences,Unable to prosecute suspect,
a5106c17f160f54972dd0d7774cfb571f7c363b2b56f53d830c849cc844a2df3,2018-08,Dorset Police,Dorset Police,-2.466764,50.608654,On or near Knightsdale Road,E01020573,Weymouth and Portland 005B,Violence and sexual offences,Unable to prosecute suspect,
438abc83f4b052558dc7d9350fdf485a0d6d3da3dd5bff7c4ceae630e03a51eb,2018-08,Dorset Police,Dorset Police,-2.466645,50.609527,On or near Barclay Road,E01020573,Weymouth and Portland 005B,Violence and sexual offences,Unable to prosecute suspect,
f6b4fb879887697c27b393375bfd5c206891f23b4937b2fe89cfbde354041fac,2018-08,Dorset Police,Dorset Police,-2.459159,50.609943,On or near Westwey Road,E01020573,Weymouth and Portland 005B,Violence and sexual offences,Investigation complete; no suspect identified,
29d44375d7c001c4ea0211f14bb84a4fcdf27e00bd651c8413af15289f742112,2018-08,Dorset Police,Dorset Police,-2.459159,50.609943,On or near Westwey Road,E01020573,Weymouth and Portland 005B,Violence and sexual offences,Unable to prosecute suspect,
fcac5be72cdd21806f81c5b4f2cd55d73e4a08e80c0a3923b12f5b1c16af0591,2018-08,Dorset Police,Dorset Police,-2.461330,50.609386,On or near Granville Road,E01020573,Weymouth and Portland 005B,Violence and sexual offences,Unable to prosecute suspect,
35e43b0c1664a92d79986af89a581abf6a009cd172870c01ab5b6f18f1912d4e,2018-08,Dorset Police,Dorset Police,-2.459159,50.609943,On or near Westwey Road,E01020573,Weymouth and Portland 005B,Violence and sexual offences,Unable to prosecute suspect,
,2018-08,Dorset Police,Dorset Police,-2.471563,50.610874,On or near Southview Road,E01020577,Weymouth and Portland 005C,Anti-social behaviour,,
,2018-08,Dorset Police,Dorset Police,-2.475342,50.611443,On or near Shirecroft Road,E01020577,Weymouth and Portland 005C,Anti-social behaviour,,
,2018-08,Dorset Police,Dorset Police,-2.475342,50.611443,On or near Shirecroft Road,E01020577,Weymouth and Portland 005C,Anti-social behaviour,,
,2018-08,Dorset Police,Dorset Police,-2.475342,50.611443,On or near Shirecroft Road,E01020577,Weymouth and Portland 005C,Anti-social behaviour,,
,2018-08,Dorset Police,Dorset Police,-2.482344,50.607943,On or near Tollerdown Road,E01020577,Weymouth and Portland 005C,Anti-social behaviour,,
e72e75c298b3486b24c0799654a7e1632a0ee05166eaa23af09cebb633056807,2018-08,Dorset Police,Dorset Police,-2.482344,50.607943,On or near Tollerdown Road,E01020577,Weymouth and Portland 005C,Criminal damage and arson,Investigation complete; no suspect identified,
fc65149ed5addfc9fe730cf1a2cb7f0d2234a7bc99e042408aa0c49744492444,2018-08,Dorset Police,Dorset Police,-2.475342,50.611443,On or near Shirecroft Road,E01020577,Weymouth and Portland 005C,Criminal damage and arson,Investigation complete; no suspect identified,
970259188b796c7accc62ae88d318f983959afd7d31cc02a6f03757839373bf7,2018-08,Dorset Police,Dorset Police,-2.482344,50.607943,On or near Tollerdown Road,E01020577,Weymouth and Portland 005C,Criminal damage and arson,Investigation complete; no suspect identified,
00ac24f6b320300550347ec7f5007c6b897fbdc7c0f084d9c3f4be568f289fc1,2018-08,Dorset Police,Dorset Police,-2.471924,50.608858,On or near Bryn Road,E01020577,Weymouth and Portland 005C,Criminal damage and arson,Status update unavailable,
a1812521cbc730e9722e97f0584180841becf1ae7542fffc5c1a60c4789940cd,2018-08,Dorset Police,Dorset Police,-2.482344,50.607943,On or near Tollerdown Road,E01020577,Weymouth and Portland 005C,Other theft,Unable to prosecute suspect,
c1fd76fed3cc9552d6f781b2c89666bde5573dc7285eb3e5ddd374b2cdc10212,2018-08,Dorset Police,Dorset Police,-2.475342,50.611443,On or near Shirecroft Road,E01020577,Weymouth and Portland 005C,Public order,Unable to prosecute suspect,
028197ca3509ecceb63bbea3ed63f661ba1c39246937eb1a6165957c049a7a02,2018-08,Dorset Police,Dorset Police,-2.471563,50.610874,On or near Southview Road,E01020577,Weymouth and Portland 005C,Violence and sexual offences,Unable to prosecute suspect,
77feb28291242c3af72b38d478b5435d9a5926086e90e1b6d3aca940c27f353c,2018-08,Dorset Police,Dorset Police,-2.474378,50.606941,On or near Roundham Gardens,E01020577,Weymouth and Portland 005C,Violence and sexual offences,Unable to prosecute suspect,
64f6d59f56fa1a38ef9d80cdedf8eb8c684a3165e4615698b385e06f0d6fd0bb,2018-08,Dorset Police,Dorset Police,-2.482344,50.607943,On or near Tollerdown Road,E01020577,Weymouth and Portland 005C,Violence and sexual offences,Unable to prosecute suspect,
f28e08ff7eb0e8d638ae51a6cf3d85f8437a7037f0860d8e3cbcda0ab513a080,2018-08,Dorset Police,Dorset Police,-2.473287,50.606685,On or near Peartree Lane,E01020577,Weymouth and Portland 005C,Violence and sexual offences,Unable to prosecute suspect,
0a6fdd86eb1e8160a088d5aec8768c02ceb7a1cc7c080057252ba78d943a4d80,2018-08,Dorset Police,Dorset Police,-2.471563,50.610874,On or near Southview Road,E01020577,Weymouth and Portland 005C,Violence and sexual offences,Defendant found not guilty,
b7a8dc264e5a4c5ad660f52dc408099e22712aa822df77255c325fd1cd8ad828,2018-08,Dorset Police,Dorset Police,-2.475342,50.611443,On or near Shirecroft Road,E01020577,Weymouth and Portland 005C,Violence and sexual offences,Unable to prosecute suspect,
,2018-08,Dorset Police,Dorset Police,-2.482101,50.603510,On or near Cockles Lane,E01020578,Weymouth and Portland 005D,Anti-social behaviour,,
,2018-08,Dorset Police,Dorset Police,-2.483597,50.608855,On or near Lynch Road,E01020578,Weymouth and Portland 005D,Anti-social behaviour,,
,2018-08,Dorset Police,Dorset Police,-2.483597,50.608855,On or near Lynch Road,E01020578,Weymouth and Portland 005D,Anti-social behaviour,,
,2018-08,Dorset Police,Dorset Police,-2.479589,50.610769,On or near East Wyld Road,E01020578,Weymouth and Portland 005D,Anti-social behaviour,,
c8c58777553a05fae6ffcb979dd8ff37d644e3896460ec7c29e3e16e4bb1ad90,2018-08,Dorset Police,Dorset Police,-2.481314,50.610843,On or near Radipole Lane,E01020578,Weymouth and Portland 005D,Other theft,Investigation complete; no suspect identified,
29da3214df02ab194a32b83f7832e63038ffa6bff65acf54e4f8f2cb7f809cf6,2018-08,Dorset Police,Dorset Police,-2.485555,50.606778,On or near Overbury Close,E01020578,Weymouth and Portland 005D,Public order,Investigation complete; no suspect identified,
ae043fd99d6b3c8324b74cf648868d71d4f0b446a9ac63274dc711d1486bd65e,2018-08,Dorset Police,Dorset Police,-2.483597,50.608855,On or near Lynch Road,E01020578,Weymouth and Portland 005D,Shoplifting,Unable to prosecute suspect,
e3b120660e1bb26c65ae5a26159a2a02b7ff577503cea19970e0084fed877a4e,2018-08,Dorset Police,Dorset Police,-2.483597,50.608855,On or near Lynch Road,E01020578,Weymouth and Portland 005D,Shoplifting,Investigation complete; no suspect identified,
48a66cef7cf6347ea85545f1679a45115e74119da845da238583c52192bdf1cd,2018-08,Dorset Police,Dorset Police,-2.483487,50.606328,On or near Lincoln Road,E01020578,Weymouth and Portland 005D,Vehicle crime,Status update unavailable,
f480d976974d119334b1b9eafb8fc7e2b8643283c98b77a33ef17ab07e0efb07,2018-08,Dorset Police,Dorset Police,-2.483154,50.605547,On or near Leamington Road,E01020578,Weymouth and Portland 005D,Violence and sexual offences,Unable to prosecute suspect,
fcb45f0ef642ed854d8bd819dade1e1f2f80367c23a318c296fd5551fd8b13a9,2018-08,Dorset Police,Dorset Police,-2.479589,50.610769,On or near East Wyld Road,E01020578,Weymouth and Portland 005D,Violence and sexual offences,Unable to prosecute suspect,
9bab649b721dd1dd4c74b5cad50f84ae4bbd0b3af4d0d0d1d5d7ebb135652506,2018-08,Dorset Police,Dorset Police,-2.461452,50.598729,On or near Clearmount Road,E01020583,Weymouth and Portland 006A,Burglary,Offender given community sentence,
fd1ed309f3b485d158bd6bfb4c877adf8eeec1f9436f9ea4e531bfb126590ad4,2018-08,Dorset Police,Dorset Police,-2.470073,50.597543,On or near Thornlow Close,E01020583,Weymouth and Portland 006A,Violence and sexual offences,Offender given a caution,
c1d106172f1dc24b4c441ca59756d8b6bdbb40e2438b1e929544740a5dd6a7a6,2018-08,Dorset Police,Dorset Police,-2.463556,50.598577,On or near Southdown Road,E01020583,Weymouth and Portland 006A,Violence and sexual offences,Unable to prosecute suspect,
,2018-08,Dorset Police,Dorset Police,-2.464986,50.606044,On or near Ashton Road,E01020584,Weymouth and Portland 006B,Anti-social behaviour,,
,2018-08,Dorset Police,Dorset Police,-2.468196,50.606283,On or near Chickerell Road,E01020584,Weymouth and Portland 006B,Anti-social behaviour,,
,2018-08,Dorset Police,Dorset Police,-2.468196,50.606283,On or near Chickerell Road,E01020584,Weymouth and Portland 006B,Anti-social behaviour,,
,2018-08,Dorset Police,Dorset Police,-2.468196,50.606283,On or near Chickerell Road,E01020584,Weymouth and Portland 006B,Anti-social behaviour,,
,2018-08,Dorset Police,Dorset Police,-2.468196,50.606283,On or near Chickerell Road,E01020584,Weymouth and Portland 006B,Anti-social behaviour,,
,2018-08,Dorset Police,Dorset Police,-2.468196,50.606283,On or near Chickerell Road,E01020584,Weymouth and Portland 006B,Anti-social behaviour,,
,2018-08,Dorset Police,Dorset Police,-2.467090,50.605928,On or near Tennyson Road,E01020584,Weymouth and Portland 006B,Anti-social behaviour,,
,2018-08,Dorset Police,Dorset Police,-2.466120,50.604978,On or near Everest Road,E01020584,Weymouth and Portland 006B,Anti-social behaviour,,
,2018-08,Dorset Police,Dorset Police,-2.464986,50.606044,On or near Ashton Road,E01020584,Weymouth and Portland 006B,Anti-social behaviour,,
,2018-08,Dorset Police,Dorset Police,-2.468196,50.606283,On or near Chickerell Road,E01020584,Weymouth and Portland 006B,Anti-social behaviour,,
f8d080fed47f8f495ab7d430f035b18bebfef30ca891124c0304ea1066bf7c8d,2018-08,Dorset Police,Dorset Police,-2.466114,50.605833,On or near Pretoria Terrace,E01020584,Weymouth and Portland 006B,Burglary,Investigation complete; no suspect identified,
14fa246c23587de1a5fd83720e02f1e2bb01ef59fd2a0e6f6094946a27fcd336,2018-08,Dorset Police,Dorset Police,-2.463319,50.606114,On or near Prince Of Wales Road,E01020584,Weymouth and Portland 006B,Criminal damage and arson,Investigation complete; no suspect identified,
20d7766c41a2d7224967f99ee8b14028948531f920af3aebdfd5ab81047f5df4,2018-08,Dorset Police,Dorset Police,-2.468196,50.606283,On or near Chickerell Road,E01020584,Weymouth and Portland 006B,Criminal damage and arson,Investigation complete; no suspect identified,
a4fffc493f8895db49f1a0dd75feb9ce020f40c77ee668d671fc699ff5e39ca4,2018-08,Dorset Police,Dorset Police,-2.468196,50.606283,On or near Chickerell Road,E01020584,Weymouth and Portland 006B,Criminal damage and arson,Status update unavailable,
3c1ed75f0275ed4f966eea37367a8fac1b75f87c8245721a65f14830440c098e,2018-08,Dorset Police,Dorset Police,-2.468196,50.606283,On or near Chickerell Road,E01020584,Weymouth and Portland 006B,Other theft,Unable to prosecute suspect,
015ff543b3d45bcf5f54bc1d74f477494bc831e3a7b01efc7c95a3f5cc3f58c6,2018-08,Dorset Police,Dorset Police,-2.466114,50.605833,On or near Pretoria Terrace,E01020584,Weymouth and Portland 006B,Violence and sexual offences,Unable to prosecute suspect,
e98bc72e0f9d25631cff39a1b9ab2876c8c166a553a8df2ac5c22df29e41e77c,2018-08,Dorset Police,Dorset Police,-2.464045,50.605193,On or near Gypsy Lane,E01020584,Weymouth and Portland 006B,Violence and sexual offences,Status update unavailable,
,2018-08,Dorset Police,Dorset Police,-2.469464,50.591727,On or near Douglas Road,E01020585,Weymouth and Portland 006C,Anti-social behaviour,,
,2018-08,Dorset Police,Dorset Police,-2.464521,50.596127,On or near Aragon Close,E01020585,Weymouth and Portland 006C,Anti-social behaviour,,
,2018-08,Dorset Police,Dorset Police,-2.469464,50.591727,On or near Douglas Road,E01020585,Weymouth and Portland 006C,Anti-social behaviour,,
,2018-08,Dorset Police,Dorset Police,-2.469464,50.591727,On or near Douglas Road,E01020585,Weymouth and Portland 006C,Anti-social behaviour,,
,2018-08,Dorset Police,Dorset Police,-2.469464,50.591727,On or near Douglas Road,E01020585,Weymouth and Portland 006C,Anti-social behaviour,,
83bb008b285b017580051bf7c44f193950aeaf582aa8abd2d26a8be385faf8a4,2018-08,Dorset Police,Dorset Police,-2.472314,50.591311,On or near Stoke Road,E01020585,Weymouth and Portland 006C,Criminal damage and arson,Unable to prosecute suspect,
d0e87f2085288dd62764ae0841036b1dbb8ed3fc3fbec3fd1877cf2b069c81eb,2018-08,Dorset Police,Dorset Police,-2.462835,50.595675,On or near Parr Way,E01020585,Weymouth and Portland 006C,Criminal damage and arson,Investigation complete; no suspect identified,
e0af974396ced23f9006fce0b713cec6103e1110fa625b1975c4b81746b72689,2018-08,Dorset Police,Dorset Police,-2.469318,50.592663,On or near Doncaster Road,E01020585,Weymouth and Portland 006C,Drugs,Offender given penalty notice,
52ced6d0358cbd45e99704463c64ef6f23d66ca2b3f316eb062aba58492c870a,2018-08,Dorset Police,Dorset Police,-2.468228,50.593864,On or near Dawlish Crescent,E01020585,Weymouth and Portland 006C,Other theft,Investigation complete; no suspect identified,
fc6e28b471d130fed046223f47685ad159726b0618028a0b4576f86123e70b67,2018-08,Dorset Police,Dorset Police,-2.468228,50.593864,On or near Dawlish Crescent,E01020585,Weymouth and Portland 006C,Other theft,Unable to prosecute suspect,
4c68ce650ad98863b90743ceb55853236ab233a712bfbb43965c7d67c31229d5,2018-08,Dorset Police,Dorset Police,-2.462835,50.595675,On or near Parr Way,E01020585,Weymouth and Portland 006C,Violence and sexual offences,Unable to prosecute suspect,
7f9befd50cc4d10d4002378ef804c10e435e9df9bacf19f992f60793ae319e51,2018-08,Dorset Police,Dorset Police,-2.464441,50.595210,On or near Howard Close,E01020585,Weymouth and Portland 006C,Violence and sexual offences,Court case unable to proceed,
681956fc366eb0fc882c821b4f319e1e1dda6b7fa79781c66a1a392a8a889cbe,2018-08,Dorset Police,Dorset Police,-2.462835,50.595675,On or near Parr Way,E01020585,Weymouth and Portland 006C,Violence and sexual offences,Unable to prosecute suspect,
d3574f0dec73f7045469e81003a2ff2112a49d8719cddb97bd958225f00c22b4,2018-08,Dorset Police,Dorset Police,-2.469464,50.591727,On or near Douglas Road,E01020585,Weymouth and Portland 006C,Violence and sexual offences,Unable to prosecute suspect,
,2018-08,Dorset Police,Dorset Police,-2.481034,50.594504,On or near Westhill Road,E01020586,Weymouth and Portland 007A,Anti-social behaviour,,
,2018-08,Dorset Police,Dorset Police,-2.479555,50.593521,On or near Bohay'S Drive,E01020586,Weymouth and Portland 007A,Anti-social behaviour,,
,2018-08,Dorset Police,Dorset Police,-2.475946,50.592861,On or near Parkmead Road,E01020586,Weymouth and Portland 007A,Anti-social behaviour,,
,2018-08,Dorset Police,Dorset Police,-2.479605,50.594231,On or near West Bay Crescent,E01020586,Weymouth and Portland 007A,Anti-social behaviour,,
,2018-08,Dorset Police,Dorset Police,-2.481034,50.594504,On or near Westhill Road,E01020586,Weymouth and Portland 007A,Anti-social behaviour,,
a77875eee71adc9e67565238311278b018820ce4e6d48378d3e5f38a33babb25,2018-08,Dorset Police,Dorset Police,-2.476361,50.593444,On or near Gallwey Road,E01020586,Weymouth and Portland 007A,Criminal damage and arson,Unable to prosecute suspect,
1e91459a7b8f6f524aadd196adcc5c44c0e69cc622f1d570240467351bc59018,2018-08,Dorset Police,Dorset Police,-2.477942,50.591909,On or near South Road,E01020586,Weymouth and Portland 007A,Criminal damage and arson,Court result unavailable,
cd6740cf6cfc876c2a2210e0b5907681923a4548d3d6075f4e381985148c8155,2018-08,Dorset Police,Dorset Police,-2.477942,50.591909,On or near South Road,E01020586,Weymouth and Portland 007A,Violence and sexual offences,Investigation complete; no suspect identified,
2f744fd2ffd83b13da45515b568e88d17a17e690897a91343cbdaac0f0140dba,2018-08,Dorset Police,Dorset Police,-2.481034,50.594504,On or near Westhill Road,E01020586,Weymouth and Portland 007A,Violence and sexual offences,Unable to prosecute suspect,
,2018-08,Dorset Police,Dorset Police,-2.469864,50.590745,On or near Dover Road,E01020587,Weymouth and Portland 007B,Anti-social behaviour,,
,2018-08,Dorset Police,Dorset Police,-2.471269,50.585767,On or near Smallmouth Close,E01020587,Weymouth and Portland 007B,Anti-social behaviour,,
,2018-08,Dorset Police,Dorset Police,-2.470558,50.588045,On or near Kingfisher Close,E01020587,Weymouth and Portland 007B,Anti-social behaviour,,
,2018-08,Dorset Police,Dorset Police,-2.471061,50.586118,On or near Whitehead Drive,E01020587,Weymouth and Portland 007B,Anti-social behaviour,,
,2018-08,Dorset Police,Dorset Police,-2.471061,50.586118,On or near Whitehead Drive,E01020587,Weymouth and Portland 007B,Anti-social behaviour,,
1f004da45e962353fa8d4102d177fe4cdfcfed68c5c6ee274b1c742bfb4b364e,2018-08,Dorset Police,Dorset Police,-2.472907,50.585679,On or near Passage Close,E01020587,Weymouth and Portland 007B,Other theft,Investigation complete; no suspect identified,
b1dbb7b838fb731efa020ce2d714c45ba2f9d2b4013f9b1a685715dbc1e11533,2018-08,Dorset Police,Dorset Police,-2.471269,50.585767,On or near Smallmouth Close,E01020587,Weymouth and Portland 007B,Other theft,Investigation complete; no suspect identified,
be35d1e7ac542cf9a814b7309bbbbb1e2514742147a88bdb039d855338363ffc,2018-08,Dorset Police,Dorset Police,-2.471080,50.589401,On or near Derwent Road,E01020587,Weymouth and Portland 007B,Violence and sexual offences,Unable to prosecute suspect,
3f6a97a7dadf914d8fee6d71f2e46c135d3a397c2926cfb098b167672cb23ec5,2018-08,Dorset Police,Dorset Police,-2.469573,50.589838,On or near Dundee Road,E01020587,Weymouth and Portland 007B,Violence and sexual offences,Local resolution,
5037d64ce799ff25136a6fa60270599bb4f2d35436653823d3d50717701e19e6,2018-08,Dorset Police,Dorset Police,-2.472907,50.585679,On or near Passage Close,E01020587,Weymouth and Portland 007B,Violence and sexual offences,Court result unavailable,
c8aac2f408e0bb46d72915fe39e04e6f1474a1148cd27e33f3cfded29b25705a,2018-08,Dorset Police,Dorset Police,-2.469864,50.590745,On or near Dover Road,E01020587,Weymouth and Portland 007B,Violence and sexual offences,Investigation complete; no suspect identified,
,2018-08,Dorset Police,Dorset Police,-2.476248,50.594757,On or near Victoria Road,E01020588,Weymouth and Portland 007C,Anti-social behaviour,,
,2018-08,Dorset Police,Dorset Police,-2.476177,50.599002,On or near Church Knap,E01020588,Weymouth and Portland 007C,Anti-social behaviour,,
,2018-08,Dorset Police,Dorset Police,-2.475302,50.594824,On or near Supermarket,E01020588,Weymouth and Portland 007C,Anti-social behaviour,,
,2018-08,Dorset Police,Dorset Police,-2.472215,50.595556,On or near Fairview Road,E01020588,Weymouth and Portland 007C,Anti-social behaviour,,
,2018-08,Dorset Police,Dorset Police,-2.476177,50.599002,On or near Church Knap,E01020588,Weymouth and Portland 007C,Anti-social behaviour,,
1c4d5f7668a796dd61b3421e513b7deac1c9ceaf7fbf5253b605fbd4629083cc,2018-08,Dorset Police,Dorset Police,-2.473769,50.595541,On or near Sunnyside Road,E01020588,Weymouth and Portland 007C,Criminal damage and arson,Investigation complete; no suspect identified,
b0a51bb0eac7667167053c38b4851e95f7eebbd75189532f2dea521a4aa2724d,2018-08,Dorset Police,Dorset Police,-2.478821,50.594945,On or near High Street,E01020588,Weymouth and Portland 007C,Drugs,Court result unavailable,
3b106b52a651364fc1ce09620385347925b1a235613651f66afc1daba8c48860,2018-08,Dorset Police,Dorset Police,-2.478821,50.594945,On or near High Street,E01020588,Weymouth and Portland 007C,Drugs,Court result unavailable,
950d0c452363b5cb9f800e70fbe25f83c4dd5e3e4131faef7f310aee3536f832,2018-08,Dorset Police,Dorset Police,-2.478821,50.594945,On or near High Street,E01020588,Weymouth and Portland 007C,Robbery,Offender given community sentence,
a4da1ca2533467e5379cce7e0877254126be9915deba67137047f3cb7251984c,2018-08,Dorset Police,Dorset Police,-2.478821,50.594945,On or near High Street,E01020588,Weymouth and Portland 007C,Robbery,Offender given community sentence,
1b8a10bdf4d051ec4aa4fb778591dfa51ba51e86c3663c427cc16a39e5799841,2018-08,Dorset Police,Dorset Police,-2.473769,50.595541,On or near Sunnyside Road,E01020588,Weymouth and Portland 007C,Violence and sexual offences,Investigation complete; no suspect identified,
,2018-08,Dorset Police,Dorset Police,-2.483395,50.597399,On or near Mountbatten Close,E01020589,Weymouth and Portland 007D,Anti-social behaviour,,
,2018-08,Dorset Police,Dorset Police,-2.483395,50.597399,On or near Mountbatten Close,E01020589,Weymouth and Portland 007D,Anti-social behaviour,,
c248f76342b9ea47155a13edc38e29e53b921a245a952b5352a1a132b94e339d,2018-08,Dorset Police,Dorset Police,-2.483395,50.597399,On or near Mountbatten Close,E01020589,Weymouth and Portland 007D,Burglary,Status update unavailable,
687c4a436b7b1c0aeef3a0dc619f342435155cc33d424a8ab105657e04ef7b91,2018-08,Dorset Police,Dorset Police,-2.481242,50.598271,On or near Bryants Lane,E01020589,Weymouth and Portland 007D,Criminal damage and arson,Investigation complete; no suspect identified,
b2a5167370495f84743c2f59dc2dc595d2d5072ec2a662692437867a988fd683,2018-08,Dorset Police,Dorset Police,-2.483395,50.597399,On or near Mountbatten Close,E01020589,Weymouth and Portland 007D,Other theft,Investigation complete; no suspect identified,
6dded3ee206272d376419c2e07edd5fe17cded3a16f994da04f4633b7ca8224a,2018-08,Dorset Police,Dorset Police,-2.485487,50.598883,On or near Mandeville Close,E01020589,Weymouth and Portland 007D,Other theft,Investigation complete; no suspect identified,
577018b541c566b2c104c7cd6d5d768702060dc8eb81fdf5464b0c34e0cd2fd5,2018-08,Dorset Police,Dorset Police,-2.482856,50.599892,On or near Beachview Close,E01020589,Weymouth and Portland 007D,Violence and sexual offences,Unable to prosecute suspect,
7397ac59d7c3c8f7d2f6825728ae8b56257c223d7e1b5274fcbcbdbe4a778511,2018-08,Dorset Police,Dorset Police,-2.482856,50.599892,On or near Beachview Close,E01020589,Weymouth and Portland 007D,Violence and sexual offences,Unable to prosecute suspect,
07bdf6a9d41c660967e6248c664e240e8449bdc45478a16f43dd86e39926f44c,2018-08,Dorset Police,Dorset Police,-2.483395,50.597399,On or near Mountbatten Close,E01020589,Weymouth and Portland 007D,Violence and sexual offences,Action to be taken by another organisation,
c0e0d420c7586e5c651d4936264a80767234599a0acfacb23989915cf37082e1,2018-08,Dorset Police,Dorset Police,-2.483395,50.597399,On or near Mountbatten Close,E01020589,Weymouth and Portland 007D,Violence and sexual offences,Unable to prosecute suspect,
,2018-08,Dorset Police,Dorset Police,-2.432089,50.546044,On or near Silklake Mews,E01020563,Weymouth and Portland 008A,Anti-social behaviour,,
b44bfb4d3b18688e5cc965390b22cf51337f2f38a8a02716be34f2b0c97bd4ff,2018-08,Dorset Police,Dorset Police,-2.430140,50.542796,On or near Bumpers Lane,E01020563,Weymouth and Portland 008A,Criminal damage and arson,Investigation complete; no suspect identified,
c8192e58a041eaf230ccf80322d1918101d08eb1544cc113936112ff315ff489,2018-08,Dorset Police,Dorset Police,-2.430140,50.542796,On or near Bumpers Lane,E01020563,Weymouth and Portland 008A,Criminal damage and arson,Investigation complete; no suspect identified,
326123e059344ba52917172b3b6b5238ca58f5f9d7c4eaff76a8909e9b68deaf,2018-08,Dorset Police,Dorset Police,-2.423644,50.548629,On or near Shepherds Croft,E01020563,Weymouth and Portland 008A,Criminal damage and arson,Action to be taken by another organisation,
970b1130512d1e6ebb160dc943eff56e5889e88c8f318e34413c3bbf17b2ff03,2018-08,Dorset Police,Dorset Police,-2.431414,50.550975,On or near Sports/Recreation Area,E01020563,Weymouth and Portland 008A,Vehicle crime,Investigation complete; no suspect identified,
1a973532604df5451bf918076122437cdd4927690df424ddf317c32470097831,2018-08,Dorset Police,Dorset Police,-2.423644,50.548629,On or near Shepherds Croft,E01020563,Weymouth and Portland 008A,Violence and sexual offences,Unable to prosecute suspect,
e42847f8f5735273bcfd07e090d2c2d8be70cd2eedffc3cf0c90e4538db43ca7,2018-08,Dorset Police,Dorset Police,-2.423644,50.548629,On or near Shepherds Croft,E01020563,Weymouth and Portland 008A,Violence and sexual offences,Offender given conditional discharge,
0776e3732de341b68395058d189893bd9886bcac7c0a18246a26782aefab7cd5,2018-08,Dorset Police,Dorset Police,-2.423644,50.548629,On or near Shepherds Croft,E01020563,Weymouth and Portland 008A,Violence and sexual offences,Court result unavailable,
07e095f2829a675aa2a4c74317dd8bf350b5e7dfcc72a816a7079ac3ac00c7a1,2018-08,Dorset Police,Dorset Police,-2.423644,50.548629,On or near Shepherds Croft,E01020563,Weymouth and Portland 008A,Violence and sexual offences,Unable to prosecute suspect,
efdcdc0aad238d74f794a7a3baa4d54d854e136ece432abbf6a190d92b115f29,2018-08,Dorset Police,Dorset Police,-2.423644,50.548629,On or near Shepherds Croft,E01020563,Weymouth and Portland 008A,Violence and sexual offences,Status update unavailable,
564e901be05b339d50f61bffb1839929e42c0423405d5b0d2495fb9edf4c8303,2018-08,Dorset Police,Dorset Police,-2.423644,50.548629,On or near Shepherds Croft,E01020563,Weymouth and Portland 008A,Other crime,Court result unavailable,
3abe6610f70e496f3f6d0330cc0d3cdaad723d1624cf058bde1a87d16dad2237,2018-08,Dorset Police,Dorset Police,-2.423644,50.548629,On or near Shepherds Croft,E01020563,Weymouth and Portland 008A,Other crime,Action to be taken by another organisation,
045e9118127cd80d8d1f57259de375f2313b9d52b31c2eab8ba992c37666e578,2018-08,Dorset Police,Dorset Police,-2.423644,50.548629,On or near Shepherds Croft,E01020563,Weymouth and Portland 008A,Other crime,Unable to prosecute suspect,
,2018-08,Dorset Police,Dorset Police,-2.442956,50.568566,On or near Parking Area,E01020569,Weymouth and Portland 008D,Anti-social behaviour,,
,2018-08,Dorset Police,Dorset Police,-2.443448,50.560831,On or near Ventnor Road,E01020569,Weymouth and Portland 008D,Anti-social behaviour,,
,2018-08,Dorset Police,Dorset Police,-2.441500,50.565362,On or near East Weare Road,E01020569,Weymouth and Portland 008D,Anti-social behaviour,,
,2018-08,Dorset Police,Dorset Police,-2.441500,50.565362,On or near East Weare Road,E01020569,Weymouth and Portland 008D,Anti-social behaviour,,
,2018-08,Dorset Police,Dorset Police,-2.443448,50.560831,On or near Ventnor Road,E01020569,Weymouth and Portland 008D,Anti-social behaviour,,
,2018-08,Dorset Police,Dorset Police,-2.442956,50.568566,On or near Parking Area,E01020569,Weymouth and Portland 008D,Anti-social behaviour,,
,2018-08,Dorset Police,Dorset Police,-2.443448,50.560831,On or near Ventnor Road,E01020569,Weymouth and Portland 008D,Anti-social behaviour,,
1197c85251ce02fd00b39a772ef613579f097e5942cc8335193cbaf0a818d970,2018-08,Dorset Police,Dorset Police,-2.444635,50.563911,On or near Harbour View Road,E01020569,Weymouth and Portland 008D,Criminal damage and arson,Investigation complete; no suspect identified,
03866284c434b1d37c49cb76c51b9a069c99d1750ef4ea31afaf1511bcb37d07,2018-08,Dorset Police,Dorset Police,-2.442020,50.568183,On or near Castletown,E01020569,Weymouth and Portland 008D,Criminal damage and arson,Investigation complete; no suspect identified,
94aa28a00dd3270a558c724899da7f338a65edd4b1758d46bb64ebdb06a48e6f,2018-08,Dorset Police,Dorset Police,-2.444797,50.564674,On or near Coronation Road,E01020569,Weymouth and Portland 008D,Criminal damage and arson,Offender given a caution,
e4244ac4089965687555a64aa20efa1c9dc0f5584010ed130e73e209531dfc4e,2018-08,Dorset Police,Dorset Police,-2.443448,50.560831,On or near Ventnor Road,E01020569,Weymouth and Portland 008D,Criminal damage and arson,Unable to prosecute suspect,
f66eda169fe45dcca0f5938f0e946808c3c0690ddd5d6bf3a6c6c271cfbff5d3,2018-08,Dorset Police,Dorset Police,-2.443448,50.560831,On or near Ventnor Road,E01020569,Weymouth and Portland 008D,Other theft,Unable to prosecute suspect,
77aeea28c1a7f646c50f145da03ebd17058c14f25549b1c7c44e4542c9458319,2018-08,Dorset Police,Dorset Police,-2.441500,50.565362,On or near East Weare Road,E01020569,Weymouth and Portland 008D,Public order,Unable to prosecute suspect,
edc7795f572eddc109fdfa49423657c29e91c0970ddec0b967782f528f063425,2018-08,Dorset Police,Dorset Police,-2.444797,50.564674,On or near Coronation Road,E01020569,Weymouth and Portland 008D,Violence and sexual offences,Unable to prosecute suspect,
3556aea1e040efb09e155bf0632fde30257467380c0b9943543857d72b048b96,2018-08,Dorset Police,Dorset Police,-2.439355,50.565541,On or near Beel Close,E01020569,Weymouth and Portland 008D,Violence and sexual offences,Unable to prosecute suspect,
2d25bb1e51e13b19d68bbf62d223d76c017f270724e4889e09e9d3b283a158b1,2018-08,Dorset Police,Dorset Police,-2.444837,50.565870,On or near Hospital,E01020569,Weymouth and Portland 008D,Violence and sexual offences,Unable to prosecute suspect,
67011489331da79f849137b8db0c1fde6d1ab8ec08df856db38f97a20061642e,2018-08,Dorset Police,Dorset Police,-2.441500,50.565362,On or near East Weare Road,E01020569,Weymouth and Portland 008D,Other crime,Unable to prosecute suspect,
,2018-08,Dorset Police,Dorset Police,-2.442705,50.558369,On or near Hambro Road,E01033200,Weymouth and Portland 008E,Anti-social behaviour,,
,2018-08,Dorset Police,Dorset Police,-2.442958,50.559762,On or near Fortuneswell,E01033200,Weymouth and Portland 008E,Anti-social behaviour,,
,2018-08,Dorset Police,Dorset Police,-2.455948,50.570171,On or near Hamm Beach Road,E01033200,Weymouth and Portland 008E,Anti-social behaviour,,
,2018-08,Dorset Police,Dorset Police,-2.445975,50.560785,On or near Coastguard Road,E01033200,Weymouth and Portland 008E,Anti-social behaviour,,
,2018-08,Dorset Police,Dorset Police,-2.442244,50.558911,On or near Parking Area,E01033200,Weymouth and Portland 008E,Anti-social behaviour,,
,2018-08,Dorset Police,Dorset Police,-2.447177,50.559476,On or near Brandy Lane,E01033200,Weymouth and Portland 008E,Anti-social behaviour,,
d6372dc9b28da049fae4f438c931852ec922e5b16932e0e8b09c77f9409fa324,2018-08,Dorset Police,Dorset Police,-2.451540,50.566987,On or near Coode Way,E01033200,Weymouth and Portland 008E,Burglary,Investigation complete; no suspect identified,
98f16476e19b0d26603e6285b06164090d6ac2d024f05324123ef8135e5d65c2,2018-08,Dorset Police,Dorset Police,-2.442958,50.559762,On or near Fortuneswell,E01033200,Weymouth and Portland 008E,Criminal damage and arson,Investigation complete; no suspect identified,
6df005faa3d37edb86f097f90a9cd30b36aed7c9fe4f99ae9ad07e16b8f5e127,2018-08,Dorset Police,Dorset Police,-2.446343,50.560928,On or near Albert Terrace,E01033200,Weymouth and Portland 008E,Criminal damage and arson,Investigation complete; no suspect identified,
de6262f4dddd02f6ec515284ab2178fb9cd86ff724f191579e66addca0f0eae6,2018-08,Dorset Police,Dorset Police,-2.445404,50.560185,On or near Mallams,E01033200,Weymouth and Portland 008E,Criminal damage and arson,Unable to prosecute suspect,
6f60dc82bfd5b9e3730522ad8881f8d1e5ad381d0ee6565bdfcd88a3d2d0465b,2018-08,Dorset Police,Dorset Police,-2.445374,50.561462,On or near Belgrave Place,E01033200,Weymouth and Portland 008E,Criminal damage and arson,Investigation complete; no suspect identified,
2d839de5e9a8f8cd869c64f4dccdc3184fc05374fa3b04f669c6a5c5b65e6b8a,2018-08,Dorset Police,Dorset Police,-2.449627,50.563253,On or near Victoria Square,E01033200,Weymouth and Portland 008E,Criminal damage and arson,Investigation complete; no suspect identified,
b0d4c250fdcae27e7811a641504e4557f082ad490600913f6769d5762209b54e,2018-08,Dorset Police,Dorset Police,-2.455948,50.570171,On or near Hamm Beach Road,E01033200,Weymouth and Portland 008E,Drugs,Offender given a drugs possession warning,
d7893af61496be2ef3e48cdbd8eacd1bc7a8cacea68983e26598a7d30326a007,2018-08,Dorset Police,Dorset Police,-2.451540,50.566987,On or near Coode Way,E01033200,Weymouth and Portland 008E,Other theft,Unable to prosecute suspect,
7ebea032067892c238e2933780defd5975b967e918aec608375934472e584362,2018-08,Dorset Police,Dorset Police,-2.455948,50.570171,On or near Hamm Beach Road,E01033200,Weymouth and Portland 008E,Other theft,Unable to prosecute suspect,
237abc8415c4dc58c38fa53b7012cfc30917bf569fbd9e710c2eb2aa58a34962,2018-08,Dorset Police,Dorset Police,-2.455948,50.570171,On or near Hamm Beach Road,E01033200,Weymouth and Portland 008E,Other theft,Investigation complete; no suspect identified,
75b9a2e72fe32766da0d39e64eb49a94bc2acde12ec40749327d95f3749f4e5f,2018-08,Dorset Police,Dorset Police,-2.447691,50.561606,On or near Clements Lane,E01033200,Weymouth and Portland 008E,Violence and sexual offences,Status update unavailable,
f9235195abeef09fb2e0b48a878611ab09a7a1e18ab201463d5960b559234052,2018-08,Dorset Police,Dorset Police,-2.447691,50.561606,On or near Clements Lane,E01033200,Weymouth and Portland 008E,Violence and sexual offences,Status update unavailable,
2a515cd2d2c1615e55131e6b9e5eb2b85effd0b131c2e33d80e2c652ec4482cd,2018-08,Dorset Police,Dorset Police,-2.455948,50.570171,On or near Hamm Beach Road,E01033200,Weymouth and Portland 008E,Violence and sexual offences,Investigation complete; no suspect identified,
708da86df20f5c32f9c684bf6a0ea85a4b88eb35e749bb14f1b5f7c9fbcc0321,2018-08,Dorset Police,Dorset Police,-2.436990,50.558670,On or near Verne Hill Road,E01033200,Weymouth and Portland 008E,Violence and sexual offences,Action to be taken by another organisation,
3e89264fef04a3851478ba44ad300b9b1127cda7942053139ecf97b8d7346a63,2018-08,Dorset Police,Dorset Police,-2.436990,50.558670,On or near Verne Hill Road,E01033200,Weymouth and Portland 008E,Violence and sexual offences,Action to be taken by another organisation,
a96b0dd896c9afc3f8ab1f301495954de9426de5ed0e08052d7f419c0d71f8a0,2018-08,Dorset Police,Dorset Police,-2.447691,50.561606,On or near Clements Lane,E01033200,Weymouth and Portland 008E,Violence and sexual offences,Unable to prosecute suspect,
e5440701eed7d558886e371ec8b039f30955ae65f444d448c88ec18d98703610,2018-08,Dorset Police,Dorset Police,-2.436990,50.558670,On or near Verne Hill Road,E01033200,Weymouth and Portland 008E,Violence and sexual offences,Action to be taken by another organisation,
8dab14e5b712da20a1101774208618fa34dee8859b7f67a377824bf1f5b6ef44,2018-08,Dorset Police,Dorset Police,-2.436990,50.558670,On or near Verne Hill Road,E01033200,Weymouth and Portland 008E,Violence and sexual offences,Action to be taken by another organisation,
,2018-08,Dorset Police,Dorset Police,-2.435628,50.545608,On or near Supermarket,E01020562,Weymouth and Portland 009A,Anti-social behaviour,,
,2018-08,Dorset Police,Dorset Police,-2.435979,50.545418,On or near Easton Square,E01020562,Weymouth and Portland 009A,Anti-social behaviour,,
,2018-08,Dorset Police,Dorset Police,-2.432559,50.544963,On or near Moorfield Road,E01020562,Weymouth and Portland 009A,Anti-social behaviour,,
,2018-08,Dorset Police,Dorset Police,-2.429960,50.540045,On or near Church Ope Road,E01020562,Weymouth and Portland 009A,Anti-social behaviour,,
,2018-08,Dorset Police,Dorset Police,-2.435979,50.545418,On or near Easton Square,E01020562,Weymouth and Portland 009A,Anti-social behaviour,,
,2018-08,Dorset Police,Dorset Police,-2.431496,50.542917,On or near Wakeham,E01020562,Weymouth and Portland 009A,Anti-social behaviour,,
,2018-08,Dorset Police,Dorset Police,-2.435979,50.545418,On or near Easton Square,E01020562,Weymouth and Portland 009A,Anti-social behaviour,,
,2018-08,Dorset Police,Dorset Police,-2.429960,50.540045,On or near Church Ope Road,E01020562,Weymouth and Portland 009A,Anti-social behaviour,,
,2018-08,Dorset Police,Dorset Police,-2.435979,50.545418,On or near Easton Square,E01020562,Weymouth and Portland 009A,Anti-social behaviour,,
,2018-08,Dorset Police,Dorset Police,-2.442490,50.545924,On or near St George'S Road,E01020562,Weymouth and Portland 009A,Anti-social behaviour,,
,2018-08,Dorset Police,Dorset Police,-2.435979,50.545418,On or near Easton Square,E01020562,Weymouth and Portland 009A,Anti-social behaviour,,
,2018-08,Dorset Police,Dorset Police,-2.435979,50.545418,On or near Easton Square,E01020562,Weymouth and Portland 009A,Anti-social behaviour,,
,2018-08,Dorset Police,Dorset Police,-2.431496,50.542917,On or near Wakeham,E01020562,Weymouth and Portland 009A,Anti-social behaviour,,
,2018-08,Dorset Police,Dorset Police,-2.434956,50.544765,On or near Delhi Lane,E01020562,Weymouth and Portland 009A,Anti-social behaviour,,
d58edba4555000d69f5f06cb6afb1a16e028251bcc10f4739634b7f470086da4,2018-08,Dorset Police,Dorset Police,-2.436145,50.545067,On or near Easton Square,E01020562,Weymouth and Portland 009A,Bicycle theft,Unable to prosecute suspect,
b570a7827432fc2004326069cc836ed935c4fd9a293848ee12577ff7791692f0,2018-08,Dorset Police,Dorset Police,-2.440976,50.544032,On or near Montrose Close,E01020562,Weymouth and Portland 009A,Criminal damage and arson,Investigation complete; no suspect identified,
1d2e15c60f66ab08127f273bd4086e4a45cdd83f9c690a1d6407ff1f62bffbcd,2018-08,Dorset Police,Dorset Police,-2.434748,50.545072,On or near Straits,E01020562,Weymouth and Portland 009A,Criminal damage and arson,Investigation complete; no suspect identified,
87238c5dce9ece73dbf18627c17875bfc0312fff3d84bca46ef4fb361ad79de4,2018-08,Dorset Police,Dorset Police,-2.440976,50.544032,On or near Montrose Close,E01020562,Weymouth and Portland 009A,Criminal damage and arson,Investigation complete; no suspect identified,
39176aeb49d9ef3679eaa9b770932efffa9b0a0d278a456bcb320231fd4c8b4f,2018-08,Dorset Police,Dorset Police,-2.429960,50.540045,On or near Church Ope Road,E01020562,Weymouth and Portland 009A,Other theft,Local resolution,
9fb91144ce45f397a2e15230e88ed00489bb1c446ee3d2e6626b62991e848048,2018-08,Dorset Police,Dorset Police,-2.435231,50.545430,On or near Shopping Area,E01020562,Weymouth and Portland 009A,Other theft,Investigation complete; no suspect identified,
e294ab0fa0208fb536bdc600d1f06c46ca0c0b8c48750b56c00b08972dc7df9e,2018-08,Dorset Police,Dorset Police,-2.432559,50.544963,On or near Moorfield Road,E01020562,Weymouth and Portland 009A,Possession of weapons,Unable to prosecute suspect,
0275d8f9a6305409a3a9eb318d6d0a57c6af0a832e69b90236cfb731e0fbac41,2018-08,Dorset Police,Dorset Police,-2.436725,50.543670,On or near Park Road,E01020562,Weymouth and Portland 009A,Public order,Unable to prosecute suspect,
bc8c3f4c6b78d11a322713290b287a6a92d9c6b85c7b12963b2ccdccbdb2e21d,2018-08,Dorset Police,Dorset Police,-2.432559,50.544963,On or near Moorfield Road,E01020562,Weymouth and Portland 009A,Public order,Unable to prosecute suspect,
d69b596a3c057396e033621bf15d55eb0b9b901d0743a2cd1633ec91c1183deb,2018-08,Dorset Police,Dorset Police,-2.436725,50.543670,On or near Park Road,E01020562,Weymouth and Portland 009A,Shoplifting,Unable to prosecute suspect,
f4224a01d8df1bdaea9a529c6525bcfddb31cd5fc918e6df7b17ffa0b0f102c2,2018-08,Dorset Police,Dorset Police,-2.435979,50.545418,On or near Easton Square,E01020562,Weymouth and Portland 009A,Violence and sexual offences,Unable to prosecute suspect,
a41b0788426c24bf6a6d22480d10f9f8148f19cd37e8d07fe9848ab1c78cc77b,2018-08,Dorset Police,Dorset Police,-2.440343,50.545806,On or near Grosvenor Road,E01020562,Weymouth and Portland 009A,Violence and sexual offences,Unable to prosecute suspect,
b49285af345ff19b9496167ccf321fdb82bd2c446d2f49eb9b96e4d99bd53371,2018-08,Dorset Police,Dorset Police,-2.440343,50.545806,On or near Grosvenor Road,E01020562,Weymouth and Portland 009A,Violence and sexual offences,Status update unavailable,
0c3e5dd74f2d344f4c8c26ef41b52ba22f1df60c0b861bf4495502455baa21f5,2018-08,Dorset Police,Dorset Police,-2.436725,50.543670,On or near Park Road,E01020562,Weymouth and Portland 009A,Violence and sexual offences,Unable to prosecute suspect,
a880bfc1b73144c42d24ee6054f35bcfd3b8cd7185320506b7a385fbcaa27038,2018-08,Dorset Police,Dorset Police,-2.431496,50.542917,On or near Wakeham,E01020562,Weymouth and Portland 009A,Violence and sexual offences,Unable to prosecute suspect,
4f1ada89edca5dfcf8a5f955407f5f6cc176107de41be159960f15818b9fdd19,2018-08,Dorset Police,Dorset Police,-2.432559,50.544963,On or near Moorfield Road,E01020562,Weymouth and Portland 009A,Violence and sexual offences,Unable to prosecute suspect,
,2018-08,Dorset Police,Dorset Police,-2.451770,50.540798,On or near Martinscroft Road,E01020564,Weymouth and Portland 009B,Anti-social behaviour,,
,2018-08,Dorset Police,Dorset Police,-2.451234,50.540845,On or near Barleycroft Road,E01020564,Weymouth and Portland 009B,Anti-social behaviour,,
,2018-08,Dorset Police,Dorset Police,-2.442407,50.556698,On or near New Road,E01020564,Weymouth and Portland 009B,Anti-social behaviour,,
,2018-08,Dorset Police,Dorset Police,-2.451770,50.540798,On or near Martinscroft Road,E01020564,Weymouth and Portland 009B,Anti-social behaviour,,
,2018-08,Dorset Police,Dorset Police,-2.451770,50.540798,On or near Martinscroft Road,E01020564,Weymouth and Portland 009B,Anti-social behaviour,,
,2018-08,Dorset Police,Dorset Police,-2.451416,50.542221,On or near Blindmere Road,E01020564,Weymouth and Portland 009B,Anti-social behaviour,,
,2018-08,Dorset Police,Dorset Police,-2.449897,50.542739,On or near Croft Road,E01020564,Weymouth and Portland 009B,Anti-social behaviour,,
,2018-08,Dorset Police,Dorset Police,-2.451416,50.542221,On or near Blindmere Road,E01020564,Weymouth and Portland 009B,Anti-social behaviour,,
,2018-08,Dorset Police,Dorset Police,-2.442407,50.556698,On or near New Road,E01020564,Weymouth and Portland 009B,Anti-social behaviour,,
b06ae68e37fd8cdbdf7ef546cc19df69edd39296c8cba2fdcfd0c38d7762d7a9,2018-08,Dorset Police,Dorset Police,-2.449973,50.541839,On or near Woolcombe Road,E01020564,Weymouth and Portland 009B,Bicycle theft,Investigation complete; no suspect identified,
80c9ef6413dc725f4ea38bd5fbfb7b65d6270352b77e0ac91f1271006a255402,2018-08,Dorset Police,Dorset Police,-2.451770,50.540798,On or near Martinscroft Road,E01020564,Weymouth and Portland 009B,Criminal damage and arson,Offender given community sentence,
671d05dee1d034eb5d7cc37603d1d196c12a53f1dd5512903ffc648481948766,2018-08,Dorset Police,Dorset Police,-2.444829,50.542588,On or near Weston Road,E01020564,Weymouth and Portland 009B,Criminal damage and arson,Investigation complete; no suspect identified,
6c73803e04123c12d57266b07b168dc2c1128fe0d4c9fb1b9887dc830db7320f,2018-08,Dorset Police,Dorset Police,-2.450421,50.541388,On or near Blacknor Road,E01020564,Weymouth and Portland 009B,Public order,Court case unable to proceed,
b3f7d7169cd35723a223ac86de8d7c3660bab37581e548ffd13b62269edcdcc6,2018-08,Dorset Police,Dorset Police,-2.451770,50.540798,On or near Martinscroft Road,E01020564,Weymouth and Portland 009B,Violence and sexual offences,Unable to prosecute suspect,
ff779a98bc1f71bdab90f7a69acc53e04a19e63bdf42decc452d75c95ae3f3b9,2018-08,Dorset Police,Dorset Police,-2.451770,50.540798,On or near Martinscroft Road,E01020564,Weymouth and Portland 009B,Violence and sexual offences,Unable to prosecute suspect,
ac1156bf0587a89a24eea04dffc669d1befa458768dc354068c6944dfa7ee55a,2018-08,Dorset Police,Dorset Police,-2.443300,50.543520,On or near Pound Piece,E01020564,Weymouth and Portland 009B,Violence and sexual offences,Unable to prosecute suspect,
55adc5e00accc887898e09cf448abc633b19f88dd66301252cba197d2e7d5e97,2018-08,Dorset Police,Dorset Police,-2.451770,50.540798,On or near Martinscroft Road,E01020564,Weymouth and Portland 009B,Violence and sexual offences,Unable to prosecute suspect,
110d31081dbcaac7d03083b05e4e68872b743ff901016dc35382824224b43fb3,2018-08,Dorset Police,Dorset Police,-2.444829,50.542588,On or near Weston Road,E01020564,Weymouth and Portland 009B,Violence and sexual offences,Unable to prosecute suspect,
f2279e8fdf04c1b269cc8dac9f43e5107a5a22fb6badfa0febf27e26ee560491,2018-08,Dorset Police,Dorset Police,-2.450421,50.541388,On or near Blacknor Road,E01020564,Weymouth and Portland 009B,Violence and sexual offences,Court case unable to proceed,
47e5f2ec681daeed0db27e35160a26d0141c6249a98d49b4b57960b47c9773a9,2018-08,Dorset Police,Dorset Police,-2.451770,50.540798,On or near Martinscroft Road,E01020564,Weymouth and Portland 009B,Violence and sexual offences,Offender given community sentence,
,2018-08,Dorset Police,Dorset Police,-2.440444,50.543027,On or near Hamcroft,E01020565,Weymouth and Portland 009C,Anti-social behaviour,,
,2018-08,Dorset Police,Dorset Police,-2.439068,50.542187,On or near Shortlands,E01020565,Weymouth and Portland 009C,Anti-social behaviour,,
,2018-08,Dorset Police,Dorset Police,-2.438626,50.537224,On or near Weston Street,E01020565,Weymouth and Portland 009C,Anti-social behaviour,,
,2018-08,Dorset Police,Dorset Police,-2.440444,50.543027,On or near Hamcroft,E01020565,Weymouth and Portland 009C,Anti-social behaviour,,
,2018-08,Dorset Police,Dorset Police,-2.443494,50.540111,On or near Gypsy Lane,E01020565,Weymouth and Portland 009C,Anti-social behaviour,,
,2018-08,Dorset Police,Dorset Police,-2.438626,50.537224,On or near Weston Street,E01020565,Weymouth and Portland 009C,Anti-social behaviour,,
,2018-08,Dorset Police,Dorset Police,-2.439068,50.542187,On or near Shortlands,E01020565,Weymouth and Portland 009C,Anti-social behaviour,,
,2018-08,Dorset Police,Dorset Police,-2.443209,50.541353,On or near Toby'S Close,E01020565,Weymouth and Portland 009C,Anti-social behaviour,,
397c6704673cf5a7700b356de4a6af57732e3a655045794675af9f1325272e3f,2018-08,Dorset Police,Dorset Police,-2.440444,50.543027,On or near Hamcroft,E01020565,Weymouth and Portland 009C,Burglary,Investigation complete; no suspect identified,
856b10a1abbc3d7cdd8fb6ab06cd872b7b3dafb25cb33e6b33a066199c69ce50,2018-08,Dorset Police,Dorset Police,-2.440444,50.543027,On or near Hamcroft,E01020565,Weymouth and Portland 009C,Criminal damage and arson,Investigation complete; no suspect identified,
e3cf7cc9c3e711b6d6a95e08400043b4bc8c41ff7d497a9fd3c3cfa013c0e0a9,2018-08,Dorset Police,Dorset Police,-2.444533,50.541150,On or near Supermarket,E01020565,Weymouth and Portland 009C,Drugs,Offender given a drugs possession warning,
bc89ca1d7cae223e50f27b757ea7a152d6797817c1b846c64a8078d28dd02b83,2018-08,Dorset Police,Dorset Police,-2.438626,50.537224,On or near Weston Street,E01020565,Weymouth and Portland 009C,Public order,Unable to prosecute suspect,
d3179a872abc7f72504bc7486270e4a609a46cc70babda25d549d880dcca01f7,2018-08,Dorset Police,Dorset Police,-2.439068,50.542187,On or near Shortlands,E01020565,Weymouth and Portland 009C,Vehicle crime,Status update unavailable,
bf25154846664544470f00cae865a82362f8dac82c1dd1586593873aca31c6f9,2018-08,Dorset Police,Dorset Police,-2.438626,50.537224,On or near Weston Street,E01020565,Weymouth and Portland 009C,Violence and sexual offences,Unable to prosecute suspect,
a53f9960ada29e94e17b77c3ea1e54c07ce95ea042b87119778fcde6a5f5a1a7,2018-08,Dorset Police,Dorset Police,-2.438626,50.537224,On or near Weston Street,E01020565,Weymouth and Portland 009C,Violence and sexual offences,Unable to prosecute suspect,
3dc4e188d740e008ce34bda815f9960158d5ea83c8d26daed0e6f13b493fb833,2018-08,Dorset Police,Dorset Police,-2.438626,50.537224,On or near Weston Street,E01020565,Weymouth and Portland 009C,Violence and sexual offences,Unable to prosecute suspect,
bbf7a24966efa9686c1922d2616c631f740b32b92f928a8b8c964b257238a213,2018-08,Dorset Police,Dorset Police,-2.438626,50.537224,On or near Weston Street,E01020565,Weymouth and Portland 009C,Violence and sexual offences,Unable to prosecute suspect,
4cfcd27ad5dbe61adf50e9966b1cf18ca0a9237823c785eb4dcf9db099cdcb39,2018-08,Dorset Police,Dorset Police,-2.438626,50.537224,On or near Weston Street,E01020565,Weymouth and Portland 009C,Violence and sexual offences,Unable to prosecute suspect,
65123c9427d19f53aab2dc40cdcdbd120385410e2101ab73d8643a425b197ea4,2018-08,Dorset Police,Dorset Police,-2.438626,50.537224,On or near Weston Street,E01020565,Weymouth and Portland 009C,Violence and sexual offences,Unable to prosecute suspect,
,2018-08,Dorset Police,Dorset Police,-2.456470,50.516085,On or near Parking Area,E01020566,Weymouth and Portland 009D,Anti-social behaviour,,
,2018-08,Dorset Police,Dorset Police,-2.452211,50.529384,On or near Conference/Exhibition Centre,E01020566,Weymouth and Portland 009D,Anti-social behaviour,,
5195a57587516f72fbccb4bafeceb173f6befd2ec3cbfad164b543281f2d55e7,2018-08,Dorset Police,Dorset Police,-2.445723,50.531109,On or near Wheatlands,E01020566,Weymouth and Portland 009D,Criminal damage and arson,Investigation complete; no suspect identified,
0cde00e21648cbcff0c59df5342f262e244f2b3b6e09b3506d4edb05c483e664,2018-08,Dorset Police,Dorset Police,-2.452211,50.529384,On or near Conference/Exhibition Centre,E01020566,Weymouth and Portland 009D,Violence and sexual offences,Unable to prosecute suspect,
,2018-08,Dorset Police,Dorset Police,-2.170207,51.000992,On or near Petrol Station,E01031991,Wiltshire 061A,Anti-social behaviour,,
7b5b49bedf4fd797b79a9555046d6736d49c388f47247259f9dc40430e992042,2018-08,Dorset Police,Dorset Police,-2.132256,50.981006,On or near B3081,E01031991,Wiltshire 061A,Criminal damage and arson,Investigation complete; no suspect identified,
,2018-08,Dorset Police,Dorset Police,,,No Location,,,Anti-social behaviour,,
,2018-08,Dorset Police,Dorset Police,,,No Location,,,Anti-social behaviour,,
,2018-08,Dorset Police,Dorset Police,,,No Location,,,Anti-social behaviour,,
,2018-08,Dorset Police,Dorset Police,,,No Location,,,Anti-social behaviour,,
,2018-08,Dorset Police,Dorset Police,,,No Location,,,Anti-social behaviour,,
,2018-08,Dorset Police,Dorset Police,,,No Location,,,Anti-social behaviour,,
,2018-08,Dorset Police,Dorset Police,,,No Location,,,Anti-social behaviour,,
,2018-08,Dorset Police,Dorset Police,,,No Location,,,Anti-social behaviour,,
,2018-08,Dorset Police,Dorset Police,,,No Location,,,Anti-social behaviour,,
,2018-08,Dorset Police,Dorset Police,,,No Location,,,Anti-social behaviour,,
,2018-08,Dorset Police,Dorset Police,,,No Location,,,Anti-social behaviour,,
,2018-08,Dorset Police,Dorset Police,,,No Location,,,Anti-social behaviour,,
,2018-08,Dorset Police,Dorset Police,,,No Location,,,Anti-social behaviour,,
,2018-08,Dorset Police,Dorset Police,,,No Location,,,Anti-social behaviour,,
,2018-08,Dorset Police,Dorset Police,,,No Location,,,Anti-social behaviour,,
,2018-08,Dorset Police,Dorset Police,,,No Location,,,Anti-social behaviour,,
,2018-08,Dorset Police,Dorset Police,,,No Location,,,Anti-social behaviour,,
,2018-08,Dorset Police,Dorset Police,,,No Location,,,Anti-social behaviour,,
,2018-08,Dorset Police,Dorset Police,,,No Location,,,Anti-social behaviour,,
,2018-08,Dorset Police,Dorset Police,,,No Location,,,Anti-social behaviour,,
,2018-08,Dorset Police,Dorset Police,,,No Location,,,Anti-social behaviour,,
,2018-08,Dorset Police,Dorset Police,,,No Location,,,Anti-social behaviour,,
,2018-08,Dorset Police,Dorset Police,,,No Location,,,Anti-social behaviour,,
,2018-08,Dorset Police,Dorset Police,,,No Location,,,Anti-social behaviour,,
,2018-08,Dorset Police,Dorset Police,,,No Location,,,Anti-social behaviour,,
,2018-08,Dorset Police,Dorset Police,,,No Location,,,Anti-social behaviour,,
55e6cfe4796a904c23b472d028a98ad7fd6991ad839ae64fe4cb6774ac68589e,2018-08,Dorset Police,Dorset Police,,,No Location,,,Bicycle theft,Investigation complete; no suspect identified,
c7b8c6bfd5f12405b14d35af4c03684df816d0a4c3e16abb6e7d7a8c1d12e4f7,2018-08,Dorset Police,Dorset Police,,,No Location,,,Bicycle theft,Investigation complete; no suspect identified,
29f2cbb1af39bb0595d7e0a73e41cb4ea6118aa529e8a638b50df95927600073,2018-08,Dorset Police,Dorset Police,,,No Location,,,Bicycle theft,Investigation complete; no suspect identified,
3d6f5ee5f323dab13d6cc5146c5fcf863efbf7dd4710373c364649559966738b,2018-08,Dorset Police,Dorset Police,,,No Location,,,Bicycle theft,Investigation complete; no suspect identified,
abb2e339debc120d4f570c1fe8bf2dcb6ff55151bd78f10491ece541c4d19f45,2018-08,Dorset Police,Dorset Police,,,No Location,,,Bicycle theft,Unable to prosecute suspect,
3ae7304631d8d949b0b13795d45dd23c15a51ab9849cca28d6233a51c49c0122,2018-08,Dorset Police,Dorset Police,,,No Location,,,Bicycle theft,Investigation complete; no suspect identified,
4c6c22353b2aa8295a73c5a7ff3682e60d89d69b852192388871a6f5cc98ab5a,2018-08,Dorset Police,Dorset Police,,,No Location,,,Bicycle theft,Investigation complete; no suspect identified,
a9aa3f0c736407e802bda1e770d6bd1efa9301a951df1db2b2bfe89ce37f0f25,2018-08,Dorset Police,Dorset Police,,,No Location,,,Bicycle theft,Unable to prosecute suspect,
202820baa2f98d0e5da2f1a942c7a7aadb1782280fbbef378368899036e701af,2018-08,Dorset Police,Dorset Police,,,No Location,,,Bicycle theft,Investigation complete; no suspect identified,
512d5cfe3b02eee38971eee8202a31a7a92b16316a168c15d0267905960812d2,2018-08,Dorset Police,Dorset Police,,,No Location,,,Bicycle theft,Investigation complete; no suspect identified,
08f21cc83e0e63c6079993de4337dfa5cc8b8c6244da389f24037de2b44a9406,2018-08,Dorset Police,Dorset Police,,,No Location,,,Bicycle theft,Investigation complete; no suspect identified,
b45c5967a1ead6f02e7a202ef9407d8ccefced492a3eeb9cf4a206b69b503393,2018-08,Dorset Police,Dorset Police,,,No Location,,,Bicycle theft,Investigation complete; no suspect identified,
7e9e4fa0071ff045eaf48358ebba6c95311101a61ff39cc4cc17f258834df52e,2018-08,Dorset Police,Dorset Police,,,No Location,,,Bicycle theft,Investigation complete; no suspect identified,
fb9c1e6a8778721621631199dfbfd15fe181997d89159fa74209f16c9bc283ea,2018-08,Dorset Police,Dorset Police,,,No Location,,,Bicycle theft,Investigation complete; no suspect identified,
3eb78321c31ee953794659a917039fd5ff367e78e1890abf95e82245a24d0b74,2018-08,Dorset Police,Dorset Police,,,No Location,,,Burglary,Investigation complete; no suspect identified,
4d4aae7600320f06b84dd9e1c9c88e38358af8b7ad5a60c7847b352ac73311de,2018-08,Dorset Police,Dorset Police,,,No Location,,,Burglary,Offender given a caution,
a9c5d01b9efb8066bf5e08839d454c6cec27e752409c53503c0a6b91dcc541df,2018-08,Dorset Police,Dorset Police,,,No Location,,,Burglary,Investigation complete; no suspect identified,
1f24f5c77a8f6bf1630f749bae9ad191dc4f7d4a75041f2f922356c18a0f4354,2018-08,Dorset Police,Dorset Police,,,No Location,,,Burglary,Investigation complete; no suspect identified,
b2dc930a063929a36a52a072b53b86f047e132668c61b79e3bcab56f42ccdcfe,2018-08,Dorset Police,Dorset Police,,,No Location,,,Burglary,Investigation complete; no suspect identified,
911a4e38f3afb538a43b7c5aef956b3dd1a4a1929b4f6ae4f1101faa5b144d17,2018-08,Dorset Police,Dorset Police,,,No Location,,,Burglary,Investigation complete; no suspect identified,
c3b6a7138f47f4fe4f90ee73f084d40f932ab84c4a110af35090a5daa0cb91c5,2018-08,Dorset Police,Dorset Police,,,No Location,,,Burglary,Investigation complete; no suspect identified,
663147cb84e67abc60dc71fafbae0793ec66fdeeeeafa0b1b6ba4fc00e6f4bbb,2018-08,Dorset Police,Dorset Police,,,No Location,,,Burglary,Investigation complete; no suspect identified,
c7ef735c422f3319765ae2ba69fbf9d577d897fc71eca784f1e6434d9f7e949b,2018-08,Dorset Police,Dorset Police,,,No Location,,,Burglary,Investigation complete; no suspect identified,
15c47b408827db043579c9a79e66c7aebb7a96d5bbdefafde650ed93950ab651,2018-08,Dorset Police,Dorset Police,,,No Location,,,Burglary,Investigation complete; no suspect identified,
32f45bd3bc71d73a086fc8e63dfdeea8ac2962908dc6f95bd4f5096e57800b54,2018-08,Dorset Police,Dorset Police,,,No Location,,,Burglary,Investigation complete; no suspect identified,
e8942549b95d4590aa6b01f6c8a1194208c8c52a2b9291dcdb656c03066b0225,2018-08,Dorset Police,Dorset Police,,,No Location,,,Burglary,Investigation complete; no suspect identified,
471fc289622b72271399f5e88e9940256f4a3063a98953d96f87f73cec461759,2018-08,Dorset Police,Dorset Police,,,No Location,,,Burglary,Investigation complete; no suspect identified,
be402ad7b4fa3911479407744543c6a5d55975688c9c7c9cef28368b1fc72596,2018-08,Dorset Police,Dorset Police,,,No Location,,,Burglary,Investigation complete; no suspect identified,
dd96b44d6d71731b5a8103e0566c2c3cad7d2244d81eb9da2fb091e1099e650b,2018-08,Dorset Police,Dorset Police,,,No Location,,,Burglary,Investigation complete; no suspect identified,
257e9b7f57697ffd4101265e3ff38bdc325ff6899ea3b8e93807a3532395ff9c,2018-08,Dorset Police,Dorset Police,,,No Location,,,Burglary,Investigation complete; no suspect identified,
2ec1db25f6e19f73ce84ce8e34a1a368a2f93ba66ff0ae631c8546ace5a75cbe,2018-08,Dorset Police,Dorset Police,,,No Location,,,Criminal damage and arson,Investigation complete; no suspect identified,
9dededaec8b83cdb2b38b551da03f357c1b93b422a1545cb378bc197424d1a23,2018-08,Dorset Police,Dorset Police,,,No Location,,,Criminal damage and arson,Unable to prosecute suspect,
f003f69a6c6afe2e7872f4a4f4a9336c6411648aa8eb0ed85032ef5bfe5f28cd,2018-08,Dorset Police,Dorset Police,,,No Location,,,Criminal damage and arson,Unable to prosecute suspect,
f1a52ba50e7692dcf2c5a6c6e4da3092af8674872acb5f219cdd37fba15d2f56,2018-08,Dorset Police,Dorset Police,,,No Location,,,Criminal damage and arson,Investigation complete; no suspect identified,
85a2389e0839775b35734b8ac855372754f3ef0ea762aaab24a1d40c34d661a5,2018-08,Dorset Police,Dorset Police,,,No Location,,,Criminal damage and arson,Unable to prosecute suspect,
820aabf7f79c75d44e995ad3c3d773c4971e44f1d531a5097dbb43444b344ab1,2018-08,Dorset Police,Dorset Police,,,No Location,,,Criminal damage and arson,Investigation complete; no suspect identified,
1472493e336cee5addf85920bd6b9901dc29ac9e69702d1b29bb9900e5ac462d,2018-08,Dorset Police,Dorset Police,,,No Location,,,Criminal damage and arson,Investigation complete; no suspect identified,
d7d1b188d36a45e71944e3dcf1f708b0d4c949c709f0d0c55936f02890e35e4a,2018-08,Dorset Police,Dorset Police,,,No Location,,,Criminal damage and arson,Investigation complete; no suspect identified,
bb86c29a5c65219785e1bb93d7e504634c821283ddff9be720c5c2a0f705dced,2018-08,Dorset Police,Dorset Police,,,No Location,,,Criminal damage and arson,Unable to prosecute suspect,
8c97c39780f54c12f6887782906b385ccc6a658ae542be294b0000594d23bbb2,2018-08,Dorset Police,Dorset Police,,,No Location,,,Criminal damage and arson,Offender given a caution,
113d1515ea351d3c5460e1eefb42c7cb1b4f312cd642712ac2dc5a53203ae1b4,2018-08,Dorset Police,Dorset Police,,,No Location,,,Criminal damage and arson,Unable to prosecute suspect,
21b1864f8ba92b19dd16656fd3c5b2c8f774b3bce336753bbdbe39f07f438ec4,2018-08,Dorset Police,Dorset Police,,,No Location,,,Criminal damage and arson,Unable to prosecute suspect,
bd1a18755de859202d9f240c750743cb6b26f50c09da43301a0996cf0d4bf0bd,2018-08,Dorset Police,Dorset Police,,,No Location,,,Criminal damage and arson,Unable to prosecute suspect,
97782e7c0471405a4afdec0a2e77fe4cabb77c4e4235beb8dcd28fc06205f745,2018-08,Dorset Police,Dorset Police,,,No Location,,,Criminal damage and arson,Investigation complete; no suspect identified,
44ea9caa98fc6632fec57bde8fcb3531757709c89bd854cd7dbcb206e076a24c,2018-08,Dorset Police,Dorset Police,,,No Location,,,Criminal damage and arson,Investigation complete; no suspect identified,
d58304c362d68c07e479dc91298a1fb44f8bf2d8c00e84743bead7f580dd85e1,2018-08,Dorset Police,Dorset Police,,,No Location,,,Criminal damage and arson,Investigation complete; no suspect identified,
68b9ecb981f0825496d706635692d4a862e29cb45960ae769c5de4d51ca91ca7,2018-08,Dorset Police,Dorset Police,,,No Location,,,Criminal damage and arson,Status update unavailable,
c51ba8ece61e0533cddfa482bd565afa5c21bf6ab5965df7ac73928be2746d0f,2018-08,Dorset Police,Dorset Police,,,No Location,,,Criminal damage and arson,Investigation complete; no suspect identified,
a6d27e8bbc91a6718e35f2d47bea5b6fbf943e3331cadb534c6994725dfdd770,2018-08,Dorset Police,Dorset Police,,,No Location,,,Criminal damage and arson,Investigation complete; no suspect identified,
b3acfb4b9630f5b267cb94e87e272453667bf26d41ec142e59c990508904fb5e,2018-08,Dorset Police,Dorset Police,,,No Location,,,Criminal damage and arson,Investigation complete; no suspect identified,
13be4434999895f8b8089fad3dfa36925623dbdddf9ed25769ee921936892aeb,2018-08,Dorset Police,Dorset Police,,,No Location,,,Criminal damage and arson,Investigation complete; no suspect identified,
a569072fbb6649cc8f7bc6778f818e5edecfca71b3e326345b14beafa81a7fed,2018-08,Dorset Police,Dorset Police,,,No Location,,,Criminal damage and arson,Investigation complete; no suspect identified,
90144782dad155eecf782506f21af5ce58548ce20fcb00cd37dd4648d37951de,2018-08,Dorset Police,Dorset Police,,,No Location,,,Criminal damage and arson,Investigation complete; no suspect identified,
6206f5b8d888993d5d8320a5dfbe02528afa6e2de2950d978858c520817a1f6e,2018-08,Dorset Police,Dorset Police,,,No Location,,,Criminal damage and arson,Unable to prosecute suspect,
1a424af42e07760bd55482f946092c55b3b72980faeb512d288f9b5dc86b56b0,2018-08,Dorset Police,Dorset Police,,,No Location,,,Criminal damage and arson,Status update unavailable,
a9f89af27b36fd151aaa31818eab57e2b9b3fbdc6a09da03be53d3ea01a9bfaa,2018-08,Dorset Police,Dorset Police,,,No Location,,,Criminal damage and arson,Investigation complete; no suspect identified,
ad676aed4597ff1dee645b2cdfc826a5ad2b11312c201da65865b90f00d2240e,2018-08,Dorset Police,Dorset Police,,,No Location,,,Criminal damage and arson,Court result unavailable,
d90661d70a40996fbc5ffbb9cbc118c879e25e361e51125c1c59cd9ddb0cf6ae,2018-08,Dorset Police,Dorset Police,,,No Location,,,Criminal damage and arson,Unable to prosecute suspect,
feeb47c3dc36a884c92f5c7c38b9816c26555ba36c73a36655f3923911720e11,2018-08,Dorset Police,Dorset Police,,,No Location,,,Criminal damage and arson,Status update unavailable,
7294d760f85a3d1e71898bd06be91bbc826871a8d97087eace35a836431355d8,2018-08,Dorset Police,Dorset Police,,,No Location,,,Criminal damage and arson,Investigation complete; no suspect identified,
8d58faa4bc60f3b3bce17fa0a743f8238a1fa39a2e6ce1657b069ec2cb3c8125,2018-08,Dorset Police,Dorset Police,,,No Location,,,Criminal damage and arson,Unable to prosecute suspect,
4c8accf2d523f3674573c2a242225cae4e91ec7b8f5d8bd1e2db6796e60d1763,2018-08,Dorset Police,Dorset Police,,,No Location,,,Criminal damage and arson,Status update unavailable,
68a17225cb1fd981112dbf896f144fddf60dc53acaae45f9b138e0eb4cd95391,2018-08,Dorset Police,Dorset Police,,,No Location,,,Drugs,Investigation complete; no suspect identified,
21828c8e7513de0f7814c195c6c29fbb3f4606fcd7a54e5556cf985b6eb12008,2018-08,Dorset Police,Dorset Police,,,No Location,,,Drugs,Further investigation is not in the public interest,
5d408c03bd5df89dd1eefb4ed46bb64071d1547b0bd3f68defa72d9b652507e2,2018-08,Dorset Police,Dorset Police,,,No Location,,,Drugs,Investigation complete; no suspect identified,
ea737cd4331708d498e94ce0a89231d02c93aa9e05099b08a8eac0c7e4482768,2018-08,Dorset Police,Dorset Police,,,No Location,,,Drugs,Offender given a drugs possession warning,
06b785608bf20f9b83f37dc2fef6c9373d8acceeb8bb7146270f7bfd5b4889b5,2018-08,Dorset Police,Dorset Police,,,No Location,,,Drugs,Offender given a caution,
012a40722625a4e5314ef669bc3bfe36e4ee545dfd24097019648970fed677d8,2018-08,Dorset Police,Dorset Police,,,No Location,,,Drugs,Offender given a caution,
bb8ff17a19472e0a1011f4bcbfe9995fc72e659f0531f7c232c116a9148e8811,2018-08,Dorset Police,Dorset Police,,,No Location,,,Drugs,Status update unavailable,
f4b2869d65fa7930dee2d7f8da07ddccb031bce6edca530d66902cb97965baab,2018-08,Dorset Police,Dorset Police,,,No Location,,,Other theft,Investigation complete; no suspect identified,
2223fe08aaf545cf29e9605b1879796e804764e04aa6028db61fab73a7c3afd5,2018-08,Dorset Police,Dorset Police,,,No Location,,,Other theft,Status update unavailable,
4d23d059e8cc32f179ddd1bb9f67a9bc8fcb3472ac8f89f367bd06add8b57316,2018-08,Dorset Police,Dorset Police,,,No Location,,,Other theft,Investigation complete; no suspect identified,
ac96750ac0b7a68943de3a411ecd613375591ffa416bee62531ac554fbd0ba2f,2018-08,Dorset Police,Dorset Police,,,No Location,,,Other theft,Investigation complete; no suspect identified,
167b42b967d3a9e0e115b7337ca7d2ec09efd979b1424653952de0f18d141fd5,2018-08,Dorset Police,Dorset Police,,,No Location,,,Other theft,Investigation complete; no suspect identified,
98ccbe026f0e73f66e18afd3ff2bb3d0a0267bd1631a77240d0523ba1ce9c6de,2018-08,Dorset Police,Dorset Police,,,No Location,,,Other theft,Investigation complete; no suspect identified,
b2118d5fdbaeecaa3d204fe5de5b2c77655e1ace9e480dfe45ea802dfe5f67b8,2018-08,Dorset Police,Dorset Police,,,No Location,,,Other theft,Unable to prosecute suspect,
4fe687d1743566e7c4bbe8e285287ebb0ca8a93e6c773ac4a8e61977638ba197,2018-08,Dorset Police,Dorset Police,,,No Location,,,Other theft,Investigation complete; no suspect identified,
4ea8a6a1d8d56174b3d95e2c947fd684761464d7e27d9c3f9b6cfc16f2c9742f,2018-08,Dorset Police,Dorset Police,,,No Location,,,Other theft,Investigation complete; no suspect identified,
feed3a613e4dcee5bb0d3d4c4f7513e7a318f4d110eed5f2e59ecb3e38c12751,2018-08,Dorset Police,Dorset Police,,,No Location,,,Other theft,Court result unavailable,
cae35214b3db48abba9ee62b29f518122d9b6c07faaf3e7e9696b23c6fee60da,2018-08,Dorset Police,Dorset Police,,,No Location,,,Other theft,Investigation complete; no suspect identified,
a180276c8e49ebf4aac10833cdf65eb3ab4225f888a654c0947c6a31159a4f88,2018-08,Dorset Police,Dorset Police,,,No Location,,,Other theft,Status update unavailable,
f563fb86aec65d82729d5ea7db66f62c79d2a1d2be0cc6ef586e7eeabf33ea0e,2018-08,Dorset Police,Dorset Police,,,No Location,,,Other theft,Unable to prosecute suspect,
d8710bc780e6568e8191ad3a932a2e96e7efe1c9915338b78b53e1518199f1d0,2018-08,Dorset Police,Dorset Police,,,No Location,,,Other theft,Investigation complete; no suspect identified,
a97fca6e78312189417186b671efc1fa7de4bf3b042e0ff2a1b138dcb666177f,2018-08,Dorset Police,Dorset Police,,,No Location,,,Other theft,Status update unavailable,
4ced4d9582337c3a3e8bcce7f43f3cc58ce5996c276543b65c11b0063a74e372,2018-08,Dorset Police,Dorset Police,,,No Location,,,Other theft,Unable to prosecute suspect,
485f42cc7e30c161a1b2a4c19f9651b365ce12fa27ab42a2441df589d7dcf7eb,2018-08,Dorset Police,Dorset Police,,,No Location,,,Other theft,Investigation complete; no suspect identified,
07077207e375c492a082403fa91b3a0a3e69f8737322366e0ffa9828f53ecf90,2018-08,Dorset Police,Dorset Police,,,No Location,,,Other theft,Unable to prosecute suspect,
a0f08e2cf73843b3b6ebffc6eefb7f77159d6ce797034b224b91f6c06126dace,2018-08,Dorset Police,Dorset Police,,,No Location,,,Other theft,Investigation complete; no suspect identified,
24ac552fc397fa11ce1c43d437f64002a15fe7466179db3d806e36d33d76e857,2018-08,Dorset Police,Dorset Police,,,No Location,,,Other theft,Investigation complete; no suspect identified,
ea1f82631ecaf6f079743dc5e32b41d95d8e0fbe867b6d99f8518c67de259293,2018-08,Dorset Police,Dorset Police,,,No Location,,,Other theft,Investigation complete; no suspect identified,
b666cbd49c4e08ca6d5e89536b0d9109a38903a92f77ccfe65aa4c92ba2aab7a,2018-08,Dorset Police,Dorset Police,,,No Location,,,Other theft,Investigation complete; no suspect identified,
50a577a39f235173fc60faeb125cf7a2bd72ed6c31aa41cf514ae7844674e89f,2018-08,Dorset Police,Dorset Police,,,No Location,,,Other theft,Investigation complete; no suspect identified,
4858fa78e3a26da4bcc36dbdce9cb59a2f96f55c657dbef016cfd4bdfffa1461,2018-08,Dorset Police,Dorset Police,,,No Location,,,Other theft,Investigation complete; no suspect identified,
9d86b15d7203700336e295ef171894c587c401c5bb486a449353e0e61c619fa7,2018-08,Dorset Police,Dorset Police,,,No Location,,,Other theft,Investigation complete; no suspect identified,
27e424440458d4a3b771c306bd9b06567b8ded2a3d8b620142e2b66ef3615b9b,2018-08,Dorset Police,Dorset Police,,,No Location,,,Other theft,Unable to prosecute suspect,
40a9229a9b8702e7af71d0781589303b2be0d4d71de1296c10eb5c8b6f4f6f67,2018-08,Dorset Police,Dorset Police,,,No Location,,,Other theft,Investigation complete; no suspect identified,
9809c23e4762fd323fd9254c80f6fbf2c6e87389ee51d506713d4ec27be1b8fd,2018-08,Dorset Police,Dorset Police,,,No Location,,,Other theft,Investigation complete; no suspect identified,
2be3d0da4c63a16a6d7fac2eda85ba230c5b5bd01b74497b46f0c07bb7752ab7,2018-08,Dorset Police,Dorset Police,,,No Location,,,Other theft,Investigation complete; no suspect identified,
49f447cc14c71fe9167335e7f6a29d45c03c41691a71f5a568200318182f3ce9,2018-08,Dorset Police,Dorset Police,,,No Location,,,Other theft,Investigation complete; no suspect identified,
c1faeb0e44006675b2a8e33e72cdd6364cf1afc67929b258f4a981d9c8a8e1bc,2018-08,Dorset Police,Dorset Police,,,No Location,,,Other theft,Investigation complete; no suspect identified,
7de8922a79b09b203ec36f5fdfd9b7b4a82cc1097c17e7e775f4d22925a9e25d,2018-08,Dorset Police,Dorset Police,,,No Location,,,Other theft,Investigation complete; no suspect identified,
2b2ad6c26d4044e4395c4a0404a0420c8680c7f481c84bfb738a6bf06e779b58,2018-08,Dorset Police,Dorset Police,,,No Location,,,Other theft,Unable to prosecute suspect,
3fe82aa29cdcd6875f3064f633e753efa2a2a87715ada68b918212501f253f31,2018-08,Dorset Police,Dorset Police,,,No Location,,,Other theft,Investigation complete; no suspect identified,
597bc78a7d8335cb9e5f35b5830e6e8eb92fc07a5c74af4cef78d81cd7974d5c,2018-08,Dorset Police,Dorset Police,,,No Location,,,Other theft,Investigation complete; no suspect identified,
be31d84729978b333bc5e2e6f6d59b32aafe852ef3620def4ee3c7556cded15a,2018-08,Dorset Police,Dorset Police,,,No Location,,,Other theft,Unable to prosecute suspect,
c91463ae3978d2148d1a0011006259ddb6a03585fdbd03b82b304205b0a16b03,2018-08,Dorset Police,Dorset Police,,,No Location,,,Other theft,Investigation complete; no suspect identified,
3903c2ad464f1e9cdf121014bf96769e4be3c43cfeb0f0af925e8f454bae0231,2018-08,Dorset Police,Dorset Police,,,No Location,,,Other theft,Unable to prosecute suspect,
91c82b9f0d5a76da52b6c825ad9d9780793f4000770b91eb05023a61b7dea456,2018-08,Dorset Police,Dorset Police,,,No Location,,,Other theft,Investigation complete; no suspect identified,
7d5cf23f003e423a49a23cbda3d16df91c243b4e111857ca8e1807c7965b0563,2018-08,Dorset Police,Dorset Police,,,No Location,,,Other theft,Unable to prosecute suspect,
06b62ed33ff27fd5c4c5f575ab9585853af432ac26a4018fc81ac1a5920c9250,2018-08,Dorset Police,Dorset Police,,,No Location,,,Other theft,Investigation complete; no suspect identified,
04fd07451f25b5659e6f50b075c094414061e3af5de6fd62d61f7dcb222b6d38,2018-08,Dorset Police,Dorset Police,,,No Location,,,Other theft,Investigation complete; no suspect identified,
8896f7cbb83d1ec488cf90016e8ebaa9170dfa54fd16075effe15509018d5c4e,2018-08,Dorset Police,Dorset Police,,,No Location,,,Other theft,Unable to prosecute suspect,
98d2c00ed243f3996a7682dca78df50f02d1339fe69dc317a8cf4b3dcc4ad9fe,2018-08,Dorset Police,Dorset Police,,,No Location,,,Other theft,Investigation complete; no suspect identified,
c0cde3ebc0f5a6e51f545cf2fc25f5e4003f0071c46e857e615b424667ae7d20,2018-08,Dorset Police,Dorset Police,,,No Location,,,Other theft,Status update unavailable,
fc340746ee6d57f14006aaa7a64c303b0583da335ea16b4f4db1ace8f5535cf8,2018-08,Dorset Police,Dorset Police,,,No Location,,,Other theft,Investigation complete; no suspect identified,
cd84264a76e16ba9d00aa7e102c4463a59332a1c5a7b02db4a8462c52f82df1a,2018-08,Dorset Police,Dorset Police,,,No Location,,,Other theft,Unable to prosecute suspect,
fb2cdb9d581de6dea56cf1641121ec58be2f7710e859d16f12cf517b84146e21,2018-08,Dorset Police,Dorset Police,,,No Location,,,Other theft,Investigation complete; no suspect identified,
2074b58dcdcfb03444fe120a758beaee1f50814a2e766dba93710c7e0c11146d,2018-08,Dorset Police,Dorset Police,,,No Location,,,Other theft,Investigation complete; no suspect identified,
06f3dd8f5d697123056a5d8e2980a4ee3fff7b7da847308c6628f4f619b9ae46,2018-08,Dorset Police,Dorset Police,,,No Location,,,Other theft,Unable to prosecute suspect,
2bd52226567c7705e3076e068a0b8b7f558d4fb9c8966f82e33be2b7e4d7a91a,2018-08,Dorset Police,Dorset Police,,,No Location,,,Other theft,Investigation complete; no suspect identified,
29588281efa747ca5969f0a6d61af13d78a55de17512ecbcd5355d6cc756e1ac,2018-08,Dorset Police,Dorset Police,,,No Location,,,Other theft,Investigation complete; no suspect identified,
b71dfcdc8583913a29f3124ffe95f8febbd261aac292f77b3f14110c3f298dfb,2018-08,Dorset Police,Dorset Police,,,No Location,,,Public order,Investigation complete; no suspect identified,
718ed81d9ea7489cdb23d139af1a8aca14f683a9cac680fdd1171c9ad5d24ebd,2018-08,Dorset Police,Dorset Police,,,No Location,,,Public order,Status update unavailable,
085df8dd5665950c7270ea495c09a49a60a9f22d3e8f1527389e185395388907,2018-08,Dorset Police,Dorset Police,,,No Location,,,Public order,Investigation complete; no suspect identified,
367a09b0e514cb6da0382d118ee90845a4c0d4d1f05673d9fc4b01dfe9e238bb,2018-08,Dorset Police,Dorset Police,,,No Location,,,Public order,Investigation complete; no suspect identified,
d4014b1097f9298f126243ac8ab22d6e9ed236309e2d12ffb0a4ea14a7541345,2018-08,Dorset Police,Dorset Police,,,No Location,,,Public order,Status update unavailable,
56c6dc367c104961266cea82543f27c9fa38de236dc8669ba9dcd28df2fcd408,2018-08,Dorset Police,Dorset Police,,,No Location,,,Public order,Formal action is not in the public interest,
59d546a880f518091bf3a9c8f5d52abafa3feafc683c763742523a635e0419e1,2018-08,Dorset Police,Dorset Police,,,No Location,,,Public order,Court result unavailable,
ae434a335f96df40a59cc592b3cb27329b0b9c8e552b645af36f3c6a1e78fa80,2018-08,Dorset Police,Dorset Police,,,No Location,,,Public order,Unable to prosecute suspect,
c41dccca668c440cd0c3df4ca9c076d224d8dc884222e89bf63cfd7a88077a00,2018-08,Dorset Police,Dorset Police,,,No Location,,,Public order,Unable to prosecute suspect,
0298eb185ebd23b58d9b93e135caaf141bef29f2679227057fbbca3a1f7e7d4e,2018-08,Dorset Police,Dorset Police,,,No Location,,,Public order,Unable to prosecute suspect,
25b4a3dc4af815ba4efe9881ccd84b6f7eb1e87d53aa4ce430563029b6697241,2018-08,Dorset Police,Dorset Police,,,No Location,,,Public order,Status update unavailable,
67476d5b758732939ef6611f70090dc250d9db845933d3d06fe5e8e42edfefeb,2018-08,Dorset Police,Dorset Police,,,No Location,,,Public order,Unable to prosecute suspect,
cd3ca5efc807f5dca6eca83075a19ebaf21f8aa0a49acc52924ea970d84f0949,2018-08,Dorset Police,Dorset Police,,,No Location,,,Public order,Unable to prosecute suspect,
a5377c81cbc225b051a006c251655faa15235bb8878a55f906b0d816ee004681,2018-08,Dorset Police,Dorset Police,,,No Location,,,Public order,Unable to prosecute suspect,
925c1e23d9a38d8fa4cf698f3ff5fd6dddd4e8c51175a0df72afeee338dc981e,2018-08,Dorset Police,Dorset Police,,,No Location,,,Public order,Unable to prosecute suspect,
1426d7cbc26b81e91c4cc68785ac179573a92d5c8a6f27c0899c89b18620bb20,2018-08,Dorset Police,Dorset Police,,,No Location,,,Public order,Unable to prosecute suspect,
4e1a06df4d9078aedc04d9bb974395084df7dabf06b053cf5f145c38efb94282,2018-08,Dorset Police,Dorset Police,,,No Location,,,Public order,Unable to prosecute suspect,
984831dc2d376854c3c6370fbf9b7dfd38f3bcc45967c920e4c69db035c28c7b,2018-08,Dorset Police,Dorset Police,,,No Location,,,Public order,Unable to prosecute suspect,
d30b45bbd8ea32958f1d401636fb1aae7f715cdeed2d3d0b287ba1914611fa95,2018-08,Dorset Police,Dorset Police,,,No Location,,,Public order,Unable to prosecute suspect,
e094c002cc7b67ed3c5c4bbc1b4d6a5cd31fdc9bfb841b4c987b6489e6939b7a,2018-08,Dorset Police,Dorset Police,,,No Location,,,Public order,Status update unavailable,
a182f832362a0a7b84e1ad5ed92f70a6c80f98b62d4a9cb7b6af26884587b2c5,2018-08,Dorset Police,Dorset Police,,,No Location,,,Public order,Court result unavailable,
fca8f86f4625421414091c92a6d814f42228a101a92bc56ff830426c5a75b0de,2018-08,Dorset Police,Dorset Police,,,No Location,,,Robbery,Unable to prosecute suspect,
f3cc20276f1c8e8cfbf4a4c8ff115151e19ae7a1cafef984b6df4baa30e4774d,2018-08,Dorset Police,Dorset Police,,,No Location,,,Shoplifting,Unable to prosecute suspect,
5d488e352d9233ee83e0bf496d5a53a7c7cac3907148d50f72db85441182d522,2018-08,Dorset Police,Dorset Police,,,No Location,,,Shoplifting,Offender given penalty notice,
81606470d0c935344d05e2ea713b927f25db40a29793a21653609e3caab9afd1,2018-08,Dorset Police,Dorset Police,,,No Location,,,Shoplifting,Court result unavailable,
7c8f0d84582be25d5c43fa0b7d8f92b92a90d5631d3db882cd8af8a8fde7586a,2018-08,Dorset Police,Dorset Police,,,No Location,,,Shoplifting,Investigation complete; no suspect identified,
65e0f8326ef3d0c1c69d81812412039622178704fe467be7282ca5013246071d,2018-08,Dorset Police,Dorset Police,,,No Location,,,Shoplifting,Investigation complete; no suspect identified,
816fa2571626bf567d36204c30f379f99c02937fe84fac1311d318fc8118362d,2018-08,Dorset Police,Dorset Police,,,No Location,,,Shoplifting,Unable to prosecute suspect,
7fbc80c56be19f7e7cdaba55a34e8a2295368c09cd15d3d338dbc30de883a171,2018-08,Dorset Police,Dorset Police,,,No Location,,,Shoplifting,Unable to prosecute suspect,
84071da2363ea445e60322628ecee3ad650cafc54683ef6bf2b1e3392f51390a,2018-08,Dorset Police,Dorset Police,,,No Location,,,Shoplifting,Investigation complete; no suspect identified,
a3a6e32498b0bfe175d7e2c2a1b1b83a64bc2f56e18dcf005231d7440fe4fa4c,2018-08,Dorset Police,Dorset Police,,,No Location,,,Shoplifting,Unable to prosecute suspect,
debfaf4435ca08331c55ed5fc227d94bc1677e029ea86b9b0993a0f60c444ba0,2018-08,Dorset Police,Dorset Police,,,No Location,,,Shoplifting,Unable to prosecute suspect,
3bc04f65aeb7e8c2a2fd77cd7d9c5c5c82b7fdeae1df3283941063be1d87a0b5,2018-08,Dorset Police,Dorset Police,,,No Location,,,Shoplifting,Investigation complete; no suspect identified,
bdfce624023f94af26fb756295334cf0a1b7d6ca8446a5ffbeaa438cb643b82c,2018-08,Dorset Police,Dorset Police,,,No Location,,,Shoplifting,Investigation complete; no suspect identified,
e54e33af2446d4c93244f9c4ea1ce05c7dfb766435d0a0f47ceb7c1ed1c186a5,2018-08,Dorset Police,Dorset Police,,,No Location,,,Shoplifting,Unable to prosecute suspect,
1212acb9df2818b4439a4d190a74f28cf4279b4c47d3dabe13a15bf899f28b2a,2018-08,Dorset Police,Dorset Police,,,No Location,,,Shoplifting,Unable to prosecute suspect,
8965e4d0a295ec34ac2e6bbe15c2e07fab67f24014070b0a109b7e21e9591892,2018-08,Dorset Police,Dorset Police,,,No Location,,,Shoplifting,Investigation complete; no suspect identified,
ab463433f31fc0049ed787cc3fe6ba94b8b7958b47f2a1368916d7c249bd59b0,2018-08,Dorset Police,Dorset Police,,,No Location,,,Shoplifting,Unable to prosecute suspect,
aab4ccccaf83205f910a9888c81f05295a070beb3742107bc04e51322ddbfd3c,2018-08,Dorset Police,Dorset Police,,,No Location,,,Shoplifting,Investigation complete; no suspect identified,
c58fa8a61da6ba0272e0656fb5896b70ef7e1f34c017972b27d409a41b109f72,2018-08,Dorset Police,Dorset Police,,,No Location,,,Shoplifting,Unable to prosecute suspect,
c15f77aad7abbe519b75ab4f126cddf8cdf2d89453c8f67ab4fd23c10f0b80ae,2018-08,Dorset Police,Dorset Police,,,No Location,,,Shoplifting,Investigation complete; no suspect identified,
906fe7d86585a5d9548dbb5ed9ebb0a9f58482f5f5a36e2fc6d00a95e6a372c6,2018-08,Dorset Police,Dorset Police,,,No Location,,,Shoplifting,Unable to prosecute suspect,
5ea83485316c1d035ec87ca93e4475f4793e68c39c093121630af64059eb616c,2018-08,Dorset Police,Dorset Police,,,No Location,,,Shoplifting,Investigation complete; no suspect identified,
2cf28c07c41029ef10da49ec1c91f9854949c6d564fcc3c20f453b78bf29482b,2018-08,Dorset Police,Dorset Police,,,No Location,,,Shoplifting,Unable to prosecute suspect,
bdc213088d7616121676e9466e5c8545b8bd19fa77dd0a4b4399a5bd4a765f67,2018-08,Dorset Police,Dorset Police,,,No Location,,,Shoplifting,Investigation complete; no suspect identified,
7a7be8a515aa112c38889d0a1f1d6cd8f123c035aee898eaf24c9e4c9f1fc40f,2018-08,Dorset Police,Dorset Police,,,No Location,,,Shoplifting,Investigation complete; no suspect identified,
d64c6e658a79b091847d137e2563a718610a15a17d07291439bcd9a58af904ae,2018-08,Dorset Police,Dorset Police,,,No Location,,,Shoplifting,Offender given conditional discharge,
5e66db325243d5e9993d60191a664984b26f06705a84a68171e7809feba1b6bc,2018-08,Dorset Police,Dorset Police,,,No Location,,,Shoplifting,Investigation complete; no suspect identified,
2f873e9fca9931aa5848901a33573076a61a2d605024bad4e95ffa826323b293,2018-08,Dorset Police,Dorset Police,,,No Location,,,Shoplifting,Investigation complete; no suspect identified,
7b584965afc2fcd6ad6b527039c7838a4e03a5743a99183d02bc7a9deaae758a,2018-08,Dorset Police,Dorset Police,,,No Location,,,Theft from the person,Investigation complete; no suspect identified,
9a6c8720f20e8207449edd8689885aa3ca8bcb25b74bccb0af8dbc60f634f8c4,2018-08,Dorset Police,Dorset Police,,,No Location,,,Theft from the person,Status update unavailable,
835e6326c13387628a86245802e5c2edf672baac3b5dc5a1c00415a26996af45,2018-08,Dorset Police,Dorset Police,,,No Location,,,Vehicle crime,Investigation complete; no suspect identified,
f570aa79ddd3627ae5edf822d5c133ba7ba50e14acf2118279a8942188075a76,2018-08,Dorset Police,Dorset Police,,,No Location,,,Vehicle crime,Unable to prosecute suspect,
9eb28f90e3c8eb62dff4ef54a8bf592827e36d79ff1c8bbb6a03fc11b595d299,2018-08,Dorset Police,Dorset Police,,,No Location,,,Vehicle crime,Investigation complete; no suspect identified,
c715757d7f1cd575a2bd464712d8cdc7a95a7c3742eb841dcaf5b12e9221bfae,2018-08,Dorset Police,Dorset Police,,,No Location,,,Vehicle crime,Unable to prosecute suspect,
08ffebcbbebaed8bc1c6a0eaea3af206e7a213de049da0a49c29ee3d67ed074a,2018-08,Dorset Police,Dorset Police,,,No Location,,,Vehicle crime,Status update unavailable,
f2ee7502fba57974a3903196554d541c686062b29bb9e65bda906a5f34ca5ae6,2018-08,Dorset Police,Dorset Police,,,No Location,,,Vehicle crime,Investigation complete; no suspect identified,
8e4eea331fe3c2b4651c0ee4ac5260da176cd42691080ae1dc1c3304f6984e21,2018-08,Dorset Police,Dorset Police,,,No Location,,,Vehicle crime,Investigation complete; no suspect identified,
1a5f6ab68f9086c2d241c8ff597e76ff769202ba1d4373e942679866eb57dd87,2018-08,Dorset Police,Dorset Police,,,No Location,,,Vehicle crime,Investigation complete; no suspect identified,
0ddb1a7aca55c507ba9bde0e8ce5ab554295d12370f6e57ca901553cd81f2781,2018-08,Dorset Police,Dorset Police,,,No Location,,,Vehicle crime,Investigation complete; no suspect identified,
8f99d758ee5d2fb58226d35cc0866dfd8c932f01878ea79c4cc64b01600aa513,2018-08,Dorset Police,Dorset Police,,,No Location,,,Vehicle crime,Unable to prosecute suspect,
7651166b9880da02b89fa71f1e953804df0c2b23ec6554417265731013b12f9b,2018-08,Dorset Police,Dorset Police,,,No Location,,,Vehicle crime,Investigation complete; no suspect identified,
cc3b790d4b80bc3ce0a11d3045f82dc7f1fa8ccfe0595bd0f10d7d729dff0390,2018-08,Dorset Police,Dorset Police,,,No Location,,,Vehicle crime,Investigation complete; no suspect identified,
421717f2cbeba3a2e21df80b96c3d42de4108e1b666f963b1724c19d4589b6d6,2018-08,Dorset Police,Dorset Police,,,No Location,,,Vehicle crime,Offender sent to prison,
be1dd5657075d0aa4a34744c0a34de34dabcf674d4e2406d6d3a18d08ba25e0a,2018-08,Dorset Police,Dorset Police,,,No Location,,,Vehicle crime,Investigation complete; no suspect identified,
eda8bc18a15680ef2ce22b6eab29996b4fcdcc9771f01695c0a3ede1923587cf,2018-08,Dorset Police,Dorset Police,,,No Location,,,Vehicle crime,Investigation complete; no suspect identified,
2faf8862b5758b368653cf5f5519d75e62796bc6ceb5e69597ce9a9efdee51d7,2018-08,Dorset Police,Dorset Police,,,No Location,,,Vehicle crime,Investigation complete; no suspect identified,
842dd9be489ef2327fc6d29e4cbfc2265c60424e4377e6a160133bb740770eeb,2018-08,Dorset Police,Dorset Police,,,No Location,,,Violence and sexual offences,Action to be taken by another organisation,
8a661c230fe89e2b2938bcc689acbd18c6e64f9c4d2a53942166210fe0dd0d5d,2018-08,Dorset Police,Dorset Police,,,No Location,,,Violence and sexual offences,Unable to prosecute suspect,
115934e111ecffa98b78d48af97e82e481a44d71dab4e269e01402185da66250,2018-08,Dorset Police,Dorset Police,,,No Location,,,Violence and sexual offences,Offender given a caution,
a9181f07545e0507290396e0a66417838e2b6893a671c9f6ff462dab60da14bf,2018-08,Dorset Police,Dorset Police,,,No Location,,,Violence and sexual offences,Status update unavailable,
002a1011532adce66ced1de731765b55bf084f192cb197d21ece3f8341d28106,2018-08,Dorset Police,Dorset Police,,,No Location,,,Violence and sexual offences,Offender given community sentence,
4de6c80a7d88ed540c9bc18bf8fd27fcd206920548429eb49a9107b9a82d1017,2018-08,Dorset Police,Dorset Police,,,No Location,,,Violence and sexual offences,Unable to prosecute suspect,
20582c269d816058c6a6e19d4efd81f5fa133695cac0c06ddccdae33b22844e2,2018-08,Dorset Police,Dorset Police,,,No Location,,,Violence and sexual offences,Unable to prosecute suspect,
a19bffb5d7c6cb84ae5ee8c518b7bfcfc0c9a5d4a62d7b44e4b3312ef1ca2173,2018-08,Dorset Police,Dorset Police,,,No Location,,,Violence and sexual offences,Investigation complete; no suspect identified,
0c5d629a526255c8b433a3e1f6fda12674c53f51d0e0b1859ae9977b5eaa0ed6,2018-08,Dorset Police,Dorset Police,,,No Location,,,Violence and sexual offences,Unable to prosecute suspect,
477728bab1f699e11b79890d4f87a0947d949b6a058fde3184d2380559f0a1c0,2018-08,Dorset Police,Dorset Police,,,No Location,,,Violence and sexual offences,Local resolution,
305b4c41ae29e183c3673fa4bf34b2390c4b50bc0a11d954d44d9a18774f35b5,2018-08,Dorset Police,Dorset Police,,,No Location,,,Violence and sexual offences,Unable to prosecute suspect,
9aa8adba64b16cc25d6c9ff2e892977ed4e0ef4bda561458acc2c5f60f125bb4,2018-08,Dorset Police,Dorset Police,,,No Location,,,Violence and sexual offences,Action to be taken by another organisation,
7a9b355c36c08ae2512ce0a5f2fb1beb03ca0d11b2a514b576a01e692d448b25,2018-08,Dorset Police,Dorset Police,,,No Location,,,Violence and sexual offences,Unable to prosecute suspect,
429b266a47a635e97130c28079d30819dd4a2f1df740111f17495d0336cf8cba,2018-08,Dorset Police,Dorset Police,,,No Location,,,Violence and sexual offences,Investigation complete; no suspect identified,
76a7737f41e7a32eeafc8d8d5af8a13ce706a82cb6e9019884c6425e30b075bd,2018-08,Dorset Police,Dorset Police,,,No Location,,,Violence and sexual offences,Unable to prosecute suspect,
c7b5cb4a8b8077de4ede22349db6930c3e3f500dece8d70da387884e2f3ff11e,2018-08,Dorset Police,Dorset Police,,,No Location,,,Violence and sexual offences,Unable to prosecute suspect,
19da4b2d6b1692d9ccf4047293a9d519552e2d2774dd347c521351b25020a29f,2018-08,Dorset Police,Dorset Police,,,No Location,,,Violence and sexual offences,Action to be taken by another organisation,
ba75e9c78d872eb7a8e8555995092edb3ac9e0178d7f0e4517345aa7472b03a7,2018-08,Dorset Police,Dorset Police,,,No Location,,,Violence and sexual offences,Investigation complete; no suspect identified,
a645507f2a174e7350067473052b2cd7d12012d2ffd217c308423adb6c16cff8,2018-08,Dorset Police,Dorset Police,,,No Location,,,Violence and sexual offences,Status update unavailable,
b49dc770e3dbbc197254989abe247205942818fa2d464138e87f6f93ac237e36,2018-08,Dorset Police,Dorset Police,,,No Location,,,Violence and sexual offences,Status update unavailable,
317cd8a99dc797f82ad2499c1755c3260c230d11bca2a62cf328b2fad8387610,2018-08,Dorset Police,Dorset Police,,,No Location,,,Violence and sexual offences,Unable to prosecute suspect,
6843b650dfbe6a0eaf359d9476b0f0c6ab3ae42bfe8b4fda221ab33453023d2e,2018-08,Dorset Police,Dorset Police,,,No Location,,,Violence and sexual offences,Unable to prosecute suspect,
03978f78a1e765e79df23b8f69713893fe4e8597bbece100edb8c2135d6e7bac,2018-08,Dorset Police,Dorset Police,,,No Location,,,Violence and sexual offences,Unable to prosecute suspect,
a09a9d3b93ec1e0c305ce8c08c35ad2ef1e5c995ce21739a2f653911b62db7cb,2018-08,Dorset Police,Dorset Police,,,No Location,,,Violence and sexual offences,Unable to prosecute suspect,
4000e1eafc2ff8b3d354ca82c3ff17df01bdaf615b2f10c5a161678b1a73c018,2018-08,Dorset Police,Dorset Police,,,No Location,,,Violence and sexual offences,Unable to prosecute suspect,
3f43f04883cd12a0cc631657a9b2d58b9e6967050631ba1d4335723c57cd579e,2018-08,Dorset Police,Dorset Police,,,No Location,,,Violence and sexual offences,Investigation complete; no suspect identified,
d743e7c3ebf4b39f7d18b1f0d2008217bd8e8b7966025d7ea4d2701308c1b965,2018-08,Dorset Police,Dorset Police,,,No Location,,,Violence and sexual offences,Unable to prosecute suspect,
a7fa576cb1161107c2a8edd146974c1be2f7ebb1fe840621e189ad03234c3865,2018-08,Dorset Police,Dorset Police,,,No Location,,,Violence and sexual offences,Unable to prosecute suspect,
87af6c8fe53308541c60043f3e39626c0bd80683ee616befb20d52f4f1ef5a05,2018-08,Dorset Police,Dorset Police,,,No Location,,,Violence and sexual offences,Unable to prosecute suspect,
0770887d3967a1a08470b7e0daa0969114c972abefa5887376e0145a172592e1,2018-08,Dorset Police,Dorset Police,,,No Location,,,Violence and sexual offences,Unable to prosecute suspect,
6f8965ce510bffb70f69ccc7fcc161cf885fc427b7425681e9d451fe47ae08af,2018-08,Dorset Police,Dorset Police,,,No Location,,,Violence and sexual offences,Unable to prosecute suspect,
8e896abe247b20491acf5740c3ed43be89a7c17765324b3670d9f8b6fd5adc01,2018-08,Dorset Police,Dorset Police,,,No Location,,,Violence and sexual offences,Court result unavailable,
e11ee81a369b638357f25b0236dc327c4cbaee29f151a6f09b5f2a29a9892c7e,2018-08,Dorset Police,Dorset Police,,,No Location,,,Violence and sexual offences,Status update unavailable,
a2faf9e18be566c9b492b920b8f8235303e539d81447244dbc21aa568ed703c8,2018-08,Dorset Police,Dorset Police,,,No Location,,,Violence and sexual offences,Unable to prosecute suspect,
75e7b801be968e00211d3720330d6a42afbd7d0992d7942de4c5af1562ae6b08,2018-08,Dorset Police,Dorset Police,,,No Location,,,Violence and sexual offences,Investigation complete; no suspect identified,
d397d1676c5d65d4ab8e4a3482f96c51ea7f83a4340659bd59cb206be69fb8dc,2018-08,Dorset Police,Dorset Police,,,No Location,,,Violence and sexual offences,Unable to prosecute suspect,
9a4346778b7c482b20f5b2b19c6fb5bdca7151a7f7fa7e3408bf8e755af977bf,2018-08,Dorset Police,Dorset Police,,,No Location,,,Violence and sexual offences,Unable to prosecute suspect,
0ffa8466b48a6293aab900b9c58ff4852691bc8fbc4038cbdf57153edd0f2b1f,2018-08,Dorset Police,Dorset Police,,,No Location,,,Violence and sexual offences,Unable to prosecute suspect,
e292f567222c27e0ed898b69e9fc9523ac9058436375cb195657e0fa7fa725f7,2018-08,Dorset Police,Dorset Police,,,No Location,,,Violence and sexual offences,Unable to prosecute suspect,
035cb8f5c974682c2fd1f7b645a9059613318388527b04686439223c8cdafe14,2018-08,Dorset Police,Dorset Police,,,No Location,,,Violence and sexual offences,Unable to prosecute suspect,
75b9a2e72fe32766da0d39e64eb49a94bc2acde12ec40749327d95f3749f4e5f,2018-08,Dorset Police,Dorset Police,,,No Location,,,Violence and sexual offences,Unable to prosecute suspect,
1ca21dafb9612ad10a7b40a380f5d95e19a3c836af30f31c2be5319933ce4504,2018-08,Dorset Police,Dorset Police,,,No Location,,,Violence and sexual offences,Investigation complete; no suspect identified,
810431a5232b132db3d906a438e441dff6e7c3be49ec92d3c97df4716dc78db5,2018-08,Dorset Police,Dorset Police,,,No Location,,,Violence and sexual offences,Status update unavailable,
a766cb83156034acab05ce361e1f9eada1b67aa3517b694e3e6e462c87f0e0aa,2018-08,Dorset Police,Dorset Police,,,No Location,,,Violence and sexual offences,Investigation complete; no suspect identified,
80906177980655ece7c712c6d4ee84412d864f626ba69dd8e0069056bc06b3b4,2018-08,Dorset Police,Dorset Police,,,No Location,,,Violence and sexual offences,Unable to prosecute suspect,
2fcba0019aa860f1c541d9f586bc69a4815d594766e028455029b57364458583,2018-08,Dorset Police,Dorset Police,,,No Location,,,Violence and sexual offences,Unable to prosecute suspect,
815f58cd275f51cbe5484f203caf77fbb8ffad99b2a44d6e183a93416e1944bc,2018-08,Dorset Police,Dorset Police,,,No Location,,,Violence and sexual offences,Unable to prosecute suspect,
160b32736d52e106e486bcbc2e38a6348bdc223be39ac9a63f0170349a0cf9de,2018-08,Dorset Police,Dorset Police,,,No Location,,,Violence and sexual offences,Unable to prosecute suspect,
cf3ae4210139da4e622952c167a551560ac2a115354ad2be98a1fbcc3aa7e029,2018-08,Dorset Police,Dorset Police,,,No Location,,,Violence and sexual offences,Status update unavailable,
fcfa48c956dad7cb32c5b6dbac5b7bed21a242d466495d7783504811dfc1c905,2018-08,Dorset Police,Dorset Police,,,No Location,,,Violence and sexual offences,Awaiting court outcome,
3ffb65e879a9ac2aa0edae930e53c8da07c18847db7a4b3abfc82d64e5613aad,2018-08,Dorset Police,Dorset Police,,,No Location,,,Violence and sexual offences,Unable to prosecute suspect,
0bffdbffb1962a145177894f3bff1fda8b6ba42603889946e66f7767272ea38c,2018-08,Dorset Police,Dorset Police,,,No Location,,,Violence and sexual offences,Unable to prosecute suspect,
ca883a7eac8ff79eea6d3194889e8a98d9e5e008e3ee4c34a9c3e60dce0e6b52,2018-08,Dorset Police,Dorset Police,,,No Location,,,Violence and sexual offences,Local resolution,
eba9489e0e9c434cc8622707f661b142d1d6f8c3fb1ca0a6c742947a94a448a0,2018-08,Dorset Police,Dorset Police,,,No Location,,,Violence and sexual offences,Local resolution,
6123a9019a7e66fcb883432c011a5f83a6013002f6a883b1cf1dd4abc89f0d1d,2018-08,Dorset Police,Dorset Police,,,No Location,,,Violence and sexual offences,Unable to prosecute suspect,
bdadd445f2eca26bbc14b167130f987ecd166541882d7429821e5cbff88e4741,2018-08,Dorset Police,Dorset Police,,,No Location,,,Violence and sexual offences,Unable to prosecute suspect,
867747c3b7ba660f6862f3e78516c8fb001ff467383ae01db17cef439d65a449,2018-08,Dorset Police,Dorset Police,,,No Location,,,Violence and sexual offences,Unable to prosecute suspect,
49f466bc786f4fb3dd1b2fa3268bb0cb6b3e12e6b5e48de9ed1f6e74afb0e5aa,2018-08,Dorset Police,Dorset Police,,,No Location,,,Violence and sexual offences,Unable to prosecute suspect,
ba1f8ff2dd33e5ed3ab0cd224e3945f88647ff21e6271e708f5ef26bcfc40028,2018-08,Dorset Police,Dorset Police,,,No Location,,,Violence and sexual offences,Unable to prosecute suspect,
b7b63fb72a52476f8599ff2a660bed1d6a5f2e9aba27ab5c5d7952d0547d4cd5,2018-08,Dorset Police,Dorset Police,,,No Location,,,Violence and sexual offences,Unable to prosecute suspect,
7a7c1a00c07854f6c72e83939710875115a09d132e0db6ba57cede16ca12c3a0,2018-08,Dorset Police,Dorset Police,,,No Location,,,Violence and sexual offences,Investigation complete; no suspect identified,
c66a6e6027e533e2dc29d6c7aa56d928ecb1c72efb5593802a89c920746732e0,2018-08,Dorset Police,Dorset Police,,,No Location,,,Violence and sexual offences,Investigation complete; no suspect identified,
ee2dc1c5a5c71b0a86e67b9eddeccb30737489dda4d80a006bf90ba4177c62e0,2018-08,Dorset Police,Dorset Police,,,No Location,,,Violence and sexual offences,Unable to prosecute suspect,
f167bec7cf938220c24e17148d8e7cb4f344667467a180917768799b559bd92e,2018-08,Dorset Police,Dorset Police,,,No Location,,,Violence and sexual offences,Unable to prosecute suspect,
49c2aaeabd14d759fc5e0114859b3a094d7aa07a42c3af5b957c76443437d478,2018-08,Dorset Police,Dorset Police,,,No Location,,,Violence and sexual offences,Unable to prosecute suspect,
072068868a15c7d0b197998669a4a6206e0577742fbc9862ecbbc824591a9d4a,2018-08,Dorset Police,Dorset Police,,,No Location,,,Violence and sexual offences,Status update unavailable,
4b1505529a4952720935b40ff85d8c09b2a6ce3f9d9be739b8badf0740b054a3,2018-08,Dorset Police,Dorset Police,,,No Location,,,Violence and sexual offences,Formal action is not in the public interest,
f9235195abeef09fb2e0b48a878611ab09a7a1e18ab201463d5960b559234052,2018-08,Dorset Police,Dorset Police,,,No Location,,,Violence and sexual offences,Unable to prosecute suspect,
a16e3e815261749495a5018b862a06eddd4e6c7d84fee9e7f10857959879c6a7,2018-08,Dorset Police,Dorset Police,,,No Location,,,Violence and sexual offences,Unable to prosecute suspect,
c293a8e99d418b107e1d742cb183ef6291d6b5937a174258cac271731c1b1169,2018-08,Dorset Police,Dorset Police,,,No Location,,,Violence and sexual offences,Unable to prosecute suspect,
f4b2779a361b34a9119a361ada936712123f206695e16dab2d6f57cf0f5dba87,2018-08,Dorset Police,Dorset Police,,,No Location,,,Violence and sexual offences,Unable to prosecute suspect,
7701bc2e3578e730a2b921992be2a1e2e28c130510fb32d3d7c083649085085c,2018-08,Dorset Police,Dorset Police,,,No Location,,,Violence and sexual offences,Status update unavailable,
c43d12e24eed69f5faf2723675772b8d6e1d813aae04935803224b890210c8db,2018-08,Dorset Police,Dorset Police,,,No Location,,,Violence and sexual offences,Unable to prosecute suspect,
d1fe2f25978668008ca97c3e59195259fc5ce437d282f18ed521ae43a8da7eb7,2018-08,Dorset Police,Dorset Police,,,No Location,,,Violence and sexual offences,Status update unavailable,
86be630670c9efc37d8ff1e7e469aa81f0aed68c2caf924287174083c90b2501,2018-08,Dorset Police,Dorset Police,,,No Location,,,Violence and sexual offences,Unable to prosecute suspect,
4825f4453067ed4239eaf7fab5d4c4d9c36f2274e419c1efba88b95d4d7c102d,2018-08,Dorset Police,Dorset Police,,,No Location,,,Violence and sexual offences,Unable to prosecute suspect,
72dc8cc83547729df50504f251639d11a10e2cfc07ef5c76a35d42c3f3814e31,2018-08,Dorset Police,Dorset Police,,,No Location,,,Violence and sexual offences,Investigation complete; no suspect identified,
16aef4877989ccfc0adf1a5ca6c5ed5a4a0c36beae2dee9483329cfc8f25e1cd,2018-08,Dorset Police,Dorset Police,,,No Location,,,Violence and sexual offences,Action to be taken by another organisation,
8af8ec3b8f48d024cc1652ad02a8532287116966890c522ecfa36c4f2d2ba771,2018-08,Dorset Police,Dorset Police,,,No Location,,,Violence and sexual offences,Unable to prosecute suspect,
c969105a87708ecd7a6e0977ddf37b672ed293086d7ed54b24aa63cc668e5764,2018-08,Dorset Police,Dorset Police,,,No Location,,,Violence and sexual offences,Unable to prosecute suspect,
0ac689369a3439f16b8758d4f925f6c449c7bba8da9139a8bdfea61643866cfa,2018-08,Dorset Police,Dorset Police,,,No Location,,,Violence and sexual offences,Unable to prosecute suspect,
499151543fbd450e22b3ba2a73b441c0e6ab9106f965febd3ce51c27bd94c7d1,2018-08,Dorset Police,Dorset Police,,,No Location,,,Violence and sexual offences,Unable to prosecute suspect,
36f4d90a30e1bc37d97542277f30087ef7dc5db4be152844ca4bbaa9729351fa,2018-08,Dorset Police,Dorset Police,,,No Location,,,Violence and sexual offences,Defendant found not guilty,
081f1232de8671ca1284362757eee8f6d1358ff7bd6dab7dffe3a5f59334138b,2018-08,Dorset Police,Dorset Police,,,No Location,,,Violence and sexual offences,Court result unavailable,
0960b9333063f2e5243a80835e8412135c0877784ee4d66c4f627c1507180ea5,2018-08,Dorset Police,Dorset Police,,,No Location,,,Violence and sexual offences,Unable to prosecute suspect,
70e0696b8aeaa3697430d5a6e0cc11216f9d4d25369550457501fd88638cf39e,2018-08,Dorset Police,Dorset Police,,,No Location,,,Violence and sexual offences,Investigation complete; no suspect identified,
12d8dd0d84db513da2520670ed5ba20a3e5d3b40de7c2ac2889cdf9d7c4355e2,2018-08,Dorset Police,Dorset Police,,,No Location,,,Violence and sexual offences,Action to be taken by another organisation,
07b59f945917e662108750634fd03609741c6bbb2fdc1930bebc744377419c51,2018-08,Dorset Police,Dorset Police,,,No Location,,,Violence and sexual offences,Unable to prosecute suspect,
73fe6d8600b975792da0a1777df74094bc60ff3f6b79e0c7d8f5878813c22897,2018-08,Dorset Police,Dorset Police,,,No Location,,,Violence and sexual offences,Unable to prosecute suspect,
d96d476152c0e43df2dd57ce1dbb34dc9054633e4e27dd05737a3ec75a3dc24e,2018-08,Dorset Police,Dorset Police,,,No Location,,,Violence and sexual offences,Unable to prosecute suspect,
d35bd68cb629a4bf81428ed3d62a72fd5f62c4d19e2af4110da4eb477b013087,2018-08,Dorset Police,Dorset Police,,,No Location,,,Violence and sexual offences,Unable to prosecute suspect,
25e2d513f4b83176101e31dc2830c2ac6f560c2edc5617f5d01cbb0a04b5c3eb,2018-08,Dorset Police,Dorset Police,,,No Location,,,Violence and sexual offences,Status update unavailable,
7b09bfea5539e58eb151d6d82bfc2070fcfca19467977f997c29fb08a014272e,2018-08,Dorset Police,Dorset Police,,,No Location,,,Violence and sexual offences,Status update unavailable,
52410a0ff5d3732592c56c052a91a29a0348dc9fb4a4d6ffa08df78e1bcb8f86,2018-08,Dorset Police,Dorset Police,,,No Location,,,Violence and sexual offences,Action to be taken by another organisation,
25f52d09a81790f54c887c85b499aaac908ac8b9a2d7c63a6980c689a3a1c047,2018-08,Dorset Police,Dorset Police,,,No Location,,,Violence and sexual offences,Status update unavailable,
576a4f3a5cdd3e960c853afd9eb47720af7b3ce4ddf78d804b136e79aec40fc1,2018-08,Dorset Police,Dorset Police,,,No Location,,,Violence and sexual offences,Unable to prosecute suspect,
127d866c6c06296795b3366448ca89a806a91c5e6612683975cd83f6ea044609,2018-08,Dorset Police,Dorset Police,,,No Location,,,Violence and sexual offences,Local resolution,
7fced909b6b99e1836a482f2841cdaebf897d34abb737d78c3ab169e57cafbff,2018-08,Dorset Police,Dorset Police,,,No Location,,,Violence and sexual offences,Unable to prosecute suspect,
6d317ea5710d65d94c08c6a30059a05800c0f14b9b5fdedeb285c73a2e4361b2,2018-08,Dorset Police,Dorset Police,,,No Location,,,Violence and sexual offences,Court result unavailable,
e82a469f1457e87e2f110fef8b9d8e3d2ff67e55d1b429d2c2199c7d244f92b4,2018-08,Dorset Police,Dorset Police,,,No Location,,,Violence and sexual offences,Status update unavailable,
139dd53dd1eb3b5fe1b10aa155260bc8083bef929086b1eaf42f45842b70855a,2018-08,Dorset Police,Dorset Police,,,No Location,,,Violence and sexual offences,Unable to prosecute suspect,
34c1fa5ebb3246b4f6af5b0c2badcab1ac56d98bdba12b3c6c444bf151c5f194,2018-08,Dorset Police,Dorset Police,,,No Location,,,Violence and sexual offences,Unable to prosecute suspect,
d27861074394aa6906aa67f6b63ac2c089fcd6758a304ffe9c5a83269cafcf54,2018-08,Dorset Police,Dorset Police,,,No Location,,,Violence and sexual offences,Status update unavailable,
0868c995d82fc2751f9dff5c8c517ada08b4af0b8ae9cbbb297aafd109ac6d9e,2018-08,Dorset Police,Dorset Police,,,No Location,,,Violence and sexual offences,Local resolution,
3ac5a048efed40600cc578cc118fdc724aad7500da9d6692a83c6cbf3a94e011,2018-08,Dorset Police,Dorset Police,,,No Location,,,Violence and sexual offences,Offender given a caution,
75a101f03dab52e64dcb5ca7c61883f0d64aa61cc842d09a6bd755c8fd1798ee,2018-08,Dorset Police,Dorset Police,,,No Location,,,Violence and sexual offences,Unable to prosecute suspect,
a0051a6c53b268ba48c52306755d77e8a181910e2974510ba72b13165db25f94,2018-08,Dorset Police,Dorset Police,,,No Location,,,Violence and sexual offences,Investigation complete; no suspect identified,
e251db405306e98cd3a07341dc3bb8266149f9f880b5be6543c6a4c33031e613,2018-08,Dorset Police,Dorset Police,,,No Location,,,Violence and sexual offences,Status update unavailable,
bd649f1cd73ea3d4c582bb0f0c82404461542d63c27b0b39a27d2697623c2121,2018-08,Dorset Police,Dorset Police,,,No Location,,,Violence and sexual offences,Investigation complete; no suspect identified,
07e7c1d153b5948cdaa7b66ae867d055afe1334899ed2ad87434d3e3dd078624,2018-08,Dorset Police,Dorset Police,,,No Location,,,Violence and sexual offences,Unable to prosecute suspect,
728320a92941881aa7105c48f67953a108713ba95e00f5944193132047d12c2a,2018-08,Dorset Police,Dorset Police,,,No Location,,,Violence and sexual offences,Unable to prosecute suspect,
9121e75ba6c802f49998ffd30944b1eff0970a22045cfe80b5860b23a4871d32,2018-08,Dorset Police,Dorset Police,,,No Location,,,Violence and sexual offences,Unable to prosecute suspect,
7c69deada386138e2e1c66a6f20d877ed4291af280f26e84a3c10902048d2591,2018-08,Dorset Police,Dorset Police,,,No Location,,,Violence and sexual offences,Status update unavailable,
03659eaef3a25d1986025df0af9cb13a6c312afc5b82ad12f169a438b82a3c78,2018-08,Dorset Police,Dorset Police,,,No Location,,,Violence and sexual offences,Unable to prosecute suspect,
05048befaa47fb73e5d8260562ec120f72afcd20448824008007554bcd23aef4,2018-08,Dorset Police,Dorset Police,,,No Location,,,Violence and sexual offences,Unable to prosecute suspect,
88e9e602765eb8f61f7d6687e09771fb77dc97b6cf548d1b8b35a95a8ad00ce3,2018-08,Dorset Police,Dorset Police,,,No Location,,,Violence and sexual offences,Unable to prosecute suspect,
31147079e15a823a470669b2529518e6b87f504ef0972d229bc0ebf7a80bd012,2018-08,Dorset Police,Dorset Police,,,No Location,,,Violence and sexual offences,Status update unavailable,
882fd146ab5f968d8880b13e3bf4b5e4359630b9bfcb9e5ce479a6b4afe0b0de,2018-08,Dorset Police,Dorset Police,,,No Location,,,Violence and sexual offences,Status update unavailable,
3403e58eb0776a3b87084558b8a738887bc8896141b9589c4e34965da97f583d,2018-08,Dorset Police,Dorset Police,,,No Location,,,Violence and sexual offences,Unable to prosecute suspect,
a5adf184093e8ec5add3b73c21066d3d8322569b73ca0c926594036337eee770,2018-08,Dorset Police,Dorset Police,,,No Location,,,Violence and sexual offences,Unable to prosecute suspect,
fb3ba35f900784ee16c9091d31b1ede4c92f3146db7b07412003dfd05fa14412,2018-08,Dorset Police,Dorset Police,,,No Location,,,Violence and sexual offences,Status update unavailable,
2619cab2f4965b97a2a81bfafd27332777693cfc65a77f476c3a44ca40ce4c8a,2018-08,Dorset Police,Dorset Police,,,No Location,,,Violence and sexual offences,Unable to prosecute suspect,
6b30950a0e33a75e85b770ec83b82ffc8e7ee18837d12d6e5b0ed05a272540b6,2018-08,Dorset Police,Dorset Police,,,No Location,,,Violence and sexual offences,Unable to prosecute suspect,
447ef160eda36cbac12036f075b71fc6c22f7b082c8215b0d9090527d8b273e5,2018-08,Dorset Police,Dorset Police,,,No Location,,,Violence and sexual offences,Investigation complete; no suspect identified,
fffad08458406baacfcc12e11c232db5d4168d217a01c4809d427dc0dd205ea1,2018-08,Dorset Police,Dorset Police,,,No Location,,,Violence and sexual offences,Unable to prosecute suspect,
ac96f7eb499a5865274a8a92962f731c1cbb3a1bccb5a1b52b81cb992b22bbd4,2018-08,Dorset Police,Dorset Police,,,No Location,,,Violence and sexual offences,Unable to prosecute suspect,
aa45679bfbfb1f02c7a8d8f35ff183bc4134b7ed4320bc158223282570674804,2018-08,Dorset Police,Dorset Police,,,No Location,,,Violence and sexual offences,Investigation complete; no suspect identified,
cdd80cb0ed584c54acc949757fe933c72bdf3367f91aed52650d1f86dea7c8be,2018-08,Dorset Police,Dorset Police,,,No Location,,,Violence and sexual offences,Court result unavailable,
064d3995087980ceedd9264b48250ed28220b0f91f248a28141d160ccc905eda,2018-08,Dorset Police,Dorset Police,,,No Location,,,Violence and sexual offences,Offender given a caution,
923b9721ba4a058be2731e9409b15b6aa7b1a145f5f933befa9cc42361bff4a7,2018-08,Dorset Police,Dorset Police,,,No Location,,,Violence and sexual offences,Investigation complete; no suspect identified,
0f423d33d9d76da9545ee4b216ab482869b1815e6ade9196aa676acc3d4cf43d,2018-08,Dorset Police,Dorset Police,,,No Location,,,Violence and sexual offences,Court result unavailable,
3614b0f439e936d8557007ea822256f7a44583b11b085ea2edee9ed6ed5f438f,2018-08,Dorset Police,Dorset Police,,,No Location,,,Violence and sexual offences,Unable to prosecute suspect,
9d6875443bbb28d9c88b98e283b8d38d30d23b2e89b9923d7d45475aaffeb763,2018-08,Dorset Police,Dorset Police,,,No Location,,,Violence and sexual offences,Unable to prosecute suspect,
a5165de083439dc4b9ab96b162c33ab38453c5d6b495333d803798f86a48531e,2018-08,Dorset Police,Dorset Police,,,No Location,,,Violence and sexual offences,Unable to prosecute suspect,
4a0588249d1e12bf2d7ee793db6c21f3fa5444ed1e4ecddc47aaf1e9bd3d360a,2018-08,Dorset Police,Dorset Police,,,No Location,,,Violence and sexual offences,Status update unavailable,
9512a0bd537befa236be4ae13ccea4957df557c3995a180f11b2246405bc29ba,2018-08,Dorset Police,Dorset Police,,,No Location,,,Violence and sexual offences,Action to be taken by another organisation,
6202076a0b7bb818ca6b9398fc494ab3d168a5baeb0329f29bbf0f6776657416,2018-08,Dorset Police,Dorset Police,,,No Location,,,Violence and sexual offences,Unable to prosecute suspect,
8dc72f321e04e636e48dd6131354f8375b5ef581ec1f72d33a0e96f9e6c07162,2018-08,Dorset Police,Dorset Police,,,No Location,,,Violence and sexual offences,Unable to prosecute suspect,
ec25af2ddd1d674da4b1376d1d310c5587b12e7451a12e72d0ee9f5e8988557b,2018-08,Dorset Police,Dorset Police,,,No Location,,,Violence and sexual offences,Unable to prosecute suspect,
b33817b1730f24d262a715a3dd929dbcc8a017bc2217ad59a9defe1da1bc78d3,2018-08,Dorset Police,Dorset Police,,,No Location,,,Violence and sexual offences,Unable to prosecute suspect,
c1659b5487c091f0d6896eb1b9b7a01328f500a082eaa0deaf790f1b9c12fbc1,2018-08,Dorset Police,Dorset Police,,,No Location,,,Violence and sexual offences,Unable to prosecute suspect,
4f803ab3ec15e6b916401b735b1c40dbeaa07d0e12ac3d31f18f650cdee5ac32,2018-08,Dorset Police,Dorset Police,,,No Location,,,Violence and sexual offences,Unable to prosecute suspect,
51b2b443ec91f8eb74caf47b5537914557da4e7abec356e7189366e4bf831d39,2018-08,Dorset Police,Dorset Police,,,No Location,,,Violence and sexual offences,Unable to prosecute suspect,
d435173f87e5b85d5e7f5126c366ccc7b401cc7c5c8cf6f2715eabc5f389389b,2018-08,Dorset Police,Dorset Police,,,No Location,,,Violence and sexual offences,Investigation complete; no suspect identified,
600e5ebe08a43d269fcffd42df1f42c233e2c3e087f4017dcd65cc8e0526d0a5,2018-08,Dorset Police,Dorset Police,,,No Location,,,Violence and sexual offences,Unable to prosecute suspect,
ad5ec1389a0d282b82a77e81205d79740e261aa811d4f71f1deef6bc3d75a53d,2018-08,Dorset Police,Dorset Police,,,No Location,,,Violence and sexual offences,Unable to prosecute suspect,
453782d127f271530a86cce6014baed5f9bc014e365b93f40f3e363baeafd674,2018-08,Dorset Police,Dorset Police,,,No Location,,,Violence and sexual offences,Unable to prosecute suspect,
5c3899b65738fd761be93e06dba629e2bbd3e4e598325770f9b673fb9ad87782,2018-08,Dorset Police,Dorset Police,,,No Location,,,Violence and sexual offences,Unable to prosecute suspect,
1ad329f37249abbb0d9bce4407b78ea6f3a65fb1e27a15b1ba99db5f168b4778,2018-08,Dorset Police,Dorset Police,,,No Location,,,Violence and sexual offences,Status update unavailable,
d4ad226559d06071f6f63eb34dce7f0a84015f6d74ad32954304bcd08b0bdad7,2018-08,Dorset Police,Dorset Police,,,No Location,,,Violence and sexual offences,Investigation complete; no suspect identified,
55b67d62da540c71344a22b4defb4ac0158c46148cb8238d1f67f8b933a66c22,2018-08,Dorset Police,Dorset Police,,,No Location,,,Violence and sexual offences,Unable to prosecute suspect,
ccedb58ca077fdecc72fa62ee99d7eedd2a422d24a4bb595abb186e767f3ddd3,2018-08,Dorset Police,Dorset Police,,,No Location,,,Violence and sexual offences,Unable to prosecute suspect,
48ce7eae4f1b8267f237ebc9d5e9662a784a392d41ac8d30853cb4a321f1a869,2018-08,Dorset Police,Dorset Police,,,No Location,,,Violence and sexual offences,Unable to prosecute suspect,
2efc96d81d59456c35e26c24b721af34f4a54f55915773995762b35fc1882cdb,2018-08,Dorset Police,Dorset Police,,,No Location,,,Violence and sexual offences,Unable to prosecute suspect,
69c52112dc5caa867f079f73a8457b7edadb759e4cc477c8db7ba32b76a090f8,2018-08,Dorset Police,Dorset Police,,,No Location,,,Violence and sexual offences,Investigation complete; no suspect identified,
c7fce5ac969d31cbf1f896283b81d5ef3d266c3ec90bdd5ae7ec37f042337272,2018-08,Dorset Police,Dorset Police,,,No Location,,,Violence and sexual offences,Status update unavailable,
e9922f8679e4d0728a784b5110aaaa4807efcb74edaa06dde948eee72796a891,2018-08,Dorset Police,Dorset Police,,,No Location,,,Violence and sexual offences,Status update unavailable,
9db67ec8eff811572e5136b1bdfaea849c41c7cbaa07de8efafde30ec1cd629f,2018-08,Dorset Police,Dorset Police,,,No Location,,,Violence and sexual offences,Unable to prosecute suspect,
3a56894886aafe911ee3fb278372a6e4bbd59e7088d84bc67a4aa17ee5516ec1,2018-08,Dorset Police,Dorset Police,,,No Location,,,Other crime,Unable to prosecute suspect,
a7248e8f01f83e6843ad19207d3b55ffe09bfc080855cf6a6984e1ce995a1853,2018-08,Dorset Police,Dorset Police,,,No Location,,,Other crime,Unable to prosecute suspect,
3dd87b4e9e5bd1abdf893808c73c01fe4091f9d75e47f22b524391a9cd4aad27,2018-08,Dorset Police,Dorset Police,,,No Location,,,Other crime,Court result unavailable,
f5bbf78dcad2469c9bd70ac2c214c9db3012a6a7100d3a8f32b70ae8b6c4cf12,2018-08,Dorset Police,Dorset Police,,,No Location,,,Other crime,Unable to prosecute suspect,
