Crime ID,Month,Reported by,Falls within,Longitude,Latitude,Location,LSOA code,LSOA name,Outcome type
2abef989a3fddc8d9db258d444e80e13eef40cab0c5df07ef0a3bc87c3706073,2019-12,Staffordshire Police,Staffordshire Police,,,No location,,,Suspect charged
7e87bd1b0304eba239ebb361ec805289d6d3db1229f32bc11bbb8d5499c5e75f,2019-12,Staffordshire Police,Staffordshire Police,,,No location,,,Suspect charged
08ed74173b36bb594c678f373e98a12a3f3ffa693848e90e3d913332a692ad93,2019-12,Staffordshire Police,Staffordshire Police,,,No location,,,Suspect charged
73841595c75e5134d759c23f3c48b5f982e10995d516af02da0a202a184425ed,2019-12,Staffordshire Police,Staffordshire Police,,,No location,,,Suspect charged
e23a5aab79321de4a8710975b2fa0f453ccf81a072ab20343a1f11fc044d5a6f,2019-12,Staffordshire Police,Staffordshire Police,,,No location,,,Suspect charged
8c818dd85aef6b8d3ca9dac9388498c54946e3a34693a282130ef1c6e496444d,2019-12,Staffordshire Police,Staffordshire Police,,,No location,,,Suspect charged
9b4b98ef1c9f5e3f92b0d525eb9b4242622ce7df6f399e04f735b063e91b6a48,2019-12,Staffordshire Police,Staffordshire Police,,,No location,,,Suspect charged
dbd725476c709686bff381d39a286c682a6d10fef3f6059e2057a0e59559e887,2019-12,Staffordshire Police,Staffordshire Police,,,No location,,,Suspect charged
8c3ca98ed1bc0874c8d029eb812b70588cba5571772f883a0f5b1cf0b50d8b44,2019-12,Staffordshire Police,Staffordshire Police,,,No location,,,Suspect charged
e165f2eed1993286090a4acc3d5ad47cfb31946067ca4fa646f7f235a3d34622,2019-12,Staffordshire Police,Staffordshire Police,,,No location,,,Suspect charged
7dd33f2f393e5d5c79d9c65aad0ae028bf385b8e5447bc2f8f460cd510d1246d,2019-12,Staffordshire Police,Staffordshire Police,,,No location,,,Suspect charged
5b9846cdfe39ccd780d614f2caf688de7345ac2e1caff2b744250bb3331f09b8,2019-12,Staffordshire Police,Staffordshire Police,,,No location,,,Suspect charged
50efa16634e9a221db4c68b6c66765fcd12c0356afd17cd549214448d869359e,2019-12,Staffordshire Police,Staffordshire Police,,,No location,,,Suspect charged
e5bcd808bf0517f4972a60ba01f412ab6d314dced007923de6cd1b02147625cb,2019-12,Staffordshire Police,Staffordshire Police,,,No location,,,Suspect charged
0c45e057dad18d4aa4b24e270e90c6abd7b757cf634c101e94299429eee68a7f,2019-12,Staffordshire Police,Staffordshire Police,,,No location,,,Suspect charged
54742abe89ad65cb3f5bdc0878c281fe567c5f82b2dcf55e0e8996c264ba75b1,2019-12,Staffordshire Police,Staffordshire Police,,,No location,,,Suspect charged
5dd22e2469a5470ccfe8681ea1e29e0cfd783f890fe19161945426d5a6d0daa7,2019-12,Staffordshire Police,Staffordshire Police,,,No location,,,Offender given a caution
f63a375fb8fb5bca8e4c8c17619d6133df407adc7cc4adf8e74b0752f24a8e3b,2019-12,Staffordshire Police,Staffordshire Police,,,No location,,,Offender given a caution
849f69551599b2897b3c9c310f0fd047699dca7e0ccf15d5bcdb37307f6cd134,2019-12,Staffordshire Police,Staffordshire Police,,,No location,,,Offender given a caution
1485c7b40565b31d5532fd1a4918aec433a976095b6453566e2c7a967c5191ee,2019-12,Staffordshire Police,Staffordshire Police,,,No location,,,Offender given a caution
c485ec8ec1cd6645329f2210ff5ad950b8747851793ac7f9b8e1730475c1b24d,2019-12,Staffordshire Police,Staffordshire Police,,,No location,,,Offender given a caution
a973a580867d14825395f1384949be92daeb26613290586106be1bb2bcdd0336,2019-12,Staffordshire Police,Staffordshire Police,,,No location,,,Suspect charged as part of another case
5c8e5ad9df75a94b0102020f9221978ad6797396fb94b169db884314b071917a,2019-12,Staffordshire Police,Staffordshire Police,,,No location,,,Offender given penalty notice
5f7ee68c77e51ce52c34f8b118ba75184951d8700875cf9e41f7244234f6a239,2019-12,Staffordshire Police,Staffordshire Police,,,No location,,,Local resolution
c56b3a9f20bf95a1368b5779fa3b032b80439101737f74c24bdb949000377d13,2019-12,Staffordshire Police,Staffordshire Police,,,No location,,,Local resolution
c8542d333e919f3db6257802205dc926e4bf83e365e968db58111652a3944d50,2019-12,Staffordshire Police,Staffordshire Police,,,No location,,,Local resolution
5a544236ee6871d8b9cee4757a7832dd6b2372299e0351cf2101c2b84d024568,2019-12,Staffordshire Police,Staffordshire Police,,,No location,,,Formal action is not in the public interest
44e875498b2453a876ab2b68dabeb252fb687b503e5d60bb76388e55c9970425,2019-12,Staffordshire Police,Staffordshire Police,,,No location,,,Unable to prosecute suspect
88d3b126109ec314389461a3187a5aa4ae3d304bb912c96daef889e07b7ee8e6,2019-12,Staffordshire Police,Staffordshire Police,,,No location,,,Unable to prosecute suspect
0a92b68c0daa7d4b1e37c6a14c2338129affdc8cb5584cbdf120db7af1cb1f77,2019-12,Staffordshire Police,Staffordshire Police,,,No location,,,Unable to prosecute suspect
9eb3c858194c41a1cc93c32fb76ccf05d09589620c9d61905685717e22a2f1d0,2019-12,Staffordshire Police,Staffordshire Police,,,No location,,,Unable to prosecute suspect
018adc432e134b8f373d4d09577dcbb7e0e4392ae2667f04e0a57eb0eef7883b,2019-12,Staffordshire Police,Staffordshire Police,,,No location,,,Unable to prosecute suspect
4e4c34634c1e641c920ccd11a13c32f2003befac3440271d7d928310e9ef4fea,2019-12,Staffordshire Police,Staffordshire Police,,,No location,,,Unable to prosecute suspect
a160e5befa8c37d97294e97d38f3b9bcd31076c47b5583b0844b4930aab442ea,2019-12,Staffordshire Police,Staffordshire Police,,,No location,,,Unable to prosecute suspect
cc71c5954ed5898350ba6491c1f7317aa286a63bf93c54882aedb9e0ba013b2c,2019-12,Staffordshire Police,Staffordshire Police,,,No location,,,Unable to prosecute suspect
26ef8cfe93d7b28789b74f68be58d96096c602dcdd3cbb328e68cc58a13176dd,2019-12,Staffordshire Police,Staffordshire Police,-2.266193,52.588836,On or near OLD SMITHY CLOSE,E01029654,South Staffordshire 010A,Unable to prosecute suspect
fcadc2af7cfb82989bcca32dc0ef6c0e36a13d68bce762a79fe297d27303dfc7,2019-12,Staffordshire Police,Staffordshire Police,,,No location,,,Unable to prosecute suspect
b25103f01b9df9766ccbc684a47cbd7e497f5ba15b752e6eccacf45ffbf97724,2019-12,Staffordshire Police,Staffordshire Police,,,No location,,,Unable to prosecute suspect
adaf0bffbcdccf1a4655a51f2c925f76aff273a02a177a392e856736a390067d,2019-12,Staffordshire Police,Staffordshire Police,,,No location,,,Unable to prosecute suspect
e686110e02756b623e7a381a13606a21721468d3f44f1dcfd113885a922cb4fe,2019-12,Staffordshire Police,Staffordshire Police,,,No location,,,Unable to prosecute suspect
248beb48e97b7ca67caff42bdaf42104d6a3afd6cbecdf6a3419db887ca82d17,2019-12,Staffordshire Police,Staffordshire Police,,,No location,,,Unable to prosecute suspect
4fe7a461a4f7415c79ca07c57a61e29eebfb086ae6be6d464ca4fec88920cd65,2019-12,Staffordshire Police,Staffordshire Police,-2.238863,53.036111,On or near DIMSDALE PARADE WEST,E01029539,Newcastle-under-Lyme 006C,Unable to prosecute suspect
72e64a0a77a7fbbc8184dbf20c26da1ad1bd726a0edc16b8b036150bdbc60e9e,2019-12,Staffordshire Police,Staffordshire Police,-2.120356,52.973852,On or near ACORN RISE,E01014310,Stoke-on-Trent 031A,Unable to prosecute suspect
c6c89138f3dbc86b3b4241c87c5c6c174578dfba39cc4a4b8fc32f0283caeb16,2019-12,Staffordshire Police,Staffordshire Police,-2.192330,53.055252,On or near HAYWOOD ROAD,E01014243,Stoke-on-Trent 006C,Unable to prosecute suspect
f465d904e55606211d4f899bea80bb007ccb455faced5ecf44d3d91e6a659dd6,2019-12,Staffordshire Police,Staffordshire Police,-2.184743,53.035821,On or near FURNIVAL STREET,E01014254,Stoke-on-Trent 011C,Unable to prosecute suspect
ddf52dbbb65618320d4dbb85b797d7da954df7f9721751bdeae290810de620c1,2019-12,Staffordshire Police,Staffordshire Police,-2.252283,53.043517,On or near DRAGON SQUARE,E01029547,Newcastle-under-Lyme 007A,Unable to prosecute suspect
13e782ce4e1b105e95b74dafed2534563a95c34664699742db2ee857e03b79ea,2019-12,Staffordshire Police,Staffordshire Police,-2.172661,53.020306,On or near OGDEN ROAD,E01014287,Stoke-on-Trent 015D,Unable to prosecute suspect
48512ae3eda1a746e867eeec621ee5c10b18ba77c0e5f769f4f53ae8130cb75f,2019-12,Staffordshire Police,Staffordshire Police,,,No location,,,Unable to prosecute suspect
8186c8818c0bfa177ac5e060fdb4e5f08f64916aae74f95256df9faee58c9b7d,2019-12,Staffordshire Police,Staffordshire Police,,,No location,,,Unable to prosecute suspect
b7af48b8739750f88829c05a812122c2513bd034a9c6a93ac415c0c4d58ee91f,2019-12,Staffordshire Police,Staffordshire Police,,,No location,,,Unable to prosecute suspect
2c06c8115a13ed3810cbd119c08a12bc2fcb114f86f42db67b2761d12ae8b62e,2019-12,Staffordshire Police,Staffordshire Police,,,No location,,,Unable to prosecute suspect
73739c0f8d4c8fcb8d9ab67abcd51ecb88181eb6e41339e6bc80a17082864806,2019-12,Staffordshire Police,Staffordshire Police,,,No location,,,Unable to prosecute suspect
0ccef6a8db1efef80c88e82b5604d9c584d587a0088f34e85619342218df3b9e,2019-12,Staffordshire Police,Staffordshire Police,,,No location,,,Unable to prosecute suspect
c47303778dfc5fb6e1c326c201c9929834216aa8fd2e82e598284ce4b086e812,2019-12,Staffordshire Police,Staffordshire Police,-1.933517,52.688192,On or near Sports/Recreation Area,E01029487,Lichfield 006A,Unable to prosecute suspect
c47303778dfc5fb6e1c326c201c9929834216aa8fd2e82e598284ce4b086e812,2019-12,Staffordshire Police,Staffordshire Police,-1.933517,52.688192,On or near Sports/Recreation Area,E01029487,Lichfield 006A,Unable to prosecute suspect
efe656eb30929824c22bb9e1d92462bfb2649b942e76079b085af35f4258bef8,2019-12,Staffordshire Police,Staffordshire Police,,,No location,,,Unable to prosecute suspect
e2e64a0acd4362bd72777996a01d83a98dfeef42c8454e0e9230cbd9dccd2ac0,2019-12,Staffordshire Police,Staffordshire Police,,,No location,,,Unable to prosecute suspect
44909b7e166a2bef5e7cc1103ce8dc1b13fc3176ed4ecca18e10fc29fa4a054d,2019-12,Staffordshire Police,Staffordshire Police,,,No location,,,Unable to prosecute suspect
f7a51e2501327c65b5d87dbbd7ea8d0f23a4c9c7c792d36626dbf4b81d1c75bb,2019-12,Staffordshire Police,Staffordshire Police,,,No location,,,Unable to prosecute suspect
4ddf4652fc8e8eea1a3cafd9997fa6e7ad161a03ecc1d3e5b76cf5b388f7e2d9,2019-12,Staffordshire Police,Staffordshire Police,,,No location,,,Unable to prosecute suspect
94a70823352d1c21245acedb7cb22392b0d3986b3d9d21d454a3b547ca6103c3,2019-12,Staffordshire Police,Staffordshire Police,,,No location,,,Unable to prosecute suspect
495ce2ff1b876622ab383bdbb9812059d34313c43ba6e00082fde7405df5dbf9,2019-12,Staffordshire Police,Staffordshire Police,,,No location,,,Unable to prosecute suspect
e0b84f74d1183c86034bf18e5fdc198ff4aa0dfcd2ea4a088e668fcd4cdb1dd3,2019-12,Staffordshire Police,Staffordshire Police,,,No location,,,Unable to prosecute suspect
cd759c3a64a63883aa8b460da772c8326b63cb2311b5d6443a7ead93412be0f9,2019-12,Staffordshire Police,Staffordshire Police,,,No location,,,Unable to prosecute suspect
edaa6f6c21ef448793da9faf502af55251aed854c75d3af80b58386554e61485,2019-12,Staffordshire Police,Staffordshire Police,,,No location,,,Unable to prosecute suspect
8ee385bccf26ea83788f5fbddeaabbfe6fb70644d393c6e22340957220e9c4dc,2019-12,Staffordshire Police,Staffordshire Police,,,No location,,,Unable to prosecute suspect
723bfba93b3448766c055ec6a6c462156534125b6c464a588f0a748c9c037bf8,2019-12,Staffordshire Police,Staffordshire Police,-1.668062,52.612755,On or near TARRANT,E01029829,Tamworth 010A,Unable to prosecute suspect
2b9e4e3d4deec6905d6fddbd3a692fa3d3f2aa8cea7eeadd6421eb00fd927cfd,2019-12,Staffordshire Police,Staffordshire Police,,,No location,,,Unable to prosecute suspect
a294f9196dbb5f7002fd172876568490a93a30b1d20583be5f71578297f58e80,2019-12,Staffordshire Police,Staffordshire Police,,,No location,,,Unable to prosecute suspect
ae644b783deaf47bb64c360cd4fff63fcca17861a11a09c7c26fb6282caf52c7,2019-12,Staffordshire Police,Staffordshire Police,,,No location,,,Unable to prosecute suspect
da451ed2ee93bb7f0524da7d73b7773c678b7dbfe586080218349471122a95b7,2019-12,Staffordshire Police,Staffordshire Police,,,No location,,,Unable to prosecute suspect
620918fe63d4b4e2f7f5913472f9f2159f7bb0b8398ebeb808075e3d26c1972f,2019-12,Staffordshire Police,Staffordshire Police,,,No location,,,Unable to prosecute suspect
d8b4dbbc9aeea3ceea7ffd6ceb8b30cdc08df42f8f8526729aeae7950faea9ef,2019-12,Staffordshire Police,Staffordshire Police,,,No location,,,Unable to prosecute suspect
9686b315582c357b2d109b5c897e85d96361f39cfa416cc5be658912b18a97e3,2019-12,Staffordshire Police,Staffordshire Police,,,No location,,,Unable to prosecute suspect
1cf42ca5d8f8af8160ca34ee218a689840becf65552fd4481b7bb81bc2d870ba,2019-12,Staffordshire Police,Staffordshire Police,,,No location,,,Unable to prosecute suspect
95a5058e5c2b1b153043b2cd3e0da9d054de496a47f4f6667687245e64cd865b,2019-12,Staffordshire Police,Staffordshire Police,,,No location,,,Unable to prosecute suspect
8b26debfe3fb7f3cc7a0ed2816b92f754cc50f20457b19131597fc7cfd4be767,2019-12,Staffordshire Police,Staffordshire Police,,,No location,,,Unable to prosecute suspect
538d1bf3543b4c6d93c46d2d5a67c0dfa0ec44df037606bba20b5cb3a3cccda9,2019-12,Staffordshire Police,Staffordshire Police,,,No location,,,Unable to prosecute suspect
51a35224d328b9b291b1cd072cd2ea5b3eea5c24b408d41a79072c358ebfa8ca,2019-12,Staffordshire Police,Staffordshire Police,,,No location,,,Unable to prosecute suspect
d098a3255e126242be962d173240d6476d2d621b11b265ec6ee4863a02a4ee58,2019-12,Staffordshire Police,Staffordshire Police,,,No location,,,Unable to prosecute suspect
342288694341bd7feee0a267194a9466d603d036067f22255241963a5d7045a2,2019-12,Staffordshire Police,Staffordshire Police,,,No location,,,Unable to prosecute suspect
32127cf27f3e7d07b969e5d4cd297ad267f20ee16dbcbc553126ba8e61b2ff7f,2019-12,Staffordshire Police,Staffordshire Police,,,No location,,,Unable to prosecute suspect
09c2c5be7b0c3c58732fdb991cc82816fc2e238c0ae4a048b610d2fc3337f626,2019-12,Staffordshire Police,Staffordshire Police,,,No location,,,Unable to prosecute suspect
fe70e1243568743bd9e5e59f9bb718a4170e4102748cbac09ceca2e933184c2d,2019-12,Staffordshire Police,Staffordshire Police,,,No location,,,Unable to prosecute suspect
2bcae4a777e16413334cb0aeda4510968a6394d16ae0f295d9aa03977e2ef23e,2019-12,Staffordshire Police,Staffordshire Police,,,No location,,,Unable to prosecute suspect
fd9dbb850a7d81c42af8ada0734d5ca7451b3876f2dcd00a2a80ba249c957c4d,2019-12,Staffordshire Police,Staffordshire Police,,,No location,,,Unable to prosecute suspect
a2da7d5e4fb2c3e31b2a6b091a480bfbb7d96b3e4d80355e83e58bf3ffcaf863,2019-12,Staffordshire Police,Staffordshire Police,,,No location,,,Unable to prosecute suspect
ef3baee8129c9f474dc31ce369c8ad4bb5df719da87707932eeede6de68921de,2019-12,Staffordshire Police,Staffordshire Police,,,No location,,,Unable to prosecute suspect
47228feb6093b3f643ffceb8a3623ffcfd84ce93bde16f8aebd7b9bacaf772b8,2019-12,Staffordshire Police,Staffordshire Police,,,No location,,,Unable to prosecute suspect
97ebdec270baf7b29ac3bb341c0fed27069464d41d01a677fd876f35fe02756d,2019-12,Staffordshire Police,Staffordshire Police,,,No location,,,Unable to prosecute suspect
4fdd64bddd5873f784c805fa18acaf33f6b20e2df1e17dabb2492c3253d4cc93,2019-12,Staffordshire Police,Staffordshire Police,,,No location,,,Unable to prosecute suspect
6ac96d2d0c670c83ca31495855a60b5fd7c4057eb50d579fee134db38341bba8,2019-12,Staffordshire Police,Staffordshire Police,,,No location,,,Unable to prosecute suspect
e669256fb7e6579f80ca7adde1de486558a6df5af3fd2bfd090e4a30cbfe36d9,2019-12,Staffordshire Police,Staffordshire Police,,,No location,,,Unable to prosecute suspect
58ac8f2aaadae87c31786aaee5e18f63b96c1e6dd85c54941451e1ca1c0c83b6,2019-12,Staffordshire Police,Staffordshire Police,,,No location,,,Unable to prosecute suspect
98bd00fc3fd99fb4e10ceb610905c9347aa584bb661a4f90373e0f09bbf85e8b,2019-12,Staffordshire Police,Staffordshire Police,,,No location,,,Unable to prosecute suspect
d62dd6307574fc8c79365b7e5b469f0c4aab86178fed81fd335e38c305eddb00,2019-12,Staffordshire Police,Staffordshire Police,,,No location,,,Unable to prosecute suspect
c3ac166715cd32d939b2d403e6599f955179e3f7cf7e5a6e73c84aeb5abe73ce,2019-12,Staffordshire Police,Staffordshire Police,,,No location,,,Unable to prosecute suspect
ed4f8423c45651644856340c6dccfa264f19213b6f0cc06002f343234223e251,2019-12,Staffordshire Police,Staffordshire Police,,,No location,,,Unable to prosecute suspect
91c6e2123e7947d09a64d65302c838001851abc55e419d0f48c7a21d346c6fed,2019-12,Staffordshire Police,Staffordshire Police,,,No location,,,Unable to prosecute suspect
e1c63d00369231da8d0d9864c618ce94dcaba840d8e42fd5ecff3dc381019c30,2019-12,Staffordshire Police,Staffordshire Police,,,No location,,,Unable to prosecute suspect
0658f1d4e39ba6df0a758e6011c7e8c95c00bc8c981b39ea0f53f621b3a70092,2019-12,Staffordshire Police,Staffordshire Police,,,No location,,,Unable to prosecute suspect
a31222dacf528a4aa67afab1a89f8014a9d1a7861f4da3f32fef30b12fadc094,2019-12,Staffordshire Police,Staffordshire Police,,,No location,,,Unable to prosecute suspect
6f5c12ef2c3ea259f0d1e554bc5bce90eec080560565bbb313ae516093ac7cb9,2019-12,Staffordshire Police,Staffordshire Police,,,No location,,,Unable to prosecute suspect
3762e0895f0de5cf803e78744d4da0e909cc37b5600529df5bcf76063a33c2e3,2019-12,Staffordshire Police,Staffordshire Police,,,No location,,,Unable to prosecute suspect
462d319c04ccdc48e221d34ed06c45fbc3ea5fe1270a7af803c1f444d125c9d7,2019-12,Staffordshire Police,Staffordshire Police,,,No location,,,Unable to prosecute suspect
a625c1c7dc12005bd528d429c6e02aa273db9101fe1d416c8a819ee766824f79,2019-12,Staffordshire Police,Staffordshire Police,,,No location,,,Unable to prosecute suspect
52f4e75854c970dd850688de5b98e4beffc1fdbcf3b169a107fce26592eaa5db,2019-12,Staffordshire Police,Staffordshire Police,,,No location,,,Unable to prosecute suspect
6a940d69584298d66ce824c66d763e41b241a1f854c9d12d6e1de266197fc0ec,2019-12,Staffordshire Police,Staffordshire Police,,,No location,,,Unable to prosecute suspect
c85c6062d7a86c5089cfa616e96711423c3e23dc5a1e5b2f4c33f42f99381d3b,2019-12,Staffordshire Police,Staffordshire Police,,,No location,,,Unable to prosecute suspect
4683638a2f48392c2ced9f0cf805a4e48561a51d4917fcfb9af371d5713df4a8,2019-12,Staffordshire Police,Staffordshire Police,,,No location,,,Unable to prosecute suspect
fee3b05ef738f7b6a108bf8fe6f2dc8bd9179cf9c41155c9c6001082c46e7f14,2019-12,Staffordshire Police,Staffordshire Police,,,No location,,,Unable to prosecute suspect
24924c67b1b4534682072a111f1429b018e13a88cb8392426d52988c69578b8d,2019-12,Staffordshire Police,Staffordshire Police,,,No location,,,Unable to prosecute suspect
5d9f86fd57be264bc3684462276740e82648f392926ec094cf0c9ab1abac5a6e,2019-12,Staffordshire Police,Staffordshire Police,,,No location,,,Unable to prosecute suspect
812b98756ecc989f33c644e5883327e13cb884c346530731f8a52f281115490c,2019-12,Staffordshire Police,Staffordshire Police,,,No location,,,Unable to prosecute suspect
d7b7dc42807e8e001ab5ec0e9a952decb6a4ee53e3e62d0d2f9f94a241fcd500,2019-12,Staffordshire Police,Staffordshire Police,,,No location,,,Unable to prosecute suspect
a7f65b7cbd90c0dcc3cc153b04b84896d7731159617529366edc5466d1c3285e,2019-12,Staffordshire Police,Staffordshire Police,,,No location,,,Unable to prosecute suspect
f98cb473ca0e50ab39a87e2ac86400a422f39e5d98396d4443f50b90ab0ccfe2,2019-12,Staffordshire Police,Staffordshire Police,,,No location,,,Unable to prosecute suspect
c66e6c0e72a5addca3e0767b5d80abd4c29613c32f719362b08a96058a432896,2019-12,Staffordshire Police,Staffordshire Police,,,No location,,,Unable to prosecute suspect
1e1d2ee3fe665ef780c85750e1ed51af32606ac0580d055e8d4bdfc625efa107,2019-12,Staffordshire Police,Staffordshire Police,,,No location,,,Unable to prosecute suspect
b91c3310440bedf3f7b4d6230dab6960aa3739e8932dcd23914abc5f7e92038c,2019-12,Staffordshire Police,Staffordshire Police,,,No location,,,Investigation complete; no suspect identified
01840748ae9e2c56d8979b502576b6624b56bcf349e9795f1d0ba348eb7cb4d0,2019-12,Staffordshire Police,Staffordshire Police,,,No location,,,Investigation complete; no suspect identified
9f9c2d9c91efdb3451a27c0bc543728690703e302d1bed4137283192e328814c,2019-12,Staffordshire Police,Staffordshire Police,,,No location,,,Investigation complete; no suspect identified
9676432a0fbb407a89649ca17a3408b42d0f848a283a0901bd5b40ecf6936467,2019-12,Staffordshire Police,Staffordshire Police,,,No location,,,Investigation complete; no suspect identified
2f912b081f4f8979080bba9d9cbf51ab40e264a4072e8f9293edf33e618370f1,2019-12,Staffordshire Police,Staffordshire Police,,,No location,,,Investigation complete; no suspect identified
1e14041f522ad39562f59ff7abf992ed74680059cdc2e747ad903510c3c5cdb3,2019-12,Staffordshire Police,Staffordshire Police,,,No location,,,Investigation complete; no suspect identified
e9d3c8a663d35664f4ddb3b69dadf5aeff475a1807a889b62d737a4260c46c86,2019-12,Staffordshire Police,Staffordshire Police,,,No location,,,Investigation complete; no suspect identified
17b4e219a8162329d9e19f88c4b3a82b712cbca1617435df7cd5ad89f4ad179f,2019-12,Staffordshire Police,Staffordshire Police,,,No location,,,Investigation complete; no suspect identified
0894ed40e60ec7bae0830d3e0ac198cc68e197bb1d45770fc0f3b3b0c94508db,2019-12,Staffordshire Police,Staffordshire Police,,,No location,,,Investigation complete; no suspect identified
5fd474c25417109f731683a6acfff45e385b8537e2c607cc505b14c53fbb200d,2019-12,Staffordshire Police,Staffordshire Police,,,No location,,,Investigation complete; no suspect identified
022e8c36b9b79f9985dfa8ecfababa914ca4dd4e3f66e85f6e7d88ee239db2dd,2019-12,Staffordshire Police,Staffordshire Police,,,No location,,,Investigation complete; no suspect identified
ac1a59db8c1132e4c240c6c8e7111cd84349467cdb67f42368517f0af0954631,2019-12,Staffordshire Police,Staffordshire Police,,,No location,,,Investigation complete; no suspect identified
3b0d4143e42f591eff00a006c13fa5a81769512a1701cde134ac9391e37b0481,2019-12,Staffordshire Police,Staffordshire Police,,,No location,,,Investigation complete; no suspect identified
f089d5fe8bb67dfb03e8d095cb5441237ea81b761bbcb35b2799135374b544e1,2019-12,Staffordshire Police,Staffordshire Police,,,No location,,,Investigation complete; no suspect identified
cb963d46a7290d2b5b631ba6bd1e6199257ea38f3a203a9d17eff27c7bf5e4c5,2019-12,Staffordshire Police,Staffordshire Police,,,No location,,,Investigation complete; no suspect identified
5db63a710fb93033aa6bc5529e928d0a7f637c9264f1ae5dcc4f5d1ba68d21a6,2019-12,Staffordshire Police,Staffordshire Police,,,No location,,,Investigation complete; no suspect identified
c842b4f9cc090173730dafa5e847bfe4978e3ad1c3ba09bff2082836e39c502c,2019-12,Staffordshire Police,Staffordshire Police,,,No location,,,Investigation complete; no suspect identified
866be42b53c04dc27f28885fbf7d8c89f19037abd261d1c329b1af9e1753ffe0,2019-12,Staffordshire Police,Staffordshire Police,,,No location,,,Investigation complete; no suspect identified
5f903ecd4545991e471f4bab2224b6f9d1bce148adf586cc1ecee04e4e5dc055,2019-12,Staffordshire Police,Staffordshire Police,,,No location,,,Investigation complete; no suspect identified
75584dc7ba391eb998b2066c898a6834433c79411070e00d245736d6f0d712f7,2019-12,Staffordshire Police,Staffordshire Police,,,No location,,,Investigation complete; no suspect identified
68fb93670f190572f8858cd2dc3c277d05b845f31362290cb39b82a88d146028,2019-12,Staffordshire Police,Staffordshire Police,,,No location,,,Investigation complete; no suspect identified
a1ee510e4954f36bc5c4d15982ca5d3008f943f932c7545dbca9973964a1e4c2,2019-12,Staffordshire Police,Staffordshire Police,,,No location,,,Investigation complete; no suspect identified
4898f812f0fbbf34b3ae98f5769e65ae3551a98afde154bd8953481067ea5ced,2019-12,Staffordshire Police,Staffordshire Police,,,No location,,,Investigation complete; no suspect identified
aece05634eac196369ab616a4a46a64449b849811c4535a1306ef9cdef53331b,2019-12,Staffordshire Police,Staffordshire Police,,,No location,,,Investigation complete; no suspect identified
bd985bc4148de4a8692a52af875c42218c8eb45a4ca848097035f266e447257d,2019-12,Staffordshire Police,Staffordshire Police,,,No location,,,Investigation complete; no suspect identified
d8e344ebbed32e3a86f5fcbbd5ae49917dfc8a8d86c96a48c9bdc6b7d1c5aa4b,2019-12,Staffordshire Police,Staffordshire Police,,,No location,,,Investigation complete; no suspect identified
4efb25910d841cb348153a1d298de766c719d1a5da083ac74e7b514ef7262807,2019-12,Staffordshire Police,Staffordshire Police,,,No location,,,Investigation complete; no suspect identified
213e18d2346a23b961c0c8c3e4f1d3b1949bd0b98788fa9c5ec60bac95d5dabe,2019-12,Staffordshire Police,Staffordshire Police,,,No location,,,Investigation complete; no suspect identified
33dd6b5124a05f1012f366ecbce5863ab7080115efd2755d6e2e5ecc427177c0,2019-12,Staffordshire Police,Staffordshire Police,,,No location,,,Investigation complete; no suspect identified
24a81ba563a016810b8d6144427f60449f5865ddc7027fe7252f7ffb56479fb4,2019-12,Staffordshire Police,Staffordshire Police,,,No location,,,Investigation complete; no suspect identified
23660375e903edd10ca33c90af106d4ec41e2dbda81606d99ec5eb0ae3df0f51,2019-12,Staffordshire Police,Staffordshire Police,,,No location,,,Investigation complete; no suspect identified
5ef498fbaf92873809191646bd869ffd649bf04b14357ff59dd42339b5a92bb1,2019-12,Staffordshire Police,Staffordshire Police,,,No location,,,Investigation complete; no suspect identified
778cb725d1d0ef22615ca218aec5ed449a26a4d2ae06f0f618ed34e93ac3111d,2019-12,Staffordshire Police,Staffordshire Police,,,No location,,,Investigation complete; no suspect identified
47530b84a4cedad22f8f7cc7b18f3c043765bc59369a2e1a52708814a14bf64b,2019-12,Staffordshire Police,Staffordshire Police,-2.031902,52.633819,On or near BROAD LANE,E01029632,South Staffordshire 007A,Investigation complete; no suspect identified
834c575e2855b22d15b0e92f3ab81e90a96d229608ac1b8ca5ed0a55e516f3d4,2019-12,Staffordshire Police,Staffordshire Police,,,No location,,,Investigation complete; no suspect identified
05ce1e605c05f09a762bfeb6ac388f3faf457b4c31ba7e9884eb13596b13b0a5,2019-12,Staffordshire Police,Staffordshire Police,,,No location,,,Investigation complete; no suspect identified
7f9a5d0fa6cd438f5f75e26d5f436233e4a5710eb385d3f8785756b268eb3cca,2019-12,Staffordshire Police,Staffordshire Police,,,No location,,,Investigation complete; no suspect identified
c041e50c0a1d713f82a7935c1e5067ab7ebac21ab7bbb1e26186a268fd9ec680,2019-12,Staffordshire Police,Staffordshire Police,,,No location,,,Investigation complete; no suspect identified
3689993ff8d08dbc1ab9e27a33b64dfd3a43983cdd4c1ddb0036b7453f079127,2019-12,Staffordshire Police,Staffordshire Police,,,No location,,,Investigation complete; no suspect identified
90eef68b5181b2d0607d25f3a0fc91f6c0de6e77486f4a718ac29ea4eeaae7d5,2019-12,Staffordshire Police,Staffordshire Police,,,No location,,,Investigation complete; no suspect identified
db0b5534db4c0e4abf02fae4ea04c1ba8b08bea6da229b43989d3c66a1741046,2019-12,Staffordshire Police,Staffordshire Police,,,No location,,,Investigation complete; no suspect identified
eddde2cef59931eb5b3ff95ea36ef9c89bb3dfe6cb1ab837e95f6c3b6ce756ba,2019-12,Staffordshire Police,Staffordshire Police,,,No location,,,Investigation complete; no suspect identified
b3ebcb75d569ddfc9b2facd177f7e1c54b41acdc52bd449dfeed35dac5e6af1f,2019-12,Staffordshire Police,Staffordshire Police,,,No location,,,Investigation complete; no suspect identified
f5b9559cbf134c105cd79cd201d68aef8b2d9552a03ec0710222d8923bbbad8a,2019-12,Staffordshire Police,Staffordshire Police,,,No location,,,Investigation complete; no suspect identified
04efa12b7e389d535a33b85940dec0a22f018957e4c38b293b37c0b6070fc80f,2019-12,Staffordshire Police,Staffordshire Police,-1.596480,52.802026,On or near ASHBY ROAD,E01029468,East Staffordshire 010A,Investigation complete; no suspect identified
b3687da2f96e0ded777235f79fb4270903b6be460ec95b53b180d9b3b39ceafe,2019-12,Staffordshire Police,Staffordshire Police,,,No location,,,Investigation complete; no suspect identified
4008814bf51b73df4629830018f66a9b5d83e3c0d4f7fce318448d9a77126c13,2019-12,Staffordshire Police,Staffordshire Police,,,No location,,,Investigation complete; no suspect identified
cb7ffeb90b49efdd6c1a12d8615e709477d31b6f56113b60efc26ff332f6376f,2019-12,Staffordshire Police,Staffordshire Police,,,No location,,,Investigation complete; no suspect identified
46125c2891f0cad5e1c7be0c522f867cb89a8363325615b7db069ba641ff9f13,2019-12,Staffordshire Police,Staffordshire Police,,,No location,,,Investigation complete; no suspect identified
92a252eccfac1dc97dd252b6f29fc11cbd3e3a73fc47c145ddce0931f11ac92c,2019-12,Staffordshire Police,Staffordshire Police,,,No location,,,Investigation complete; no suspect identified
013854d1f21e16136819b36b67a53a43d586380a7ed93746f75126d0afdbb457,2019-12,Staffordshire Police,Staffordshire Police,,,No location,,,Investigation complete; no suspect identified
c12d8c72b347823c170ff7a7a802aeb13f2e9848a08523d4387b8c7db7c84f11,2019-12,Staffordshire Police,Staffordshire Police,,,No location,,,Investigation complete; no suspect identified
a8acba96b11ed1e9cd47ea56439d707de1d7d19401af5758742f8e764863a2e1,2019-12,Staffordshire Police,Staffordshire Police,,,No location,,,Investigation complete; no suspect identified
243a26cd9e87bb078a3bdc9476f344818c1724a507c2a324034f4675d8956f79,2019-12,Staffordshire Police,Staffordshire Police,,,No location,,,Investigation complete; no suspect identified
62b9395fcd374108c1f70b7383a624618be76848637f32f787e41470903eb8ab,2019-12,Staffordshire Police,Staffordshire Police,,,No location,,,Investigation complete; no suspect identified
e5f1c9f37de5fcdda262cef45e2a620fb6d5b6a40367a4b96f37ea48cd8d7a58,2019-12,Staffordshire Police,Staffordshire Police,,,No location,,,Investigation complete; no suspect identified
cd376e411a452d30195eba26647576e6e9b3d2efa4790b55724aeb05f8240f63,2019-12,Staffordshire Police,Staffordshire Police,,,No location,,,Investigation complete; no suspect identified
2f1283923607560b4db0e1a1f971a62fabf85a3f33ba072f1f6426844d311766,2019-12,Staffordshire Police,Staffordshire Police,,,No location,,,Investigation complete; no suspect identified
a3dc90bda5ed8313e55bc9f2c53e7ccdd2176b2d958499ac919aa30b59634616,2019-12,Staffordshire Police,Staffordshire Police,,,No location,,,Investigation complete; no suspect identified
91c3b89c0b446bbd718470e5fe10549396d141c6b93ec843149dc546ebd42547,2019-12,Staffordshire Police,Staffordshire Police,,,No location,,,Investigation complete; no suspect identified
63527d0f9be18e0b89b412c157cc56bb6822a8b2a570a1d27d8503aeb10e585c,2019-12,Staffordshire Police,Staffordshire Police,,,No location,,,Investigation complete; no suspect identified
b23258f6cfe9e9031dbde6ece2553d28188afaab2f25f1b7e5a074f6f0e8f364,2019-12,Staffordshire Police,Staffordshire Police,,,No location,,,Investigation complete; no suspect identified
7eb385d7fc721d449112ebe56f1e7998935fcb9d3ba8b3fc16232bed83d33694,2019-12,Staffordshire Police,Staffordshire Police,,,No location,,,Investigation complete; no suspect identified
a5245f5e5c095fa7b6cb12149f41707b3ebd123ce8f69fa38e14cfad98ac3e40,2019-12,Staffordshire Police,Staffordshire Police,,,No location,,,Investigation complete; no suspect identified
90bd6931499f9a62fbc47b2a8a620aa6cacb6b8987ad8b917c8f169e6ccb79c0,2019-12,Staffordshire Police,Staffordshire Police,,,No location,,,Investigation complete; no suspect identified
2e957accf2e9c4c9781d1d6ee61ab335f9266de6ff93cdb82dad8a999f3382e4,2019-12,Staffordshire Police,Staffordshire Police,,,No location,,,Investigation complete; no suspect identified
eb9ecfa2f21a880b6ea5bfa8ad7abff3a9a2750e5370e8b3c66d0a1746846e39,2019-12,Staffordshire Police,Staffordshire Police,,,No location,,,Investigation complete; no suspect identified
316527c0d804e74da259f40b97d023d815e2b6918a57046cdb3ca98f2fbb8eaf,2019-12,Staffordshire Police,Staffordshire Police,,,No location,,,Investigation complete; no suspect identified
fbf965ed71246182d61ef1d72586f4da0abd95dbd7da7768c3b448f9bbe7f29c,2019-12,Staffordshire Police,Staffordshire Police,,,No location,,,Investigation complete; no suspect identified
090b968e1194cbf9b7cfdb5181afc5f16d955f2fa50de7542678cb1364211d84,2019-12,Staffordshire Police,Staffordshire Police,-2.080111,52.985715,On or near VICARAGE CRESCENT,E01029778,Staffordshire Moorlands 012A,Investigation complete; no suspect identified
4d9af33ebad9977ac4d1eb26328cba757e11727818a8ae141c79a6bbdd00987d,2019-12,Staffordshire Police,Staffordshire Police,,,No location,,,Investigation complete; no suspect identified
6d7be87080928abbaf74983f77debc06220b3651fa2f672f6538018529646ff7,2019-12,Staffordshire Police,Staffordshire Police,,,No location,,,Investigation complete; no suspect identified
f94902dba69fc1a8c1a3986508599ffe3df1568aa3e0a38ddb899d3243ccb0b6,2019-12,Staffordshire Police,Staffordshire Police,,,No location,,,Investigation complete; no suspect identified
2eaba2cf67f96cd889193ae21271834f03ae25ff4ca1d9df8406f14c840bf494,2019-12,Staffordshire Police,Staffordshire Police,,,No location,,,Investigation complete; no suspect identified
8cc8c2da730526ec7825a0351264d2c15600ab28a3634fa56e4723c37cfa06ff,2019-12,Staffordshire Police,Staffordshire Police,,,No location,,,Investigation complete; no suspect identified
815a44cd0c5bcfa81aa0852355f4b0b69726b982d53a81eb91367426bf6da05b,2019-12,Staffordshire Police,Staffordshire Police,,,No location,,,Investigation complete; no suspect identified
4b4516147bbefb19ae2be3a6505d0d2c83a2befdbcaaede84083ba59a8c35a2a,2019-12,Staffordshire Police,Staffordshire Police,,,No location,,,Investigation complete; no suspect identified
3eadddba7e51c08aa995e355416e3566c07f803b28f8600a9185793a5167b9c3,2019-12,Staffordshire Police,Staffordshire Police,,,No location,,,Investigation complete; no suspect identified
499b16212e40c2b47de1849aabc45f3d3d02d1f7bea042fa53a643ff2163d3ef,2019-12,Staffordshire Police,Staffordshire Police,,,No location,,,Investigation complete; no suspect identified
135a215bcc018b94c61d2f2cc8325424e82c9a5266ab33d39cd5c24014f068e4,2019-12,Staffordshire Police,Staffordshire Police,,,No location,,,Investigation complete; no suspect identified
4c4fc6ea3f6bd1f8adc60ea64e55481c99e646c10560a18a441df6b5ee5e5fe7,2019-12,Staffordshire Police,Staffordshire Police,,,No location,,,Investigation complete; no suspect identified
a5d4423f9f62ae1445d70cddde102fe071d981dc7136701668874e0669ab59fb,2019-12,Staffordshire Police,Staffordshire Police,,,No location,,,Investigation complete; no suspect identified
46a973f78e0f648bac883f373c4b294b6b3e1fed34d05765051a75ee6970a4bc,2019-12,Staffordshire Police,Staffordshire Police,,,No location,,,Investigation complete; no suspect identified
1092025de55813302ce2d3333023eb1158b9aba7245daef6eb7384734902294a,2019-12,Staffordshire Police,Staffordshire Police,,,No location,,,Investigation complete; no suspect identified
0640deeef0484aea48f315cf8ed5f33adad986daf19bd334825a570fb49be7f9,2019-12,Staffordshire Police,Staffordshire Police,,,No location,,,Investigation complete; no suspect identified
695c2b572fa83ed4bf4b985512d910122fd72cc0cba2964fffa4e3886e23d74f,2019-12,Staffordshire Police,Staffordshire Police,,,No location,,,Investigation complete; no suspect identified
cb12790afc29072b08aa99edaad2d2f45edf738b05805c8a086b9751874a6ed4,2019-12,Staffordshire Police,Staffordshire Police,,,No location,,,Investigation complete; no suspect identified
c7efb84d8be9c1adc66f9a4eb9601f393a2845218e22f139cfe95effd9d7f62e,2019-12,Staffordshire Police,Staffordshire Police,,,No location,,,Investigation complete; no suspect identified
393e71cd19cf18a99f05e486340c4a00aec5c50d0cd93131da250bb6ea4c875f,2019-12,Staffordshire Police,Staffordshire Police,,,No location,,,Investigation complete; no suspect identified
8ffe81f912ed807b201112db8d0c0b148839878ca623d82460f26fafadfc0c45,2019-12,Staffordshire Police,Staffordshire Police,,,No location,,,Investigation complete; no suspect identified
cb3c39317f0a2ed36643dc0749c7b82c6724d4744b2ff61dbc22ea18abeb34d7,2019-12,Staffordshire Police,Staffordshire Police,,,No location,,,Investigation complete; no suspect identified
500754d7c12191a86fa98e1f32703024427f6da3fd4801156c8f816411b241c6,2019-12,Staffordshire Police,Staffordshire Police,,,No location,,,Investigation complete; no suspect identified
8567c3cc9fd973544012676780b07aadc197a8e82cc580fc7e720d928c682806,2019-12,Staffordshire Police,Staffordshire Police,,,No location,,,Investigation complete; no suspect identified
d7ba533e5f130cb38771399d0c0ce5ce1818501b927bdd17631423d62e8ddfd7,2019-12,Staffordshire Police,Staffordshire Police,,,No location,,,Investigation complete; no suspect identified
0e93806aba3d171dfb46e5dbd78261861fc8a5b2fab89664d0b2cc065dd7ce20,2019-12,Staffordshire Police,Staffordshire Police,,,No location,,,Investigation complete; no suspect identified
ee4c56e8a4912e6365f2ea7f1a3f01f443b1006cf61a89abac88de2a04a2fdbb,2019-12,Staffordshire Police,Staffordshire Police,,,No location,,,Investigation complete; no suspect identified
6c008a1950da61e88ead485661ad31abcaa70f4b32f505c8ad535eaee26c44db,2019-12,Staffordshire Police,Staffordshire Police,,,No location,,,Investigation complete; no suspect identified
21e655050eb44917c281262819db51edcd79a1b1645ef884493fe5cc7f72f35e,2019-12,Staffordshire Police,Staffordshire Police,,,No location,,,Investigation complete; no suspect identified
e14666c4765b0528eaa257251452ba770e8cb011e4635bfa7f9868716191a3b6,2019-12,Staffordshire Police,Staffordshire Police,,,No location,,,Investigation complete; no suspect identified
5f7eaae5045ca0aa68ae9762627a022c2b93b05dfb9fe84ef656dda49928377f,2019-12,Staffordshire Police,Staffordshire Police,,,No location,,,Investigation complete; no suspect identified
e9d7b605be9632b0eb39a388c88283c6342611167e72d6c745ce867ee98d37e5,2019-12,Staffordshire Police,Staffordshire Police,,,No location,,,Investigation complete; no suspect identified
b7b713c6d8544acac03059585f51bffe44b90610ba5e0e3b7226bbcbd68bbf2c,2019-12,Staffordshire Police,Staffordshire Police,,,No location,,,Investigation complete; no suspect identified
6aeef06ad88c560cad6646275a7e06d642bfe32f8d3040aae8dcaf5c653b2785,2019-12,Staffordshire Police,Staffordshire Police,,,No location,,,Investigation complete; no suspect identified
68de9b3da971820f880727a1a7d5f4ffb9c4e40380bb4d542aa0ebe1ebaada64,2019-12,Staffordshire Police,Staffordshire Police,,,No location,,,Investigation complete; no suspect identified
9cbf1af57561c1ff3484dfbebfa6fd96af2e3f6760e5f2497d257f944beee926,2019-12,Staffordshire Police,Staffordshire Police,,,No location,,,Investigation complete; no suspect identified
607f597f406cc573a55010093a044b05e81111a5adfc1e7ee3abd669ef22e49c,2019-12,Staffordshire Police,Staffordshire Police,,,No location,,,Investigation complete; no suspect identified
f99356e0561e8d8f885384c1d7ba93a4b2c2a19a9473c73627da24ec61a7d250,2019-12,Staffordshire Police,Staffordshire Police,,,No location,,,Investigation complete; no suspect identified
a1ae744bb729e116964ffbce469940f59488c5af7fa896f103e93979a9cc9670,2019-12,Staffordshire Police,Staffordshire Police,,,No location,,,Investigation complete; no suspect identified
5fdd5b3d198c8e2c3e94c0b61ed7156c4be5e34bec131c02aa7f331094ac631a,2019-12,Staffordshire Police,Staffordshire Police,,,No location,,,Investigation complete; no suspect identified
8d897c953d199f189615b0143ec9b080c516f70330ca3de1989312119b73f4dc,2019-12,Staffordshire Police,Staffordshire Police,,,No location,,,Investigation complete; no suspect identified
9f4918f199ed7d79af734b13425e45c7391e0d2db7619549ed2b7ade0c565205,2019-12,Staffordshire Police,Staffordshire Police,,,No location,,,Action to be taken by another organisation
85f68f84b58d1d7ad1500fa29d8314bc358a8708e046984ad51322f9ce13e31f,2019-12,Staffordshire Police,Staffordshire Police,,,No location,,,Action to be taken by another organisation
9aaa1bc924a58d6ba2b8a31212581e584038d5d19b01c9a9204135c297f2d611,2019-12,Staffordshire Police,Staffordshire Police,,,No location,,,Action to be taken by another organisation
c75f54e0ab990cf0538f65846602daeed5a2126f6af65445fdaef80df51cfff6,2019-12,Staffordshire Police,Staffordshire Police,,,No location,,,Action to be taken by another organisation
efc820bf7964d6a73143dff0687343e3d036675f6dd7630ff45aca821850629d,2019-12,Staffordshire Police,Staffordshire Police,,,No location,,,Action to be taken by another organisation
7d04fa007e063ac481a15d4d79db5108df51b163b45ca9b9ec069906cebf62b6,2019-12,Staffordshire Police,Staffordshire Police,,,No location,,,Action to be taken by another organisation
94f030b242c87964573ef9bea665d0df8f959de9aa8dabcd1e1d1a7e0afe8cd9,2019-12,Staffordshire Police,Staffordshire Police,,,No location,,,Action to be taken by another organisation
2b71a0c9b817d9f5317fe9173bbf10d1f1577a051b5babba0788ddb0d3f45d3b,2019-12,Staffordshire Police,Staffordshire Police,-2.153741,53.036423,On or near HUNTINGDON PLACE,E01014326,Stoke-on-Trent 010D,Further investigation is not in the public interest
d1f8267e9dcfcece00e4c3271e6912230c116329f74cd5afafe08ad802c103b6,2019-12,Staffordshire Police,Staffordshire Police,-2.024159,52.686132,On or near SPRING STREET,E01029360,Cannock Chase 012B,Investigation complete; no suspect identified
b58d25a8aa0d39f816e8016b7e9f44882db4f71f95be131b068fea1e3a432516,2019-12,Staffordshire Police,Staffordshire Police,-2.173860,52.676648,On or near MARKET PLACE,E01029618,South Staffordshire 003B,Investigation complete; no suspect identified
1acb0afcd9cec2a965031ab1f02d6c2e845ff02ae0090c5eed6744c25c65e7be,2019-12,Staffordshire Police,Staffordshire Police,,,No location,,,Investigation complete; no suspect identified
348f4536ee13e350ae28e65d7204f9e4cdd6eb2eb829019968c957b770674ab0,2019-12,Staffordshire Police,Staffordshire Police,-2.186060,52.537234,On or near Petrol Station,E01029671,South Staffordshire 012A,Investigation complete; no suspect identified
02de0822358449af52ec477c9cbe802424f90e099f8a6309b8602f4171da6f7f,2019-12,Staffordshire Police,Staffordshire Police,,,No location,,,Investigation complete; no suspect identified
18839a10668cf25b8ca5db65cfeff364f35c6561500dc277ec8e0cea8cd36c6e,2019-12,Staffordshire Police,Staffordshire Police,-2.059876,52.625780,On or near NEW STREET,E01029634,South Staffordshire 007C,Investigation complete; no suspect identified
e69287f38117b46438f573aaebb5945e924234dc53a034b9df4647ce69d726ca,2019-12,Staffordshire Police,Staffordshire Police,,,No location,,,Investigation complete; no suspect identified
90c0dffee382cf89761a02260abe3ca7bfd8baee06bfd528df1de6be4eaf4dee,2019-12,Staffordshire Police,Staffordshire Police,-1.906881,52.677459,On or near Supermarket,E01029476,Lichfield 009B,Investigation complete; no suspect identified
0ec28ab88fc62c7f2968268733cdb8325ed6e023ce339dac485991149c903db3,2019-12,Staffordshire Police,Staffordshire Police,-2.193695,52.526578,On or near PARK AVENUE,E01029677,South Staffordshire 013F,Investigation complete; no suspect identified
39513e3744e2ed132111901345471bfb17fd08ceda57ec83ed9f622a12251fc6,2019-12,Staffordshire Police,Staffordshire Police,-1.864433,52.739590,On or near HIGHFIELDS AVENUE,E01029482,Lichfield 001C,Investigation complete; no suspect identified
5feb203ba72d00ed3f7dc1f9fbbee2b4b5e677a88b1ccfe1f20929c682d33fb0,2019-12,Staffordshire Police,Staffordshire Police,-2.056428,52.643716,On or near M6,E01029635,South Staffordshire 007D,Investigation complete; no suspect identified
1ce5442878bfdd33faba18ca2e59714ce9d9e61026bc886adf663651e4198505,2019-12,Staffordshire Police,Staffordshire Police,-2.186060,52.537234,On or near Petrol Station,E01029671,South Staffordshire 012A,Investigation complete; no suspect identified
48ddc127fcbe8a707a1823b10369d74ee80fcc8f445acaf51b1099f5afc6988b,2019-12,Staffordshire Police,Staffordshire Police,-2.018202,52.698125,On or near HEATH GAP ROAD,E01029351,Cannock Chase 008C,Investigation complete; no suspect identified
99b2d02b88971d42e09819313695253951e41ba81673ace4d208690e53db7f68,2019-12,Staffordshire Police,Staffordshire Police,-2.055453,52.643933,On or near Motorway Service Area,E01029635,South Staffordshire 007D,Investigation complete; no suspect identified
234dd5a0b08a6bd175910081bacc377b397e670a5a6cdeb95b6eb7a9bc6615f2,2019-12,Staffordshire Police,Staffordshire Police,-2.133662,52.667495,On or near SCHOOL LANE,E01029617,South Staffordshire 003A,Investigation complete; no suspect identified
c73f6ebf97b4b05f3ef21f24f39c3ff5be2532b7e3520e0d4465f2fa55591512,2019-12,Staffordshire Police,Staffordshire Police,-2.056428,52.643716,On or near M6,E01029635,South Staffordshire 007D,Investigation complete; no suspect identified
a90fb61aeee9ad771fed1c962f9ba93a771f4fdaf47107df2635ea4ce1332a17,2019-12,Staffordshire Police,Staffordshire Police,-2.240025,52.508297,On or near WHITE HOUSE LANE,E01029667,South Staffordshire 013B,Investigation complete; no suspect identified
127f51386483c377832762a11a5ff0f95e4af78f6d8f7222b4646740a698023c,2019-12,Staffordshire Police,Staffordshire Police,-1.894975,52.634173,On or near BERRYFIELDS,E01029523,Lichfield 011E,Investigation complete; no suspect identified
3ddc4e51e8dc876cb5646f5391716bbe51746b403c22099723eb114310af4a3f,2019-12,Staffordshire Police,Staffordshire Police,-2.114466,52.785351,On or near Petrol Station,E01029729,Stafford 016B,Investigation complete; no suspect identified
82996d104f2a09cb2f60b0326d49e666016bb4834270e2449ff9dccc5b454cd4,2019-12,Staffordshire Police,Staffordshire Police,-1.630575,52.830660,On or near CAERNARVON CLOSE,E01029456,East Staffordshire 005C,Investigation complete; no suspect identified
a9a42c0aafaa5927997996faa099afc7c4093b8b45667f5570c302fdd87e37fc,2019-12,Staffordshire Police,Staffordshire Police,-1.837490,52.683992,On or near Sports/Recreation Area,E01032899,Lichfield 004F,Investigation complete; no suspect identified
2e79251f72e23ef5c881b36462839a266c2cf051145723cbb1b3fd87e0279c14,2019-12,Staffordshire Police,Staffordshire Police,-2.203386,52.966673,On or near HOLLY BANK,E01029748,Stafford 002D,Investigation complete; no suspect identified
f60eba7e70276b242c01c9dce033aac264a7d4cc03d3eddc6cdfc903491f72a4,2019-12,Staffordshire Police,Staffordshire Police,-2.198100,52.565353,On or near MARKET LANE,E01029672,South Staffordshire 013C,Investigation complete; no suspect identified
48d3199fa8a863c438700004e02c6197b05b5ca588304efd8fda5ae9365b6e04,2019-12,Staffordshire Police,Staffordshire Police,-1.775530,52.662621,On or near HEATH AVENUE,E01029530,Lichfield 008C,Investigation complete; no suspect identified
20cd42c1cec3b4f9fb5825b8cc50ff1fb072bebef1d37e89404dfd776fba18e3,2019-12,Staffordshire Police,Staffordshire Police,-1.698060,52.629484,On or near Parking Area,E01029835,Tamworth 002A,Investigation complete; no suspect identified
d8688bc610ba6557be06deb2f61216d3805aabe94f78b6fce692875cdb3b9c2d,2019-12,Staffordshire Police,Staffordshire Police,-2.114798,52.798808,On or near TALBOT ROAD,E01029699,Stafford 010D,Investigation complete; no suspect identified
49ad0ac9edb9a9256b073d8c210a9b5fb56e0d02845f59d6472a419455aa41c7,2019-12,Staffordshire Police,Staffordshire Police,,,No location,,,Investigation complete; no suspect identified
83d68b11f987a4aae9e3aa925c503ab07d7d1212b397fa19f3f7c5eae60445b9,2019-12,Staffordshire Police,Staffordshire Police,-2.016551,52.673907,On or near Supermarket,E01029395,Cannock Chase 013B,Investigation complete; no suspect identified
f34f959a98e23779c2d81e015c8c1a88cae810374afc4574d42c1463f93ce112,2019-12,Staffordshire Police,Staffordshire Police,,,No location,,,Investigation complete; no suspect identified
eaf44d60bcb78a40202c46b4a79d251640c9cc2ff09b4988a382f353f8f0f19d,2019-12,Staffordshire Police,Staffordshire Police,-1.835956,52.678722,On or near LANTHORN CLOSE,E01032899,Lichfield 004F,Investigation complete; no suspect identified
aebed08a421565f0321d319636862b181b046d3864abf9965e04ccb7f4863630,2019-12,Staffordshire Police,Staffordshire Police,-1.799223,52.874052,On or near CHURCH LANE,E01029425,East Staffordshire 006D,Investigation complete; no suspect identified
ff5d2a9376fc16afef804840d43ad0acb00678390c8e19bbfb927e1c506fe2a2,2019-12,Staffordshire Police,Staffordshire Police,-2.080252,52.813048,On or near WESTON ROAD,E01029732,Stafford 011E,Investigation complete; no suspect identified
02399532af129b44502e921de2283a5b00b688f436db55a2f78ca6be9527d344,2019-12,Staffordshire Police,Staffordshire Police,-2.015838,52.665304,On or near HALL LANE,E01029643,South Staffordshire 005D,Investigation complete; no suspect identified
72752bdc562771291de14cfacf74aa660cb2fb138b2f2aa8f056cb191c51864b,2019-12,Staffordshire Police,Staffordshire Police,-1.666032,52.613657,On or near RYTON,E01029829,Tamworth 010A,Investigation complete; no suspect identified
0f7665ace8948a857ef01963fa2fa5c328f01f2839d97f964a3cbadc749d38ec,2019-12,Staffordshire Police,Staffordshire Police,-2.224028,52.535011,On or near FEIASHILL ROAD,E01029667,South Staffordshire 013B,Investigation complete; no suspect identified
09c1ceb1542d675988da77aba8b0485001bc257f12b53e8e1c9b4f8759cdaffd,2019-12,Staffordshire Police,Staffordshire Police,,,No location,,,Investigation complete; no suspect identified
1ab9afdb5a20cff4976a581a1c90dd0bf6451c6a10bd6a9ef145ae3acdcf7bc9,2019-12,Staffordshire Police,Staffordshire Police,-1.872156,52.909733,On or near ASHBOURNE ROAD,E01029433,East Staffordshire 002D,Investigation complete; no suspect identified
5f535fee5172902be3272fa2258b3cfdd1c3e9a2ae091bf8241ac99ce24a4000,2019-12,Staffordshire Police,Staffordshire Police,-2.177801,52.427075,On or near Parking Area,E01029652,South Staffordshire 014D,Investigation complete; no suspect identified
02f35080367b2b223eba4bd0cb789f4dcd80a864d35aec9704d415c843d210a6,2019-12,Staffordshire Police,Staffordshire Police,-1.923727,52.745756,On or near ST MICHAEL'S DRIVE,E01029348,Cannock Chase 003D,Investigation complete; no suspect identified
75d8e88001e20acd684b49bb1f09b88937621d92b641e3f019de8ec6e26b10e2,2019-12,Staffordshire Police,Staffordshire Police,-1.872156,52.909733,On or near ASHBOURNE ROAD,E01029433,East Staffordshire 002D,Investigation complete; no suspect identified
b9b94f5f2052eba9c0e48ddfe00d908b357a092c1237d46d09ac71eec9b566c4,2019-12,Staffordshire Police,Staffordshire Police,-2.005938,52.715359,On or near MAVIS ROAD,E01029387,Cannock Chase 005C,Investigation complete; no suspect identified
ffd3fb711859cbfc11d20bfade418a5b70984b2778eb87fd23de5552d72cb009,2019-12,Staffordshire Police,Staffordshire Police,-1.841633,52.687737,On or near Supermarket,E01032899,Lichfield 004F,Investigation complete; no suspect identified
1a783fc2b62544ea04ddd3a7c4953daea5f5c476cbd2fac674fc0c5054a02cfb,2019-12,Staffordshire Police,Staffordshire Police,-2.048606,52.693783,On or near Parking Area,E01029647,South Staffordshire 002C,Investigation complete; no suspect identified
a8ae8d830e928d7f5d22310eab613eb478686af7112d01f0179ce5fe93219c59,2019-12,Staffordshire Police,Staffordshire Police,-2.036052,52.684412,On or near BEECH TREE LANE,E01029361,Cannock Chase 012C,Investigation complete; no suspect identified
5f47d5f37bf4e40f0deed7fc77c00af1056d899be4a91ecbc19f6f4d1f482b75,2019-12,Staffordshire Police,Staffordshire Police,-1.864254,52.897472,On or near MARKET STREET,E01029460,East Staffordshire 003B,Investigation complete; no suspect identified
787e69f5f36e19075d414825dc4480a345785981fba323a36734df9b5858282a,2019-12,Staffordshire Police,Staffordshire Police,-2.110805,52.803090,On or near LICHFIELD COURT,E01029701,Stafford 010E,Investigation complete; no suspect identified
96435c40f7d956d94c2bbc2932e920ca925a3d65186ed9331c593dca53e1cade,2019-12,Staffordshire Police,Staffordshire Police,-1.874076,52.908962,On or near STANLEY CRESCENT,E01029433,East Staffordshire 002D,Investigation complete; no suspect identified
12acf7b5e4600e14a2081d65da251211e0002f18a3edd494ce468916ab420a96,2019-12,Staffordshire Police,Staffordshire Police,,,No location,,,Investigation complete; no suspect identified
16ed317fc4da19dc6aae80f631af62dd2d7a69d025e763a71ad92d7c37f6dcc9,2019-12,Staffordshire Police,Staffordshire Police,,,No location,,,Investigation complete; no suspect identified
8cd7a8674d54bf016bf705efa5a6d452f0904e4b148c8bda6ce4c09d96082c6d,2019-12,Staffordshire Police,Staffordshire Police,-1.702757,52.618717,On or near DEVONSHIRE DRIVE,E01029839,Tamworth 005D,Investigation complete; no suspect identified
af7890e9cbc300e43f15a5717c285e8434cf049556077c024756a620db2b2566,2019-12,Staffordshire Police,Staffordshire Police,-1.796722,52.683794,On or near TITAN WAY,E01029484,Lichfield 005B,Investigation complete; no suspect identified
dfb622b3f2c4423dfcc0bc2d982943bc2287341c8e59f7e0779e84bd6a366b37,2019-12,Staffordshire Police,Staffordshire Police,-2.127500,52.820972,On or near CHARLES COTTON STREET,E01029720,Stafford 007B,Investigation complete; no suspect identified
85d3a9a80f822d3f7c5cadd9dec8113d6e2f50b780a54dbe849c05d521515579,2019-12,Staffordshire Police,Staffordshire Police,-2.017049,52.663182,On or near OXFORD CLOSE,E01029643,South Staffordshire 005D,Investigation complete; no suspect identified
984af238d4085d55ca2112d7fc10cf65fc67acdfc60cdd4ba59fd2a7792cb86a,2019-12,Staffordshire Police,Staffordshire Police,,,No location,,,Investigation complete; no suspect identified
55046c5b7197bbd9b8a0591cd9b673273d3d9c9a345cbc2c9a584ae92e46a681,2019-12,Staffordshire Police,Staffordshire Police,-2.128212,52.800825,On or near NEWPORT ROAD,E01029736,Stafford 012B,Investigation complete; no suspect identified
e56d57826f79add66ef02968feb5a6c76babd2d455bdd82fad1785e6567f4a47,2019-12,Staffordshire Police,Staffordshire Police,-2.177191,52.735822,On or near SHREDICOTE LANE,E01029660,South Staffordshire 001F,Investigation complete; no suspect identified
4fe3f36a66567c862c441f1134034987c818edea52ee06bbbd133fc31c2ca716,2019-12,Staffordshire Police,Staffordshire Police,-1.912116,52.677876,On or near TUDOR ROAD,E01029475,Lichfield 009A,Investigation complete; no suspect identified
bdc10c50f7bd98e514e12c986de2f694eeebc8120c12213a688afc8d3d3aa473,2019-12,Staffordshire Police,Staffordshire Police,-1.912116,52.677876,On or near TUDOR ROAD,E01029475,Lichfield 009A,Investigation complete; no suspect identified
e47463e0f708af943e2b0876d7410db3643db41ebe55f5c15adbcd406cf9ddcb,2019-12,Staffordshire Police,Staffordshire Police,-1.972459,52.657742,On or near Petrol Station,E01029395,Cannock Chase 013B,Investigation complete; no suspect identified
b20ce03558a8a59e63ab21853c4bacffd70e6b6b618f2ed33cf4308f29109939,2019-12,Staffordshire Police,Staffordshire Police,,,No location,,,Investigation complete; no suspect identified
aa370f66c1ed7a28f68c1cf82f4c555592eb74e87bcb86e61ec2ce02aa1ac353,2019-12,Staffordshire Police,Staffordshire Police,-1.914256,52.680386,On or near EMMANUEL ROAD,E01029475,Lichfield 009A,Investigation complete; no suspect identified
771921631c45fd2f6b2f8a38370edb2014e0c7d90e989319a658cc001f1b4339,2019-12,Staffordshire Police,Staffordshire Police,-1.726861,52.619054,On or near ALLTON AVENUE,E01029502,Lichfield 012B,Investigation complete; no suspect identified
190e00beea82e48659de0634b442d314d0d99bc09362a6041e8442862c5ac440,2019-12,Staffordshire Police,Staffordshire Police,-1.726861,52.619054,On or near ALLTON AVENUE,E01029502,Lichfield 012B,Investigation complete; no suspect identified
6bda4c12b28b5cdeb0f8b2153dc1f55cf51dc6f651093ee4ed26c6406be4eb4b,2019-12,Staffordshire Police,Staffordshire Police,-2.033061,52.680862,On or near LILAC AVENUE,E01029361,Cannock Chase 012C,Investigation complete; no suspect identified
8baf648f7adf8667edebb1310d724a6f42a8562f060f3da5fcfc32d529b6e4da,2019-12,Staffordshire Police,Staffordshire Police,-2.047872,52.685639,On or near HAZLEMERE GROVE,E01029363,Cannock Chase 012E,Investigation complete; no suspect identified
b64b8b43b5897d12ff1781799755283efe203d4708a5aaee11a8dcd2f377a7ef,2019-12,Staffordshire Police,Staffordshire Police,-1.910918,52.685130,On or near BOULTON CLOSE,E01029507,Lichfield 003B,Investigation complete; no suspect identified
ca82c2f56acec38c05576f2d26b8048e9fbdf72a96b7825028ccb69a1210a2aa,2019-12,Staffordshire Police,Staffordshire Police,-1.843199,52.679999,On or near CHRISTCHURCH LANE,E01029512,Lichfield 007C,Investigation complete; no suspect identified
8a4adabf84b395c9bb0fca3e4e275e7ee26ec6b5b3b23a7954103a6819ab5be4,2019-12,Staffordshire Police,Staffordshire Police,-1.834630,52.685372,On or near SHAW LANE,E01032899,Lichfield 004F,Investigation complete; no suspect identified
19d8a7c0bc489501ea65a8be626b4691059494cffb04f70ae5463d8ab8a1c814,2019-12,Staffordshire Police,Staffordshire Police,-1.714803,52.644916,On or near ROMAN WAY,E01029848,Tamworth 001C,Investigation complete; no suspect identified
dad8f156c2a2e99a41eaac7c9dd99bd57e8f17626cf835067ac6e21abca7def3,2019-12,Staffordshire Police,Staffordshire Police,-2.030375,52.690203,On or near Shopping Area,E01029360,Cannock Chase 012B,Investigation complete; no suspect identified
ab7526793a69c24d63abc75595f3e070d131cbce4cb30df8c8068da369eb6160,2019-12,Staffordshire Police,Staffordshire Police,-1.914256,52.680386,On or near EMMANUEL ROAD,E01029475,Lichfield 009A,Investigation complete; no suspect identified
f45712c4b5845cd77770072692f934281b725c4faaffb306060594a425361170,2019-12,Staffordshire Police,Staffordshire Police,,,No location,,,Investigation complete; no suspect identified
2c887e4a5225cfb3f31dc9e79d528f3d03f85da295018b98d9fa7f9fc82f4a4e,2019-12,Staffordshire Police,Staffordshire Police,,,No location,,,Investigation complete; no suspect identified
64376801dbf3d22e9dc5a1e50cec87cfd43f1fe6e14f5a5fce5e2ee9412dc426,2019-12,Staffordshire Police,Staffordshire Police,-1.907758,52.675239,On or near LIME GROVE,E01029476,Lichfield 009B,Investigation complete; no suspect identified
623216c27175b4293f78cd44fedf222fc836d9735b686993f9e2fe8689480a4e,2019-12,Staffordshire Police,Staffordshire Police,,,No location,,,Investigation complete; no suspect identified
164443de5b435e2e4c6299eb52a0b124a0178769a9ae2540333264ec5f0e76e4,2019-12,Staffordshire Police,Staffordshire Police,-1.659495,52.618646,On or near DEELEY,E01029843,Tamworth 007C,Investigation complete; no suspect identified
6177501c5710cbb83e83feb3e076a71410859f7717388e79bd94445e6fea16f0,2019-12,Staffordshire Police,Staffordshire Police,-2.118131,52.802607,On or near Sports/Recreation Area,E01029701,Stafford 010E,Investigation complete; no suspect identified
53b57a6d059a82dcc17ab45e7bbc5a073b42352ae50637424b9c47478b0cc206,2019-12,Staffordshire Police,Staffordshire Police,-1.886436,52.907473,On or near KIMBERLEY DRIVE,E01029431,East Staffordshire 002B,Investigation complete; no suspect identified
5383e6f95b363faa31250fb1e2a4c8193510b27d3049e5a26c149526a38e7452,2019-12,Staffordshire Police,Staffordshire Police,-2.224028,52.535011,On or near FEIASHILL ROAD,E01029667,South Staffordshire 013B,Investigation complete; no suspect identified
8673f7a9514a90292367763121773fb26d48126946bb2a7fec31f4be25bc2e5d,2019-12,Staffordshire Police,Staffordshire Police,-2.020332,52.694942,On or near GRANGE DRIVE,E01029353,Cannock Chase 011A,Investigation complete; no suspect identified
bf4ee6e7eea36863fee9ba658cf55d7a2649ccf561d36bff33e11115c220b444,2019-12,Staffordshire Police,Staffordshire Police,-2.192217,52.596602,On or near TURNER GROVE,E01029662,South Staffordshire 011A,Investigation complete; no suspect identified
3883695b1890d99c64865e724c9b059bc20d1ad8971059daea449815b420a30c,2019-12,Staffordshire Police,Staffordshire Police,-1.812073,52.674380,On or near QUARRY HILLS LANE,E01029520,Lichfield 005E,Investigation complete; no suspect identified
0bc0e7fe4968ef00d50f47feb5cfceeec74e8017468acbccf9fccfbcfa7ae794,2019-12,Staffordshire Police,Staffordshire Police,-2.020141,52.666454,On or near STATION ROAD,E01029641,South Staffordshire 004F,Investigation complete; no suspect identified
bd8436da699119789372799d6aee2502ae260a928b5eabdb2e689a9b5523ff2e,2019-12,Staffordshire Police,Staffordshire Police,-1.669150,52.621226,On or near KIRTLEY,E01029840,Tamworth 007A,Investigation complete; no suspect identified
5bad71733b687ed558aab14264e511b35fb3664c56ef029266b40296d44b3dde,2019-12,Staffordshire Police,Staffordshire Police,-1.869765,52.908786,On or near PARK AVENUE,E01029433,East Staffordshire 002D,Investigation complete; no suspect identified
96ba7f684588d6da370a52c87ad6939a9255dec09a52ebb187a14014c353f949,2019-12,Staffordshire Police,Staffordshire Police,-1.669150,52.621226,On or near KIRTLEY,E01029840,Tamworth 007A,Investigation complete; no suspect identified
fd27fdb949283ce8841aeadd15e0dd953d60755da2b30147b61936df356331bc,2019-12,Staffordshire Police,Staffordshire Police,-2.232197,52.451613,On or near JAMES STREET,E01029650,South Staffordshire 014B,Investigation complete; no suspect identified
9010f1a37dc5d7d82cf4f55e31efbee1c38ab02f8f947415f03f51e964171efb,2019-12,Staffordshire Police,Staffordshire Police,-1.665953,52.620120,On or near SILVER LINK ROAD,E01029840,Tamworth 007A,Investigation complete; no suspect identified
c4105b49816942b405f6f62a91343eb4b7990be6a828cde6dd4141f3afae28c8,2019-12,Staffordshire Police,Staffordshire Police,-1.825809,52.679049,On or near DAVIDSON ROAD,E01029519,Lichfield 007E,Investigation complete; no suspect identified
59046874e36d3e737621e1617460b0282acbe83c58df3b8a2b2bcf19b3512814,2019-12,Staffordshire Police,Staffordshire Police,-1.826944,52.683752,On or near CONDUIT STREET,E01029526,Lichfield 004E,Investigation complete; no suspect identified
0e99b39c941ca0f25a7a38072cb333becb66059c1c4d505126efdf4a3204b80a,2019-12,Staffordshire Police,Staffordshire Police,-1.813086,52.800946,On or near MAKER LANE,E01029473,East Staffordshire 006E,Investigation complete; no suspect identified
60ec53ff4d727568a2f3411b22846e3f12a86a291495414e0f90c7798cc0bd00,2019-12,Staffordshire Police,Staffordshire Police,-1.838343,52.641229,On or near PINFOLD HILL,E01029521,Lichfield 011C,Investigation complete; no suspect identified
1ad238a4a7784a623a67c932c2df74e290b67e8a22d6cf47cbc679cbbf04eb2c,2019-12,Staffordshire Police,Staffordshire Police,-1.827634,52.692644,On or near LEYFIELDS,E01029501,Lichfield 004C,Investigation complete; no suspect identified
05a28b7f85c53c6ac6995d0d71174ecb7726553b2d3c802de900b530ae1d4a60,2019-12,Staffordshire Police,Staffordshire Police,-1.594887,52.804241,On or near MELBOURNE AVENUE,E01029472,East Staffordshire 010E,Investigation complete; no suspect identified
4c4c19a9bd5fac331ed6908201883a824d7cec70bda17023231bef2ae82ac559,2019-12,Staffordshire Police,Staffordshire Police,-1.664262,52.624862,On or near BANCROFT,E01029845,Tamworth 007D,Investigation complete; no suspect identified
00f3f90fa151ad97f906c384578e1deb862189d9c7c6a120f25bff963f16180f,2019-12,Staffordshire Police,Staffordshire Police,-1.827634,52.692644,On or near LEYFIELDS,E01029501,Lichfield 004C,Investigation complete; no suspect identified
c754827aaa354e85623425f96d4c4354829cb950e644b903d954ed3fbc2598ca,2019-12,Staffordshire Police,Staffordshire Police,-1.922993,52.741980,On or near COALPIT LANE,E01029348,Cannock Chase 003D,Investigation complete; no suspect identified
e65a91994901e14ab9e41724c5b2f082a224db006e9299d85136c33ad438055d,2019-12,Staffordshire Police,Staffordshire Police,-2.017106,52.657591,On or near Parking Area,E01029644,South Staffordshire 005E,Investigation complete; no suspect identified
953bcce6194e9b4f53bc3201fc1e5ac9ecc85749f42d3be739df1649db1563ee,2019-12,Staffordshire Police,Staffordshire Police,-1.654036,52.625345,On or near FELSPAR ROAD,E01029820,Tamworth 003A,Investigation complete; no suspect identified
6914c0cdaf54af3e5ee657bd9ec5142568c146f22ec5a3c0cccabf2a7a2a3e79,2019-12,Staffordshire Police,Staffordshire Police,-1.695865,52.645687,On or near HOLLY CLOSE,E01029853,Tamworth 001E,Investigation complete; no suspect identified
11e480602f8d82c0d78c11017452a21b8db065377e8f0eca961bd801bd4dc74c,2019-12,Staffordshire Police,Staffordshire Police,-1.819519,52.694160,On or near Supermarket,E01029525,Lichfield 005G,Investigation complete; no suspect identified
3b688014fa93fa078a8de9bbe3348dee17ea310b1e35bd8a70924b9f6c5a7d18,2019-12,Staffordshire Police,Staffordshire Police,-1.649507,52.626393,On or near AMBER CLOSE,E01029820,Tamworth 003A,Investigation complete; no suspect identified
8a2e446f748c46f5937c7a4bd7434ec4713147a4753ec354a7bf18c241d5dd9c,2019-12,Staffordshire Police,Staffordshire Police,-1.621757,52.832502,On or near A38,E01029428,East Staffordshire 008C,Investigation complete; no suspect identified
7ed28a2448ef855fbba08084c102798b8356d32a76c3298a69b6465ea6ec0d6d,2019-12,Staffordshire Police,Staffordshire Police,-1.592921,52.805115,On or near SALISBURY AVENUE,E01029472,East Staffordshire 010E,Investigation complete; no suspect identified
ce1bf18c230c4981280a15321295da17c71ffbb0369e8f6fd871231648916002,2019-12,Staffordshire Police,Staffordshire Police,-2.114466,52.785351,On or near Petrol Station,E01029729,Stafford 016B,Investigation complete; no suspect identified
ea507524de5a0882e264aae47abd1ad0ba6a32c210b498aa3553505f71822041,2019-12,Staffordshire Police,Staffordshire Police,-1.639186,52.798073,On or near WOOD STREET,E01032898,East Staffordshire 011H,Investigation complete; no suspect identified
610f750b5548f209b092643f89aadea64207412fa43e64e04ea7c2856e213acb,2019-12,Staffordshire Police,Staffordshire Police,-1.682698,52.608605,On or near DOSTHILL ROAD,E01029864,Tamworth 009E,Investigation complete; no suspect identified
6e9ee86532af53897df38412ff87bcc08dbc5a2e5d4b57548326cab5939d88a1,2019-12,Staffordshire Police,Staffordshire Police,-2.020507,52.659532,On or near LINGFIELD DRIVE,E01029644,South Staffordshire 005E,Investigation complete; no suspect identified
01b23bd13742fdd67389191f19b269ee367b67428269351314305432a88f56c2,2019-12,Staffordshire Police,Staffordshire Police,-2.118173,52.807129,On or near Shopping Area,E01029701,Stafford 010E,Investigation complete; no suspect identified
3765289c32fe0e0519d021a27aff20d2e74fde8c09e24ea827d2664ec1759cf5,2019-12,Staffordshire Police,Staffordshire Police,-1.812519,52.687686,On or near WISSAGE LANE,E01029524,Lichfield 005F,Investigation complete; no suspect identified
65092dde13c315c58e7aeea395b49cdf0971b00a083f720e38c694544c25b5ad,2019-12,Staffordshire Police,Staffordshire Police,-1.673015,52.615978,On or near PARKSIDE,E01029829,Tamworth 010A,Investigation complete; no suspect identified
5f59b13c628d0732571a5a3c30e70c561eabe13a4d5a7dd2a2187d11fdca6cae,2019-12,Staffordshire Police,Staffordshire Police,-1.764265,52.673315,On or near CHAPEL LANE,E01029531,Lichfield 008D,Investigation complete; no suspect identified
0f666d4d1103054deec64c9a0dd79e8fbf4c4051dbcc8b6bc481e431286fd046,2019-12,Staffordshire Police,Staffordshire Police,-2.360854,52.822055,On or near SHAY LANE,E01029708,Stafford 015D,Investigation complete; no suspect identified
f6cdd26efdf2f9f192ca9201b309b6b3dbcc2e87e337fdc4ca617b95176c44c6,2019-12,Staffordshire Police,Staffordshire Police,-2.016160,52.696651,On or near MEADOW HILL DRIVE,E01029352,Cannock Chase 008D,Investigation complete; no suspect identified
6fe0605444178f11291bf343248c6cc08e12d7d93759a201d487eae1ce0d0eae,2019-12,Staffordshire Police,Staffordshire Police,-1.646639,52.811840,On or near SHOBNALL CLOSE,E01029445,East Staffordshire 009A,Investigation complete; no suspect identified
90e3e911ec096eac90e8d14f75c99f109fa85a7da9c10082e4928db1c05381cf,2019-12,Staffordshire Police,Staffordshire Police,-1.935389,52.763490,On or near MARKET STREET,E01029404,Cannock Chase 002E,Investigation complete; no suspect identified
7d42304103ae8aa11863e594ffe702baab407a8b848f217dd12753f54b81faa8,2019-12,Staffordshire Police,Staffordshire Police,,,No location,,,Investigation complete; no suspect identified
d9c50a71a151638f6b6625a97f3884f9482150819ab3ae8e235f1b313df4e639,2019-12,Staffordshire Police,Staffordshire Police,-2.078865,52.653493,On or near OLD CANNOCK ROAD,E01029636,South Staffordshire 006C,Investigation complete; no suspect identified
0e002f712aff3f3cf37d75225c87672741e66017263ba7d04d5ac069d5849d5c,2019-12,Staffordshire Police,Staffordshire Police,-2.148253,52.906077,On or near STONEFIELD SQUARE,E01029744,Stafford 003B,Investigation complete; no suspect identified
68fa9c1d3d4cd0d1fcca182af95a4140af48c30b678adefd8d17a102a0d126ce,2019-12,Staffordshire Police,Staffordshire Police,-1.973987,52.673744,On or near GAINSBROOK CRESCENT,E01029396,Cannock Chase 013C,Investigation complete; no suspect identified
d9a609e95f14e193a2bef3da275da3d8eea514a2acbb6c9d9b488d53ad015705,2019-12,Staffordshire Police,Staffordshire Police,-1.969138,52.672142,On or near THE BRAMBLES,E01029397,Cannock Chase 013D,Investigation complete; no suspect identified
df7ded59b7234802e49bf12e63c9334a52f6eadb847b40ca857442358ee00a71,2019-12,Staffordshire Police,Staffordshire Police,-1.640788,52.814313,On or near DALLOW CLOSE,E01029426,East Staffordshire 008A,Investigation complete; no suspect identified
dc4be615251eb157ce6cfec8e364ed3ec95170de182ee3127034bb0ed6026464,2019-12,Staffordshire Police,Staffordshire Police,-2.196300,52.532363,On or near SANDRINGHAM ROAD,E01029671,South Staffordshire 012A,Investigation complete; no suspect identified
eeed23d58a2851570cc0206fd5ed48f9c675f5cf95ff5a820c885034fb02fc5e,2019-12,Staffordshire Police,Staffordshire Police,-2.200598,52.631091,On or near BAKERS WAY,E01029627,South Staffordshire 008D,Investigation complete; no suspect identified
b52b510e872b7c5879876cd36bc89fe2a02ea088e2759d9e8cac6e1fe02b8e8f,2019-12,Staffordshire Police,Staffordshire Police,-2.182232,52.556272,On or near Sports/Recreation Area,E01029672,South Staffordshire 013C,Investigation complete; no suspect identified
db9b0aa43d562825e32fc4a311d0af6ec9f844884a7f3d0339cbb2bb6511f8fa,2019-12,Staffordshire Police,Staffordshire Police,-2.016212,52.716033,On or near SHERATON CLOSE,E01029384,Cannock Chase 005A,Investigation complete; no suspect identified
851a937bea51e8ff6aa9f1ef15b24583cd12b5763a9ea31c9d4a8a34a8e6d645,2019-12,Staffordshire Police,Staffordshire Police,-2.031726,52.676107,On or near Parking Area,E01029359,Cannock Chase 012A,Investigation complete; no suspect identified
02ce5f8bae6d3c2cdb537b40e2db3a4b283d4d77944ea0bb93052a4a1ea6cd2d,2019-12,Staffordshire Police,Staffordshire Police,-2.178464,52.677675,On or near CRESSWELL LANE,E01029618,South Staffordshire 003B,Investigation complete; no suspect identified
790a964138ff2c335cf4c6ef1d34f5a4ccb29ec8eb2535cb9e34ec4355e540fc,2019-12,Staffordshire Police,Staffordshire Police,-1.693384,52.632645,On or near Shopping Area,E01029835,Tamworth 002A,Investigation complete; no suspect identified
5ddaad0fdba6ca3870a02cbc36fe889bbb385fb21f1069c6e1932584c165db0c,2019-12,Staffordshire Police,Staffordshire Police,-2.152109,52.890485,On or near PIREHILL LANE,E01029753,Stafford 003E,Investigation complete; no suspect identified
81c98d5294952028da270b8e549943de6b876f1d3a2c062b60a0f3971f424b06,2019-12,Staffordshire Police,Staffordshire Police,-1.819005,52.686185,On or near ST MICHAEL ROAD,E01029526,Lichfield 004E,Investigation complete; no suspect identified
4a17f6affd91818c0109746a03f02e9eb32c484a9df3ac3d1d1e32e32f2086f6,2019-12,Staffordshire Police,Staffordshire Police,-1.972459,52.657742,On or near Petrol Station,E01029395,Cannock Chase 013B,Investigation complete; no suspect identified
0bd3d2c9566cbd28897bfad462cc9379a04c3197ba559b45fe5bdea5ad096bf6,2019-12,Staffordshire Police,Staffordshire Police,-1.666057,52.606393,On or near NEW ROAD,E01029867,Tamworth 010C,Investigation complete; no suspect identified
cd04a3722b855113d8452bab2aeba80d13d11fc984b69d3ec74c5f3d9d1824e0,2019-12,Staffordshire Police,Staffordshire Police,,,No location,,,Investigation complete; no suspect identified
7e3885c76fc44ba65f4a4e50720cffe983989344da091f5cf777d1f8a65b6de6,2019-12,Staffordshire Police,Staffordshire Police,-2.059268,52.623740,On or near Parking Area,E01029634,South Staffordshire 007C,Investigation complete; no suspect identified
4bf6ef1faf4151469d416f786f5777cc788ec396c2ba2ab73d41d4e1437ab982,2019-12,Staffordshire Police,Staffordshire Police,-2.048132,52.679616,On or near Petrol Station,E01029361,Cannock Chase 012C,Investigation complete; no suspect identified
17a00a60533e6d0a911d635b4e8205b6c62ef43236f5680df17071c0d63aea76,2019-12,Staffordshire Police,Staffordshire Police,-1.697289,52.619207,On or near MEADOW BANK,E01029837,Tamworth 005B,Investigation complete; no suspect identified
86c4cfb0b4cc6745a8825551ce47f841c4d82a7758e31b3a3662f66fca6e95da,2019-12,Staffordshire Police,Staffordshire Police,-1.664152,52.598701,On or near LIBERTY ROAD,E01029869,Tamworth 010E,Investigation complete; no suspect identified
d93cd67257bca8904cfc5adc41dc9aa95b77ca59b29f8d74d93a20e833ece5e3,2019-12,Staffordshire Police,Staffordshire Police,-1.868369,52.588127,On or near B4138,E01029514,Lichfield 011B,Investigation complete; no suspect identified
5cabcf97161fc4a2200e3759f31d36c429170d34382f04c017bf467d339991b5,2019-12,Staffordshire Police,Staffordshire Police,-1.860399,52.899112,On or near TOWN MEADOWS WAY,E01029460,East Staffordshire 003B,Investigation complete; no suspect identified
845a4e01e258625ffe2b1ffba37675f0f8ce4a86516b60cf532281aa561c9bd6,2019-12,Staffordshire Police,Staffordshire Police,-2.015701,52.656108,On or near FOREST WAY,E01029644,South Staffordshire 005E,Investigation complete; no suspect identified
4ee3cfc002a6f65d284ba754253242d2b3eafaa667d3f4f492fdffe64c5316c2,2019-12,Staffordshire Police,Staffordshire Police,-1.761019,52.720774,On or near WATSON CLOSE,E01029479,Lichfield 002C,Investigation complete; no suspect identified
abf4998a543371d9fbe086fedfdc0a4398909a47a0749121ce080b2984734b5d,2019-12,Staffordshire Police,Staffordshire Police,-1.998966,52.692148,On or near Supermarket,E01029376,Cannock Chase 010B,Investigation complete; no suspect identified
b63b1f563dc2736a55675fecbc8b263aef065a01aff578b56c7b89a487931f2f,2019-12,Staffordshire Police,Staffordshire Police,-2.186060,52.537234,On or near Petrol Station,E01029671,South Staffordshire 012A,Investigation complete; no suspect identified
44b75ddb23db5d85a29894f27de3df76f79f9cf45d8839537f14aae1eedcde1a,2019-12,Staffordshire Police,Staffordshire Police,-2.186060,52.537234,On or near Petrol Station,E01029671,South Staffordshire 012A,Investigation complete; no suspect identified
325dad65dce5ba502508241488f0560240da89cb4fa31c5302a3dd619276c55d,2019-12,Staffordshire Police,Staffordshire Police,-1.666057,52.606393,On or near NEW ROAD,E01029867,Tamworth 010C,Investigation complete; no suspect identified
1b8a9c19afd685402b8d830cc89ba3e95a51e4f9140ebfac73913c4f5fc6e060,2019-12,Staffordshire Police,Staffordshire Police,-2.124344,52.661743,On or near Petrol Station,E01029619,South Staffordshire 006B,Investigation complete; no suspect identified
b80481ce729aae5b6c9af7be83ffef413cdea6bc000ab903830ad05cad8ae35a,2019-12,Staffordshire Police,Staffordshire Police,-2.246511,52.860499,On or near THE BURGAGE,E01029695,Stafford 005A,Investigation complete; no suspect identified
362d9440d0d2752e22e39277927058f5b19d7b9dd3b68624f404391b9487de32,2019-12,Staffordshire Police,Staffordshire Police,,,No location,,,Investigation complete; no suspect identified
acfece50c4def066cf22e2353ad0597a2505297a0940f4ad99b6f5d6a1230c95,2019-12,Staffordshire Police,Staffordshire Police,-1.679008,52.620426,On or near Pedestrian Subway,E01029828,Tamworth 006D,Investigation complete; no suspect identified
ad75bf49d8fa6c57c9769d1d84d64275974437d4f3a431796ee2489ed3e70dc7,2019-12,Staffordshire Police,Staffordshire Police,-1.654802,52.633115,On or near LINDERA,E01029824,Tamworth 003D,Investigation complete; no suspect identified
8c7d0750bcc69a4eb3a41e7917b443842edc8ba37f0c53536f879c3bb13e6875,2019-12,Staffordshire Police,Staffordshire Police,-2.056428,52.643716,On or near M6,E01029635,South Staffordshire 007D,Investigation complete; no suspect identified
7f0fadf9584343094a68f88c339878f15c95ab25380cd52115ecad48ae64caa4,2019-12,Staffordshire Police,Staffordshire Police,,,No location,,,Investigation complete; no suspect identified
f4627c97c7f0002782c1303a72eb4ecb1b340667b05257c771d550ed842553fb,2019-12,Staffordshire Police,Staffordshire Police,-1.999306,52.709292,On or near MARKET STREET,E01029389,Cannock Chase 005D,Investigation complete; no suspect identified
9dd927c0f583bcf495413d4d285e0baa5028877f29fa72e889005f63484d2343,2019-12,Staffordshire Police,Staffordshire Police,-1.624159,52.822523,On or near Petrol Station,E01029428,East Staffordshire 008C,Investigation complete; no suspect identified
427df16e928146b311e408281038a528e5071fd53901ad0211b19cf8ebf60c15,2019-12,Staffordshire Police,Staffordshire Police,-1.939055,52.685049,On or near PRINCESS STREET,E01029494,Lichfield 006C,Investigation complete; no suspect identified
0d56f38c7a13d1107e9535cfde491c43108f11f90b2e836313ea050a1aedd761,2019-12,Staffordshire Police,Staffordshire Police,-2.066518,52.825130,On or near Conference/Exhibition Centre,E01029732,Stafford 011E,Investigation complete; no suspect identified
b38b3d477273849c94e0ec320c4e5b22189f4feeea43960463faf5ab7fcfcd50,2019-12,Staffordshire Police,Staffordshire Police,-1.829032,52.683207,On or near Supermarket,E01029526,Lichfield 004E,Investigation complete; no suspect identified
79aff2ec95711bbc13916ec6af288355d8245710b2d73b79caab15d513806f2a,2019-12,Staffordshire Police,Staffordshire Police,-2.118173,52.807129,On or near Shopping Area,E01029701,Stafford 010E,Investigation complete; no suspect identified
3b3255a2c1a51c72a9c61849501b98e089b439e747239002035f41ce06f762a7,2019-12,Staffordshire Police,Staffordshire Police,-2.194640,52.613634,On or near WERGS HALL ROAD,E01029630,South Staffordshire 009D,Investigation complete; no suspect identified
04e17bf9d6f9fc44953e9e53a063e2d04e4d2a4760ddb031ac05c14692274059,2019-12,Staffordshire Police,Staffordshire Police,-2.263642,52.591763,On or near COLLEGE FARM CLOSE,E01029654,South Staffordshire 010A,Investigation complete; no suspect identified
5480434856d75659676bbd515bc9abc619da2d254607925358f1836b8b22e1c0,2019-12,Staffordshire Police,Staffordshire Police,-2.125491,52.798500,On or near ROWLEY AVENUE,E01029736,Stafford 012B,Investigation complete; no suspect identified
f27c6d2bd049595d8d2bff9d0e891b889ac52d782777452f09a87f21081470a1,2019-12,Staffordshire Police,Staffordshire Police,-2.111661,52.778297,On or near TEN BUTTS CRESCENT,E01029729,Stafford 016B,Investigation complete; no suspect identified
68091634ce32cbfd4e65e49be6db75ea57340be6e32f2c01cc760fbb64db9be8,2019-12,Staffordshire Police,Staffordshire Police,-2.109580,52.811353,On or near CORPORATION STREET,E01029725,Stafford 009D,Investigation complete; no suspect identified
0ea845fbe6b2b5806e8ca82ceafaf4c87a8ff5db7d49776dc15227cd3ddf1eb5,2019-12,Staffordshire Police,Staffordshire Police,-1.993874,52.713562,On or near GLENDENE ROAD,E01029389,Cannock Chase 005D,Investigation complete; no suspect identified
4b59af5615fedcea6d2b5765af28cd88c80015a6842d794d63c5c9b949149388,2019-12,Staffordshire Police,Staffordshire Police,-2.194125,52.527198,On or near CYGNET COURT,E01029677,South Staffordshire 013F,Investigation complete; no suspect identified
ff40b1c195fadb64edda4e00956d2cb324245064da55eb6acfdc41d709b14e8c,2019-12,Staffordshire Police,Staffordshire Police,-1.654191,52.794944,On or near CARAWAY DRIVE,E01029415,East Staffordshire 013C,Investigation complete; no suspect identified
37344a0888d8ec0f55c386364fa34bcdf2db2ac74aa34ae374eb8f26edf4a373,2019-12,Staffordshire Police,Staffordshire Police,-2.107458,52.781150,On or near THE BRANDONS,E01029735,Stafford 016D,Investigation complete; no suspect identified
f7921b431e44e4fb41ff0da88de28ffcc286752b33795d5cd391bbae6bf88fd1,2019-12,Staffordshire Police,Staffordshire Police,,,No location,,,Investigation complete; no suspect identified
4e448333ac071a97431cf672d52bcc226a33febe29eadba02799faf84c59a135,2019-12,Staffordshire Police,Staffordshire Police,-1.654191,52.794944,On or near CARAWAY DRIVE,E01029415,East Staffordshire 013C,Investigation complete; no suspect identified
65a5fcecd903f23c44d0a5180b3a205901cd7bd8d89e6a1f7d40597e6f83184a,2019-12,Staffordshire Police,Staffordshire Police,-1.991774,52.701776,On or near ALPINE DRIVE,E01029392,Cannock Chase 009E,Investigation complete; no suspect identified
a8f2667295a8c2b678f2b85c2ce1e91c849e305d01fda87489d70043531cda0a,2019-12,Staffordshire Police,Staffordshire Police,-1.726517,52.643478,On or near KENTWELL,E01029847,Tamworth 001B,Investigation complete; no suspect identified
8849c43eac1f0959e90b6645a4941af3e558132f19cbd0ee7c7fb402f7840dc1,2019-12,Staffordshire Police,Staffordshire Police,-1.825983,52.676109,On or near CHAPEL LANE,E01029518,Lichfield 007D,Investigation complete; no suspect identified
c2aa9c791f70b6e17cf9c3dd64e21009f5919867b99c634dfafe8bb5c2f774da,2019-12,Staffordshire Police,Staffordshire Police,-1.723642,52.616583,On or near CORONATION AVENUE,E01029502,Lichfield 012B,Investigation complete; no suspect identified
6dec841df2ccb96dfbfc9ded3b72716964e819c5eb1f1b8774232597e0560b0d,2019-12,Staffordshire Police,Staffordshire Police,,,No location,,,Investigation complete; no suspect identified
4c533eb015dc05a6e6ab05feb403aa07ec42f8b52a2b87bdbe611b9a3adc40b5,2019-12,Staffordshire Police,Staffordshire Police,-1.721288,52.617494,On or near MANOR ROAD,E01029502,Lichfield 012B,Investigation complete; no suspect identified
b2dd97d55f54db80ec8384facb037ff007c39b479451724d488a09574845c713,2019-12,Staffordshire Police,Staffordshire Police,-1.871523,52.892311,On or near FOXGLOVE AVENUE,E01029459,East Staffordshire 003A,Investigation complete; no suspect identified
393cdae1d5543cf709048a8ad5d6037867b6595f4be308b24dc72cd3c069bbdb,2019-12,Staffordshire Police,Staffordshire Police,-1.825983,52.676109,On or near CHAPEL LANE,E01029518,Lichfield 007D,Investigation complete; no suspect identified
8b5fa9b9fe7f27a5d8d37eb199e535f979104e52d6054d1f9b13bd93b51231c3,2019-12,Staffordshire Police,Staffordshire Police,-1.919979,52.681028,On or near Supermarket,E01029489,Lichfield 009C,Investigation complete; no suspect identified
9fd4870c77bf49f8ef728989abe5b9f5773c362040651f28a267c8f7bba2c89d,2019-12,Staffordshire Police,Staffordshire Police,-1.919979,52.681028,On or near Supermarket,E01029489,Lichfield 009C,Investigation complete; no suspect identified
939146a2ad7a3c7b22f7aa3b8feb2ef142611f100b8aa17f265ba9bb7a4dc338,2019-12,Staffordshire Police,Staffordshire Police,-1.856491,52.903054,On or near ST CATHERINES CLOSE,E01029461,East Staffordshire 003C,Investigation complete; no suspect identified
cc8659473c9057b0321c5c43e28e8f98dc35678e6ef976919aee51831ca83cb8,2019-12,Staffordshire Police,Staffordshire Police,-1.867803,52.893682,On or near KESTREL CLOSE,E01029459,East Staffordshire 003A,Investigation complete; no suspect identified
8aca7915ad7eee5c4b20e70a746bbd33532aa7697b5a20c79a8692c98c7206bb,2019-12,Staffordshire Police,Staffordshire Police,-2.048529,52.770590,On or near OLDACRE LANE,E01029730,Stafford 014C,Investigation complete; no suspect identified
0c4a9bafa79c11dd75d30b88067fc67af1ce55665556d9d54f1092bf983b7c0a,2019-12,Staffordshire Police,Staffordshire Police,-1.724020,52.643391,On or near GAWSWORTH,E01029847,Tamworth 001B,Investigation complete; no suspect identified
21dff0a5592fd193481c87be68400a97fdb9180b1af9c7b8040dac90d520c79b,2019-12,Staffordshire Police,Staffordshire Police,-1.646338,52.695101,On or near MAIN ROAD,E01029516,Lichfield 008A,Investigation complete; no suspect identified
19252e172a62384d1625d025ddecec9c6eec6084684770f5571bd65c8519a115,2019-12,Staffordshire Police,Staffordshire Police,-1.683744,52.594530,On or near FELSTEAD CLOSE,E01029862,Tamworth 009C,Investigation complete; no suspect identified
077ae113eddbf490d3a89b9d275dce835562107e38514865234c02123347f4df,2019-12,Staffordshire Police,Staffordshire Police,-2.091111,52.642077,On or near SOUTH VIEW CLOSE,E01029635,South Staffordshire 007D,Investigation complete; no suspect identified
435ab0bd5d9b3533bda9cf94bf71bb6dbca3ac8ba93250e26cb47db5de62c08f,2019-12,Staffordshire Police,Staffordshire Police,-2.107030,52.806033,On or near LAMMASCOTE ROAD,E01029701,Stafford 010E,Investigation complete; no suspect identified
bae32871be8135732ad974e37f3889647e000933e1ebaf2d11b0ad9f2aa94302,2019-12,Staffordshire Police,Staffordshire Police,-2.313774,52.878382,On or near GINGER LANE,E01029697,Stafford 005C,Investigation complete; no suspect identified
2033a98ebe7e52eedd0d1d4b891977d1d9f9b66271df87376fc2a7f09b86ef37,2019-12,Staffordshire Police,Staffordshire Police,-2.194534,52.964953,On or near PADDOCK RISE,E01014349,Stoke-on-Trent 030C,Investigation complete; no suspect identified
99185136b497a883d30e2ce0b9e44f2754da78744694c3c9aa61753ee47b8f6d,2019-12,Staffordshire Police,Staffordshire Police,-1.643961,52.807221,On or near BOROUGH ROAD,E01029445,East Staffordshire 009A,Investigation complete; no suspect identified
2f656b917e908dd2dcf66837f4570f3d4ef1d9adb03d20babff35b90a8d119c5,2019-12,Staffordshire Police,Staffordshire Police,-2.185891,52.538916,On or near LINK ROAD,E01029673,South Staffordshire 012B,Investigation complete; no suspect identified
8451e5715a441b53bba2bb2e7daf230e71a2dc0a6865fbea559edb6e2b28400b,2019-12,Staffordshire Police,Staffordshire Police,-1.631917,52.800019,On or near LICHFIELD STREET,E01032898,East Staffordshire 011H,Investigation complete; no suspect identified
a0ecc19622d2a4d034882b5bc072ce2523cacb44962951e08936a58a0a185053,2019-12,Staffordshire Police,Staffordshire Police,-2.016551,52.673907,On or near Supermarket,E01029395,Cannock Chase 013B,Investigation complete; no suspect identified
55522607805c92655f997679df3eeb5f8fd5d87f0f4f5034e43f7c7ed6fa224b,2019-12,Staffordshire Police,Staffordshire Police,-2.111916,52.813994,On or near FARADAY ROAD,E01029692,Stafford 009A,Investigation complete; no suspect identified
48c0a4cffe6d0869809227859398818c50f9d39cb94fe3b4824395a1cf6514d7,2019-12,Staffordshire Police,Staffordshire Police,-1.993771,52.706037,On or near CHURCH HILL,E01029391,Cannock Chase 009D,Investigation complete; no suspect identified
6032fcdd01536ecc980c5abbcccb2f76ceba9ffe938bd1b66cf55d0928282605,2019-12,Staffordshire Police,Staffordshire Police,-1.933573,52.670744,On or near Parking Area,E01029497,Lichfield 006E,Investigation complete; no suspect identified
7546593074198cbbc33c630be5b65b594724d0030261717d0a0da5d8b27f39ce,2019-12,Staffordshire Police,Staffordshire Police,-2.044482,52.682818,On or near LEAMINGTON CLOSE,E01029363,Cannock Chase 012E,Investigation complete; no suspect identified
891d895f8c66fdd71268b21779d7d621866f82a0b3491b1cbb830b61fd6211b3,2019-12,Staffordshire Police,Staffordshire Police,,,No location,,,Investigation complete; no suspect identified
87a3589e42af00aee8e00ece0f91fe837156ba027451abea8a55b4f203f07095,2019-12,Staffordshire Police,Staffordshire Police,-1.641846,52.815485,On or near Nightclub,E01029426,East Staffordshire 008A,Investigation complete; no suspect identified
a5dc3a450d3f9fd1d3863fea8c693069a9cb58608f2e65bd16f0a18d905351ef,2019-12,Staffordshire Police,Staffordshire Police,-2.196044,52.531222,On or near BROOK ROAD,E01029679,South Staffordshire 012D,Investigation complete; no suspect identified
de9eb423d3eb623ee2695659067d364d2290a9e2628071fa6c90add3e7123b34,2019-12,Staffordshire Police,Staffordshire Police,-2.019783,52.692147,On or near STONEY LEA ROAD,E01029353,Cannock Chase 011A,Investigation complete; no suspect identified
6492fe2cabf12ebd86dd4978edbc46e00b1d8e68f206463dd5c6393ab27a3894,2019-12,Staffordshire Police,Staffordshire Police,-1.912482,52.746638,On or near RUGELEY ROAD,E01029481,Lichfield 001B,Investigation complete; no suspect identified
10218fb1b1bb7e11e7249409fbda769f4d7bce04c2b2fd0270a4743eca387518,2019-12,Staffordshire Police,Staffordshire Police,-1.647369,52.622206,On or near MICA CLOSE,E01029820,Tamworth 003A,Investigation complete; no suspect identified
1e156936ab2b62bf9d63985d7db0766ebe8dfc1ac3a8cb151c3d6199f1f15093,2019-12,Staffordshire Police,Staffordshire Police,-1.865847,52.891738,On or near CHAFFINCH DRIVE,E01029459,East Staffordshire 003A,Investigation complete; no suspect identified
f0a27b510e088f6ce7533f82605ffec1c33fee1d3915bf7685ead7688fc5f334,2019-12,Staffordshire Police,Staffordshire Police,-1.985296,52.689747,On or near GLADSTONE ROAD,E01029382,Cannock Chase 009C,Investigation complete; no suspect identified
9aedb5160c96961e69c35885aa0990c37d3ef511200f3fea5522d725be882c27,2019-12,Staffordshire Police,Staffordshire Police,-1.841633,52.687737,On or near Supermarket,E01032899,Lichfield 004F,Investigation complete; no suspect identified
f406d6b77cbc916658cbff0048a3ad593633a6944e7d8403a83d2c9f7c23dbf6,2019-12,Staffordshire Police,Staffordshire Police,,,No location,,,Investigation complete; no suspect identified
35ee77b62b2d14b815a245da8a52ea6c99ae1879dfb4701e678f4f36b739205e,2019-12,Staffordshire Police,Staffordshire Police,-1.965867,52.675153,On or near SCHOOL ROAD,E01029394,Cannock Chase 013A,Investigation complete; no suspect identified
18cdfefc2cd1ec80a27aff7158ea8e69f98c515b345912c2779df2fee19ecb1a,2019-12,Staffordshire Police,Staffordshire Police,-2.118385,52.814302,On or near WOGAN STREET,E01029689,Stafford 010A,Investigation complete; no suspect identified
53aa11ddc7498ac0d62fb13c440924078a95020fbe0e428e742e4dbf45a34486,2019-12,Staffordshire Police,Staffordshire Police,-1.637236,52.818536,On or near RUSKIN PLACE,E01029427,East Staffordshire 008B,Investigation complete; no suspect identified
fcfd164388f4a2be4f7c2aa22d1a009f180bcea5382bd690f28884d640a683fd,2019-12,Staffordshire Police,Staffordshire Police,-2.028693,52.674921,On or near BROAD STREET,E01029359,Cannock Chase 012A,Investigation complete; no suspect identified
380e2970b374c7ced598427e16020b34923df589302ee00b00a53f9270412bcb,2019-12,Staffordshire Police,Staffordshire Police,-1.823316,52.684565,On or near GEORGE LANE,E01029526,Lichfield 004E,Investigation complete; no suspect identified
c01c4ade51a4dd88d9329cc64454aa4a619b5db0d661a3dcb73703e3e8325e29,2019-12,Staffordshire Police,Staffordshire Police,-1.868699,52.897432,On or near STONE ROAD,E01029462,East Staffordshire 003D,Investigation complete; no suspect identified
8d2789ea3e69d23d3a8cfdaeaa0c4b631bf52d9753d463a14d320cf0c4ba3cbb,2019-12,Staffordshire Police,Staffordshire Police,-2.201808,52.592091,On or near CHERITON GROVE,E01029664,South Staffordshire 011B,Investigation complete; no suspect identified
7f7466557cf2e8bc23fd0f64aac2ad46a26146f99642353f283b470fae020131,2019-12,Staffordshire Police,Staffordshire Police,-1.843366,52.674884,On or near Supermarket,E01029512,Lichfield 007C,Investigation complete; no suspect identified
9613d90e13d44b436cccaa51dd5b7c23a006267ceea5f3d94fbcc350a865e73b,2019-12,Staffordshire Police,Staffordshire Police,-1.632808,52.801676,On or near Shopping Area,E01032896,East Staffordshire 011F,Investigation complete; no suspect identified
2b1d361a1aca054dc0c0d7599338c8c8d23fc041aba9cb48a234f9906d565503,2019-12,Staffordshire Police,Staffordshire Police,-1.846897,52.675860,On or near CHATTERTON AVENUE,E01029512,Lichfield 007C,Investigation complete; no suspect identified
1b3f78d824a17f4e7da607fbdb23b18b6cab0664967db830e0c10befc74fc702,2019-12,Staffordshire Police,Staffordshire Police,,,No location,,,Investigation complete; no suspect identified
4ad0bef20b5d53c33bb0a520ab681a11ad6fc734a8338472683b2b47f881023e,2019-12,Staffordshire Police,Staffordshire Police,-2.009267,52.707152,On or near QUEEN STREET,E01029349,Cannock Chase 008A,Investigation complete; no suspect identified
dc86d183c4f8fba62e7edfa0f8cb3a1de8876ee31750aba693a79ceb1935d413,2019-12,Staffordshire Police,Staffordshire Police,-2.020180,52.654192,On or near OXLEY CLOSE,E01029640,South Staffordshire 005C,Investigation complete; no suspect identified
1d93266cbcec87bed9b59ad1948e957246dfa77413f7f6220421d1a770a2fdba,2019-12,Staffordshire Police,Staffordshire Police,-2.015084,52.710100,On or near MARINA CRESCENT,E01029384,Cannock Chase 005A,Investigation complete; no suspect identified
33bed079c12397a05fad6953e676b520059838bb1fe6e10a2f6d8e962181cbce,2019-12,Staffordshire Police,Staffordshire Police,-1.661071,52.605786,On or near BROOKSIDE WAY,E01029867,Tamworth 010C,Investigation complete; no suspect identified
6ae5fb7159e849ad438581d8c94bcd234e59109753920ad7aa51896c16e3eb21,2019-12,Staffordshire Police,Staffordshire Police,-2.023224,52.652708,On or near CHILLINGTON CLOSE,E01029639,South Staffordshire 005B,Investigation complete; no suspect identified
d8765ee8860997c2d595ac1d41c4082954b54e91ca0db4800d8f7345cc0f8949,2019-12,Staffordshire Police,Staffordshire Police,-2.023224,52.652708,On or near CHILLINGTON CLOSE,E01029639,South Staffordshire 005B,Investigation complete; no suspect identified
680f19279d33c6b3a120a5d1ab60c997cb33928dee5943cd64f19802da1ac2c4,2019-12,Staffordshire Police,Staffordshire Police,-1.836369,52.675135,On or near TEWE PLACE,E01032900,Lichfield 004G,Investigation complete; no suspect identified
777899c8d949aaca461b84e937456d14552fda00cf97155c746e10b24564ce15,2019-12,Staffordshire Police,Staffordshire Police,-1.703533,52.626315,On or near Petrol Station,E01029837,Tamworth 005B,Investigation complete; no suspect identified
c372d7c7902ea431ab51e353adb575923152866fd009c2bc980bd0009fc0d796,2019-12,Staffordshire Police,Staffordshire Police,-1.992482,52.713211,On or near HEATHER VALLEY,E01029389,Cannock Chase 005D,Investigation complete; no suspect identified
0c0592d98fab16f3c3a7fb4feac7eecdb6163f67af3ae082f05b498bd13d82b8,2019-12,Staffordshire Police,Staffordshire Police,-2.025277,52.675173,On or near WALSALL ROAD,E01029359,Cannock Chase 012A,Investigation complete; no suspect identified
4fa5fcd0cec64e2ce64ea816117ab7b838be0d653a44df675aae3c8245faff01,2019-12,Staffordshire Police,Staffordshire Police,,,No location,,,Investigation complete; no suspect identified
7d2d6d680f93e6f0525e6f9f33e2579c43a9ac1a4f4e74a6a60c37acb07e7696,2019-12,Staffordshire Police,Staffordshire Police,,,No location,,,Investigation complete; no suspect identified
6910f0e6444606900cf5f901d37bce22a2f3f1aa77fd8204d61d605c5660d32d,2019-12,Staffordshire Police,Staffordshire Police,-1.715663,52.621562,On or near ALDIN CLOSE,E01029503,Lichfield 012C,Investigation complete; no suspect identified
84a80d367b28f6e9f5e4314c2a6da132249d37ec00b8e9c4d67626f7002552b4,2019-12,Staffordshire Police,Staffordshire Police,-1.634783,52.817297,On or near STAFFORD STREET,E01029429,East Staffordshire 008D,Investigation complete; no suspect identified
9cb59da8218a741e69d413fbe173843a37b01b464fb4ae4c0b88450cffc9beff,2019-12,Staffordshire Police,Staffordshire Police,-2.105416,52.795014,On or near Shopping Area,E01029734,Stafford 016C,Investigation complete; no suspect identified
6e85558c5d4acf02057d8438c9d3dc6b1b5a22908cbc1bc88fc3b823c80ca075,2019-12,Staffordshire Police,Staffordshire Police,-2.105654,52.807608,On or near CORPORATION STREET,E01029725,Stafford 009D,Investigation complete; no suspect identified
d72453c48f40ef85a0c0f54bf9a3e101ad852fb2b4e3aae7fea06c19690c0e44,2019-12,Staffordshire Police,Staffordshire Police,-1.836535,52.674183,On or near SAINTE FOY AVENUE,E01032900,Lichfield 004G,Investigation complete; no suspect identified
1bab073b6836cc1ea121c7f6985fc857d52a9b7e23334a1c13ef5ec9ffb5fe17,2019-12,Staffordshire Police,Staffordshire Police,-1.704143,52.645393,On or near SHELLEY ROAD,E01029849,Tamworth 002C,Investigation complete; no suspect identified
b4a154e5346a283dcebb98d70a3955fde416e6afb2166f3ea4e92d9a233d25c7,2019-12,Staffordshire Police,Staffordshire Police,-1.655528,52.817170,On or near Hospital,E01029435,East Staffordshire 007B,Investigation complete; no suspect identified
f2856c08f0809b37cd789efe111acafa626da9f7465cca4416db21dbfef7bef9,2019-12,Staffordshire Police,Staffordshire Police,-2.113866,52.725715,On or near Parking Area,E01029655,South Staffordshire 001A,Investigation complete; no suspect identified
b4fbde0bb75978c7eeabf68999410f7f4e6effbd945ffa281091386504276c0d,2019-12,Staffordshire Police,Staffordshire Police,-2.035319,52.675287,On or near Shopping Area,E01029359,Cannock Chase 012A,Investigation complete; no suspect identified
ffd1f663ec5813e9e795e6aea944ad3da5cf8bc16800cf832eeb2b8f7b6d3fe4,2019-12,Staffordshire Police,Staffordshire Police,-1.834108,52.682468,On or near Park/Open Space,E01032899,Lichfield 004F,Investigation complete; no suspect identified
a4555dce4f9e6b43cb7df6568d644359836f8b6bb57fe9d46223959a7e72093b,2019-12,Staffordshire Police,Staffordshire Police,-1.834108,52.682468,On or near Park/Open Space,E01032899,Lichfield 004F,Investigation complete; no suspect identified
75e857c9cafa4a9a88bf3b04197b2709551c4c9b114d8d37971019dda5204f30,2019-12,Staffordshire Police,Staffordshire Police,-1.647402,52.816535,On or near BRADMORE ROAD,E01029436,East Staffordshire 007C,Investigation complete; no suspect identified
3c0e009054def62f9e7428cbb58a7d1e44f1140fd3582f080f94f50013552df0,2019-12,Staffordshire Police,Staffordshire Police,-1.717884,52.600028,On or near OLD MANOR CLOSE,E01029488,Lichfield 012A,Investigation complete; no suspect identified
3df02074a9062dab6b3a957a1659c58a19b4af5fc932f14f9afb4d3d570afc22,2019-12,Staffordshire Police,Staffordshire Police,-1.715663,52.621562,On or near ALDIN CLOSE,E01029503,Lichfield 012C,Investigation complete; no suspect identified
fecc7bc839718cd331ad1f7989ce60f80e0ece288fdb3162400d28cdd1ab7082,2019-12,Staffordshire Police,Staffordshire Police,-2.178647,52.928580,On or near Parking Area,E01029683,Stafford 002C,Investigation complete; no suspect identified
9e2b36dbad273d1e3f6728745a4304606fbe72922fa709eafafd084a6e468094,2019-12,Staffordshire Police,Staffordshire Police,-2.183676,52.534757,On or near Supermarket,E01029676,South Staffordshire 012C,Investigation complete; no suspect identified
b4ea9f43d388db221d45e6002abc23fdb44a45f97e3d4eb2d91062b6d7bdcbaf,2019-12,Staffordshire Police,Staffordshire Police,-1.683744,52.594530,On or near FELSTEAD CLOSE,E01029862,Tamworth 009C,Investigation complete; no suspect identified
b92518ba8861a642f0060161098787df46028cb77c591929a69c229960e64248,2019-12,Staffordshire Police,Staffordshire Police,-1.680109,52.597127,On or near NIMBUS,E01029862,Tamworth 009C,Investigation complete; no suspect identified
38e6e535db698bda38c45521263503bf32b220a9b68e642af7d1dd1fc07f42c8,2019-12,Staffordshire Police,Staffordshire Police,-2.120361,52.809670,On or near GLOVER STREET,E01029701,Stafford 010E,Investigation complete; no suspect identified
7335e50a518e29ee332420092a59655130fcf76ef1f81fefa17612b13e3b1e87,2019-12,Staffordshire Police,Staffordshire Police,-2.120361,52.809670,On or near GLOVER STREET,E01029701,Stafford 010E,Investigation complete; no suspect identified
7795b6c279c8a0fa9c94078f2db9a06665b56d4a907413ffd8003ca206d6beee,2019-12,Staffordshire Police,Staffordshire Police,-1.708095,52.648990,On or near LOMOND CLOSE,E01029846,Tamworth 001A,Investigation complete; no suspect identified
ee83b4333de2f8d3f590fa1bab9889a00aec7ff445d0298341940009fe316dbd,2019-12,Staffordshire Police,Staffordshire Police,-2.037207,52.617510,On or near BLOOMFIELD DRIVE,E01010397,Walsall 011B,Investigation complete; no suspect identified
0fb1bbb03d897d9741f3da385ce787b10427b89c850f63f2db2c2466ed1f3874,2019-12,Staffordshire Police,Staffordshire Police,-1.633977,52.796745,On or near Supermarket,E01032898,East Staffordshire 011H,Investigation complete; no suspect identified
70dcccbb9fbd7887d778853a53efd29b68ed7b08b18a82667cbd898d5142458a,2019-12,Staffordshire Police,Staffordshire Police,-1.919979,52.681028,On or near Supermarket,E01029489,Lichfield 009C,Investigation complete; no suspect identified
db684349dddd9446e9692e0382382d2001b95e611a249611a5aed2c8c3459458,2019-12,Staffordshire Police,Staffordshire Police,-2.202387,52.599354,On or near OFFA'S DRIVE,E01029661,South Staffordshire 010B,Investigation complete; no suspect identified
a0532328a62e33f864a2a49228745ba0fd656698b1db8d366300d036517f6218,2019-12,Staffordshire Police,Staffordshire Police,-2.114633,52.803680,On or near LICHFIELD ROAD,E01029701,Stafford 010E,Investigation complete; no suspect identified
f1a4b16191dafe304f7d78d81795505a8421d4961752ef50eba3bcfbf02ba945,2019-12,Staffordshire Police,Staffordshire Police,-2.059970,52.629439,On or near HAWTHORNE ROAD,E01029634,South Staffordshire 007C,Investigation complete; no suspect identified
49a48222ed10979acd31c45a7b45db145904bc5ecc2da9ea735cad4263b719b9,2019-12,Staffordshire Police,Staffordshire Police,-1.821687,52.685093,On or near Supermarket,E01029526,Lichfield 004E,Investigation complete; no suspect identified
65cbf6056440045b036590d6ed14610b84312d8f9904d4298fa55f548d1dccdf,2019-12,Staffordshire Police,Staffordshire Police,-2.098305,52.680412,On or near STABLE LANE,E01029647,South Staffordshire 002C,Investigation complete; no suspect identified
08c9a84c7cb2a5968c60717eebd4a3021bd007e4024b4657544bed02bfe9c1c7,2019-12,Staffordshire Police,Staffordshire Police,-1.617481,52.795533,On or near BRIZLINCOTE STREET,E01029420,East Staffordshire 012C,Investigation complete; no suspect identified
4edc36763f0014b175f893f943fcecc433ed24394875a7434ca5280116b6fe86,2019-12,Staffordshire Police,Staffordshire Police,-2.196138,52.529154,On or near ELM TREE CLOSE,E01029679,South Staffordshire 012D,Investigation complete; no suspect identified
5ad890ccfc57cb8ddfa5603d0328f00bd59042320ec5f2afa59b113d88fc72dc,2019-12,Staffordshire Police,Staffordshire Police,-1.810460,52.691629,On or near HERMES ROAD,E01029525,Lichfield 005G,Investigation complete; no suspect identified
c5784fa0782847b04015ae9284f8a62386f95d7134b9c3c2edf9f153e9f4a5a0,2019-12,Staffordshire Police,Staffordshire Police,,,No location,,,Investigation complete; no suspect identified
d67eb56dae83a7c65b2ed87ceb2f5251633ccab48d46b1ca90203a0315c0a98a,2019-12,Staffordshire Police,Staffordshire Police,-2.028672,52.687021,On or near HALLCOURT LANE,E01029360,Cannock Chase 012B,Investigation complete; no suspect identified
dcde9aee0bc6642ee76378e3363635aff482352aea8830b7a7bacbf9c200beac,2019-12,Staffordshire Police,Staffordshire Police,-2.171591,52.885891,On or near Motorway Service Area,E01029695,Stafford 005A,Investigation complete; no suspect identified
8f312b245c26767fe33e6d84759dfcb5e6ad5053b31d0992853a768428a451de,2019-12,Staffordshire Police,Staffordshire Police,-2.146519,52.903337,On or near Supermarket,E01029745,Stafford 003C,Investigation complete; no suspect identified
b276c3e9ba9296dda7a8dd83deba44a6ee81ebd87137910533b5ef6a67aa55f6,2019-12,Staffordshire Police,Staffordshire Police,-2.016551,52.673907,On or near Supermarket,E01029395,Cannock Chase 013B,Investigation complete; no suspect identified
ae9db694168c65db887d46778866fdf8a1a71210ae47b621610bcf9f42b5aef2,2019-12,Staffordshire Police,Staffordshire Police,-2.186060,52.537234,On or near Petrol Station,E01029671,South Staffordshire 012A,Investigation complete; no suspect identified
34afbdf586cb9be6937dc802c327bcc05f4c05f8bf5c27fb1336e1b698646292,2019-12,Staffordshire Police,Staffordshire Police,-1.671570,52.631499,On or near WARWICK ROAD,E01029823,Tamworth 004A,Investigation complete; no suspect identified
5f38f2a06579e360a04a01633d08f884229f0524d30ddfddffdd7a1a1799996e,2019-12,Staffordshire Police,Staffordshire Police,-2.133122,52.791255,On or near KEATS AVENUE,E01029716,Stafford 013B,Investigation complete; no suspect identified
bb225ae602affed6c7b7f60d82b7b1bd4a83649d8c93cb25bbb9f73f0731ab6e,2019-12,Staffordshire Police,Staffordshire Police,-2.198113,52.627095,On or near ARPS ROAD,E01029627,South Staffordshire 008D,Investigation complete; no suspect identified
6a224b1a8a9a7a35372e2834d69f0aec5e5ac28e878e250029b99b6fc1957d96,2019-12,Staffordshire Police,Staffordshire Police,-2.132204,52.791634,On or near TENNYSON ROAD,E01029716,Stafford 013B,Investigation complete; no suspect identified
b6407443d1c0966cbfd97c4c6bcfddc85c504f0bb7594ccab0cb1356ee7f63bd,2019-12,Staffordshire Police,Staffordshire Police,-2.131896,52.792731,On or near COLERIDGE DRIVE,E01029716,Stafford 013B,Investigation complete; no suspect identified
78f7c4c4740770c6df34de691321bb12448c360eda884cba06d69d184c6ebf79,2019-12,Staffordshire Police,Staffordshire Police,-1.675731,52.610241,On or near WATLING STREET,E01032902,Tamworth 010G,Investigation complete; no suspect identified
b397504e43fe9aceed759bfd489659dbdd6775b00f871c7142f8a5c7b0d82769,2019-12,Staffordshire Police,Staffordshire Police,-1.992482,52.713211,On or near HEATHER VALLEY,E01029389,Cannock Chase 005D,Investigation complete; no suspect identified
66dd073377c6086af22150333336b203fe62b08f5d84cec034ec8b815bcfad41,2019-12,Staffordshire Police,Staffordshire Police,-2.196008,52.625435,On or near WINDSOR GARDENS,E01029629,South Staffordshire 009C,Investigation complete; no suspect identified
15827a3acde49b56bac48fdf2f8884730cf2f0f9bb1482e42b7e0b4ed71e5da7,2019-12,Staffordshire Police,Staffordshire Police,-2.130341,52.793578,On or near LOVELACE CLOSE,E01029737,Stafford 012C,Investigation complete; no suspect identified
15dd1ef66eca94b434e104144d76b4472cb7a9becd5db0fe5d995302286cdf06,2019-12,Staffordshire Police,Staffordshire Police,-1.989285,52.710460,On or near Park/Open Space,E01029389,Cannock Chase 005D,Investigation complete; no suspect identified
5820343a77279ef68d1236a120d16c80860ce52f365227efd6b11dfafa18ea4f,2019-12,Staffordshire Police,Staffordshire Police,-1.635219,52.800749,On or near Parking Area,E01032896,East Staffordshire 011F,Investigation complete; no suspect identified
3a17eb99d1bc24fe61213d0273c6fc6ee37155e9cf400f40503afae67fe11011,2019-12,Staffordshire Police,Staffordshire Police,-2.016551,52.673907,On or near Supermarket,E01029395,Cannock Chase 013B,Investigation complete; no suspect identified
5f2713b44e910869e1c136632cc85df874ece3f9380fe9ee57e7bda60fa8b220,2019-12,Staffordshire Police,Staffordshire Police,-2.132204,52.791634,On or near TENNYSON ROAD,E01029716,Stafford 013B,Investigation complete; no suspect identified
42b41afc7c4226abc820e44848eecc2e661041f38d25463ab0c276843bb7f633,2019-12,Staffordshire Police,Staffordshire Police,-2.131896,52.792731,On or near COLERIDGE DRIVE,E01029716,Stafford 013B,Investigation complete; no suspect identified
6514ab8082fbcf12627d101133bce8cef5d94bc5ff92f22ec54ee2b519ddba3a,2019-12,Staffordshire Police,Staffordshire Police,-1.694212,52.636855,On or near Petrol Station,E01029851,Tamworth 002E,Investigation complete; no suspect identified
a88fc384cef4d35a7ea72b060fcf8b0006cff944a53c38b22f226efcae01f974,2019-12,Staffordshire Police,Staffordshire Police,-2.118173,52.807129,On or near Shopping Area,E01029701,Stafford 010E,Investigation complete; no suspect identified
02b0935ea56966a93f2dd1e1278e4231cd19fe6f729352e3f7c1a41b2b7d0316,2019-12,Staffordshire Police,Staffordshire Police,-1.697933,52.635030,On or near ST JOHN STREET,E01029851,Tamworth 002E,Investigation complete; no suspect identified
4dcc86ba9bcaababa0080356eed4762980a581832b9a33dba81d30960c95d94b,2019-12,Staffordshire Police,Staffordshire Police,-1.821687,52.685093,On or near Supermarket,E01029526,Lichfield 004E,Investigation complete; no suspect identified
c6b134d1156c4fd0d441122b92d5e7d0e4f62b2e624ca8b755b62a8f892a3c02,2019-12,Staffordshire Police,Staffordshire Police,-1.625143,52.804691,On or near Sports/Recreation Area,E01032896,East Staffordshire 011F,Investigation complete; no suspect identified
9693d28015b66e7d95eaab39649561f7bace9d06eb56ff19fa52b7b23afbfc68,2019-12,Staffordshire Police,Staffordshire Police,-1.633977,52.796745,On or near Supermarket,E01032898,East Staffordshire 011H,Investigation complete; no suspect identified
ad526550661c381480611b87dbead438cbbe7f71098beafa0448b2a372ae8b40,2019-12,Staffordshire Police,Staffordshire Police,-2.220488,52.710803,On or near HAWTHORNE ROAD,E01029669,South Staffordshire 003D,Investigation complete; no suspect identified
4d391d6ef8935914d047f1fa287421963a3cef8de98f60a0678264aceefaa59b,2019-12,Staffordshire Police,Staffordshire Police,-2.222546,52.713838,On or near MARSTON CROFT,E01029669,South Staffordshire 003D,Investigation complete; no suspect identified
bc58cd567418d9ce66f067a2a36803b4e41da894ef69253bc194f376e7bc2fa4,2019-12,Staffordshire Police,Staffordshire Police,-1.911110,52.896968,On or near CHURCH CROFT,E01029405,East Staffordshire 001A,Investigation complete; no suspect identified
487b588ca1882a38f9e983358b8701ca4bee907daf6eb3906ad1c7fce9343da5,2019-12,Staffordshire Police,Staffordshire Police,-1.630343,52.803718,On or near Parking Area,E01032896,East Staffordshire 011F,Investigation complete; no suspect identified
287e631c60a9bfe4e53742560b1d015b8c3f5aa3124a6bc0b30162b1493b2cdd,2019-12,Staffordshire Police,Staffordshire Police,-2.122132,52.801254,On or near BRUNSWICK TERRACE,E01029736,Stafford 012B,Investigation complete; no suspect identified
71eed376ee1129d3e8cb49592dce23816a2a6ec63c30cb4e1533e52fbf6c25c6,2019-12,Staffordshire Police,Staffordshire Police,-2.180358,52.620570,On or near MEADOW VALE,E01029631,South Staffordshire 009E,Investigation complete; no suspect identified
2c9caac9d0ccba49f642ba71d4ed6862614e6a64680ffdcae4e5f01de16ad4cd,2019-12,Staffordshire Police,Staffordshire Police,-2.112501,52.724889,On or near MARKET PLACE,E01029655,South Staffordshire 001A,Investigation complete; no suspect identified
5bf8affe7e56ab2393d7fcd667683f40ceff42e3c9ea2095bc22d1167de99d12,2019-12,Staffordshire Police,Staffordshire Police,,,No location,,,Investigation complete; no suspect identified
7bcba761bfa46b2d3981f114c6c4679d1e6db83c583fe14b45c510d277e19241,2019-12,Staffordshire Police,Staffordshire Police,-2.131896,52.792731,On or near COLERIDGE DRIVE,E01029716,Stafford 013B,Investigation complete; no suspect identified
b8aa579a6d32031ef7fffb15585ac676c3f9e9f97f9a45f2a3126bdd643daa1c,2019-12,Staffordshire Police,Staffordshire Police,-2.118173,52.807129,On or near Shopping Area,E01029701,Stafford 010E,Investigation complete; no suspect identified
0505e9051e9e46a3a508435eb0d8491d2c3eccc9c7474a5eebe2f088ebee7387,2019-12,Staffordshire Police,Staffordshire Police,-2.122671,52.782133,On or near SOUTHFIELDS ROAD,E01029728,Stafford 013E,Investigation complete; no suspect identified
984ee8ef02f6392e05fff0af2fd4fdd5e47e26872a720a5fb47df2f09d0ad761,2019-12,Staffordshire Police,Staffordshire Police,-1.610949,52.794541,On or near REDWOOD DRIVE,E01029419,East Staffordshire 012B,Investigation complete; no suspect identified
c628af4a08b37eac66f2a0478895dd5a7c38ae9598a87d1cac972f29ea92ebee,2019-12,Staffordshire Police,Staffordshire Police,-2.018388,52.683148,On or near YORK ROAD,E01029362,Cannock Chase 012D,Investigation complete; no suspect identified
1934b64a05601af87330ae8d8ab1f10b8beeb94c8d4c6b67f709042c526c3578,2019-12,Staffordshire Police,Staffordshire Police,-2.103311,52.807808,On or near BEDFORD AVENUE,E01029722,Stafford 009C,Investigation complete; no suspect identified
f31a8064b57ada5fcb5af8c99a9a988915dc5b08205142652faba3804c8304aa,2019-12,Staffordshire Police,Staffordshire Police,-2.029812,52.688171,On or near Supermarket,E01029360,Cannock Chase 012B,Investigation complete; no suspect identified
2df2155702edc5d474959a6854e9c62324c0a3903e87a026088dc400b8948f48,2019-12,Staffordshire Police,Staffordshire Police,-1.994642,52.728592,On or near BRINDLEY HEATH ROAD,E01029388,Cannock Chase 004C,Investigation complete; no suspect identified
4f73746f1dc6b4164b96c5bf066627e11f1e483f87c8029f845cb3845299860b,2019-12,Staffordshire Police,Staffordshire Police,-2.032499,52.661076,On or near OLD FALLS CLOSE,E01029622,South Staffordshire 004B,Investigation complete; no suspect identified
c661381888701e76c741d422fd203ef13df3d0bc33269fb520822be66f2a8b81,2019-12,Staffordshire Police,Staffordshire Police,-2.003237,52.814865,On or near HOOMILL LANE,E01029711,Stafford 008C,Investigation complete; no suspect identified
93018b7530bb92a1aefdfae6e846effff456cab0cba5e6f683c02c372e42e447,2019-12,Staffordshire Police,Staffordshire Police,-1.863703,52.897894,On or near QUEEN STREET,E01029460,East Staffordshire 003B,Investigation complete; no suspect identified
49a8cb5edfc0cea593940862705877dae6b38e295ea89affd982b91baed4d904,2019-12,Staffordshire Police,Staffordshire Police,-1.913333,52.728480,On or near UPPER WAY,E01029515,Lichfield 003D,Investigation complete; no suspect identified
10e5f429bad0a93f68a704577c32a433f058c2a9b657059edb49b02342c3f43d,2019-12,Staffordshire Police,Staffordshire Police,,,No location,,,Investigation complete; no suspect identified
28ac1f812b898ddda5057cc3fea0e1da8f4c9f699a1f803b124510f16ad6ddae,2019-12,Staffordshire Police,Staffordshire Police,-2.022545,52.654893,On or near DOVE HOLLOW,E01029639,South Staffordshire 005B,Investigation complete; no suspect identified
793a586a006c0830dd9286081e5dfd154d6d4f0dc1cd970b1eee75ee44826f9e,2019-12,Staffordshire Police,Staffordshire Police,-2.194534,52.964953,On or near PADDOCK RISE,E01014349,Stoke-on-Trent 030C,Investigation complete; no suspect identified
8556fd7be79320ada176d5bd026036da92516213c71e60e958965beb3487113a,2019-12,Staffordshire Police,Staffordshire Police,-2.202625,52.510210,On or near Sports/Recreation Area,E01029645,South Staffordshire 013A,Investigation complete; no suspect identified
4c620f484fd04ce49d7200b144d58cc292c7730fb3e6d52f7e70a54d42882fd3,2019-12,Staffordshire Police,Staffordshire Police,-1.634329,52.804198,On or near STATION STREET,E01032896,East Staffordshire 011F,Investigation complete; no suspect identified
b33b4def57371e0759f8bfa0352c63ff7e448b1810be8b7b8ed3b22987bc87ab,2019-12,Staffordshire Police,Staffordshire Police,-1.638666,52.816149,On or near HORNINGLOW ROAD,E01029426,East Staffordshire 008A,Investigation complete; no suspect identified
9e501613aa462257a8d8f1199383337aa7ac278b9adabc0cb226d026d7db889c,2019-12,Staffordshire Police,Staffordshire Police,-2.118173,52.807129,On or near Shopping Area,E01029701,Stafford 010E,Investigation complete; no suspect identified
205eaeb15ec94fe1a50473e0268188f09c380b98e8f69eda02656450b4ed64d4,2019-12,Staffordshire Police,Staffordshire Police,-2.123723,52.797387,On or near LAWN ROAD,E01029738,Stafford 012D,Investigation complete; no suspect identified
4832f33dd1fdf731d70e90b03dd7ceb0b4c095f64718a76c955b8ceb95e3abb4,2019-12,Staffordshire Police,Staffordshire Police,-2.176468,52.520294,On or near CHERRY LANE,E01029645,South Staffordshire 013A,Investigation complete; no suspect identified
9c74386c0d0c0c2fb95f92e5bc3b653618cf0cd50a827c181fb4ddf0728d0df8,2019-12,Staffordshire Police,Staffordshire Police,-2.203793,52.514191,On or near WINSTON ROAD,E01029645,South Staffordshire 013A,Investigation complete; no suspect identified
fb0b65b3e103bdded50baea33daf52d25ab0471c621d22819d1683226606da97,2019-12,Staffordshire Police,Staffordshire Police,-2.203793,52.514191,On or near WINSTON ROAD,E01029645,South Staffordshire 013A,Investigation complete; no suspect identified
a35c563f8290e0b029b35e3da3adef47837f8fd1d8d6fc0806815b752b235ba7,2019-12,Staffordshire Police,Staffordshire Police,-2.149932,52.897076,On or near Petrol Station,E01029756,Stafford 003F,Investigation complete; no suspect identified
8219fc2354a00756ae3566eecccee751215ff2e37d427ca0db34674b576c436b,2019-12,Staffordshire Police,Staffordshire Police,-1.826283,52.682448,On or near Theatre/Concert Hall,E01029526,Lichfield 004E,Investigation complete; no suspect identified
a877a5baac53f14bec64cadb91355bc465a26ce8f06fc39ef999870de8c889ab,2019-12,Staffordshire Police,Staffordshire Police,-2.176468,52.520294,On or near CHERRY LANE,E01029645,South Staffordshire 013A,Investigation complete; no suspect identified
0585b391a66efc5a0b7c28f45f30717de7f354116ef937b8b3a52fa5717b731a,2019-12,Staffordshire Police,Staffordshire Police,,,No location,,,Investigation complete; no suspect identified
2c300f39d9361757c10c59b657b2b2dbca132d3358670f05aa4515a6a7dafc3b,2019-12,Staffordshire Police,Staffordshire Police,-1.616679,52.827659,On or near THE EVERGREENS,E01029428,East Staffordshire 008C,Investigation complete; no suspect identified
85c9c34e28ede61f32432d102a33d623df0efde9d3caa0546de02becf3b9cba7,2019-12,Staffordshire Police,Staffordshire Police,-1.919979,52.681028,On or near Supermarket,E01029489,Lichfield 009C,Investigation complete; no suspect identified
9ecb85dcb41cc0eb8ba32ec31bafbb5cbbd6847b186d177503db3ce399e45950,2019-12,Staffordshire Police,Staffordshire Police,-1.636018,52.818730,On or near Parking Area,E01029427,East Staffordshire 008B,Investigation complete; no suspect identified
b9a833e1969e0e587e87b2cd07b27c27efa37eb8871f1f4dd754edb91c987670,2019-12,Staffordshire Police,Staffordshire Police,-2.191952,52.539328,On or near CHURCHWARD GROVE,E01029671,South Staffordshire 012A,Investigation complete; no suspect identified
0b5a3964d0984612a8b6b5bed9c4a67a08b7185acab02cb3eb2c2f56ce5710cc,2019-12,Staffordshire Police,Staffordshire Police,-1.705947,52.645371,On or near PRIORY CLOSE,E01029849,Tamworth 002C,Investigation complete; no suspect identified
b340c6dd2f0e8b24ff0dc6c11e96e0610f1851d12f2723ac607aaccc040340cf,2019-12,Staffordshire Police,Staffordshire Police,-1.613885,52.803019,On or near CLAVERHOUSE ROAD,E01029471,East Staffordshire 010D,Investigation complete; no suspect identified
a4deb31953f8680964e63fda976fc174854c2148428e363228363ff0635bf8d1,2019-12,Staffordshire Police,Staffordshire Police,-2.128766,52.792617,On or near TURNEY GROVE,E01029737,Stafford 012C,Investigation complete; no suspect identified
ecc2f2abfcf0a4d1e92fcf085da36e085a5484d06e29b4d89216d4156faf21ea,2019-12,Staffordshire Police,Staffordshire Police,-1.823257,52.695703,On or near PURCELL AVENUE,E01029499,Lichfield 004B,Investigation complete; no suspect identified
3a9769d826d6e39ce43798e6eac25f37290c193f32d47e14c11eee8be7f2a117,2019-12,Staffordshire Police,Staffordshire Police,-2.023255,52.711096,On or near HOLLY STREET,E01029357,Cannock Chase 007D,Investigation complete; no suspect identified
3a6af1c11b7905e2fad35a8ba86f84bd66f70b8637c65eaeaa7f1d550668cf11,2019-12,Staffordshire Police,Staffordshire Police,-1.630343,52.803718,On or near Parking Area,E01032896,East Staffordshire 011F,Investigation complete; no suspect identified
6b57b272e6af3591c031ef89aaafea6e788d2707e4c0212cb9ee83d4c6c41618,2019-12,Staffordshire Police,Staffordshire Police,-2.128766,52.792617,On or near TURNEY GROVE,E01029737,Stafford 012C,Investigation complete; no suspect identified
e2f49a3468be71c0178a3eedbb9e494a6952f232bbb5c553d17a7c7392e56e1a,2019-12,Staffordshire Police,Staffordshire Police,-2.115960,52.806277,On or near ST CHAD'S PLACE,E01029701,Stafford 010E,Investigation complete; no suspect identified
d1f5453e8688ed226970a3f28d1d5e24d772b8fd90329e3871787b88f817846c,2019-12,Staffordshire Police,Staffordshire Police,-2.035319,52.675287,On or near Shopping Area,E01029359,Cannock Chase 012A,Investigation complete; no suspect identified
9c928f22d6b632b7a740819ce78a7a843b9d97640a3a6ccda2b934275027ced8,2019-12,Staffordshire Police,Staffordshire Police,-2.134505,52.662765,On or near LIGHT ASH CLOSE,E01029619,South Staffordshire 006B,Investigation complete; no suspect identified
b67bdbb9393b4f757fd583eb72067bb876149bd5ca90781af1842b963e545ea4,2019-12,Staffordshire Police,Staffordshire Police,-1.821687,52.685093,On or near Supermarket,E01029526,Lichfield 004E,Investigation complete; no suspect identified
9f708a40ca110afc2c614591845c94190082fb03dd8442222f8461e0bff27fea,2019-12,Staffordshire Police,Staffordshire Police,,,No location,,,Investigation complete; no suspect identified
58956a91ccab4449fbfef8185d720a32b0cd770f23403e373b0f3a0eba71a256,2019-12,Staffordshire Police,Staffordshire Police,,,No location,,,Investigation complete; no suspect identified
e1c52c80c3665ec039954d975cd44f524d7e6fbd046c00aab9c9bf08c6811cba,2019-12,Staffordshire Police,Staffordshire Police,-2.117245,52.803947,On or near EPSLEY'S YARD,E01029701,Stafford 010E,Investigation complete; no suspect identified
b9237ca33d6801766c49f371e146801cd68959b3979c32fd3930ea203bbff85a,2019-12,Staffordshire Police,Staffordshire Police,-2.162876,52.872456,On or near Petrol Station,E01029733,Stafford 004A,Investigation complete; no suspect identified
de657f8fbe8b575575d35372a39a38a771bfd821d7b2fc1fe2a88dd883b61ddf,2019-12,Staffordshire Police,Staffordshire Police,-1.685874,52.647692,On or near BENSON VIEW,E01029854,Tamworth 001F,Investigation complete; no suspect identified
004dc3096d3542770fc0b6ffaec89a370b78bd153c6f5b2d0e0f9bbd8b5980e0,2019-12,Staffordshire Police,Staffordshire Police,-2.007612,52.721589,On or near ROWLEY CLOSE,E01029390,Cannock Chase 004D,Investigation complete; no suspect identified
9825388fa45e551d649610919cd30abd778824a25c1ed3703ea1e08c67d482c3,2019-12,Staffordshire Police,Staffordshire Police,-1.659520,52.602041,On or near GOLDCREST,E01029868,Tamworth 010D,Investigation complete; no suspect identified
94a1e9a30e7d5912e091b5b667e15d096e32d41230e6114f8d289fc2a49dbf03,2019-12,Staffordshire Police,Staffordshire Police,-2.035319,52.675287,On or near Shopping Area,E01029359,Cannock Chase 012A,Investigation complete; no suspect identified
d9318ffe1fa409be3e4b88bea9ef8bc9d8649f3e726bcf3fd368e0d4cc848c5c,2019-12,Staffordshire Police,Staffordshire Police,-2.149932,52.897076,On or near Petrol Station,E01029756,Stafford 003F,Investigation complete; no suspect identified
7d758a5df921cb2bcf8c220fa4e22c65e8aba69dc4a835fbc06b0dbdd2c6d833,2019-12,Staffordshire Police,Staffordshire Police,-1.764265,52.673315,On or near CHAPEL LANE,E01029531,Lichfield 008D,Investigation complete; no suspect identified
2edc3b19ec8f4e713db50ac4c4570de6b553aed0797b3b6a6525ba251f3b2dd5,2019-12,Staffordshire Police,Staffordshire Police,-1.972401,52.679398,On or near WOODFIELD DRIVE,E01029394,Cannock Chase 013A,Investigation complete; no suspect identified
9a27f64422b4128744db7b08259d05180ac40adb2f0ce179ffbee82fe11125a3,2019-12,Staffordshire Police,Staffordshire Police,-1.934785,52.671077,On or near Parking Area,E01029497,Lichfield 006E,Investigation complete; no suspect identified
249732b495b34c6cc05753d565f00dc94de15864d2fa43a6597f86a35d0c7267,2019-12,Staffordshire Police,Staffordshire Police,-2.201111,52.626856,On or near Petrol Station,E01029630,South Staffordshire 009D,Investigation complete; no suspect identified
27f0b45988396e5359c6f0793cfb1441fbb25c170ead110bdf7d33d8b4253e52,2019-12,Staffordshire Police,Staffordshire Police,-2.201111,52.626856,On or near Petrol Station,E01029630,South Staffordshire 009D,Investigation complete; no suspect identified
96cef05cbe73e9f3234d2f9e6b46ab8ec5f5ace72f834562e0f895a6c2c309bf,2019-12,Staffordshire Police,Staffordshire Police,,,No location,,,Investigation complete; no suspect identified
dfb943ad6e55a85cb4576ff47dd4003817d29ffe03de5b6ea9f351e2f2c09323,2019-12,Staffordshire Police,Staffordshire Police,-1.642592,52.798695,On or near NAPIER STREET,E01029408,East Staffordshire 011B,Investigation complete; no suspect identified
e937a39b6e4a9070301a36a1b47d4d497178d27831569650c397918afa42e0ba,2019-12,Staffordshire Police,Staffordshire Police,-2.104973,52.789701,On or near MEADOW WAY,E01029734,Stafford 016C,Investigation complete; no suspect identified
d93642fdbf54f7f536780bea4ca4269f3a7c890b09166820d5741e8ee00fd5ab,2019-12,Staffordshire Police,Staffordshire Police,-2.109400,52.716424,On or near MEADOW CLOSE,E01029657,South Staffordshire 001C,Investigation complete; no suspect identified
9d82b72fc74fc7c2a4818977de337b7aa944a9980b8a6f0e5b8e45b6c3fd48da,2019-12,Staffordshire Police,Staffordshire Police,-2.048132,52.679616,On or near Petrol Station,E01029361,Cannock Chase 012C,Investigation complete; no suspect identified
9483aa39b657fd984e6484e352f6fdacb999117f5c3e50a800888e5fd74a867c,2019-12,Staffordshire Police,Staffordshire Police,-2.036725,52.658557,On or near MITRE ROAD,E01029623,South Staffordshire 004C,Investigation complete; no suspect identified
cbe0726d2de4ada374998c8d91c85291249823849ac0d124f0d43956bb9bbe3e,2019-12,Staffordshire Police,Staffordshire Police,-2.176468,52.520294,On or near CHERRY LANE,E01029645,South Staffordshire 013A,Investigation complete; no suspect identified
e72f2bd2470f549972cda9e068b8885b3509aa18ec5515103bda8a44af10a924,2019-12,Staffordshire Police,Staffordshire Police,-1.962791,52.709798,On or near Parking Area,E01029400,Cannock Chase 006D,Investigation complete; no suspect identified
0b1d13775c0a697852280448625738e80624dc90c77da5dfcaf9bc600e75aa99,2019-12,Staffordshire Police,Staffordshire Police,-1.972459,52.657742,On or near Petrol Station,E01029395,Cannock Chase 013B,Investigation complete; no suspect identified
74f1a94b0db0a180a1617e446009ab907d975a2ea5334e92b25d05797f1c88b4,2019-12,Staffordshire Police,Staffordshire Police,-2.263193,52.858513,On or near KERRY LANE,E01029698,Stafford 005D,Investigation complete; no suspect identified
4241fc6be1d00ada810516a50eb5b775cedf95dbb1feddfe5949187b68bcb437,2019-12,Staffordshire Police,Staffordshire Police,-2.017295,52.723017,On or near TUDOR ROAD,E01029383,Cannock Chase 004A,Investigation complete; no suspect identified
07065d4430ab8ccb328e42b76214e51e7546c99ed4fc3b8ee9f1e9ed698fcc98,2019-12,Staffordshire Police,Staffordshire Police,-2.186295,52.467310,On or near PRESTWOOD DRIVE,E01029652,South Staffordshire 014D,Investigation complete; no suspect identified
38744d069ad50613fa6a1f0be6cf0a1c4396cbab9703517132ac1b8075c6b277,2019-12,Staffordshire Police,Staffordshire Police,-2.263193,52.858513,On or near KERRY LANE,E01029698,Stafford 005D,Investigation complete; no suspect identified
05d67beb70342e15e6ff1f3c6fcc6849ed576ef19bc280970f3b38d5def9976e,2019-12,Staffordshire Police,Staffordshire Police,-2.019307,52.686313,On or near Supermarket,E01029362,Cannock Chase 012D,Investigation complete; no suspect identified
196b6b5ffc227e25f69fdd73326538f767c0d2a2c1bc70e62141075aa5e72fa2,2019-12,Staffordshire Police,Staffordshire Police,-1.840133,52.673262,On or near THE WHYTMORE,E01032900,Lichfield 004G,Investigation complete; no suspect identified
7e7923cc203fa429555a65f8bae9d480ff4bfdff24914400c46a02155f685e21,2019-12,Staffordshire Police,Staffordshire Police,-2.022135,52.691706,On or near HEDNESFORD ROAD,E01029353,Cannock Chase 011A,Investigation complete; no suspect identified
2372a6882ddbb8f2c41a556d2ca2f017aa1f50e88586097168ce0d3edb88715e,2019-12,Staffordshire Police,Staffordshire Police,-2.019427,52.655972,On or near COLINWOOD CLOSE,E01029640,South Staffordshire 005C,Investigation complete; no suspect identified
e8fa0efc7064c410b3b0f8d72878e4744d6faff089505c066c78c5fd303fe637,2019-12,Staffordshire Police,Staffordshire Police,,,No location,,,Investigation complete; no suspect identified
225df5f5172e526aa27f6b24af71e6f20063e6dedee1ed569a2252bc5f4d6293,2019-12,Staffordshire Police,Staffordshire Police,-1.920650,52.678260,On or near GLENMORE AVENUE,E01029528,Lichfield 010C,Investigation complete; no suspect identified
265805e4410a395dac82a73aa3ef83f250ba35754a429d855b61feb724c21c0a,2019-12,Staffordshire Police,Staffordshire Police,-2.096890,52.809027,On or near WESTON ROAD,E01029722,Stafford 009C,Investigation complete; no suspect identified
9ccb8f10e5d46d574b70f4232263d316d9ebe6c0bbb5380643867327b6baf0f4,2019-12,Staffordshire Police,Staffordshire Police,-2.125147,52.802492,On or near CASTLEFIELDS,E01029736,Stafford 012B,Investigation complete; no suspect identified
7b7a2afbfd599e222e8c235f7b0ff40c983cee6579228f1ce039bf9c7054640b,2019-12,Staffordshire Police,Staffordshire Police,-1.675731,52.610241,On or near WATLING STREET,E01032902,Tamworth 010G,Investigation complete; no suspect identified
8b8bbeb72571a2dcabae298dd15bb182e76d54bac9aacb5322cd533d4eed602c,2019-12,Staffordshire Police,Staffordshire Police,,,No location,,,Investigation complete; no suspect identified
322d0dc1979b90ca827309266362e04bdb0233e75461a3a010f7f92b3767b922,2019-12,Staffordshire Police,Staffordshire Police,,,No location,,,Investigation complete; no suspect identified
8169d386949305a980366d3a3ecde27e1b5e77f99d3468f11a61c27d87975a37,2019-12,Staffordshire Police,Staffordshire Police,-2.121940,52.812195,On or near Petrol Station,E01029701,Stafford 010E,Investigation complete; no suspect identified
b4db9d7167939ca9a60f46cd0acf261b750876c21191ae21355bde2bf44b0c59,2019-12,Staffordshire Police,Staffordshire Police,-2.121940,52.812195,On or near Petrol Station,E01029701,Stafford 010E,Investigation complete; no suspect identified
d2762989f310718997e7cb2d4dbc5057ad033c288c5ea1774acc802d28ae62e2,2019-12,Staffordshire Police,Staffordshire Police,,,No location,,,Investigation complete; no suspect identified
3aa546e202c012ded64a4b94310ece8d8143075e2124be55047efb36c29d3be1,2019-12,Staffordshire Police,Staffordshire Police,-1.706559,52.626700,On or near VENTURA PARK ROAD,E01029837,Tamworth 005B,Investigation complete; no suspect identified
dd6b9316f513a7a8d92a8d57b7ab6495790d6fc2db2b67f7c58344a0b44fc842,2019-12,Staffordshire Police,Staffordshire Police,-2.149701,52.894650,On or near AUSTIN CLOSE,E01029753,Stafford 003E,Investigation complete; no suspect identified
a63bed007b68b763cc931ec100aa81b01b595a461316d967b52b254e64110572,2019-12,Staffordshire Police,Staffordshire Police,-1.950652,52.764414,On or near ARDEN CLOSE,E01029401,Cannock Chase 002C,Investigation complete; no suspect identified
d42288eb31bf10bb3602d0a15d66ab0327b6d297f99da855d098489d47fe7ebd,2019-12,Staffordshire Police,Staffordshire Police,-1.932216,52.687589,On or near SHAKESPEARE ROAD,E01029487,Lichfield 006A,Investigation complete; no suspect identified
ba7b90efb4ee951b7c9d56594da8e3dff918923f41cef5a13c233c5b4ea275f8,2019-12,Staffordshire Police,Staffordshire Police,,,No location,,,Investigation complete; no suspect identified
eeec5c29991b6d22ca8da93f0dd22ea829759b49463a21a251df4291b9354019,2019-12,Staffordshire Police,Staffordshire Police,-2.162876,52.872456,On or near Petrol Station,E01029733,Stafford 004A,Investigation complete; no suspect identified
aad94620eb89c61fe916e78f46e102a50f19b5f18a240654755f5d3aa9ec8405,2019-12,Staffordshire Police,Staffordshire Police,-2.022749,52.704498,On or near REDHILL ROAD,E01029358,Cannock Chase 007E,Investigation complete; no suspect identified
04dbe373a9733cd6cbb1b24368c05b28f498e7f299f9a41f657c8c90b15ab490,2019-12,Staffordshire Police,Staffordshire Police,-2.002251,52.708321,On or near ANGLESEY STREET,E01029389,Cannock Chase 005D,Investigation complete; no suspect identified
826ddefda559d785c5dee6f522a487c1e1387de7626cd9415ffcc7acc2374232,2019-12,Staffordshire Police,Staffordshire Police,-1.761839,52.676061,On or near NEAL CROFT,E01029530,Lichfield 008C,Investigation complete; no suspect identified
9b67ece0c5e0d49488d1132e2dc32f0ab242d0e9ddf61d02b83ace6671bade2b,2019-12,Staffordshire Police,Staffordshire Police,-2.008497,52.705507,On or near MULDOON CLOSE,E01029349,Cannock Chase 008A,Investigation complete; no suspect identified
6eaf160195f5426a783943f4000836f108bc21dddec81c14b73e858e7192900d,2019-12,Staffordshire Police,Staffordshire Police,-2.146519,52.903337,On or near Supermarket,E01029745,Stafford 003C,Investigation complete; no suspect identified
3cd48d8ede00594cdd3ad5647f243bf2b04498657565b8f6590362dafc51f4ff,2019-12,Staffordshire Police,Staffordshire Police,-2.111630,52.783520,On or near TRENT CLOSE,E01029729,Stafford 016B,Investigation complete; no suspect identified
7b9fe5ca0ee134efeea3cbec197559b8400df64b6785a1e03305a3de37c6f040,2019-12,Staffordshire Police,Staffordshire Police,-2.125189,52.806753,On or near CASTLE STREET,E01029701,Stafford 010E,Investigation complete; no suspect identified
85bb3a8fdad70933ad2ccc489a839cb6075c7cf3fa1b1b32853245b30d1ed86a,2019-12,Staffordshire Police,Staffordshire Police,-2.111630,52.783520,On or near TRENT CLOSE,E01029729,Stafford 016B,Investigation complete; no suspect identified
c3b2d06f6dc565914ca7644ebca5d94d58148c1159aa7fa31baebc8bcf1d3c4b,2019-12,Staffordshire Police,Staffordshire Police,-2.149932,52.897076,On or near Petrol Station,E01029756,Stafford 003F,Investigation complete; no suspect identified
d00c1bae0ed6847d3ee9adef196d03cd6f08602ec34c13f9457cb6304e27bcc8,2019-12,Staffordshire Police,Staffordshire Police,-1.633746,52.803063,On or near Parking Area,E01032896,East Staffordshire 011F,Investigation complete; no suspect identified
a07f8ce176a7f4ec90c7a01e1aaba0c12c539720f3eb4052d76dc7c622d2a50e,2019-12,Staffordshire Police,Staffordshire Police,-1.934823,52.755076,On or near WHARF ROAD,E01029345,Cannock Chase 003A,Investigation complete; no suspect identified
f0405ec85c4958cf16d1f1f7208f75ea438656ab3f5d79b31ceeadd86aa28218,2019-12,Staffordshire Police,Staffordshire Police,-2.180092,52.627762,On or near Supermarket,E01029613,South Staffordshire 008A,Investigation complete; no suspect identified
ddf9c00e4a6688172f400a187b172ec7f656c3693d9e66486c9545276434d273,2019-12,Staffordshire Police,Staffordshire Police,-2.018496,52.658193,On or near SOUTHFIELD WAY,E01029644,South Staffordshire 005E,Investigation complete; no suspect identified
3fc51731f9ee378c17aaea67da017c9b96d03581eac84c04464ce04e8b05a4c4,2019-12,Staffordshire Police,Staffordshire Police,-2.005582,52.707458,On or near STAFFORD LANE,E01029349,Cannock Chase 008A,Investigation complete; no suspect identified
ddc7931f1b487956678d66fbd12fbfd5f70d90a83d6047ff134041000b9478da,2019-12,Staffordshire Police,Staffordshire Police,-1.821687,52.685093,On or near Supermarket,E01029526,Lichfield 004E,Investigation complete; no suspect identified
439811fb557b4a7c195c45b1e948c3c36e5497eec8226cd1a270f6b6b0a811b6,2019-12,Staffordshire Police,Staffordshire Police,-1.828440,52.675744,On or near BURNS CLOSE,E01029519,Lichfield 007E,Investigation complete; no suspect identified
b17fe98df1bb40f13600fe7bae37e10eccd96d92a1790a1753194d758a12c77c,2019-12,Staffordshire Police,Staffordshire Police,-1.824476,52.683038,On or near Parking Area,E01029526,Lichfield 004E,Investigation complete; no suspect identified
b2a9a99a479bbf016f3e05b3ac6285bf7d27f75d722682d2bc87dc7499e88458,2019-12,Staffordshire Police,Staffordshire Police,-1.989285,52.710460,On or near Park/Open Space,E01029389,Cannock Chase 005D,Investigation complete; no suspect identified
9a4209540e3bcf0a211239190488897b3247bd10225c1a4a735d3fe32837a69d,2019-12,Staffordshire Police,Staffordshire Police,-1.989285,52.710460,On or near Park/Open Space,E01029389,Cannock Chase 005D,Investigation complete; no suspect identified
65f3fe2f6434022b6b4b16414b434ac232e5f2d3b54c5d59a70c55a7f671475f,2019-12,Staffordshire Police,Staffordshire Police,-2.016551,52.673907,On or near Supermarket,E01029395,Cannock Chase 013B,Investigation complete; no suspect identified
b73eca77148b96c8e4af8a77b3d0a1ccc6513097195b69478b3d2f0ec2b0d9b7,2019-12,Staffordshire Police,Staffordshire Police,-2.140322,52.660161,On or near WILLOW,E01029619,South Staffordshire 006B,Investigation complete; no suspect identified
8040fd7cd070e3798ceb9af95ec5c473d7d0023bdc1a7952356e4c5d19c9c2bc,2019-12,Staffordshire Police,Staffordshire Police,-2.005034,52.708428,On or near Petrol Station,E01029384,Cannock Chase 005A,Investigation complete; no suspect identified
6ddb8464322d5fb7c8837c8c7306801ba21c1da323afad39e59e948224164ec1,2019-12,Staffordshire Police,Staffordshire Police,-1.706559,52.626700,On or near VENTURA PARK ROAD,E01029837,Tamworth 005B,Investigation complete; no suspect identified
493684ef2376290a4ae18ccc21e50a864ec18303906519b34f0cc080ad84bc5e,2019-12,Staffordshire Police,Staffordshire Police,-1.646035,52.615469,On or near MALHAM ROAD,E01029859,Tamworth 007E,Investigation complete; no suspect identified
45aab0fce8206492c8325663265ad5733a25c215d381f9751f985725526d2e02,2019-12,Staffordshire Police,Staffordshire Police,-2.107458,52.961135,On or near CHURCH CLOSE,E01029705,Stafford 001D,Investigation complete; no suspect identified
a968ceff9ddeb09c6150071be4b473ba128159324cd801be06e437b3b04cd326,2019-12,Staffordshire Police,Staffordshire Police,-2.104162,52.760747,On or near M6,E01029656,South Staffordshire 001B,Investigation complete; no suspect identified
e7469899a60b5d1ede3651bb2fb67c3859b70b30b19d0bb0262a4385c07e55bf,2019-12,Staffordshire Police,Staffordshire Police,-1.869946,52.907843,On or near HOWITT CRESCENT,E01029433,East Staffordshire 002D,Investigation complete; no suspect identified
067506c048fcd13a2865a7104120026af3dcf3105b35e5f3085dbd3e751956c1,2019-12,Staffordshire Police,Staffordshire Police,-2.153544,52.897000,On or near WHITEMILL LANE,E01029756,Stafford 003F,Investigation complete; no suspect identified
d59a43176d702d50ab125a36e82617ef7cc8c420af92b8d3f1c8efa1f5ad2dc1,2019-12,Staffordshire Police,Staffordshire Police,-1.944019,52.678318,On or near CANNEL ROAD,E01029497,Lichfield 006E,Investigation complete; no suspect identified
aa8b4ca297c88a9600f9221cff5be3ca68c7530cf139e0d132efcadf297cb7d0,2019-12,Staffordshire Police,Staffordshire Police,,,No location,,,Investigation complete; no suspect identified
1b61dae58c6a6c487de9cd9ec0e641d7c610194d764d1954aebbdc9eb2fac0bf,2019-12,Staffordshire Police,Staffordshire Police,-2.201111,52.626856,On or near Petrol Station,E01029630,South Staffordshire 009D,Investigation complete; no suspect identified
7ae5cb0e59e22c88ac383e39ca427379c85ca3a2e99a513072778a43ddf5f1d0,2019-12,Staffordshire Police,Staffordshire Police,-1.706559,52.626700,On or near VENTURA PARK ROAD,E01029837,Tamworth 005B,Investigation complete; no suspect identified
adbcd6b631b03c0c8ec341e24a5b77f9c09b1877a1f43f65c7dff3263a8231c9,2019-12,Staffordshire Police,Staffordshire Police,-2.196692,52.593547,On or near RYDAL DRIVE,E01029666,South Staffordshire 011C,Investigation complete; no suspect identified
396e5a661b7448e7a56cdaaefb67926768da8062e981e1ec646c03cf94ff7451,2019-12,Staffordshire Police,Staffordshire Police,-1.855831,52.900105,On or near DOVE FIELDS,E01029461,East Staffordshire 003C,Investigation complete; no suspect identified
76162b42dfcbd22a1e03e4f66e68d7526ac92f7bc376863899a0b145de94534c,2019-12,Staffordshire Police,Staffordshire Police,-2.264206,52.562725,On or near Park/Open Space,E01028859,Shropshire 034E,Investigation complete; no suspect identified
1712c5c6eb5be0ee1bf9d2f0a7e7c67178e94326797fa1c4ca2ffe9b1cb107d9,2019-12,Staffordshire Police,Staffordshire Police,-2.148984,52.897941,On or near STAFFORD CLOSE,E01029756,Stafford 003F,Investigation complete; no suspect identified
2cedbf6bf2b64c4eaa7f98fd6adb410b658b3ed431ed4991ff037fe791ce92e6,2019-12,Staffordshire Police,Staffordshire Police,-1.649217,52.810338,On or near SHOBNALL STREET,E01029446,East Staffordshire 009B,Investigation complete; no suspect identified
612541a2778bccb9ec4bd12ffe4a6552266b243a0d74fec4a3c876e0775fa872,2019-12,Staffordshire Police,Staffordshire Police,-2.197217,52.529755,On or near BIRCH HILL AVENUE,E01029679,South Staffordshire 012D,Investigation complete; no suspect identified
deda2dbb72e2dfaf0a7dce1d4869c5dba26382553030093fe41e76555fb7d4af,2019-12,Staffordshire Police,Staffordshire Police,,,No location,,,Investigation complete; no suspect identified
491f407e0344e4113a7e9183a2914b7823ba9ed8b85f6c3badec0b0498f0208e,2019-12,Staffordshire Police,Staffordshire Police,-1.964288,52.670919,On or near VICTORIA COURT,E01029397,Cannock Chase 013D,Investigation complete; no suspect identified
daacc2dbf93a0a707044a261aee03ff280f21b39740bb5db1cb2501e09f631b2,2019-12,Staffordshire Police,Staffordshire Police,-2.073290,52.793222,On or near BABBACOMBE AVENUE,E01029685,Stafford 014B,Investigation complete; no suspect identified
205258de8ab0856c1c57878812307e30212ae4127905307ff95af6243ee866b8,2019-12,Staffordshire Police,Staffordshire Police,-2.203793,52.514191,On or near WINSTON ROAD,E01029645,South Staffordshire 013A,Investigation complete; no suspect identified
f2fb607514d95ad84501650db26014054a69e8e90cbc14a0ab48c4532ba3dd70,2019-12,Staffordshire Police,Staffordshire Police,-2.122237,52.785649,On or near HAZLETON GREEN,E01029727,Stafford 013D,Investigation complete; no suspect identified
522dd5082c65a94c3da65b685b058482b02e10c8e00aa26e3d27d7d9ab4ac09e,2019-12,Staffordshire Police,Staffordshire Police,-1.682455,52.601377,On or near OLD HEDGING LANE,E01029861,Tamworth 009B,Investigation complete; no suspect identified
3aa4ca05f11fce16e951198cfd8131b0741325499187ae488132737ccf35fefb,2019-12,Staffordshire Police,Staffordshire Police,-2.245911,52.683389,On or near ROYAL OAK DRIVE,E01029670,South Staffordshire 003E,Investigation complete; no suspect identified
e6a818a120609844c00c755eb62d4bcb3ee38aba16dcee611d5d93fe8a6d536f,2019-12,Staffordshire Police,Staffordshire Police,-1.919979,52.681028,On or near Supermarket,E01029489,Lichfield 009C,Investigation complete; no suspect identified
5a4b88294468c567fc7383c28b851790f33e3389351eb3e464e2cc1f4c706675,2019-12,Staffordshire Police,Staffordshire Police,-1.841633,52.687737,On or near Supermarket,E01032899,Lichfield 004F,Investigation complete; no suspect identified
f7ba4a505bfc92741b9c508857f3dba6b1283387702146e5fdfd6772280dfd62,2019-12,Staffordshire Police,Staffordshire Police,-1.919979,52.681028,On or near Supermarket,E01029489,Lichfield 009C,Investigation complete; no suspect identified
a5054e30fac7ea8a1b6c606d7ff44f43e9143aae952d6b7b802f348ce2dd839c,2019-12,Staffordshire Police,Staffordshire Police,-2.056428,52.643716,On or near M6,E01029635,South Staffordshire 007D,Investigation complete; no suspect identified
324a01e81225af7194cb949d7fd5eb21490b49db93fce59287b98f5a4c2418fc,2019-12,Staffordshire Police,Staffordshire Police,-2.000964,52.709408,On or near Supermarket,E01029389,Cannock Chase 005D,Investigation complete; no suspect identified
aab588d131488035440bc34ce5c868329662957294369283820e87d0fd8eef1c,2019-12,Staffordshire Police,Staffordshire Police,-1.972459,52.657742,On or near Petrol Station,E01029395,Cannock Chase 013B,Investigation complete; no suspect identified
a86bf4081d0abee08aa5b44da0eae06901fa4cac2f19d9bbaa8ec99f0bd58172,2019-12,Staffordshire Police,Staffordshire Police,-2.201111,52.626856,On or near Petrol Station,E01029630,South Staffordshire 009D,Investigation complete; no suspect identified
b081dcc8c76644a4912af507812330c9cc53d025f77d8e2d6a54fe0c98d022ec,2019-12,Staffordshire Police,Staffordshire Police,-2.134953,52.912934,On or near NICHOLL'S LANE,E01029746,Stafford 003D,Investigation complete; no suspect identified
4924028b32289a780b2d7033d92c174791384506be7e2883e26c0c71d6dca363,2019-12,Staffordshire Police,Staffordshire Police,-2.254360,52.856617,On or near GAOL BUTTS,E01029695,Stafford 005A,Investigation complete; no suspect identified
8f6aa76e03b1bcb13b065f921969fde4732127102de5d07d76f406affdcb37d9,2019-12,Staffordshire Police,Staffordshire Police,-1.826944,52.683752,On or near CONDUIT STREET,E01029526,Lichfield 004E,Investigation complete; no suspect identified
802a1de651fc9294c7b9a6bb0f0f4e11fefa19c55880f5be11961c88102804f3,2019-12,Staffordshire Police,Staffordshire Police,-1.648016,52.841537,On or near NEVILLE CLOSE,E01029443,East Staffordshire 004A,Investigation complete; no suspect identified
fd08ba5522124b49bdea8bea46e5fcda8df156697af5b98b92f2c388ca3f4e0f,2019-12,Staffordshire Police,Staffordshire Police,-1.922993,52.741980,On or near COALPIT LANE,E01029348,Cannock Chase 003D,Investigation complete; no suspect identified
878a14d49f4dd338986c21ddb5ae84758f8103f233d91d5b8269db1aab079acc,2019-12,Staffordshire Police,Staffordshire Police,-2.116788,52.799597,On or near TELEGRAPH STREET,E01029701,Stafford 010E,Investigation complete; no suspect identified
5c12d5a4ed49236de5c99ef6ff96040ee3b7a5d3d948279ecf34f23f264899e1,2019-12,Staffordshire Police,Staffordshire Police,-1.919979,52.681028,On or near Supermarket,E01029489,Lichfield 009C,Investigation complete; no suspect identified
579a4c7cbea1f862f6a1f5be5bfa206849ccdb5463b40e25ee77d006011d9bc8,2019-12,Staffordshire Police,Staffordshire Police,-1.919979,52.681028,On or near Supermarket,E01029489,Lichfield 009C,Investigation complete; no suspect identified
da017ddc63d7e9093d9946e45048b6647729d3cc6e4bf7f8c16bb45ede0055ff,2019-12,Staffordshire Police,Staffordshire Police,-2.186591,52.623904,On or near WOLVERHAMPTON ROAD,E01029614,South Staffordshire 008B,Investigation complete; no suspect identified
db1e67ec95e471c4e105df668885945d6949f5de41af8db2c87db748c2dc9fdb,2019-12,Staffordshire Police,Staffordshire Police,-1.822183,52.672256,On or near Petrol Station,E01029518,Lichfield 007D,Investigation complete; no suspect identified
a062886907afb330c56ea7c8a725d54a81599544a0cae5d9d28eecf3279fcb9d,2019-12,Staffordshire Police,Staffordshire Police,-1.636803,52.815308,On or near PARKER STREET,E01029426,East Staffordshire 008A,Investigation complete; no suspect identified
9f6961fcfe5aeda068d166a19b9b163b422e3ec3d4695bea3e0b92823a3cd8ad,2019-12,Staffordshire Police,Staffordshire Police,-2.253043,52.791015,On or near HUDSON CLOSE,E01029709,Stafford 015E,Investigation complete; no suspect identified
3132e325188d4e5225af985c1d1bd2b27a4802e99c5d4ffb01bb93e43903f007,2019-12,Staffordshire Police,Staffordshire Police,-1.931957,52.673467,On or near ASHGROVE,E01029496,Lichfield 010A,Investigation complete; no suspect identified
5e76932561ca858368a7cd7fd20dd41f1b51c79b3b6679dd7fe04a8982ec31e4,2019-12,Staffordshire Police,Staffordshire Police,-1.643810,52.818484,On or near CARVER ROAD,E01029436,East Staffordshire 007C,Investigation complete; no suspect identified
9817e33896e1d045668bfd8e3ebae7c548964f6753f09951df6db62bc8570275,2019-12,Staffordshire Police,Staffordshire Police,-1.839151,52.634443,On or near ST JOHN'S DRIVE,E01029522,Lichfield 011D,Investigation complete; no suspect identified
3456c26391061141d597c735510680035161ceda52f8544afa870857069e5247,2019-12,Staffordshire Police,Staffordshire Police,-1.967835,52.674138,On or near RAILWAY STREET,E01029394,Cannock Chase 013A,Investigation complete; no suspect identified
b897e95a3015ee56a1a761e3bec3289ea568959adcb49b0e63df5b4cb6fe99d6,2019-12,Staffordshire Police,Staffordshire Police,-2.124651,52.821002,On or near GLEBE AVENUE,E01029720,Stafford 007B,Investigation complete; no suspect identified
030d461d23d825aec3e7f1ee63efd7f6c17cd934937cccf657d562285ca4cc46,2019-12,Staffordshire Police,Staffordshire Police,-1.662083,52.633495,On or near FAIRVIEW CLOSE,E01029823,Tamworth 004A,Investigation complete; no suspect identified
9db5bb0c93883bb58371067777189a546a98390ca3d57fa20e51089f8a3f2e5e,2019-12,Staffordshire Police,Staffordshire Police,-2.172197,52.678853,On or near THE RIDINGS,E01029618,South Staffordshire 003B,Investigation complete; no suspect identified
34475770d193fd2ae7dc44422349089cb4ad263ba7cdc34b7f4e10be0743cf07,2019-12,Staffordshire Police,Staffordshire Police,-2.171957,52.674368,On or near THE APPLEYARD,E01029617,South Staffordshire 003A,Investigation complete; no suspect identified
bd75e8dd4083713009c3b4136b755d15c8d975c705f110f543317be9e4403569,2019-12,Staffordshire Police,Staffordshire Police,-1.964696,52.678964,On or near DEER CLOSE,E01029394,Cannock Chase 013A,Investigation complete; no suspect identified
74b7657d5b7e824462ae875284f8137dbf07548d64f1c5da4d76da7c6aee1c84,2019-12,Staffordshire Police,Staffordshire Police,-1.932520,52.682555,On or near VICTORY AVENUE,E01029490,Lichfield 009D,Investigation complete; no suspect identified
bbb4155186ccd750412d8401ec6740f2f2f476a0b6741a7440e00f7a139a53a8,2019-12,Staffordshire Police,Staffordshire Police,-2.121127,52.754672,On or near SCHOOL LANE,E01029656,South Staffordshire 001B,Investigation complete; no suspect identified
33441ad00b7685e74f35b3b74470161a338a899cc50a0e55cea3058914447c56,2019-12,Staffordshire Police,Staffordshire Police,,,No location,,,Investigation complete; no suspect identified
9c070741bd763d73de09f534aae721b82c367d20cb35da1aab7e4ddc71d1da64,2019-12,Staffordshire Police,Staffordshire Police,,,No location,,,Investigation complete; no suspect identified
469636814ee0c525401787a88d7bda1d2085f0e00aa6c4fd9da6d5f391ea65e2,2019-12,Staffordshire Police,Staffordshire Police,-2.108173,52.770910,On or near MOSSPIT,E01029656,South Staffordshire 001B,Investigation complete; no suspect identified
97d4a0d54fc4b5da758e98adbdd5c8c2134fd88e77e673f49003ece715d02481,2019-12,Staffordshire Police,Staffordshire Police,-2.024159,52.686132,On or near SPRING STREET,E01029360,Cannock Chase 012B,Investigation complete; no suspect identified
4ee1b36812619c66d8d1aaaaed19e862d92be994274b6fd3c91d3b1623ef4eaa,2019-12,Staffordshire Police,Staffordshire Police,-2.018388,52.683148,On or near YORK ROAD,E01029362,Cannock Chase 012D,Investigation complete; no suspect identified
4cee6f3e0d3e787f15a041882ebdf2fed2db571c1c43b63216e62580b7ce772b,2019-12,Staffordshire Police,Staffordshire Police,-1.750006,52.733310,On or near THE MOORINGS,E01029477,Lichfield 002A,Investigation complete; no suspect identified
8ba2d484d4eaf673761aa1a740d1b586ba129e277847f5031e0fa4f7b4c9082b,2019-12,Staffordshire Police,Staffordshire Police,-1.666169,52.793594,On or near SPINNEY ROAD,E01029413,East Staffordshire 013A,Investigation complete; no suspect identified
61b5ef983609d197152db12c3284eda3d6dcdc248ee5a506932241edb9c35ec6,2019-12,Staffordshire Police,Staffordshire Police,,,No location,,,Investigation complete; no suspect identified
7d772c198e02b5ace3d5595665ba60ccbedb57abf16bbc8d94644d37f9f19c3c,2019-12,Staffordshire Police,Staffordshire Police,-1.682455,52.601377,On or near OLD HEDGING LANE,E01029861,Tamworth 009B,Investigation complete; no suspect identified
c2474f4ffe6152908f5febc5ef49915e1d10719ece3efb39d30176eb72edeb3e,2019-12,Staffordshire Police,Staffordshire Police,-2.017354,52.684488,On or near OXFORD ROAD,E01029362,Cannock Chase 012D,Investigation complete; no suspect identified
fd6b4763273c4f39e298f5dae1b8be58028e54b26684e7f05d0caac333d0f681,2019-12,Staffordshire Police,Staffordshire Police,-1.633369,52.819630,On or near ETON ROAD,E01029429,East Staffordshire 008D,Investigation complete; no suspect identified
ebb146f202ac7dd0a662b18bbb0cd0e635e8c7aab770d8a5a9754d2d67ed265d,2019-12,Staffordshire Police,Staffordshire Police,-2.036004,52.680555,On or near Supermarket,E01029361,Cannock Chase 012C,Investigation complete; no suspect identified
dfc5b8c5651b84e89cf018cc9d70489c1fe5d4d4e4d9f031f261b1bdac820dea,2019-12,Staffordshire Police,Staffordshire Police,,,No location,,,Investigation complete; no suspect identified
6844ac53c6d05e77f439d4850a3c63a5595693dc99f7d399e9f3433f81d703cf,2019-12,Staffordshire Police,Staffordshire Police,-1.928185,52.746550,On or near REDBROOK LANE,E01029348,Cannock Chase 003D,Investigation complete; no suspect identified
94459b9dec29efead6a0df806d9ca6c74e1b881dbdb5835a7441bf7e4c2cfde3,2019-12,Staffordshire Police,Staffordshire Police,-2.104506,52.811250,On or near CAMBRIDGE STREET,E01029725,Stafford 009D,Investigation complete; no suspect identified
07f82d5ac24468d2ca1c09b5e556c8f2f431b4f5a84400670e293b2313cea584,2019-12,Staffordshire Police,Staffordshire Police,-2.017354,52.684488,On or near OXFORD ROAD,E01029362,Cannock Chase 012D,Investigation complete; no suspect identified
92dde15e51a40db2aa0704b9deb9e1963038b5f159d3376d84f101bf7b7b72ac,2019-12,Staffordshire Police,Staffordshire Police,-1.969062,52.674651,On or near POPLAR STREET,E01029394,Cannock Chase 013A,Investigation complete; no suspect identified
40e179b7c637048b117c16c9a425ebab1421eac4bafb0746f35ab2af8d667e4d,2019-12,Staffordshire Police,Staffordshire Police,-2.280460,52.587850,On or near COPLEY LANE,E01029654,South Staffordshire 010A,Investigation complete; no suspect identified
6e1cb81a8d68a6cac19e5c81d852b32c81dd19cfff7ba7d0b292fde3c6487d37,2019-12,Staffordshire Police,Staffordshire Police,-2.148482,52.903452,On or near GRANVILLE SQUARE,E01029744,Stafford 003B,Investigation complete; no suspect identified
347686ee92a95b5f961ee02b4eb4a074c3aeb3d154931aea1415d6137e8b6246,2019-12,Staffordshire Police,Staffordshire Police,,,No location,,,Investigation complete; no suspect identified
5711d5ae6d60480dccdb367535bd9c78a118e1ab34747dd31f0d22a590c5f74a,2019-12,Staffordshire Police,Staffordshire Police,-1.933033,52.753241,On or near NEWMAN GROVE,E01029345,Cannock Chase 003A,Investigation complete; no suspect identified
fdb6ce595b4cb7581d2b6f6492e8a62e5c33c2889a894ff74addf208b7d2a366,2019-12,Staffordshire Police,Staffordshire Police,-2.223645,52.711651,On or near PINFOLD LANE,E01029669,South Staffordshire 003D,Investigation complete; no suspect identified
efca72b0c82c698abd598896bdb2c57c1aba0a50264c0aa7e528539385be03f6,2019-12,Staffordshire Police,Staffordshire Police,,,No location,,,Investigation complete; no suspect identified
059231126196cfe89618811cb1b81188acebeb6a1579126dc92c1b381f7eaf05,2019-12,Staffordshire Police,Staffordshire Police,-2.219219,52.711588,On or near MEADOWCROFT GARDENS,E01029669,South Staffordshire 003D,Investigation complete; no suspect identified
a84f042c3ce5038c382a5dbd52d0dc9909fdef0ef8bc89600c4894d082dcc3cc,2019-12,Staffordshire Police,Staffordshire Police,-1.965618,52.672573,On or near PARK ROAD,E01029397,Cannock Chase 013D,Investigation complete; no suspect identified
e190e0aa21a01248965d88cfd0c50c9912408dd566325190a9bef2ac3dfe161a,2019-12,Staffordshire Police,Staffordshire Police,-1.919979,52.681028,On or near Supermarket,E01029489,Lichfield 009C,Investigation complete; no suspect identified
24bd4d9808e4584580161256127a3ffde1eced532fa7f8246d5e5af1e4de6c2b,2019-12,Staffordshire Police,Staffordshire Police,-2.146456,52.906663,On or near CROSS STREET,E01029745,Stafford 003C,Investigation complete; no suspect identified
0b1383dde98579459dafec8695cb2903b5207bf2c0f7ef8af727800f9b342f81,2019-12,Staffordshire Police,Staffordshire Police,-2.247187,52.684096,On or near WHITEOAKS DRIVE,E01029670,South Staffordshire 003E,Investigation complete; no suspect identified
e0dcfea8d33bda7f3bc6a2a691ffa273c630c8f6489e1e17e7a0281006676b74,2019-12,Staffordshire Police,Staffordshire Police,-2.016551,52.673907,On or near Supermarket,E01029395,Cannock Chase 013B,Investigation complete; no suspect identified
bc0126cdb5a6a0839d3d06fc5b4f5b11eeda54cda50a9efb4ee3c530e7565280,2019-12,Staffordshire Police,Staffordshire Police,-1.997293,52.703430,On or near Petrol Station,E01029391,Cannock Chase 009D,Investigation complete; no suspect identified
2dbe5531ad2616c586cdc6b25e9a8454b7d396198b86d063b6c5fcd40a72dc40,2019-12,Staffordshire Police,Staffordshire Police,-2.035262,52.696179,On or near BISHOP CLOSE,E01029367,Cannock Chase 011E,Investigation complete; no suspect identified
5f4595f33e5b38d2c49298999665f808c0df2b4b69bb80809d03685ecc5cb407,2019-12,Staffordshire Police,Staffordshire Police,-1.992737,52.693578,On or near REMBRANDT CLOSE,E01029378,Cannock Chase 010D,Investigation complete; no suspect identified
dc35d1f8af28ecf644d5a4fe2d4d8f785028b7e2676239199ec418c254e08c6c,2019-12,Staffordshire Police,Staffordshire Police,-2.211221,52.594241,On or near THE CARTWAY,E01029663,South Staffordshire 010C,Investigation complete; no suspect identified
6d52593c74edcde67855d7842a6abaee17bbdad9e24ee9dca066e295251058b5,2019-12,Staffordshire Police,Staffordshire Police,-1.630343,52.803718,On or near Parking Area,E01032896,East Staffordshire 011F,Investigation complete; no suspect identified
7ccff44d9ea1cf66542b23285fc621fe87de6fa91460d33c9ecb87c98d4cf840,2019-12,Staffordshire Police,Staffordshire Police,-2.036004,52.680555,On or near Supermarket,E01029361,Cannock Chase 012C,Investigation complete; no suspect identified
82a8fc434c561fbd8973ff53e487f96a7b6c43f6e0b51cc113650c3ac709f853,2019-12,Staffordshire Police,Staffordshire Police,-2.036004,52.680555,On or near Supermarket,E01029361,Cannock Chase 012C,Investigation complete; no suspect identified
8669f787ecbc050b9e8b870cb328598203874b3f390a1f2a3e338f32370f72fa,2019-12,Staffordshire Police,Staffordshire Police,-2.188091,53.000003,On or near CLUB STREET,E01014345,Stoke-on-Trent 019E,Investigation complete; no suspect identified
b28aeaaae737980f067e61c3cdf8f4fe63e3049ed64443ad3aa4b32291fbcc79,2019-12,Staffordshire Police,Staffordshire Police,-2.179556,53.047371,On or near Shopping Area,E01014249,Stoke-on-Trent 011A,Investigation complete; no suspect identified
801aee63e8955b75baecde0e0c90b7fb3f16fabfcb35a7050aa2916d06fcaabc,2019-12,Staffordshire Police,Staffordshire Police,-2.099430,52.978842,On or near WOODGATE STREET,E01014368,Stoke-on-Trent 028D,Investigation complete; no suspect identified
9f3e62952f53340a153353b280f6c4920649d0c4652cd595a0b50f971d0a0d7a,2019-12,Staffordshire Police,Staffordshire Police,-2.228409,53.010782,On or near Supermarket,E01029604,Newcastle-under-Lyme 011E,Investigation complete; no suspect identified
0dfeaa076f959727e292786a49ef281c703212c72af6795cfa496170bd861243,2019-12,Staffordshire Police,Staffordshire Police,-2.177097,53.026053,On or near Nightclub,E01014287,Stoke-on-Trent 015D,Investigation complete; no suspect identified
4781cc7ece8f5749108bc646f5fd6ffaab0e0ac32a54f89fe95cab61e9066aa7,2019-12,Staffordshire Police,Staffordshire Police,-2.214887,53.004021,On or near Further/Higher Educational Building,E01014294,Stoke-on-Trent 018F,Investigation complete; no suspect identified
ef156856ece6246ba2edac3f55d7e94c1d83c869961391acb1c338426155c046,2019-12,Staffordshire Police,Staffordshire Police,-2.178153,53.025323,On or near GITANA STREET,E01014287,Stoke-on-Trent 015D,Investigation complete; no suspect identified
a80b48a639e5bd419b6243888d024705c016105e03bbb600547de868d565d427,2019-12,Staffordshire Police,Staffordshire Police,-2.186455,53.004222,On or near TRADE STREET,E01014345,Stoke-on-Trent 019E,Investigation complete; no suspect identified
1bf6ed0e3c2fd6e63f3c8595f756ccb43b2f18387c2d22d50ed81c9a43d3b5da,2019-12,Staffordshire Police,Staffordshire Police,,,No location,,,Investigation complete; no suspect identified
e52b430f3a3c8400381eb50c050935af3e0346e03ddb5540e6ee9d3bbb7ea2c8,2019-12,Staffordshire Police,Staffordshire Police,-2.195283,53.071464,On or near A527,E01014241,Stoke-on-Trent 006A,Investigation complete; no suspect identified
1fdc48babd0dc2aa742970e847b31055bc8a9e35a313a303dce8037b79a04b10,2019-12,Staffordshire Police,Staffordshire Police,-2.210965,53.058232,On or near TOWER SQUARE,E01014355,Stoke-on-Trent 005B,Investigation complete; no suspect identified
0b9cc4588c8b4c5015a059ccf256a9805bac3e940750bf1582bbe9117e27650b,2019-12,Staffordshire Police,Staffordshire Police,-2.244644,53.040504,On or near TINTERN PLACE,E01029558,Newcastle-under-Lyme 006E,Investigation complete; no suspect identified
cbebf19f32c5353c11945c6b4a9526f63b67145c8819f8fcd0ac2219cc456397,2019-12,Staffordshire Police,Staffordshire Police,,,No location,,,Investigation complete; no suspect identified
5d0c002aef6b4db42c0cfb9087d776bad8db0ab8b089f15f4ff2ff3351d65c93,2019-12,Staffordshire Police,Staffordshire Police,-2.186963,52.994180,On or near BOOTHEN GREEN,E01014340,Stoke-on-Trent 019D,Investigation complete; no suspect identified
7df57b1353c8e1b029bcbc65d45cd3197e4d0d93350bc012202682991e74f386,2019-12,Staffordshire Police,Staffordshire Police,-2.382916,52.917669,On or near PINEWOOD DRIVE,E01029572,Newcastle-under-Lyme 016D,Investigation complete; no suspect identified
ca24dc293964350a313d85d77f75898685214a5710f4b29d337541a3e4ea6676,2019-12,Staffordshire Police,Staffordshire Police,-2.141135,52.993866,On or near FOLEY STREET,E01014273,Stoke-on-Trent 021A,Investigation complete; no suspect identified
dec85c50c2723c8242fa784e3c81eb0358041c55fcc2bdf73a8afefdef936fe8,2019-12,Staffordshire Police,Staffordshire Police,,,No location,,,Investigation complete; no suspect identified
67417ccf9e53704740cd7d26bb4262860241f99f0ffe6c8a5ae63b26e96c77f4,2019-12,Staffordshire Police,Staffordshire Police,-2.164440,52.998905,On or near Supermarket,E01014276,Stoke-on-Trent 020C,Investigation complete; no suspect identified
1c36f7867993780e2d606b07bc02794eabb3f7ca67d6c42be59d232e3eccd313,2019-12,Staffordshire Police,Staffordshire Police,-2.173475,53.026139,On or near Shopping Area,E01014287,Stoke-on-Trent 015D,Investigation complete; no suspect identified
9945bbd430a9a0e745406dbf8fadcc4605033c29ab919ae319c009c13a3bac24,2019-12,Staffordshire Police,Staffordshire Police,,,No location,,,Investigation complete; no suspect identified
c8c1e8739e55dcfa54cb9e95e8eef954b474774e92a377c30ea060c98f7f9b51,2019-12,Staffordshire Police,Staffordshire Police,-2.095636,52.966997,On or near CONSTABLE CLOSE,E01014318,Stoke-on-Trent 033B,Investigation complete; no suspect identified
7a80a310b7a5a05a1596c0bdf14de650ec30b9ff640cb0cf26098b4833693c74,2019-12,Staffordshire Police,Staffordshire Police,,,No location,,,Investigation complete; no suspect identified
80725e20a7199f76271e6a3beb7af1a08a680921cd2936b9c092015d27a830da,2019-12,Staffordshire Police,Staffordshire Police,,,No location,,,Investigation complete; no suspect identified
183eadb849bccd5777ffdba0edd9591b043b6762d9661e4a94a4889ca5fec96a,2019-12,Staffordshire Police,Staffordshire Police,,,No location,,,Investigation complete; no suspect identified
0f8a2d0c2823b578fa6c0a5500ea4db69c09605bd8e4e35474351f481398abcd,2019-12,Staffordshire Police,Staffordshire Police,-2.256215,53.052633,On or near LUDFORD CLOSE,E01029544,Newcastle-under-Lyme 004B,Investigation complete; no suspect identified
392e8d8981f2d81a47dd065e09ec5ef4a68bd19f013f8f7a4007b172f9217430,2019-12,Staffordshire Police,Staffordshire Police,-2.248655,53.045521,On or near HAMMOND ROAD,E01029547,Newcastle-under-Lyme 007A,Investigation complete; no suspect identified
7b1c65b459a5ec83399a21d24ce3801ef2bb65caab885c4a93497cbf16158607,2019-12,Staffordshire Police,Staffordshire Police,-2.202538,53.058993,On or near QUEEN'S AVENUE,E01014355,Stoke-on-Trent 005B,Investigation complete; no suspect identified
0000568a00da3ef027781a3671bbef3b5d5d346017716922e410f822b2bd1b4e,2019-12,Staffordshire Police,Staffordshire Police,-2.141633,53.073158,On or near HIGH LANE,E01029775,Staffordshire Moorlands 008B,Investigation complete; no suspect identified
497f3ed8132a18e4ad68a39a2a1c24b43e03e52240ac1870adc5ac3eed13e1d0,2019-12,Staffordshire Police,Staffordshire Police,-2.227140,53.015962,On or near BRAMPTON SIDINGS,E01029555,Newcastle-under-Lyme 011A,Investigation complete; no suspect identified
f9c4a481be25ad21f8ffbefdf54e2a029fa3fcfe3a7ba4c84198bb14aacd912f,2019-12,Staffordshire Police,Staffordshire Police,-2.139608,53.046912,On or near BARRATT GARDENS,E01014216,Stoke-on-Trent 007C,Investigation complete; no suspect identified
87bf1141be5b32e72dad2b52fa62f8379e5760ff76e3e290acef59a900e1fda5,2019-12,Staffordshire Police,Staffordshire Police,-2.184118,53.036209,On or near HILLARY STREET,E01014249,Stoke-on-Trent 011A,Investigation complete; no suspect identified
e50eafe3bdef44062f3f410cdb246ad89a04d231a1c31d8e10e5ed1c160c9bf0,2019-12,Staffordshire Police,Staffordshire Police,-2.179288,53.018741,On or near RAYMOND STREET,E01014287,Stoke-on-Trent 015D,Investigation complete; no suspect identified
234a2afafa3b9f2b4dad69e175e7cb7828ed4a7faffec38f4e3d887d53e3977a,2019-12,Staffordshire Police,Staffordshire Police,-2.137625,53.177974,On or near TUNSTALL ROAD,E01029802,Staffordshire Moorlands 002D,Investigation complete; no suspect identified
87de717d70e7ec1f253d6030fa6cce5725f6ce59271917134d8296956f123604,2019-12,Staffordshire Police,Staffordshire Police,-2.178153,53.025323,On or near GITANA STREET,E01014287,Stoke-on-Trent 015D,Investigation complete; no suspect identified
e9c8e9c8a5b315db2ff45ddea10afd593af1b8c5459bdb69658000311889c7b2,2019-12,Staffordshire Police,Staffordshire Police,-2.178153,53.025323,On or near GITANA STREET,E01014287,Stoke-on-Trent 015D,Investigation complete; no suspect identified
cb68ccc51b544b52dfac9214628ffc147ea8961fc09bbc98ffc3ac6ac12b827d,2019-12,Staffordshire Police,Staffordshire Police,,,No location,,,Investigation complete; no suspect identified
43947c2e1cb7d98bbf5ab1f29e90515227763d77590f2b59cf19e58434521cc1,2019-12,Staffordshire Police,Staffordshire Police,-2.240276,52.992511,On or near HARROWBY DRIVE,E01029608,Newcastle-under-Lyme 015G,Investigation complete; no suspect identified
15fb546f5bccdf2dcb7354639078df10e5e13c75923d242eaab479bf065f1fca,2019-12,Staffordshire Police,Staffordshire Police,-2.307765,52.957261,On or near TEAL CLOSE,E01029570,Newcastle-under-Lyme 016B,Investigation complete; no suspect identified
23ad5b744772f925728d97ea8b524cc58981f6daafdb4e4ed846575c37e79ad4,2019-12,Staffordshire Police,Staffordshire Police,,,No location,,,Investigation complete; no suspect identified
6dfbc1e97edd0f4257e5fc3429e83f2ef4eda019b3a599ae80e48ba507f88fee,2019-12,Staffordshire Police,Staffordshire Police,-2.093464,52.995612,On or near CROSS STREET,E01014369,Stoke-on-Trent 024D,Investigation complete; no suspect identified
c0493c0f82383f198e26f00d40eabfcd387cccec593dff3d6b809cd97ea47f13,2019-12,Staffordshire Police,Staffordshire Police,-2.193393,53.006098,On or near WADHAM STREET,E01014293,Stoke-on-Trent 019A,Investigation complete; no suspect identified
1a2e391f4cf839fcd42f66995bb6f14c232ff517a4023517d092f8ae4b25ecfb,2019-12,Staffordshire Police,Staffordshire Police,-2.176159,53.026395,On or near Shopping Area,E01014287,Stoke-on-Trent 015D,Investigation complete; no suspect identified
b9141407112e7ce625a4dcaacf92a280b86a0100ebe63d9a60cd8624ad718a7e,2019-12,Staffordshire Police,Staffordshire Police,-2.175194,53.019907,On or near REGENT ROAD,E01014287,Stoke-on-Trent 015D,Investigation complete; no suspect identified
5f5ebff43d3701582365595d6df15ae5d9d661fcfad685c9083a345459eae2be,2019-12,Staffordshire Police,Staffordshire Police,,,No location,,,Investigation complete; no suspect identified
99e38353e1df562a595a341eba3d2f1a77609cb7053bba9ba2d96c1cba015045,2019-12,Staffordshire Police,Staffordshire Police,-2.122503,52.980106,On or near FURNACE ROAD,E01014307,Stoke-on-Trent 029C,Investigation complete; no suspect identified
92a5c66421404488f6535ff40b9b2036d5096c26b089e7bc892a31629a5d49d4,2019-12,Staffordshire Police,Staffordshire Police,-1.998499,52.985005,On or near TOWN END,E01029786,Staffordshire Moorlands 011C,Investigation complete; no suspect identified
f251288cca8fdb5a1b9ceec9b5c5367942da0ff9cd81eafed98b3595091ec025,2019-12,Staffordshire Police,Staffordshire Police,,,No location,,,Investigation complete; no suspect identified
38caa522cebd0cb6cdd1b4c94c14a88ca0a6812efe53b5630e0d5b5726bfaf3f,2019-12,Staffordshire Police,Staffordshire Police,-2.213818,53.058955,On or near STRINGER COURT,E01014354,Stoke-on-Trent 005A,Investigation complete; no suspect identified
4ab40b5e8a11fab6cc23dc54c5f31a49bd7d8608d8be31dc6049e92000074834,2019-12,Staffordshire Police,Staffordshire Police,-2.015228,53.113189,On or near Sports/Recreation Area,E01029808,Staffordshire Moorlands 001C,Investigation complete; no suspect identified
043c3e0f1172368522e54b2787c07c944d7a615fceb6ab12be4f68aa7d306246,2019-12,Staffordshire Police,Staffordshire Police,-2.226757,53.011118,On or near Shopping Area,E01029604,Newcastle-under-Lyme 011E,Investigation complete; no suspect identified
9fa29f8913974cd94bdefbc112a338cf32e07a8a04bada6e5e287570b747784e,2019-12,Staffordshire Police,Staffordshire Police,-2.232369,53.018155,On or near ROBERTS AVENUE,E01029555,Newcastle-under-Lyme 011A,Investigation complete; no suspect identified
24543eccae9faf13f5671db28f5b61f885c104b6ad308579f03feba3a41faa4a,2019-12,Staffordshire Police,Staffordshire Police,-2.137054,52.989681,On or near MOULTON ROAD,E01014302,Stoke-on-Trent 022D,Investigation complete; no suspect identified
2fc96d84a2598e9915e11fc56398689dcb046e9f5353274c0fc37a2f0ce4bfc8,2019-12,Staffordshire Police,Staffordshire Police,,,No location,,,Investigation complete; no suspect identified
407092de4f9369128ce1f902d54bc1764ed42991aec814e6988be2b7e1be38d6,2019-12,Staffordshire Police,Staffordshire Police,,,No location,,,Investigation complete; no suspect identified
94775907d23145fac59c7edd0d25794a968e72abf37e71e36bb0ca47a370debc,2019-12,Staffordshire Police,Staffordshire Police,,,No location,,,Investigation complete; no suspect identified
cb39c87228d33f4d256236be6495fd7fc5f2c1044ead7dd8c50e14eced1a8cde,2019-12,Staffordshire Police,Staffordshire Police,-2.184689,52.995298,On or near CAMPBELL ROAD,E01014339,Stoke-on-Trent 019C,Investigation complete; no suspect identified
2485a75319846223156a4f8b1aa560f9f8331d7b4e05ab10025e92ce5a2b2187,2019-12,Staffordshire Police,Staffordshire Police,-2.177512,53.007354,On or near INGLIS STREET,E01014284,Stoke-on-Trent 016F,Investigation complete; no suspect identified
becb3e9824ae4f5dff9bb28f876d243b61b5f5a3f09b288fdbb390b0bb78b7db,2019-12,Staffordshire Police,Staffordshire Police,-2.177512,53.007354,On or near INGLIS STREET,E01014284,Stoke-on-Trent 016F,Investigation complete; no suspect identified
dea584f28c73df941ef538223b8cb12cbb00638eb99ffc4edbb4396c26d5c5da,2019-12,Staffordshire Police,Staffordshire Police,-2.183670,53.078080,On or near CUMBERBATCH AVENUE,E01014257,Stoke-on-Trent 001A,Investigation complete; no suspect identified
5eeec9bbff534fa90988e4201260ac743bfb0914662ad345dbc6e5c961b7a056,2019-12,Staffordshire Police,Staffordshire Police,-2.209894,53.059061,On or near Parking Area,E01014355,Stoke-on-Trent 005B,Investigation complete; no suspect identified
83266544056ec742641075df249934b76ba3d8bdeebbe17cdd4102aff78eaa8c,2019-12,Staffordshire Police,Staffordshire Police,-2.236953,53.084746,On or near Police Station,E01029588,Newcastle-under-Lyme 002D,Investigation complete; no suspect identified
1853563cc9a81a8e547fbe39f4002d32b35686681ad5f75f3f877e9a8c8e4ed9,2019-12,Staffordshire Police,Staffordshire Police,-2.160581,53.023029,On or near IVY HOUSE ROAD,E01033216,Stoke-on-Trent 016G,Investigation complete; no suspect identified
45b2f5b5c1683f1b8e4be9d4697d8c0daa8e458526c47e93623d5ee490a79680,2019-12,Staffordshire Police,Staffordshire Police,-2.201841,53.082267,On or near ROBIN CLOSE,E01014264,Stoke-on-Trent 001E,Investigation complete; no suspect identified
264391a563417e04d8e878986685f4b801d7c4f2b0ecac123f3f5bcd065359b6,2019-12,Staffordshire Police,Staffordshire Police,-2.189392,53.000918,On or near Shopping Area,E01014345,Stoke-on-Trent 019E,Investigation complete; no suspect identified
9352c66ec0c797c155611209fdef94b117655d5d9ce73e2546c836bd8a2fe266,2019-12,Staffordshire Police,Staffordshire Police,,,No location,,,Investigation complete; no suspect identified
ca8cc03bb8823560a07d19ba06f47ef7a8d04c864df3edab24df52b37a80fbde,2019-12,Staffordshire Police,Staffordshire Police,-2.228960,53.033155,On or near DIMSDALE PARADE WEST,E01029610,Newcastle-under-Lyme 009D,Investigation complete; no suspect identified
9566aaa8c92568745f3a868eb86d9930d7b0c7aab3152dd12b3a88389b7db76f,2019-12,Staffordshire Police,Staffordshire Police,,,No location,,,Investigation complete; no suspect identified
b86c9bb0f19c4ed9e99d9e3bc3da2a6b402cbbeba347b6ff988849d95c806693,2019-12,Staffordshire Police,Staffordshire Police,-2.146349,52.993904,On or near PERTH STREET,E01014273,Stoke-on-Trent 021A,Investigation complete; no suspect identified
3de7e2e455ebc94ad0398a2704d33759442cc840d86bf9fb42e88770039d8f7a,2019-12,Staffordshire Police,Staffordshire Police,-2.111129,52.999426,On or near HULME ROAD,E01014362,Stoke-on-Trent 025E,Investigation complete; no suspect identified
a920c16ef3bdc30cd07fda54984f94e335054a75532ac9f8e33904e5d9a5fd8a,2019-12,Staffordshire Police,Staffordshire Police,,,No location,,,Investigation complete; no suspect identified
abac08456cfe1a3ed5695c4adf7847a18dfaef4645537232898464f89af9bfbc,2019-12,Staffordshire Police,Staffordshire Police,-2.169948,53.005217,On or near Further/Higher Educational Building,E01014276,Stoke-on-Trent 020C,Investigation complete; no suspect identified
435258b196281726143115f5a55ff51d3a3c3fddce992f53e065e7d2f8331a81,2019-12,Staffordshire Police,Staffordshire Police,-2.207699,53.055505,On or near WILLIAMSON STREET,E01014356,Stoke-on-Trent 005C,Investigation complete; no suspect identified
bb8624c717ebfcff1d5a4541bc0ce1267535dfbd7cfd2ab92b17e58c93c551f5,2019-12,Staffordshire Police,Staffordshire Police,-2.183683,53.049567,On or near WADE STREET,E01014248,Stoke-on-Trent 006F,Investigation complete; no suspect identified
cf742d871192ce57a0cb442c3e6088aeb21be7f04d858773d00a090b999806ab,2019-12,Staffordshire Police,Staffordshire Police,-2.119838,52.975227,On or near ALANBROOK GROVE,E01014310,Stoke-on-Trent 031A,Investigation complete; no suspect identified
3fe37ced3c22910ace329c0948403e0c83d35c7bed4a704d83c70a7a62c039e5,2019-12,Staffordshire Police,Staffordshire Police,-2.182041,53.088160,On or near FISHER STREET,E01014257,Stoke-on-Trent 001A,Investigation complete; no suspect identified
03f36967e710ec75e9bcadb5d968567a7d6a67dc42a2f3b78b222db597d1882f,2019-12,Staffordshire Police,Staffordshire Police,-2.183474,53.028605,On or near CENTURY STREET,E01014254,Stoke-on-Trent 011C,Investigation complete; no suspect identified
7b44deeb32f1b4a53206e1cb0be995cc6af2dc06bf2f50fdc696e23b200787de,2019-12,Staffordshire Police,Staffordshire Police,-2.129020,53.013062,On or near DAWLISH DRIVE,E01014222,Stoke-on-Trent 017C,Investigation complete; no suspect identified
b8cd0e2a01375c9951046cb2c7ed50dbf468c5cdeb32986d35abdae2f692b57f,2019-12,Staffordshire Police,Staffordshire Police,,,No location,,,Investigation complete; no suspect identified
d49520319bb1555fa3b49609e928ff5f6b2457db29f95dddac48fa0dbaf898e3,2019-12,Staffordshire Police,Staffordshire Police,-2.101876,52.986795,On or near COYNEY GROVE,E01014365,Stoke-on-Trent 024C,Investigation complete; no suspect identified
37d62e425e2c2a4ae57fac4dbfc6637370c8c82ef8cb38a5003b54ac89500e2d,2019-12,Staffordshire Police,Staffordshire Police,-2.221714,52.981077,On or near ASHTON COURT,E01033257,Newcastle-under-Lyme 015H,Investigation complete; no suspect identified
f8cf460ee7d06d7847dd71b5c021f4ffe031518ea5c7a6d46e85b2843c07d420,2019-12,Staffordshire Police,Staffordshire Police,,,No location,,,Investigation complete; no suspect identified
33411ad963bd4c8451067823796c65576ab6b7b675adeccafd779bb588c951fb,2019-12,Staffordshire Police,Staffordshire Police,,,No location,,,Investigation complete; no suspect identified
baa6090db1ff1bb5644d62a1e8724b6254e351d13f37af41ace7e8fc7bcb15a0,2019-12,Staffordshire Police,Staffordshire Police,-2.087445,52.973296,On or near UTTOXETER ROAD,E01029702,Stafford 001A,Investigation complete; no suspect identified
11aae0791ac8ac90bd79b7d8d38fc5db81bde2d9860645757d2815a203eb3b2b,2019-12,Staffordshire Police,Staffordshire Police,,,No location,,,Investigation complete; no suspect identified
bd9bc679f9dabd34f38b5ff1414ef6bbf75079eb358908002b373a8103ef78dd,2019-12,Staffordshire Police,Staffordshire Police,,,No location,,,Investigation complete; no suspect identified
b4fb1987d6f60cf7df714139921f4a27775c93a68027152cbf197a752a8f5d1d,2019-12,Staffordshire Police,Staffordshire Police,-2.184828,52.965076,On or near LONGTON ROAD,E01014351,Stoke-on-Trent 034C,Investigation complete; no suspect identified
d90b3d3d9bfe8dd65ab216d38f0f941d5ed15729d5635647ee31a5a91914e1e4,2019-12,Staffordshire Police,Staffordshire Police,-1.983038,52.984087,On or near ALLEN STREET,E01029783,Staffordshire Moorlands 011B,Investigation complete; no suspect identified
c9f014be4fc9c1d6b8d087cc3705a1eaf46fe221d016327e43e044c6499dd26d,2019-12,Staffordshire Police,Staffordshire Police,-2.166015,52.997627,On or near NELSON STREET,E01014276,Stoke-on-Trent 020C,Investigation complete; no suspect identified
ea2bbb9d1bcddebfa7b9278ae584638d5af66480a4034bcd7a4b5a1dc7937850,2019-12,Staffordshire Police,Staffordshire Police,-2.128456,53.013629,On or near Supermarket,E01014222,Stoke-on-Trent 017C,Investigation complete; no suspect identified
7758ef95356e532881c15e5c328449a6e783290dfd578f69e0cd502e03f0115e,2019-12,Staffordshire Police,Staffordshire Police,,,No location,,,Investigation complete; no suspect identified
d5a880fafbae19b2e21d07b6109a6ab3cb34d5f697d9e137f55943d74578b0a1,2019-12,Staffordshire Police,Staffordshire Police,-2.109097,52.967858,On or near KINGSMEAD ROAD,E01014319,Stoke-on-Trent 033C,Investigation complete; no suspect identified
1a8ac54d40adc8d8531fb8db4ba201f78574ab81631de7c777910b9893504299,2019-12,Staffordshire Police,Staffordshire Police,-2.253237,53.048495,On or near APPLECROFT,E01029545,Newcastle-under-Lyme 004C,Investigation complete; no suspect identified
88004946938e12a7cb33fadb2dc8f17a3114857514e002f0de6399ac46fb555b,2019-12,Staffordshire Police,Staffordshire Police,,,No location,,,Investigation complete; no suspect identified
b029661be592db8b0925a180ad1fa7abc121ebb49d5040474564b9a15fd40524,2019-12,Staffordshire Police,Staffordshire Police,,,No location,,,Investigation complete; no suspect identified
8ac0a6614a3aa3b49f8e5230ee6a8facfb1ffd1ed1cf169da7a3fc40b52886b4,2019-12,Staffordshire Police,Staffordshire Police,-2.140282,53.029572,On or near BRYANT ROAD,E01014213,Stoke-on-Trent 012D,Investigation complete; no suspect identified
5136faa0e65ccf9283d6877747b1aa4d6ba7862ba72a52fdbd9617834db7e519,2019-12,Staffordshire Police,Staffordshire Police,-2.215113,53.043393,On or near LONGSHAW STREET,E01014252,Stoke-on-Trent 009D,Investigation complete; no suspect identified
156c916de0a04130026820819acab67b70497b535f114968a6a58e0d96650663,2019-12,Staffordshire Police,Staffordshire Police,-2.267480,53.079306,On or near WALTON GROVE,E01029595,Newcastle-under-Lyme 003E,Investigation complete; no suspect identified
5ae08938996f85e9a11a4134138298e92552ae6e68b718c5e673521fe1a9f3a5,2019-12,Staffordshire Police,Staffordshire Police,-2.178153,53.025323,On or near GITANA STREET,E01014287,Stoke-on-Trent 015D,Investigation complete; no suspect identified
48df60b6b863cc5dbd48dc652425f093cbd71bda3b44f9b31794c817700671b1,2019-12,Staffordshire Police,Staffordshire Police,-2.016512,53.111490,On or near BALL HAYE GREEN,E01029808,Staffordshire Moorlands 001C,Investigation complete; no suspect identified
3e1d5576aa16a742e0a6aa86de3a82a1dccf5969bf08512269b13d16b2c8de1e,2019-12,Staffordshire Police,Staffordshire Police,-2.087641,52.974626,On or near CAVERSWALL LANE,E01014315,Stoke-on-Trent 033A,Investigation complete; no suspect identified
5dbc850c8e9aa32ba8bcb4a6f177d7c2b7f92ff6533599dae8598c2f755a7979,2019-12,Staffordshire Police,Staffordshire Police,-2.128143,53.018933,On or near RUTHIN ROAD,E01014220,Stoke-on-Trent 017A,Investigation complete; no suspect identified
dc663852b851331c726fb3458ce83061b6781bbc6b61fe0774b7b78c873e56c2,2019-12,Staffordshire Police,Staffordshire Police,-2.115201,52.989875,On or near MELCHESTER GROVE,E01014303,Stoke-on-Trent 025C,Investigation complete; no suspect identified
b447676c7d5b970033c023c75db5be0befb117ef12d9fe752da166a2907c4d46,2019-12,Staffordshire Police,Staffordshire Police,,,No location,,,Investigation complete; no suspect identified
ed9da265dc9ff68455d8d6a3aa109b718c5fcd7666b62641fa55f52d4a479bba,2019-12,Staffordshire Police,Staffordshire Police,-2.087641,52.974626,On or near CAVERSWALL LANE,E01014315,Stoke-on-Trent 033A,Investigation complete; no suspect identified
3db5f6a21ec1c416e6f86b95520312c3ee809d04a9ffa1d6e60474ad65603cb4,2019-12,Staffordshire Police,Staffordshire Police,,,No location,,,Investigation complete; no suspect identified
6805df78ab358163dbbe63d39146a9cdd857c263bf45059c20d3ec86a141317b,2019-12,Staffordshire Police,Staffordshire Police,-2.173475,53.026139,On or near Shopping Area,E01014287,Stoke-on-Trent 015D,Investigation complete; no suspect identified
5f4cbf8dbb988fc1cbc98790ec76664825d5d31000baef22ba03514b49fc933d,2019-12,Staffordshire Police,Staffordshire Police,-2.224742,53.079475,On or near WOODSTOCK STREET,E01014357,Stoke-on-Trent 002A,Investigation complete; no suspect identified
a773566ae650ed92e7c25767ee16b8a8ce20a77707935c89b689371b08a37dd4,2019-12,Staffordshire Police,Staffordshire Police,-2.296119,53.008619,On or near OLD CHAPEL CLOSE,E01029576,Newcastle-under-Lyme 012A,Investigation complete; no suspect identified
5e3f22c2f37fb6ac7a8707d2957b64c7d12cc589221f21d0722b58855d5d2859,2019-12,Staffordshire Police,Staffordshire Police,-2.243435,53.045639,On or near Pedestrian Subway,E01029545,Newcastle-under-Lyme 004C,Investigation complete; no suspect identified
a69d0186c782a3d9cbe22145a8adec80c26e0192f68b08f63a8e30d756b97842,2019-12,Staffordshire Police,Staffordshire Police,-2.038052,53.109642,On or near THOMAS STREET,E01029814,Staffordshire Moorlands 005E,Investigation complete; no suspect identified
af63885f59784172b97c8b2004ac9001f043b851e83cf715c9caad7bce8fd72d,2019-12,Staffordshire Police,Staffordshire Police,-2.140196,53.030354,On or near WALLIS PLACE,E01014213,Stoke-on-Trent 012D,Investigation complete; no suspect identified
0b6af371a54c1568c49c769b364e0a190b02493676848320a142315c4968e289,2019-12,Staffordshire Police,Staffordshire Police,,,No location,,,Investigation complete; no suspect identified
9beb50a2e3eb3c76496529984611d97f912884fa6fb0121b69bd55cb974d186a,2019-12,Staffordshire Police,Staffordshire Police,-2.209177,53.058838,On or near Pedestrian Subway,E01014355,Stoke-on-Trent 005B,Investigation complete; no suspect identified
8507a21d86eacf59210a73143cbea086649f572951c1284ed9166611d99a97e6,2019-12,Staffordshire Police,Staffordshire Police,-2.205865,53.058942,On or near Pedestrian Subway,E01014356,Stoke-on-Trent 005C,Investigation complete; no suspect identified
bd6b630edb29339f73f36d281fc5ba632c0657b02b6123c431dbb40f4659ace7,2019-12,Staffordshire Police,Staffordshire Police,-2.135226,53.057704,On or near BAKER CRESCENT NORTH,E01014215,Stoke-on-Trent 007B,Investigation complete; no suspect identified
b0a6ab561d39dff5af199b543e4f1ce084994cb2b04eeae2fea2b0512059c0a1,2019-12,Staffordshire Police,Staffordshire Police,-2.189582,53.023948,On or near JOSIAH WEDGWOOD STREET,E01014285,Stoke-on-Trent 015B,Investigation complete; no suspect identified
0db7a3b30325963130e7d9394b909daa931d6aa0cdf1d62e2a57f15fd744548e,2019-12,Staffordshire Police,Staffordshire Police,-2.145812,52.993482,On or near OLDFIELD STREET,E01014273,Stoke-on-Trent 021A,Investigation complete; no suspect identified
7955328a355a873473984b823b8d3b6c81881d6870894277d004974f206cc98f,2019-12,Staffordshire Police,Staffordshire Police,-2.212339,53.061583,On or near MADELEY STREET,E01014361,Stoke-on-Trent 005D,Investigation complete; no suspect identified
9b99c59e57c5ebf68929a823a930e36085d55f6e59ec8b5f908c7ea420f98690,2019-12,Staffordshire Police,Staffordshire Police,-2.186063,53.003089,On or near LONDON ROAD,E01014345,Stoke-on-Trent 019E,Investigation complete; no suspect identified
46ed7ded72b6d4fad2e1e822533a24f46e22aa1c09682c46202a346cc63caa82,2019-12,Staffordshire Police,Staffordshire Police,-2.197250,53.044529,On or near Further/Higher Educational Building,E01014251,Stoke-on-Trent 009C,Investigation complete; no suspect identified
f4cc894c8cbd00491111cc75e3eb69d84777139553d355c9c19766174ce7619a,2019-12,Staffordshire Police,Staffordshire Police,-2.102876,52.975091,On or near HARTWELL ROAD,E01014316,Stoke-on-Trent 031C,Investigation complete; no suspect identified
18fb607137f54078fd1aad1d9b8681aec9ff05365cc46a5299ef3878e4fbeb06,2019-12,Staffordshire Police,Staffordshire Police,-2.125505,52.977936,On or near LIGHTWOOD ROAD,E01014312,Stoke-on-Trent 029D,Investigation complete; no suspect identified
7c1fefe875dd004bc2b6c882c0c0df43746b941dddf00404e2bcc73e8bd6cec3,2019-12,Staffordshire Police,Staffordshire Police,-2.120215,52.992765,On or near DEANSCROFT WAY,E01014301,Stoke-on-Trent 025B,Investigation complete; no suspect identified
ee6452cc49647cd039e1e18cb43c9d6332ef162c935b112be6400a12fc5feaed,2019-12,Staffordshire Police,Staffordshire Police,-2.298055,53.036598,On or near PODMORE LANE,E01029556,Newcastle-under-Lyme 005E,Investigation complete; no suspect identified
00795d12b722b0d7c8f0c63c513af26a2cbb3790edd3389bdee9644e1929bd91,2019-12,Staffordshire Police,Staffordshire Police,-2.195586,53.055912,On or near NORRIS ROAD,E01014244,Stoke-on-Trent 006D,Investigation complete; no suspect identified
3e1df09dbb7c7090720627ebfc59c782acdef4a9e5a60c64e010ab98fe0485af,2019-12,Staffordshire Police,Staffordshire Police,-2.197222,53.002604,On or near DONCASTER LANE,E01014292,Stoke-on-Trent 018E,Investigation complete; no suspect identified
fdbfdaf832b5ef120c452eef30d6e46cb49ce0dfaeeb04d9a60a388fe9e6ddd1,2019-12,Staffordshire Police,Staffordshire Police,-2.209931,53.057344,On or near RATHBONE STREET,E01014356,Stoke-on-Trent 005C,Investigation complete; no suspect identified
1068c4b6bb2b572fde0cf4948b4647c341d78b2dae49b0e147163cc947aec489,2019-12,Staffordshire Police,Staffordshire Police,-2.032009,53.099136,On or near BARNFIELDS CLOSE,E01029811,Staffordshire Moorlands 005C,Investigation complete; no suspect identified
78550fb20d78d9a5ac95e86dbf5528e3fdd1b77ca5c879ca52ca3681bc4b714d,2019-12,Staffordshire Police,Staffordshire Police,-2.131395,53.068513,On or near EDGEFIELD LANE,E01029762,Staffordshire Moorlands 008A,Investigation complete; no suspect identified
db82252885fed8d5cddddea49bc311987b7a22507ad5a746418f577d6e774d4e,2019-12,Staffordshire Police,Staffordshire Police,-2.187587,52.997055,On or near FLETCHER ROAD,E01014340,Stoke-on-Trent 019D,Investigation complete; no suspect identified
d4d7209190f0cef932417db295580fe09edeb71676f5beafbee18ea3a1946a5a,2019-12,Staffordshire Police,Staffordshire Police,,,No location,,,Investigation complete; no suspect identified
5dc82e4d9d5f787f5abeea0caef500462fb21285b0efe187b627bd4e740b896c,2019-12,Staffordshire Police,Staffordshire Police,-2.129020,53.013062,On or near DAWLISH DRIVE,E01014222,Stoke-on-Trent 017C,Investigation complete; no suspect identified
667934066159dbd9e86b501a561ccce784eb0e6652160df740999cec9e554c57,2019-12,Staffordshire Police,Staffordshire Police,-2.177516,53.026465,On or near FOUNDRY STREET,E01014287,Stoke-on-Trent 015D,Investigation complete; no suspect identified
bf4cd8263e989da5c552cbd95ba9313a4ddc8a861e5dd1588aaa491ac7090f6a,2019-12,Staffordshire Police,Staffordshire Police,-2.175112,52.996193,On or near RAMSEY STREET,E01014277,Stoke-on-Trent 020D,Investigation complete; no suspect identified
39eab18d9b66f3907f6f7e8bfea9dd9fad5716cbf518de62fcb792b9e4758b23,2019-12,Staffordshire Police,Staffordshire Police,-2.181110,53.015979,On or near HARCOURT STREET,E01014281,Stoke-on-Trent 015A,Investigation complete; no suspect identified
46bf3eb0bd40fb3947e37e944ef07cea7a1076ee480dad63c3bcd0a8b0cbd05a,2019-12,Staffordshire Police,Staffordshire Police,-2.126071,52.977972,On or near Petrol Station,E01014312,Stoke-on-Trent 029D,Investigation complete; no suspect identified
7fcb331a438faca5eb11695db22ce8cd66b8aecd3e603332c1fdf2288f7a697c,2019-12,Staffordshire Police,Staffordshire Police,-2.180510,53.000824,On or near MACLAGAN STREET,E01014345,Stoke-on-Trent 019E,Investigation complete; no suspect identified
5dc7bc1ebeee3116f3b8c96d5fde174f86bf8746d651aa6b4cb8014c5ac1e35d,2019-12,Staffordshire Police,Staffordshire Police,-2.190110,53.045737,On or near Pedestrian Subway,E01014249,Stoke-on-Trent 011A,Investigation complete; no suspect identified
35d11df89c9349f837eabab2ebee9ced5d00a1a32345030ea50a9fd474974529,2019-12,Staffordshire Police,Staffordshire Police,-2.182377,53.040544,On or near LINDLEY STREET,E01014249,Stoke-on-Trent 011A,Investigation complete; no suspect identified
7c33efd499fd0e99a024376680b491cfab1d1fa5265c105172593b148e7a2c4c,2019-12,Staffordshire Police,Staffordshire Police,-2.178589,53.011838,On or near CAULDON ROAD,E01014282,Stoke-on-Trent 016D,Investigation complete; no suspect identified
9eea6c2a7cec05eeda3ccb17a3bf5dbb608e8c2ac6243a17aa737e86120d1aa5,2019-12,Staffordshire Police,Staffordshire Police,-2.178057,53.009214,On or near SPENCER ROAD,E01014283,Stoke-on-Trent 016E,Investigation complete; no suspect identified
9da1cfa6aed9b829800408861f19a62b2bdffaa5336dd18f8ae5ba9223aca5d3,2019-12,Staffordshire Police,Staffordshire Police,-2.222521,53.019243,On or near HYACINTH COURT,E01029578,Newcastle-under-Lyme 011B,Investigation complete; no suspect identified
2c14089c8d43cde082304ebfc0edd9e29fb1921bf5ea2898e4b37078b22896aa,2019-12,Staffordshire Police,Staffordshire Police,-2.118414,53.009927,On or near GALLOWAY ROAD,E01014223,Stoke-on-Trent 017D,Investigation complete; no suspect identified
f0fc7e4a143211e1a4bc63c7af58afe490c0640395e3e2bbbcd669f657df5fea,2019-12,Staffordshire Police,Staffordshire Police,-2.182769,53.038008,On or near MILBURN ROAD,E01014249,Stoke-on-Trent 011A,Investigation complete; no suspect identified
0501030bf8ace5bed752a98a050da7972e4c4f9466da1890d956a459f272919a,2019-12,Staffordshire Police,Staffordshire Police,-2.198685,53.048554,On or near DARWIN DRIVE,E01014251,Stoke-on-Trent 009C,Investigation complete; no suspect identified
dcc4e39b4caabd72f6d4682bd940a4087294e2a22d0df885b0aafb2680137fea,2019-12,Staffordshire Police,Staffordshire Police,-2.137054,52.989681,On or near MOULTON ROAD,E01014302,Stoke-on-Trent 022D,Investigation complete; no suspect identified
6bd10b8192608e0cb80aa1741e63506592339f66500e4bf290739721dc42091e,2019-12,Staffordshire Police,Staffordshire Police,-2.180688,53.100207,On or near TUNSTALL ROAD,E01029772,Staffordshire Moorlands 004C,Investigation complete; no suspect identified
edcf0efbc3ed4d8cfb933e8305ee0b93c5e7bb25a6787c6da30dfb43b4365ebd,2019-12,Staffordshire Police,Staffordshire Police,-2.156935,52.987796,On or near WHITCLIFFE PLACE,E01014239,Stoke-on-Trent 026C,Investigation complete; no suspect identified
f0deed18bf7e653e7140aa7a245ece5af872f7936ea5fbe280e2536f17d9114b,2019-12,Staffordshire Police,Staffordshire Police,-2.145555,53.027785,On or near ABBEY LANE,E01014219,Stoke-on-Trent 014B,Investigation complete; no suspect identified
41e4db55a8048a19182edb4e5f32b58dcdce625e24c8444e420d0921a839fab3,2019-12,Staffordshire Police,Staffordshire Police,-2.228345,53.015601,On or near ENDERLEY STREET,E01029604,Newcastle-under-Lyme 011E,Investigation complete; no suspect identified
ff07c0873e65c34423728d929f8415d1723a1468e4c4628fbc74b2c1a13befcf,2019-12,Staffordshire Police,Staffordshire Police,-2.187251,53.050245,On or near MINSTER STREET,E01014247,Stoke-on-Trent 009A,Investigation complete; no suspect identified
000421640f4e4f4a8469ab57f335673eae0e6315e3dc33e4cc9d3194dbb1c1ab,2019-12,Staffordshire Police,Staffordshire Police,-2.199199,53.020876,On or near ETRURIA OLD ROAD,E01014285,Stoke-on-Trent 015B,Investigation complete; no suspect identified
4f158242c02328f31b43167263459e559813a76d5ab29de09a06caa153c7c968,2019-12,Staffordshire Police,Staffordshire Police,-2.183343,53.001116,On or near LONSDALE STREET,E01014345,Stoke-on-Trent 019E,Investigation complete; no suspect identified
88a9a9ffc6cc2e4a8983ba1aa016a1cf166dd926465a7d74d1820d0209b9ff8f,2019-12,Staffordshire Police,Staffordshire Police,-2.144916,53.033045,On or near LEEK ROAD,E01014210,Stoke-on-Trent 012A,Investigation complete; no suspect identified
3a8201de5816e08d565f7b66eadfb560c2f0af43c1187ef9179c4c132ec6e86f,2019-12,Staffordshire Police,Staffordshire Police,-2.211432,53.059166,On or near HOSE STREET,E01014355,Stoke-on-Trent 005B,Investigation complete; no suspect identified
3fb67b9ee4d672909ea252ac6868a7258bc51f8c50d58cbe3542352c890cc28a,2019-12,Staffordshire Police,Staffordshire Police,-2.166034,53.018122,On or near Supermarket,E01033216,Stoke-on-Trent 016G,Investigation complete; no suspect identified
6e1834585645f40dd19d0debd600145e5018ae62a77e44e04bdfde797bf6bfa1,2019-12,Staffordshire Police,Staffordshire Police,-2.190396,52.998894,On or near VINEBANK STREET,E01014345,Stoke-on-Trent 019E,Investigation complete; no suspect identified
1f78f8af6142d189ce889c947dc8034f3a95365e0a3dddb74e14d1eb07e805bf,2019-12,Staffordshire Police,Staffordshire Police,,,No location,,,Investigation complete; no suspect identified
e50e60c2e956c3b601ce3093b4986e9438b9a14f4ea94d28c0fc7d6df19e13f3,2019-12,Staffordshire Police,Staffordshire Police,-2.136481,52.977951,On or near CARLISLE STREET,E01014309,Stoke-on-Trent 027B,Investigation complete; no suspect identified
49b29ea559ee02687707ec9faf88fca599fdd97fe37cf621f2897b69062d0a43,2019-12,Staffordshire Police,Staffordshire Police,-2.103243,52.979036,On or near CORNELIOUS STREET,E01014321,Stoke-on-Trent 028A,Investigation complete; no suspect identified
0745aa2dc144d420442cbb0121deafed730a015da0b7fdd4bec159db648bcca0,2019-12,Staffordshire Police,Staffordshire Police,,,No location,,,Investigation complete; no suspect identified
dd3264d5f04738af11691a2b7d71d0bc902a792d1035752108aafe4097c413c4,2019-12,Staffordshire Police,Staffordshire Police,,,No location,,,Investigation complete; no suspect identified
4bd6573ee76c2b6f35d4c2b6f08697cc1a2db8b975f5f27c7638b3854622fe37,2019-12,Staffordshire Police,Staffordshire Police,,,No location,,,Investigation complete; no suspect identified
db37d65eb7b71cb534c94eee5adad5ada73b3abd31c624cab387c9929a0f6168,2019-12,Staffordshire Police,Staffordshire Police,-2.211432,53.059166,On or near HOSE STREET,E01014355,Stoke-on-Trent 005B,Investigation complete; no suspect identified
b553054b82af07b78aedcc3e16ff462692452d70298881da0479e4c1c0db5373,2019-12,Staffordshire Police,Staffordshire Police,-2.099479,53.019635,On or near BLITHFIELD CLOSE,E01029818,Staffordshire Moorlands 009D,Investigation complete; no suspect identified
32baaa25a98866be0cdfff925c17850f6c699cb52434ca74ebd4e6d0bd94f973,2019-12,Staffordshire Police,Staffordshire Police,-2.221032,53.008028,On or near VESSEY TERRACE,E01029602,Newcastle-under-Lyme 011C,Investigation complete; no suspect identified
047559d57df05b1f19a3b3bc0b99e6c580922c7d974911acba389e7e5d21d47d,2019-12,Staffordshire Police,Staffordshire Police,-2.185192,53.029357,On or near DENBIGH STREET,E01014254,Stoke-on-Trent 011C,Investigation complete; no suspect identified
3d4c3a2e9f878177e56c73d24ecd9b528ce4837c3ecf1858f2fb696aff3a0958,2019-12,Staffordshire Police,Staffordshire Police,-2.223542,53.009245,On or near WELL STREET,E01029602,Newcastle-under-Lyme 011C,Investigation complete; no suspect identified
a71d640eb5086e56eeb312079274fd66213be7740b6df0611145810e1c2e94e6,2019-12,Staffordshire Police,Staffordshire Police,-2.123934,53.021976,On or near ASH BANK ROAD,E01014225,Stoke-on-Trent 014C,Investigation complete; no suspect identified
0e48f8a2b26af21a5100cf23dccc84a83a3a868d71e636fefb7bc188e1434f5a,2019-12,Staffordshire Police,Staffordshire Police,-2.256918,53.045422,On or near HAZEL ROAD,E01029548,Newcastle-under-Lyme 007B,Investigation complete; no suspect identified
cac2f7ef37f31fadb4471f82609a0656c3a81ea7222009d29a80fa482eafdfae,2019-12,Staffordshire Police,Staffordshire Police,-2.137465,52.987775,On or near GOLD STREET,E01014302,Stoke-on-Trent 022D,Investigation complete; no suspect identified
d0b50a67f589f019c5620318074c8fb1f6605c4b272224d37f5cc40929312b02,2019-12,Staffordshire Police,Staffordshire Police,-2.232439,53.020150,On or near WILTON STREET,E01029554,Newcastle-under-Lyme 010B,Investigation complete; no suspect identified
909210ed0c672cc9fff0f18051d235a626396ae280afc40d6838039ade3ae230,2019-12,Staffordshire Police,Staffordshire Police,-2.204972,53.065605,On or near HALLFIELD GROVE,E01014359,Stoke-on-Trent 002C,Investigation complete; no suspect identified
d1dcbb46ef085c0db1e37d6f8786ba6048f317527a2cbf228e349546fc90a44f,2019-12,Staffordshire Police,Staffordshire Police,-2.189582,53.023948,On or near JOSIAH WEDGWOOD STREET,E01014285,Stoke-on-Trent 015B,Investigation complete; no suspect identified
ca13d76ce5b4efdb9439e38097b2d2600edf10d18fb82dce468b53752d89122f,2019-12,Staffordshire Police,Staffordshire Police,-2.157136,53.010413,On or near SPEDDING ROAD,E01033216,Stoke-on-Trent 016G,Investigation complete; no suspect identified
6ccdc44f27118d55feaaa57d440de6e0af84ca2fa4c2458d2edba0626977881e,2019-12,Staffordshire Police,Staffordshire Police,-2.230121,52.993511,On or near FOUNTAINS AVENUE,E01029607,Newcastle-under-Lyme 014F,Investigation complete; no suspect identified
f6c10df36dda7d2d95d41dc37ee75356e033f8b79d3cde83354693381a4386b3,2019-12,Staffordshire Police,Staffordshire Police,-2.129850,52.986669,On or near LANDON STREET,E01014302,Stoke-on-Trent 022D,Investigation complete; no suspect identified
ca943d1be9aea26e7beca4b605fb5ea41d154929f0e1e601ba83713cbda3ea4c,2019-12,Staffordshire Police,Staffordshire Police,-2.196418,53.045376,On or near SWAN SQUARE,E01014251,Stoke-on-Trent 009C,Investigation complete; no suspect identified
b70da1aa467653d11ae23afe9c9e8f683a0fb204461bb77be750fc5083bfbc90,2019-12,Staffordshire Police,Staffordshire Police,-2.020169,53.104658,On or near TALBOT STREET,E01029804,Staffordshire Moorlands 005A,Investigation complete; no suspect identified
0eaf848ce7925078deb880ad1381997ecb77c25ee6b145b5745c27cf7c7d90ff,2019-12,Staffordshire Police,Staffordshire Police,-2.186063,53.003089,On or near LONDON ROAD,E01014345,Stoke-on-Trent 019E,Investigation complete; no suspect identified
423b6531e5fb5282e8471cd17152ffa819a08902f77f7d9866ced57f0362452c,2019-12,Staffordshire Police,Staffordshire Police,-2.036229,52.949924,On or near Conference/Exhibition Centre,E01029789,Staffordshire Moorlands 012B,Investigation complete; no suspect identified
0fef2b1ae3c7e548836148174d7c367c7ed4eb568fb5d0d7ee770bc432e00146,2019-12,Staffordshire Police,Staffordshire Police,-1.978017,53.017221,On or near HASTE HILL AVENUE,E01029795,Staffordshire Moorlands 010C,Investigation complete; no suspect identified
d46c5ff15cd86ba0ede84f3f483f3b0df7d477e393660427014033b1e5646b69,2019-12,Staffordshire Police,Staffordshire Police,-2.212202,53.021590,On or near OXFORD ROAD,E01029580,Newcastle-under-Lyme 009C,Investigation complete; no suspect identified
2f9340f633af696ac5dbd3265b0ab3f7b7fd7236eaf08dc004cb0e26c9f16fd1,2019-12,Staffordshire Police,Staffordshire Police,-2.165683,53.023840,On or near BALFOUR STREET,E01033216,Stoke-on-Trent 016G,Investigation complete; no suspect identified
e434337121244d8cefafe5821d7143e06f7e6118e0b5923ffd3eb03338952b08,2019-12,Staffordshire Police,Staffordshire Police,-2.201496,53.002102,On or near GIFFORD PLACE,E01014294,Stoke-on-Trent 018F,Investigation complete; no suspect identified
c03254d600968630ba77aeeab6e6c52fde948d534bc1721b50de7f482094702c,2019-12,Staffordshire Police,Staffordshire Police,-2.169976,53.019815,On or near PELHAM STREET,E01014231,Stoke-on-Trent 016B,Investigation complete; no suspect identified
09e2161d7cb355db126fa507725cf3be0b4c532ebb7ea075e24b63b53c28f9f3,2019-12,Staffordshire Police,Staffordshire Police,-2.207782,53.060341,On or near SALISBURY STREET,E01014355,Stoke-on-Trent 005B,Investigation complete; no suspect identified
5dc9e17b9766d7291827098976e9a46f83641db30b4e2832a21176e66e5eee52,2019-12,Staffordshire Police,Staffordshire Police,-2.256918,53.045422,On or near HAZEL ROAD,E01029548,Newcastle-under-Lyme 007B,Investigation complete; no suspect identified
ebf4aa60ab7370c0a733397cc3d9e92adfeb7554f0355b1910f8a22804ee3716,2019-12,Staffordshire Police,Staffordshire Police,-2.186063,53.003089,On or near LONDON ROAD,E01014345,Stoke-on-Trent 019E,Investigation complete; no suspect identified
864c3de9d3ba10e0f286b29a262ed6fd549a36d16f0e8e98f9fab87dd8efce12,2019-12,Staffordshire Police,Staffordshire Police,-2.178676,53.011137,On or near CROWTHER STREET,E01014284,Stoke-on-Trent 016F,Investigation complete; no suspect identified
e2616de5dabfc049ac7889fb18fff5257e92e22c1f5caa25cbfddc1fc459a042,2019-12,Staffordshire Police,Staffordshire Police,-2.177689,53.032110,On or near WALNEY GROVE,E01014256,Stoke-on-Trent 011D,Investigation complete; no suspect identified
9295453224d56400bc7b21d0d36fa3dfd9b98380186a44103da4624492c2e13d,2019-12,Staffordshire Police,Staffordshire Police,-2.209408,53.001846,On or near GRINDLEY HILL COURT,E01014294,Stoke-on-Trent 018F,Investigation complete; no suspect identified
dafa7743b8e028bf2caa96ccbf62700d6fca190f8d4d962cc51e45d690473cf8,2019-12,Staffordshire Police,Staffordshire Police,-2.150804,52.972684,On or near HINTON CLOSE,E01014235,Stoke-on-Trent 032A,Investigation complete; no suspect identified
ba68396ce238fad32283fa62ed67fb38a0c94b3260fef84201b9a6b610d1e197,2019-12,Staffordshire Police,Staffordshire Police,-2.150804,52.972684,On or near HINTON CLOSE,E01014235,Stoke-on-Trent 032A,Investigation complete; no suspect identified
1cdbb7896e7737867c170593c397ccbcf5aae69901033ea9960df299a97b08ed,2019-12,Staffordshire Police,Staffordshire Police,-2.103287,52.978866,On or near Supermarket,E01014321,Stoke-on-Trent 028A,Investigation complete; no suspect identified
d819140ecfca93d73815cff6efc17d5306b0a7d67e69aab9e076b080f615666a,2019-12,Staffordshire Police,Staffordshire Police,-2.136869,52.987506,On or near THE STRAND,E01014302,Stoke-on-Trent 022D,Investigation complete; no suspect identified
87b8cf2f4b470e1e3c15b58d0f6a75ece33db1d1d12f6ce5bc219ec9ae619dda,2019-12,Staffordshire Police,Staffordshire Police,-2.170261,52.971040,On or near FENNERS GROVE,E01014236,Stoke-on-Trent 032B,Investigation complete; no suspect identified
546d4c80190e7a5c6be9096128a1232c420c0ae2d51e9a3aebf1b1ed68de984c,2019-12,Staffordshire Police,Staffordshire Police,-2.197250,53.044529,On or near Further/Higher Educational Building,E01014251,Stoke-on-Trent 009C,Investigation complete; no suspect identified
a3f9b9ee09eecbb67fac025a7aff2b61673cd5a63b8f73345a12480d1506c584,2019-12,Staffordshire Police,Staffordshire Police,-2.207510,52.985165,On or near LYME BROOK PLACE,E01014344,Stoke-on-Trent 023E,Investigation complete; no suspect identified
ab415de5aecfb7bbe2e9238844aa0c63def16bba8ac8219d7e7049a872687ec3,2019-12,Staffordshire Police,Staffordshire Police,-2.193123,53.072312,On or near Petrol Station,E01014260,Stoke-on-Trent 001D,Investigation complete; no suspect identified
1f1792bf31dccb1024b127a1b0c2359f0bd0924f42e32369c18b9edb0905cf79,2019-12,Staffordshire Police,Staffordshire Police,-2.193844,53.030152,On or near Petrol Station,E01014285,Stoke-on-Trent 015B,Investigation complete; no suspect identified
e97542fc5f81b3b00a534f0f64ef9b8891fe276207bbd1a2bab42591c518c4d1,2019-12,Staffordshire Police,Staffordshire Police,-2.134596,52.989477,On or near RAILWAY PASSAGE,E01014302,Stoke-on-Trent 022D,Investigation complete; no suspect identified
90ab0eeecf302b380171edf764c42cc98307c9cfef9914ae6244bc22747216ed,2019-12,Staffordshire Police,Staffordshire Police,-2.175361,52.991285,On or near Sports/Recreation Area,E01014277,Stoke-on-Trent 020D,Investigation complete; no suspect identified
a354d002cf06f847546fa175bc198197a7247388cc336a2fb2c058d52d665af5,2019-12,Staffordshire Police,Staffordshire Police,-2.195467,52.993339,On or near FAIRBANK AVENUE,E01014338,Stoke-on-Trent 023A,Investigation complete; no suspect identified
133256afe3bf56e2bab8f85c730aeb88c0be96a25cbcc71a79e5fd009dab28e4,2019-12,Staffordshire Police,Staffordshire Police,,,No location,,,Investigation complete; no suspect identified
dbb36a1d4222db7ffbbb3c765fc3f54dbc39ef74580bf10d1ff3054e77ce7f33,2019-12,Staffordshire Police,Staffordshire Police,-2.138606,53.055507,On or near BADDELEY GREEN LANE,E01014215,Stoke-on-Trent 007B,Investigation complete; no suspect identified
8ffa6338876edb7897f343452985317261b1fdba0b5288cae7f84791cc0ac174,2019-12,Staffordshire Police,Staffordshire Police,-2.129850,52.986669,On or near LANDON STREET,E01014302,Stoke-on-Trent 022D,Investigation complete; no suspect identified
255873e70dcb742deb4631848da8c3ab3ea632c41ac126ae4c808b06eafe6171,2019-12,Staffordshire Police,Staffordshire Police,-2.175436,53.108943,On or near CASTLE VIEW,E01029765,Staffordshire Moorlands 003C,Investigation complete; no suspect identified
bb66e9e113c7a787229b82ee049223799583d1613841c8e5791de7e9e8127555,2019-12,Staffordshire Police,Staffordshire Police,-2.071468,53.117995,On or near THE DRIVE,E01029802,Staffordshire Moorlands 002D,Investigation complete; no suspect identified
4e0012ae68d4ba024447dbfb8c697cd3d76439139294d4fa8ff6080364ede1bd,2019-12,Staffordshire Police,Staffordshire Police,-2.133297,52.979024,On or near WISE STREET,E01014309,Stoke-on-Trent 027B,Investigation complete; no suspect identified
b3e56d22ede9fec620ed4861479f75cff2eef22b91e3ca0702b9a14734e64929,2019-12,Staffordshire Police,Staffordshire Police,-2.136869,52.987506,On or near THE STRAND,E01014302,Stoke-on-Trent 022D,Investigation complete; no suspect identified
8cab9e4eae6d010ed0c07a052dfe52c0c0cf9d17cc0db6182fd74092fb843682,2019-12,Staffordshire Police,Staffordshire Police,-2.136869,52.987506,On or near THE STRAND,E01014302,Stoke-on-Trent 022D,Investigation complete; no suspect identified
a3b81a6cbb2fb96731b84c5ddaae3ca66f5d29c86143904c81da3d1b5d59b819,2019-12,Staffordshire Police,Staffordshire Police,-2.232642,53.035719,On or near ASHCROFT ROAD,E01029539,Newcastle-under-Lyme 006C,Investigation complete; no suspect identified
c9ed791424b2b62e59147ce9095c2086c19f7041301a0be70edc96d40f6356fd,2019-12,Staffordshire Police,Staffordshire Police,-2.178443,53.027102,On or near NEW HALL STREET,E01014287,Stoke-on-Trent 015D,Investigation complete; no suspect identified
9801c74f1e20c006c029d42fbf4056bbbd97043ca47c796e5e48f4137e1e42ff,2019-12,Staffordshire Police,Staffordshire Police,,,No location,,,Investigation complete; no suspect identified
1eb29b97010412e4fe7bbfbb2803da6006460fd94e8f37433a8f5781c661bcfc,2019-12,Staffordshire Police,Staffordshire Police,-2.209177,53.058838,On or near Pedestrian Subway,E01014355,Stoke-on-Trent 005B,Investigation complete; no suspect identified
fff70a39f4c1985af4ecf2952da20cfb89f6ed804d64639bac5cf2da9b8b647e,2019-12,Staffordshire Police,Staffordshire Police,-2.181110,53.015979,On or near HARCOURT STREET,E01014281,Stoke-on-Trent 015A,Investigation complete; no suspect identified
9fbae063e5f85e965feff274c8cf839aa509dfb994191f6360eb41945496962f,2019-12,Staffordshire Police,Staffordshire Police,-2.309354,53.054547,On or near Petrol Station,E01029532,Newcastle-under-Lyme 005A,Investigation complete; no suspect identified
22f436516b3f8d208b5e691992286f1b1d658ae689b9b24187cafcd1e603f888,2019-12,Staffordshire Police,Staffordshire Police,-2.172290,53.114152,On or near WELL STREET,E01029763,Staffordshire Moorlands 003A,Investigation complete; no suspect identified
b51e0a02d60242ee589caddd62a869c33b8be0711582de49a299382e7bd47846,2019-12,Staffordshire Police,Staffordshire Police,-2.160049,53.028315,On or near CROMER ROAD,E01014329,Stoke-on-Trent 013D,Investigation complete; no suspect identified
8e6e0380c156b1f5b79e8691977dcdf0af8a0457b323f489be6734f40f6581b7,2019-12,Staffordshire Police,Staffordshire Police,-2.143100,53.119225,On or near BEECH CLOSE,E01029767,Staffordshire Moorlands 002A,Investigation complete; no suspect identified
eefd198d28f9b1a7c89a0c75661962e893b5034691ad4f2ae744f0e2df718f2d,2019-12,Staffordshire Police,Staffordshire Police,,,No location,,,Investigation complete; no suspect identified
0d191ebaa485803036c50d9e986e685c3b717341d5f51f165e60530847f10ba9,2019-12,Staffordshire Police,Staffordshire Police,-2.251531,53.042386,On or near LONDON ROAD,E01029548,Newcastle-under-Lyme 007B,Investigation complete; no suspect identified
28e7a14b444fd4bf17c3aa23119f8b0000118591577ae5b774459f5cddc290d8,2019-12,Staffordshire Police,Staffordshire Police,-2.196915,53.000654,On or near Supermarket,E01014292,Stoke-on-Trent 018E,Investigation complete; no suspect identified
ed9f4031f46a706d0f6c8d41f055b8688df482e71b6262cce6157933a156b726,2019-12,Staffordshire Police,Staffordshire Police,,,No location,,,Investigation complete; no suspect identified
019199bff2b51ea48543a44b9dfa0862e961fabcb5d4adfd3ccff21e95f48d7e,2019-12,Staffordshire Police,Staffordshire Police,,,No location,,,Investigation complete; no suspect identified
399361b109390697ee99364c559bb4f33cb3b57cdaf1d9dca6f291e783f44c23,2019-12,Staffordshire Police,Staffordshire Police,-2.164887,52.971650,On or near LAMBOURN PLACE,E01014236,Stoke-on-Trent 032B,Investigation complete; no suspect identified
cd8a19e53a0f638db8811e79d48a9c36d2a3abbbc44f36011ae110a717e1866e,2019-12,Staffordshire Police,Staffordshire Police,-2.188619,52.994600,On or near WATER STREET,E01014340,Stoke-on-Trent 019D,Investigation complete; no suspect identified
8aea0a3ccb8c682512150978ce76474cea38a5e3cccd3bc99e2c1d39d7936e05,2019-12,Staffordshire Police,Staffordshire Police,-2.188562,53.025855,On or near Shopping Area,E01014285,Stoke-on-Trent 015B,Investigation complete; no suspect identified
16faa5319060dd3e30a74b96c7bacbb891a47d3a5e5297827fc81020e454c6ba,2019-12,Staffordshire Police,Staffordshire Police,,,No location,,,Investigation complete; no suspect identified
61467970d40b05730ac07b1f89bd04053ea86409e87b7bc505c9212c4a243adf,2019-12,Staffordshire Police,Staffordshire Police,-2.227970,53.012338,On or near FOGG STREET WEST,E01029604,Newcastle-under-Lyme 011E,Investigation complete; no suspect identified
18de1552c5af1a757b8af6ca408ced4c2fa913deca37f24002839b0ef88d959f,2019-12,Staffordshire Police,Staffordshire Police,-2.161171,52.993346,On or near HERON STREET,E01014279,Stoke-on-Trent 020E,Investigation complete; no suspect identified
3a0b6ada298e551c27ea79d406c3b9737077bbf802726aa377aad3e32bea1250,2019-12,Staffordshire Police,Staffordshire Police,-2.165765,53.060794,On or near BURNETT PLACE,E01014331,Stoke-on-Trent 004A,Investigation complete; no suspect identified
dc3a30afc051deacf38f6699c690233d104c50a16a5566af7ab24ab06d0abffe,2019-12,Staffordshire Police,Staffordshire Police,-2.237454,53.078255,On or near GREENSIDE CLOSE,E01029586,Newcastle-under-Lyme 001E,Investigation complete; no suspect identified
c590d558901021a9ac0ff038d5f1732ced6a98f0c6fb7da112e71bd498b798b6,2019-12,Staffordshire Police,Staffordshire Police,-2.156499,52.966267,On or near UFTON CLOSE,E01014238,Stoke-on-Trent 032D,Investigation complete; no suspect identified
ad90cd59f047e77ec3d9345d555b7841392fe42bc7a5ebd57436365784b893f7,2019-12,Staffordshire Police,Staffordshire Police,,,No location,,,Investigation complete; no suspect identified
81f64b2e182cb0bcd3db61d8d22b637e0cb7d1287a2c08c4073b58de18ad47b1,2019-12,Staffordshire Police,Staffordshire Police,-2.184743,53.035821,On or near FURNIVAL STREET,E01014254,Stoke-on-Trent 011C,Investigation complete; no suspect identified
dc8d7da0f916bf05e487e5c84bcdbc51a726a22b7bfe88a375ba00fadc050156,2019-12,Staffordshire Police,Staffordshire Police,-2.169381,53.031493,On or near DUNDAS STREET,E01014330,Stoke-on-Trent 013E,Investigation complete; no suspect identified
3f1e0fd87e8069d4cc931240462507ebaad2b0bbfcf9b73be27c7fcd6fd608a9,2019-12,Staffordshire Police,Staffordshire Police,-2.120356,52.973852,On or near ACORN RISE,E01014310,Stoke-on-Trent 031A,Investigation complete; no suspect identified
8291a005feadefefebcdedf06975bcc1623846a20ee4e12eac7c69fbfd2b0be6,2019-12,Staffordshire Police,Staffordshire Police,-2.120356,52.973852,On or near ACORN RISE,E01014310,Stoke-on-Trent 031A,Investigation complete; no suspect identified
f3461b4d607f1d4b35bff5d4579e88de960d85c1a23843db899fc5c2950530d1,2019-12,Staffordshire Police,Staffordshire Police,-2.198900,53.043286,On or near Parking Area,E01014251,Stoke-on-Trent 009C,Investigation complete; no suspect identified
018e9191e0f612edb61ef8d20e0b4c24834909ff3412e43d51ad96334a759500,2019-12,Staffordshire Police,Staffordshire Police,-2.166845,53.031398,On or near DOVER STREET,E01014329,Stoke-on-Trent 013D,Investigation complete; no suspect identified
48926317d99ed9d7b1ac6ae26774eb67bada9fd401e64ab65ae0b62d29e9f74e,2019-12,Staffordshire Police,Staffordshire Police,-2.185148,53.018930,On or near RECTORY ROAD,E01014286,Stoke-on-Trent 015C,Investigation complete; no suspect identified
403fb4214fd47bccd376415f2a8f578b42f1c79fe56724a331a1351083d322cb,2019-12,Staffordshire Police,Staffordshire Police,,,No location,,,Investigation complete; no suspect identified
79a6526cf5443ee1676c8ee207efe0206e317e3e7aaddcfdf3b5909f32e43559,2019-12,Staffordshire Police,Staffordshire Police,-2.140246,52.976976,On or near QUEENS PARK AVENUE,E01014309,Stoke-on-Trent 027B,Investigation complete; no suspect identified
baf6e60bc75de7bf7217da810e9971e52d3eee556513f519452481b55f00c173,2019-12,Staffordshire Police,Staffordshire Police,-2.181123,53.004877,On or near GLEBE STREET,E01014293,Stoke-on-Trent 019A,Investigation complete; no suspect identified
66ea2cff77e809612cde453434abe1dee5f7ff75ce659e8b0a90729237ec3e88,2019-12,Staffordshire Police,Staffordshire Police,-2.307125,53.051559,On or near MEADOWSIDE AVENUE,E01029535,Newcastle-under-Lyme 005D,Investigation complete; no suspect identified
7c698ddca4e53ab94079a11c5c4cde4a47a7b8fc520723f68b0e684b8ef6eb06,2019-12,Staffordshire Police,Staffordshire Police,-2.244552,53.016404,On or near KNUTTON LANE,E01029566,Newcastle-under-Lyme 010C,Investigation complete; no suspect identified
9554b960f792700b81a989e97616dc4fd7d0cdcae7c2dc247fa0a4c1d44f7481,2019-12,Staffordshire Police,Staffordshire Police,-2.166673,53.021600,On or near BOTTESLOW STREET,E01014231,Stoke-on-Trent 016B,Investigation complete; no suspect identified
c1de6749d8e61ab0cda46da2ae434775857b182ab094e772c929c0ce51428b3c,2019-12,Staffordshire Police,Staffordshire Police,-2.172140,53.024271,On or near Supermarket,E01014287,Stoke-on-Trent 015D,Investigation complete; no suspect identified
fee1d92f78efc8fe900a619de6e661c783a95d379ee91aba96aa9265f7aa3c43,2019-12,Staffordshire Police,Staffordshire Police,-2.290247,53.072942,On or near EARDLEYEND ROAD,E01029532,Newcastle-under-Lyme 005A,Investigation complete; no suspect identified
43f7b64d8407ba2a41cb391f7b4f77509ba0e56a3ef093e77979598fa38e1962,2019-12,Staffordshire Police,Staffordshire Police,-2.290247,53.072942,On or near EARDLEYEND ROAD,E01029532,Newcastle-under-Lyme 005A,Investigation complete; no suspect identified
adf56c14858e71d3cbba77b9014b04c93c942d7fe21ec3fb8530b410bb79e3d1,2019-12,Staffordshire Police,Staffordshire Police,-2.207612,53.090275,On or near MEADOW COURT,E01029581,Newcastle-under-Lyme 001C,Investigation complete; no suspect identified
222fc2f90a9523d3dee4360fd9e49fd39ac2350c413c53a757a1b7f4377c46cc,2019-12,Staffordshire Police,Staffordshire Police,-2.179255,53.014220,On or near COLLEGE ROAD,E01014281,Stoke-on-Trent 015A,Investigation complete; no suspect identified
8ea9664101edbd92bd3862c9ee667429a53bd4050dcdb36dfeda73fb59e2fd8b,2019-12,Staffordshire Police,Staffordshire Police,-2.102726,52.968403,On or near PRINCETOWN CLOSE,E01014319,Stoke-on-Trent 033C,Investigation complete; no suspect identified
b7b7d9ca246e7081fa6972464fcc68d92933b9df926937b8e9d2e8156f50aa79,2019-12,Staffordshire Police,Staffordshire Police,-2.150460,53.049236,On or near FOXLEY LANE,E01014267,Stoke-on-Trent 007E,Investigation complete; no suspect identified
293b701a04331affec8c68a912b3efe790613627f8359530b1a1f4e318f74fbb,2019-12,Staffordshire Police,Staffordshire Police,-2.213619,53.057877,On or near LADYWELL ROAD,E01014354,Stoke-on-Trent 005A,Investigation complete; no suspect identified
ee4dd82484da33fa9ca8031121afcc69d85b064745b1e8acfaf85f542f977092,2019-12,Staffordshire Police,Staffordshire Police,-2.168818,53.116360,On or near LAWTON STREET,E01029766,Staffordshire Moorlands 003D,Investigation complete; no suspect identified
12fe0e947a9562b4e31570735746b3202132b6f1305f75587ddf1a85098d40a9,2019-12,Staffordshire Police,Staffordshire Police,-2.163018,53.001074,On or near WILLIAM STREET,E01014275,Stoke-on-Trent 020B,Investigation complete; no suspect identified
79932538f4e3ecda5312531384168d37e6d9e2f759c312853552e3f33b07b4b2,2019-12,Staffordshire Police,Staffordshire Police,-2.034121,53.106272,On or near GROVE STREET,E01029814,Staffordshire Moorlands 005E,Investigation complete; no suspect identified
2c095306efdd4b7c7e9e8fa55b322423289db16933a3381d0d90f17aff08da16,2019-12,Staffordshire Police,Staffordshire Police,-2.087445,52.973296,On or near UTTOXETER ROAD,E01029702,Stafford 001A,Investigation complete; no suspect identified
d1fd4981a82794a83b0a409db3456c4d8282137cc9b1d5dab0aa12eefbd4e7d1,2019-12,Staffordshire Police,Staffordshire Police,-2.212039,53.058212,On or near PARADISE STREET,E01014354,Stoke-on-Trent 005A,Investigation complete; no suspect identified
e0a0d95ab737e5f6749b8585ea20662b0302834f206eba5329f8d6d767136653,2019-12,Staffordshire Police,Staffordshire Police,-2.217765,53.063568,On or near DAKOTA GROVE,E01014360,Stoke-on-Trent 002D,Investigation complete; no suspect identified
28b45e58cb8ac541fc6cc010bedb40dbac77dfd9070c50ca8f0543758d0f8cd2,2019-12,Staffordshire Police,Staffordshire Police,-2.185192,53.029357,On or near DENBIGH STREET,E01014254,Stoke-on-Trent 011C,Investigation complete; no suspect identified
7bafdc64ab8394b2a3fe5ab80e67601b10809390444baf4dd0ef41d334eedfb1,2019-12,Staffordshire Police,Staffordshire Police,-2.151102,53.023823,On or near Sports/Recreation Area,E01014230,Stoke-on-Trent 014F,Investigation complete; no suspect identified
27bb30373d8dc3e2949459b62d031b10b51b61acff48bc35d3c7cd523205269a,2019-12,Staffordshire Police,Staffordshire Police,-2.173475,53.026139,On or near Shopping Area,E01014287,Stoke-on-Trent 015D,Investigation complete; no suspect identified
c50ae168a424b3342b8e2c47f0cd3cf553511d8f3744c32fbfd5abaaa95f674b,2019-12,Staffordshire Police,Staffordshire Police,-2.157725,53.000317,On or near WILEMAN STREET,E01014274,Stoke-on-Trent 020A,Investigation complete; no suspect identified
3a6d5553c118fca898059657be62b388324e8b1c28e8e65a9e8a006c8310afc0,2019-12,Staffordshire Police,Staffordshire Police,,,No location,,,Investigation complete; no suspect identified
084c1a5073889e636b9f2dcab5d8a131fdac6248a2a9b24124ffcc15c5cd8365,2019-12,Staffordshire Police,Staffordshire Police,-2.203510,53.056259,On or near MELFONT STREET,E01014356,Stoke-on-Trent 005C,Investigation complete; no suspect identified
1e29c02fccdde0d3839383336bb5e68cb7dddca43c86844bf30f01406f131a65,2019-12,Staffordshire Police,Staffordshire Police,-2.238772,53.087151,On or near MARKET STREET,E01029588,Newcastle-under-Lyme 002D,Investigation complete; no suspect identified
c24cca92c83d314c1135d0da786c19f046a9280a71deeba960f09201ea30a428,2019-12,Staffordshire Police,Staffordshire Police,-2.136921,52.985097,On or near WILLOW ROW,E01014306,Stoke-on-Trent 029B,Investigation complete; no suspect identified
06d6444d4df64a494189b548428c2054569431f62e1d3fe8cbc1e59c31a2b668,2019-12,Staffordshire Police,Staffordshire Police,-2.136038,53.040489,On or near UPLANDS ROAD,E01014217,Stoke-on-Trent 012E,Investigation complete; no suspect identified
ffb1c4efd1f6d7611eabbe63842396c8b28b53a5e3be45da797c1a111b095a28,2019-12,Staffordshire Police,Staffordshire Police,-2.194892,53.024434,On or near LAKEWOOD GROVE,E01014285,Stoke-on-Trent 015B,Investigation complete; no suspect identified
fa51dc3eeb809583f066341697a0089ce440320e3c174053a3815dc24b77512b,2019-12,Staffordshire Police,Staffordshire Police,-2.164450,53.068023,On or near MOSS STREET,E01014337,Stoke-on-Trent 004E,Investigation complete; no suspect identified
5e2339a0cc0ff62f09abc826ef39245aa781ccad0d73f023e20f1fe9a9db887c,2019-12,Staffordshire Police,Staffordshire Police,,,No location,,,Investigation complete; no suspect identified
e8b1ada886dee4357c3b4cf48583db9038da6a035c735f8e05b5735902ed8ee5,2019-12,Staffordshire Police,Staffordshire Police,,,No location,,,Investigation complete; no suspect identified
39baf9b807a185613eb0b2f0a9b5bdb69335ee8c2af50ead829c842fef2f5d91,2019-12,Staffordshire Police,Staffordshire Police,-1.986826,53.019559,On or near JOHNSON CRESCENT,E01029796,Staffordshire Moorlands 010D,Investigation complete; no suspect identified
0b7865480458852a4f52b8e9820b86d66d36ec8214af4df569817976828893b1,2019-12,Staffordshire Police,Staffordshire Police,,,No location,,,Investigation complete; no suspect identified
d29eea8ab5e9a7cd744f64543d394d366782baaa8c0b0e076f523e181ced86cc,2019-12,Staffordshire Police,Staffordshire Police,,,No location,,,Investigation complete; no suspect identified
7730610d7b75f1016f880c5b14e3fe3d17a5e52e75635f6194762a686a29b630,2019-12,Staffordshire Police,Staffordshire Police,-2.225027,53.011076,On or near Shopping Area,E01029604,Newcastle-under-Lyme 011E,Investigation complete; no suspect identified
ad5030638a108beaa8b96163c17e4be8830d390d958bf1c1230f33e412cc2785,2019-12,Staffordshire Police,Staffordshire Police,-2.210965,53.058232,On or near TOWER SQUARE,E01014355,Stoke-on-Trent 005B,Investigation complete; no suspect identified
641be4a3bc342e9705b0eb41a5eb1c284a1bd5fc5f1ab51b6c34d1671cef6764,2019-12,Staffordshire Police,Staffordshire Police,-2.200095,53.085542,On or near LORRAINE STREET,E01014264,Stoke-on-Trent 001E,Investigation complete; no suspect identified
19bb8d7be8dc02f6c73117b508079377a452a4205d6d769bb3d42ae38b5497be,2019-12,Staffordshire Police,Staffordshire Police,,,No location,,,Investigation complete; no suspect identified
0d347688bd259cc80bd3fbf16d4af7c182c1f10e116cc63767ffd78a61c27e81,2019-12,Staffordshire Police,Staffordshire Police,-2.132485,53.010523,On or near UTTERBY SIDE,E01014229,Stoke-on-Trent 017F,Investigation complete; no suspect identified
431a479dd964783fb3661c3de27b3f256af028902cef3554921df0610ff671c3,2019-12,Staffordshire Police,Staffordshire Police,-2.104452,52.992690,On or near MINARD GROVE,E01014365,Stoke-on-Trent 024C,Investigation complete; no suspect identified
4dec1b5274a3718bded9e2d6fc0dd1aff3438978f475c1a9902832d319eb358f,2019-12,Staffordshire Police,Staffordshire Police,-2.123934,52.985777,On or near Petrol Station,E01014302,Stoke-on-Trent 022D,Investigation complete; no suspect identified
28012483f1ec0a27d9418ac606a96ee6aef4f2ff44e2148143ec422d293ce419,2019-12,Staffordshire Police,Staffordshire Police,-2.105734,52.992752,On or near GLANDORE ROAD,E01014362,Stoke-on-Trent 025E,Investigation complete; no suspect identified
83aec7b1c0eccaa5e78320fdd42960ebbca5aa4467d1a6d20394a1a6747f76f6,2019-12,Staffordshire Police,Staffordshire Police,-2.104095,52.968096,On or near CHARLESTOWN GROVE,E01014319,Stoke-on-Trent 033C,Investigation complete; no suspect identified
8f0d0517f8366415636e5d0bfad9bb7f39caedd1c42bcbe9c988064fb4087c09,2019-12,Staffordshire Police,Staffordshire Police,-2.166017,53.009969,On or near VICTORIA ROAD,E01014282,Stoke-on-Trent 016D,Investigation complete; no suspect identified
e36e8c8d7094f9acbc459c31742b8ea4efb792163319b150ff52e4702099b1e2,2019-12,Staffordshire Police,Staffordshire Police,-2.230044,53.012658,On or near BRIDGE STREET,E01029604,Newcastle-under-Lyme 011E,Investigation complete; no suspect identified
3c4dd911d17fa1f5fa273d81b6de8843a124705bf2e67861d18a6138111ec188,2019-12,Staffordshire Police,Staffordshire Police,-2.356145,52.924764,On or near ORCHARD CLOSE,E01029571,Newcastle-under-Lyme 016C,Investigation complete; no suspect identified
82ac68eba1b6be9a4666aedc2aeef3121de09a10d9e32f4983f69e328ae82492,2019-12,Staffordshire Police,Staffordshire Police,-2.200145,53.044938,On or near PACK HORSE LANE,E01014251,Stoke-on-Trent 009C,Investigation complete; no suspect identified
a51f11700d743cce60deb6a3ef88a9e396d3de3124ac68d5d6397b043bc24751,2019-12,Staffordshire Police,Staffordshire Police,-2.144916,53.033045,On or near LEEK ROAD,E01014210,Stoke-on-Trent 012A,Investigation complete; no suspect identified
edff8dd2b4184aa4b00ccbfbdda7421203e0917665396a8e1130fe1da84976b6,2019-12,Staffordshire Police,Staffordshire Police,-2.118956,52.984811,On or near ALBERT AVENUE,E01014304,Stoke-on-Trent 025D,Investigation complete; no suspect identified
a40d2603efe00f652d10fa685e465ba376bec6d2e8dcdf0982e6cfbb5ee2b799,2019-12,Staffordshire Police,Staffordshire Police,-2.178153,53.025323,On or near GITANA STREET,E01014287,Stoke-on-Trent 015D,Investigation complete; no suspect identified
1330548c1cf7719d8cdea13cee5030201c4c482a3091893a1e0fc3db3b58fe68,2019-12,Staffordshire Police,Staffordshire Police,,,No location,,,Investigation complete; no suspect identified
fc8bc1e964c4ff77c9724364ebb2ce78553d10ef50e4c461dedb06e018d14709,2019-12,Staffordshire Police,Staffordshire Police,,,No location,,,Investigation complete; no suspect identified
1eb023a4a8baa3bcde2a2c2620395a6c64ebab167d16448d4e78a52f8af7f549,2019-12,Staffordshire Police,Staffordshire Police,-2.244803,53.089512,On or near Supermarket,E01029564,Newcastle-under-Lyme 002C,Investigation complete; no suspect identified
908fb02cd933c5fa1a13da298dd4048c3bae232b2c38a81d915bf550795e6d33,2019-12,Staffordshire Police,Staffordshire Police,-2.158795,53.048048,On or near Park/Open Space,E01014271,Stoke-on-Trent 008E,Investigation complete; no suspect identified
0b530d6d79f2fcea72daff7e84a954be0e27f3f5b6953dd7073cd6e0ec34ae63,2019-12,Staffordshire Police,Staffordshire Police,,,No location,,,Investigation complete; no suspect identified
167b8171916e1b287c2e7a5d4f17ee3ac8de97f28fbe66b7f8cdbfdb3f235815,2019-12,Staffordshire Police,Staffordshire Police,-2.221785,52.992151,On or near BEDFORD CRESCENT,E01029549,Newcastle-under-Lyme 014A,Investigation complete; no suspect identified
00d0bf997767f4288cba795d6fd90c11e9984cce611cdf904d74988250f7796c,2019-12,Staffordshire Police,Staffordshire Police,-2.166932,53.046032,On or near Petrol Station,E01014270,Stoke-on-Trent 008D,Investigation complete; no suspect identified
86ca9dd877b509c4b7082e8fd1025cfd17a79925b232017de8c7b61818bc22a5,2019-12,Staffordshire Police,Staffordshire Police,-2.227416,53.054372,On or near A527,E01029536,Newcastle-under-Lyme 004A,Investigation complete; no suspect identified
144ae554298516020a4c7a8cf95cac41aaa87ed3afe081b25c3a0d8925f15a44,2019-12,Staffordshire Police,Staffordshire Police,-2.248874,53.039435,On or near ALBERT STREET,E01029548,Newcastle-under-Lyme 007B,Investigation complete; no suspect identified
1575c9533decbcf6c046045c02407f30bd010b7205ed3bde65fdbe5a2a3d6904,2019-12,Staffordshire Police,Staffordshire Police,-2.210965,53.058232,On or near TOWER SQUARE,E01014355,Stoke-on-Trent 005B,Investigation complete; no suspect identified
f322025714ca598db22e440a1a367d91003a3fb52af358560929ee07df36ef84,2019-12,Staffordshire Police,Staffordshire Police,-2.136869,52.987506,On or near THE STRAND,E01014302,Stoke-on-Trent 022D,Investigation complete; no suspect identified
dcb8034e74054b2914e5c3b82db12ba245d02ccb97ff6ff46be77fbcce56e0f5,2019-12,Staffordshire Police,Staffordshire Police,-2.225696,53.013511,On or near Parking Area,E01029604,Newcastle-under-Lyme 011E,Investigation complete; no suspect identified
ad2ca646ca375552043c1102a2fa254aa9567e708675f6bd5af17d326bf149bf,2019-12,Staffordshire Police,Staffordshire Police,-2.166766,52.999181,On or near TEMPLE STREET,E01014275,Stoke-on-Trent 020B,Investigation complete; no suspect identified
62e02339a59f09770955280f58a188b4cdb14a77de9f6c5c180e3b51d754323f,2019-12,Staffordshire Police,Staffordshire Police,-1.892199,52.987959,On or near Park/Open Space,E01029761,Staffordshire Moorlands 010A,Investigation complete; no suspect identified
41dbb4cfa104c59192b55f5f88075e1c9a5729ee9d314d50416297dc17110bbd,2019-12,Staffordshire Police,Staffordshire Police,-1.892199,52.987959,On or near Park/Open Space,E01029761,Staffordshire Moorlands 010A,Investigation complete; no suspect identified
fce1f1314431acbc752449cf74460983186b5deded15405014897dd40da5b48f,2019-12,Staffordshire Police,Staffordshire Police,-2.211755,53.061206,On or near KEELE STREET,E01014361,Stoke-on-Trent 005D,Investigation complete; no suspect identified
a2f3a405cff69a115ba46237717b01c81b1d66f7f5e71c9a07dcd83982e99add,2019-12,Staffordshire Police,Staffordshire Police,-2.176447,53.115054,On or near TUNSTALL ROAD,E01029774,Staffordshire Moorlands 003E,Investigation complete; no suspect identified
c79f34fa265d7932702ec155e70c3e04697bd98079928ac506d95e79b35c58b5,2019-12,Staffordshire Police,Staffordshire Police,-2.150441,53.022188,On or near MILLETT ROAD,E01014230,Stoke-on-Trent 014F,Investigation complete; no suspect identified
d87cd76c9d7f57f04a6597940caf957261c3f22fe96c632ca2bb0db547bc0560,2019-12,Staffordshire Police,Staffordshire Police,-1.892199,52.987959,On or near Park/Open Space,E01029761,Staffordshire Moorlands 010A,Investigation complete; no suspect identified
401738849c716ec1c75d1964a2909c5c2b1c485ba380f80f796926dd0f4f817d,2019-12,Staffordshire Police,Staffordshire Police,-2.172897,53.023299,On or near BIRCH TERRACE,E01014287,Stoke-on-Trent 015D,Investigation complete; no suspect identified
859cb8e7ea3b39a5fe3a6ac53e3e4cec5c1f48dd4f9cb6bd6536aabfc614739d,2019-12,Staffordshire Police,Staffordshire Police,-2.160838,53.019999,On or near HOWARD CRESCENT,E01033216,Stoke-on-Trent 016G,Investigation complete; no suspect identified
d171ee3122414d7a33a410312c5a8afb48cd1b998ad3271a453264e5ced92c43,2019-12,Staffordshire Police,Staffordshire Police,-2.166308,53.062294,On or near PEASCROFT ROAD,E01014331,Stoke-on-Trent 004A,Investigation complete; no suspect identified
89879aeab10b3460c75c7c08b9cd243f734593e6bea5db7b2f51ee99d81d3fcf,2019-12,Staffordshire Police,Staffordshire Police,-2.157778,53.027033,On or near Sports/Recreation Area,E01014329,Stoke-on-Trent 013D,Investigation complete; no suspect identified
7dfbcf96951394c9b397fb8787bdcebb8996cfd14430406a5112f21e6457b1e3,2019-12,Staffordshire Police,Staffordshire Police,-2.140246,52.976976,On or near QUEENS PARK AVENUE,E01014309,Stoke-on-Trent 027B,Investigation complete; no suspect identified
d5d90bb6bb749939ac97d562169c836c9d8c036e51bcefc0b27cd1b24f767e4e,2019-12,Staffordshire Police,Staffordshire Police,-2.168274,53.061267,On or near BARKS DRIVE,E01014331,Stoke-on-Trent 004A,Investigation complete; no suspect identified
f701e6caed2fb7917daf10a173f96613150aeb0ec2d58e71b7ed6b78e6e30948,2019-12,Staffordshire Police,Staffordshire Police,-2.183078,53.040678,On or near FRASER STREET,E01014249,Stoke-on-Trent 011A,Investigation complete; no suspect identified
c74867f50cf965569005c2f69982e83d91f323582ff564e4a6fb27e8e03d2e94,2019-12,Staffordshire Police,Staffordshire Police,-2.140732,53.048412,On or near EASTERS GROVE,E01014267,Stoke-on-Trent 007E,Investigation complete; no suspect identified
99168d94fb45194728e511fc0c3a7e2149fe77200ebe6c4cccb600c2081dd50c,2019-12,Staffordshire Police,Staffordshire Police,-2.164577,52.999588,On or near Bus/Coach Station,E01014275,Stoke-on-Trent 020B,Investigation complete; no suspect identified
2d12c91d56cd0a1c3d5c241af82289aeef15b21b4a894e3d60da0e1c0987b9db,2019-12,Staffordshire Police,Staffordshire Police,-2.270565,53.002370,On or near Further/Higher Educational Building,E01029576,Newcastle-under-Lyme 012A,Investigation complete; no suspect identified
3447c1ac16c8c5184b529f8740fefd06e7b6a343ae8478666ec82272b39f8c28,2019-12,Staffordshire Police,Staffordshire Police,-2.225571,53.012451,On or near Further/Higher Educational Building,E01029604,Newcastle-under-Lyme 011E,Investigation complete; no suspect identified
6840f4f04969cf7b037239d2b47e9d01fe6d4b1f5e5ef5b09655d3891959a13e,2019-12,Staffordshire Police,Staffordshire Police,-2.209536,52.994412,On or near Petrol Station,E01014341,Stoke-on-Trent 023B,Investigation complete; no suspect identified
15611aaa0dab4b136db2399cec9c7465f34df6eb4c4cef9fabb2e9fdc4d9f2b7,2019-12,Staffordshire Police,Staffordshire Police,-2.039733,53.102261,On or near BEGGARS LANE,E01029816,Staffordshire Moorlands 006F,Investigation complete; no suspect identified
53c703671a2d9d8840f26e173a63d6ee0cbbdb25fc7cdc13f5d675d96b0b7bda,2019-12,Staffordshire Police,Staffordshire Police,-2.203510,53.056259,On or near MELFONT STREET,E01014356,Stoke-on-Trent 005C,Investigation complete; no suspect identified
c9c2032ac1b27bb1b4841e1d31a4a727be21e58dce85b2aa4aff9119f754586a,2019-12,Staffordshire Police,Staffordshire Police,,,No location,,,Investigation complete; no suspect identified
7e9a94471b7cac8b8291e0ef8f1a721125ee585df4fa1789874a8738f1f01197,2019-12,Staffordshire Police,Staffordshire Police,-2.096015,53.023800,On or near Supermarket,E01029818,Staffordshire Moorlands 009D,Investigation complete; no suspect identified
054bb4c011e4f0c932ff16f9cda77a29be1df462762185d899b33cfc808cd5fd,2019-12,Staffordshire Police,Staffordshire Police,-2.136869,52.987506,On or near THE STRAND,E01014302,Stoke-on-Trent 022D,Investigation complete; no suspect identified
37575a204030bf80093c47a416c38a5a6b674a6f95f96cbee40edd01867927f0,2019-12,Staffordshire Police,Staffordshire Police,,,No location,,,Investigation complete; no suspect identified
bf56086277c18af1dc151fd16d307f06812d8520e5bca8bec97815098b2ef293,2019-12,Staffordshire Police,Staffordshire Police,-2.198895,53.045506,On or near STEVENTON PLACE,E01014251,Stoke-on-Trent 009C,Investigation complete; no suspect identified
feac140c17c00184c3c0021470cf22bfed1d75b4b8c729ef5a87b7e58a34b5cd,2019-12,Staffordshire Police,Staffordshire Police,-2.186063,53.003089,On or near LONDON ROAD,E01014345,Stoke-on-Trent 019E,Investigation complete; no suspect identified
bfaeb1b151ea93b1db4511c5de2b0deee949c87da97598e64d2a8478469f12dc,2019-12,Staffordshire Police,Staffordshire Police,-2.198685,53.048554,On or near DARWIN DRIVE,E01014251,Stoke-on-Trent 009C,Investigation complete; no suspect identified
e768bff2f704c99b9cea83e81c614ed076dfada210ba34a51909e04b42725d12,2019-12,Staffordshire Police,Staffordshire Police,-2.126071,52.977972,On or near Petrol Station,E01014312,Stoke-on-Trent 029D,Investigation complete; no suspect identified
1f7f91bf4cb43730e363c32db79f0ae85d9fb218dd0996485a2588697dbd569c,2019-12,Staffordshire Police,Staffordshire Police,-2.186455,53.004222,On or near TRADE STREET,E01014345,Stoke-on-Trent 019E,Investigation complete; no suspect identified
2bfbfd4a179ed249e54d339ee5dfb6641907654c0400f3f2680714f8ff287c3b,2019-12,Staffordshire Police,Staffordshire Police,-2.006294,53.115760,On or near THORNCLIFFE VIEW,E01029809,Staffordshire Moorlands 001D,Investigation complete; no suspect identified
ec9a6362401186cfef1a547ff652f86f9596bfc90222e2138089e4d387fb9801,2019-12,Staffordshire Police,Staffordshire Police,-2.251863,53.014933,On or near ELLAM'S PLACE,E01029567,Newcastle-under-Lyme 010D,Investigation complete; no suspect identified
434bc9fc18e41f1f5d58657e5127bf20e1175a74ffc2b3147c099b5656897b14,2019-12,Staffordshire Police,Staffordshire Police,-2.182383,52.964433,On or near OAKTREE ROAD,E01014351,Stoke-on-Trent 034C,Investigation complete; no suspect identified
93e026e847ca519387c7684e2d951dc70281a4bfb3ac7dd40a39ac560769db06,2019-12,Staffordshire Police,Staffordshire Police,-2.251863,53.014933,On or near ELLAM'S PLACE,E01029567,Newcastle-under-Lyme 010D,Investigation complete; no suspect identified
8c985985979ac1183b757dcf343e4d14d65681e4a701360e0cd07295157ef661,2019-12,Staffordshire Police,Staffordshire Police,-2.222439,53.000438,On or near HIGHFIELD COURT,E01029605,Newcastle-under-Lyme 014E,Investigation complete; no suspect identified
23d67fc77e0a068566618aefb7afc18d0c7afc5b04432a083af0356759999315,2019-12,Staffordshire Police,Staffordshire Police,,,No location,,,Investigation complete; no suspect identified
4d106e543afcfd39d6caf301f23249a1a97f4256e2c459850d82851b3c0106ad,2019-12,Staffordshire Police,Staffordshire Police,,,No location,,,Investigation complete; no suspect identified
6d35906acf3062b89341f77171312525c4c75a16b099cbe1c65522623fc2b743,2019-12,Staffordshire Police,Staffordshire Police,-2.166017,53.009969,On or near VICTORIA ROAD,E01014282,Stoke-on-Trent 016D,Investigation complete; no suspect identified
a8261a8ca521f501e8a99d96f79d1306cf3b3804dfc7ce42eb4ddccf0c07f946,2019-12,Staffordshire Police,Staffordshire Police,-2.168274,53.061267,On or near BARKS DRIVE,E01014331,Stoke-on-Trent 004A,Investigation complete; no suspect identified
5ec3445b9e4160e32b724dbdfb4e1c08ab66cc88008cd0fb712fc19245b92b10,2019-12,Staffordshire Police,Staffordshire Police,,,No location,,,Investigation complete; no suspect identified
489a78c6f9669942cfaa1c37dcdf021a1a84342da7892bbbf12b6da1bb0c346b,2019-12,Staffordshire Police,Staffordshire Police,-2.194767,53.046403,On or near JACKSON STREET,E01014247,Stoke-on-Trent 009A,Investigation complete; no suspect identified
66f210b3cf3784213980c723a9cc879832ecaa2a583bf5d128c19d94e441288b,2019-12,Staffordshire Police,Staffordshire Police,-2.201199,53.053476,On or near Petrol Station,E01014252,Stoke-on-Trent 009D,Investigation complete; no suspect identified
34a693c6d2941ae606ef4ed1bced22ff8bb7eb4a4ef09066f7a9eddeec8a43a0,2019-12,Staffordshire Police,Staffordshire Police,-2.238276,53.008174,On or near MAYFIELD AVENUE,E01029599,Newcastle-under-Lyme 010F,Investigation complete; no suspect identified
2724a5d8c45e47c656d182ad6b97e9224c6a83f4ddb373cd83716752beb603a2,2019-12,Staffordshire Police,Staffordshire Police,-1.985554,52.987809,On or near Supermarket,E01029783,Staffordshire Moorlands 011B,Investigation complete; no suspect identified
ec24ad1cefda174fbaa0a6648116e274a476950daaf1d89a33a113ad72d10a63,2019-12,Staffordshire Police,Staffordshire Police,-2.177223,53.005917,On or near SQUIRES VIEW,E01014282,Stoke-on-Trent 016D,Investigation complete; no suspect identified
07e523fc72bfc2330f799f3f035bb7b08ef77b7129c580d6de359e77864a9604,2019-12,Staffordshire Police,Staffordshire Police,-2.174300,53.049545,On or near SATURN ROAD,E01014268,Stoke-on-Trent 008C,Investigation complete; no suspect identified
e30fd1409441420bc7099afe0bdebcd4ade8b43c68eb3840679af83152b912d2,2019-12,Staffordshire Police,Staffordshire Police,-2.225725,53.007686,On or near Petrol Station,E01029602,Newcastle-under-Lyme 011C,Investigation complete; no suspect identified
d342864acc3da642b038fa10af4bbd55e5bd6fdeb6d3d3bb5bc6682bfb3cdb00,2019-12,Staffordshire Police,Staffordshire Police,-2.193844,53.030152,On or near Petrol Station,E01014285,Stoke-on-Trent 015B,Investigation complete; no suspect identified
05840593db755e4f1ad02a30d64487497b48b65ebc6e62de53a2afdc96ecc217,2019-12,Staffordshire Police,Staffordshire Police,-2.198149,53.045454,On or near MARKET PLACE,E01014251,Stoke-on-Trent 009C,Investigation complete; no suspect identified
39a20b763c07af05cf6dbd8691e00f70efdf9988fe27f0276612dd1fc6f9af32,2019-12,Staffordshire Police,Staffordshire Police,-2.165369,53.000199,On or near HALLAM STREET,E01014275,Stoke-on-Trent 020B,Investigation complete; no suspect identified
32cf3bd9a6c47a4cb5a840367c381c9c498509f57df9afe922640775c75364f3,2019-12,Staffordshire Police,Staffordshire Police,-2.199225,52.990897,On or near LEVITA ROAD,E01014343,Stoke-on-Trent 023D,Investigation complete; no suspect identified
b8a8fd24a9d541026ba0f5da08a9a191758dfa18c53a8ad6bdd30408ff37d0af,2019-12,Staffordshire Police,Staffordshire Police,-2.020901,53.106401,On or near BALL HAYE STREET,E01029805,Staffordshire Moorlands 006C,Investigation complete; no suspect identified
13d7c17f13097404f5db50b959e33b3afd314b21eb0185ce957238802a919449,2019-12,Staffordshire Police,Staffordshire Police,-2.194767,53.046403,On or near JACKSON STREET,E01014247,Stoke-on-Trent 009A,Investigation complete; no suspect identified
ad5dc9db30a545ee9d045c204782ca1d802c11c5b501d5e7f6482d5ad174b8a0,2019-12,Staffordshire Police,Staffordshire Police,-2.190843,53.059543,On or near Supermarket,E01014243,Stoke-on-Trent 006C,Investigation complete; no suspect identified
e6f2b15902a3e0934cc6ac0b3d51ce2eed3c15498a3f6bbb51154272b0665bc9,2019-12,Staffordshire Police,Staffordshire Police,-2.095348,52.978198,On or near TIPPING AVENUE,E01014368,Stoke-on-Trent 028D,Investigation complete; no suspect identified
a2a0d2b7283858bed90942739941beba92b63ad50f48199043364d21534351a1,2019-12,Staffordshire Police,Staffordshire Police,-2.151307,53.022636,On or near Petrol Station,E01014230,Stoke-on-Trent 014F,Investigation complete; no suspect identified
f044f6159d8b84a4b01b8627e77172932b6f616ad7c7cc8c15b224f97470d3f1,2019-12,Staffordshire Police,Staffordshire Police,-2.231027,52.984637,On or near PINEHURST CLOSE,E01029589,Newcastle-under-Lyme 015B,Investigation complete; no suspect identified
81abb7cb2625ddc6864cc67188a7a966f4009ae501b591da34a7398d7b3d9ab7,2019-12,Staffordshire Police,Staffordshire Police,-2.153949,53.023640,On or near WESTACRE,E01014230,Stoke-on-Trent 014F,Investigation complete; no suspect identified
f186c5bb2dc4be70628a090c49651dd68d01649cdc30ae2bb7a5996d4ffda5f7,2019-12,Staffordshire Police,Staffordshire Police,-2.180789,53.021094,On or near CLINTON SQUARE,E01014287,Stoke-on-Trent 015D,Investigation complete; no suspect identified
0ad61b02936f5e6b5ce63079249680eef90fe6013c782081716101d951af1396,2019-12,Staffordshire Police,Staffordshire Police,-2.231174,52.989832,On or near ORWELL PLACE,E01029590,Newcastle-under-Lyme 015C,Investigation complete; no suspect identified
817c061c811e1676c37f987910d8421d79ee8d638e26da69b696d4a3b9febedb,2019-12,Staffordshire Police,Staffordshire Police,-2.153741,53.036423,On or near HUNTINGDON PLACE,E01014326,Stoke-on-Trent 010D,Investigation complete; no suspect identified
22abb32e61c0eb08c350ff3a1b80a31abfc727cc4d379ed8213360fad52d1335,2019-12,Staffordshire Police,Staffordshire Police,-2.244144,53.023237,On or near ROBERTSON DRIVE,E01029554,Newcastle-under-Lyme 010B,Investigation complete; no suspect identified
bf3ea5f0f496164cada6d0caac4662c2d67d54fc9e5d6ac2b430c07c626eed90,2019-12,Staffordshire Police,Staffordshire Police,-2.192628,53.021687,On or near DUNDEE ROAD,E01014285,Stoke-on-Trent 015B,Investigation complete; no suspect identified
dbc656249770e3fe0fd7110c39b0d180a6dde1c9fd78277fa423ccda4a39b212,2019-12,Staffordshire Police,Staffordshire Police,-2.225439,52.995623,On or near EASDALE PLACE,E01029607,Newcastle-under-Lyme 014F,Investigation complete; no suspect identified
4afec0551a347e7ca815bdedc6e6ccdbcceee41539f9f0db561de6390ef8829e,2019-12,Staffordshire Police,Staffordshire Police,-1.977842,52.980203,On or near MILLERS VIEW,E01029784,Staffordshire Moorlands 013A,Investigation complete; no suspect identified
c62758da755c39e2d0795dbdb12bae7c15979b5f1e410ec5720ea8c1859bd64b,2019-12,Staffordshire Police,Staffordshire Police,-2.236257,53.088595,On or near ATTWOOD STREET,E01029588,Newcastle-under-Lyme 002D,Investigation complete; no suspect identified
d2f8d5d5dd893ebc91e02931b6b83396d7f7636446f50c979651e75da3a4c4b7,2019-12,Staffordshire Police,Staffordshire Police,-2.130662,52.999082,On or near WIGMORE PLACE,E01014296,Stoke-on-Trent 022A,Investigation complete; no suspect identified
27264bb82e0b6c095028206f2600955596d9699357fb420c04ce982341b24742,2019-12,Staffordshire Police,Staffordshire Police,-2.165369,53.000199,On or near HALLAM STREET,E01014275,Stoke-on-Trent 020B,Investigation complete; no suspect identified
9cdc3745a21d0893f919c751bc923c570c85d91e102663aa3d9c9b957283174c,2019-12,Staffordshire Police,Staffordshire Police,-2.135669,52.989530,On or near TIMES SQUARE,E01014302,Stoke-on-Trent 022D,Investigation complete; no suspect identified
e7f90cd98db3a275e10f4d0891cf9de8fdcb85fe271f552965d8f42b740d0c67,2019-12,Staffordshire Police,Staffordshire Police,-2.107561,52.972659,On or near MARTINDALE CLOSE,E01014316,Stoke-on-Trent 031C,Investigation complete; no suspect identified
24c40260a66ed7d4401572878ebf4500a0cb835c1dd2cc9086a4169a71d17c18,2019-12,Staffordshire Police,Staffordshire Police,-2.189734,53.041575,On or near WALLEY PLACE,E01014249,Stoke-on-Trent 011A,Investigation complete; no suspect identified
1277dc4844ff88581f3a111c84bc05509bb983e9fb62d9c4a7ec030fa1e1c9dc,2019-12,Staffordshire Police,Staffordshire Police,-2.097206,52.996759,On or near FERNLEA GROVE,E01014369,Stoke-on-Trent 024D,Investigation complete; no suspect identified
af64db82673eb27dd5e78c769daa498a8b751fd0a213527725cdc9a3bf7b7582,2019-12,Staffordshire Police,Staffordshire Police,-2.288113,52.992539,On or near Petrol Station,E01029576,Newcastle-under-Lyme 012A,Investigation complete; no suspect identified
ecbbbbb6cb3d84668e78ccbc47e5dcda772ed0b192acf665e85920d0477e7b75,2019-12,Staffordshire Police,Staffordshire Police,-2.105186,53.153126,On or near BANDRIDGE LANE,E01029802,Staffordshire Moorlands 002D,Investigation complete; no suspect identified
6a16199f6685b37be3a0fb9fef94c6cd50d66963c4c8484135d8090a04c8ce59,2019-12,Staffordshire Police,Staffordshire Police,-2.136670,53.037675,On or near ELMSMERE ROAD,E01014217,Stoke-on-Trent 012E,Investigation complete; no suspect identified
ddccd4c28ddb6bb8bb8e9648c2869c7ef1ff54228b062e51738f6669e4a550da,2019-12,Staffordshire Police,Staffordshire Police,-2.171895,53.018869,On or near CLIFFORD STREET,E01014287,Stoke-on-Trent 015D,Investigation complete; no suspect identified
47e1fe509731e98be1f83ed1033624170ef60d5054c76bfb2dd734301f0bdd72,2019-12,Staffordshire Police,Staffordshire Police,-2.186063,53.003089,On or near LONDON ROAD,E01014345,Stoke-on-Trent 019E,Investigation complete; no suspect identified
8fe98f151299a2b3e9094cf1159685b31680bec58a20b0867877ca06287ad225,2019-12,Staffordshire Police,Staffordshire Police,-2.181123,53.004877,On or near GLEBE STREET,E01014293,Stoke-on-Trent 019A,Investigation complete; no suspect identified
0ed5b50f09a20b28f084d0ef88a77bb706d984e892e2ad62366f272f01060222,2019-12,Staffordshire Police,Staffordshire Police,-2.260884,53.047598,On or near FAIR OAK ROAD,E01029546,Newcastle-under-Lyme 004D,Investigation complete; no suspect identified
83188e96aa5a1c198011978a5af37485d54d03fefacd95b370dad5059d0c8e77,2019-12,Staffordshire Police,Staffordshire Police,-2.188142,53.035708,On or near Shopping Area,E01014255,Stoke-on-Trent 009E,Investigation complete; no suspect identified
6e735e9473156ca303d9e73d83a28850d60440e64ec6f86ba1231d10987df56e,2019-12,Staffordshire Police,Staffordshire Police,-2.175691,53.010333,On or near CONWAY STREET,E01014284,Stoke-on-Trent 016F,Investigation complete; no suspect identified
bf2bd8000832ce6da7510e0b1ff2c643a48221361c35de05c57c04fb0ef1f0b9,2019-12,Staffordshire Police,Staffordshire Police,-2.191591,53.046651,On or near Pedestrian Subway,E01014251,Stoke-on-Trent 009C,Investigation complete; no suspect identified
1424731392da019083a0f30fade74e1240941e2b4d7e1067854acf4b83e17d4f,2019-12,Staffordshire Police,Staffordshire Police,-2.188218,53.001819,On or near STURGESS STREET,E01014345,Stoke-on-Trent 019E,Investigation complete; no suspect identified
7d132f5de7a1d94df5c1408d72d7f99c3659f9b6426c988ebffd716a2b5fd654,2019-12,Staffordshire Police,Staffordshire Police,-2.183189,53.003561,On or near Shopping Area,E01014293,Stoke-on-Trent 019A,Investigation complete; no suspect identified
3ae1282349bb09a05c9f32f12a3b8bb6a1dd4f00aa0a916e7231d8d6c78bfd40,2019-12,Staffordshire Police,Staffordshire Police,-2.137025,53.013170,On or near WHIMPLE SIDE,E01014229,Stoke-on-Trent 017F,Investigation complete; no suspect identified
897032ff82d5415edd2f3c9226d96381a17a01ab33899f4259360e0edf792d3d,2019-12,Staffordshire Police,Staffordshire Police,-2.256258,53.057379,On or near CROFTERS COURT,E01029544,Newcastle-under-Lyme 004B,Investigation complete; no suspect identified
6e4db1b41e9e6d6bdad5b38d83c80bc0fc01cd72cc8c2907e9d91cf7ac849495,2019-12,Staffordshire Police,Staffordshire Police,-2.171826,53.016595,On or near STONEHAVEN GROVE,E01014287,Stoke-on-Trent 015D,Investigation complete; no suspect identified
6697e9c37909701bfb5e61e1acdb709eb733ab7f70e06cf17e9a46f4008d9272,2019-12,Staffordshire Police,Staffordshire Police,,,No location,,,Investigation complete; no suspect identified
cca41e266a9f874d136e86a1adeb6b6fd8a55f5f4583f5533e142c7e0f9ea0ee,2019-12,Staffordshire Police,Staffordshire Police,-2.125795,53.016293,On or near HUTTON WAY,E01014220,Stoke-on-Trent 017A,Investigation complete; no suspect identified
7f8d64599a58525e37628c08179d42290f67b149e3426873ebb10f95bfa8597c,2019-12,Staffordshire Police,Staffordshire Police,-2.176159,53.026395,On or near Shopping Area,E01014287,Stoke-on-Trent 015D,Investigation complete; no suspect identified
08b6faf9c703fad709fb5d4384509cfecb8f881621e1bdf1937cac4701a64aaa,2019-12,Staffordshire Police,Staffordshire Police,-2.135426,52.997693,On or near HATHERSAGE CLOSE,E01014297,Stoke-on-Trent 021D,Investigation complete; no suspect identified
9b86695cf5248a0b0dfb86b2c65611a03995d23bb52649796c2d068daab7d9e0,2019-12,Staffordshire Police,Staffordshire Police,-2.225027,53.011076,On or near Shopping Area,E01029604,Newcastle-under-Lyme 011E,Investigation complete; no suspect identified
88aabea93099d2d1cb42034e0baecb8baedf1ab80b516ae73692329ac450abf5,2019-12,Staffordshire Police,Staffordshire Police,-2.170389,53.116906,On or near KINGSFIELD CRESCENT,E01029766,Staffordshire Moorlands 003D,Investigation complete; no suspect identified
4f690ff42216579a48efc2bddb5795bdabe1ef7702ff8400b705f99e67cbfe26,2019-12,Staffordshire Police,Staffordshire Police,-2.136023,52.988721,On or near TRANSPORT LANE,E01014302,Stoke-on-Trent 022D,Investigation complete; no suspect identified
ca75f1feba07a5326b950a5d6d6037cc95ea727fbfeb4228f2a2f11f1e38e357,2019-12,Staffordshire Police,Staffordshire Police,-2.206068,53.063967,On or near FURLONG ROAD,E01014355,Stoke-on-Trent 005B,Investigation complete; no suspect identified
52df81f6b759803380f971c8e9bef33434247e67beddfbdca805b4550aeaf6ac,2019-12,Staffordshire Police,Staffordshire Police,-2.188619,52.994600,On or near WATER STREET,E01014340,Stoke-on-Trent 019D,Investigation complete; no suspect identified
1e61123c1e63bfaac9df69cd29dee92653c065d667dbca210b49844a709b7223,2019-12,Staffordshire Police,Staffordshire Police,-2.168777,53.071558,On or near WHITLEY ROAD,E01014337,Stoke-on-Trent 004E,Investigation complete; no suspect identified
d6a53cbc654d78b656685325efa118134f6a17a9297b4b598b161a3e73d803cd,2019-12,Staffordshire Police,Staffordshire Police,-2.225244,53.009773,On or near Nightclub,E01029604,Newcastle-under-Lyme 011E,Investigation complete; no suspect identified
0710f11145459329515787287784bf17e58fc1a464a04b42b28b02e56affdb77,2019-12,Staffordshire Police,Staffordshire Police,,,No location,,,Investigation complete; no suspect identified
0dcd27c6e551ec2ddc6f24a17f0043898032381b030a2a6dd4d05597c0a5254c,2019-12,Staffordshire Police,Staffordshire Police,-2.178443,53.027102,On or near NEW HALL STREET,E01014287,Stoke-on-Trent 015D,Investigation complete; no suspect identified
a4ea8229006694cc048b08c12e6be1e2d8523b9613db6255937022cce783651a,2019-12,Staffordshire Police,Staffordshire Police,-2.153104,52.999559,On or near WALLIS STREET,E01014274,Stoke-on-Trent 020A,Investigation complete; no suspect identified
24e827d599f95e7a3413209f9beb139ccd572cdddd4487276d81e37dba75cde8,2019-12,Staffordshire Police,Staffordshire Police,,,No location,,,Investigation complete; no suspect identified
743d1a79031dbc5bb704fce5472874a29c0c10dc58a20c49762d11b1005e459e,2019-12,Staffordshire Police,Staffordshire Police,,,No location,,,Investigation complete; no suspect identified
94afff37ef926ce5d4cf6b0b083be6c8305f24247297613b3ae4849f506a818a,2019-12,Staffordshire Police,Staffordshire Police,-2.193142,52.976605,On or near RENFREW PLACE,E01014353,Stoke-on-Trent 030D,Investigation complete; no suspect identified
b0fa010bbe52bbc00a7ffeafac0971119c409fefc77f25cf6c6b9f62e746a488,2019-12,Staffordshire Police,Staffordshire Police,-2.170790,53.018376,On or near LICHFIELD STREET,E01014287,Stoke-on-Trent 015D,Investigation complete; no suspect identified
c5198c62a349af3bc6d974b363b0afefab527f3c6e44000b966989c66ac51259,2019-12,Staffordshire Police,Staffordshire Police,-2.088691,52.971318,On or near Petrol Station,E01014315,Stoke-on-Trent 033A,Investigation complete; no suspect identified
72d8a68b3fddd1a4b3cd3c61c829cd513e416d5a2becbcfa5d5f61a5cb2cfb89,2019-12,Staffordshire Police,Staffordshire Police,-2.253122,53.023793,On or near PENTLAND GROVE,E01029568,Newcastle-under-Lyme 007E,Investigation complete; no suspect identified
3e7202acaf552545a870cf1b6d13d733edc87ef292f9b596b763ea01ddb3e5be,2019-12,Staffordshire Police,Staffordshire Police,-2.153990,53.143527,On or near OVERTON ROAD,E01029769,Staffordshire Moorlands 002B,Investigation complete; no suspect identified
762f89e3463a980e7dc735a633af6ce77bac0eca2caebfd2f2b9bb87809182d8,2019-12,Staffordshire Police,Staffordshire Police,-2.162978,53.029884,On or near FELCOURT GARDENS,E01014329,Stoke-on-Trent 013D,Investigation complete; no suspect identified
8ba896c849deec0efcc4fb0e951745b28a99e492b1252ef7fbcc81383e15df0c,2019-12,Staffordshire Police,Staffordshire Police,-2.123604,53.016385,On or near SWAFFHAM WAY,E01014220,Stoke-on-Trent 017A,Investigation complete; no suspect identified
fe2a36002ba64fe38a6413a449401d584b402ca378c653f4f335fad0039f72a0,2019-12,Staffordshire Police,Staffordshire Police,-2.125088,53.008788,On or near CROFTFIELD STREET,E01014224,Stoke-on-Trent 017E,Investigation complete; no suspect identified
33e8afeb7195bac645ecf1dd2d022c89244eefa9271670a809aa78f6e7cb0c80,2019-12,Staffordshire Police,Staffordshire Police,-2.129850,52.986669,On or near LANDON STREET,E01014302,Stoke-on-Trent 022D,Investigation complete; no suspect identified
05313de57f83ba6bf5278a02596b6157a68f9daa5c31f962b141e2914e5fb982,2019-12,Staffordshire Police,Staffordshire Police,-2.233292,53.026297,On or near BRANT AVENUE,E01029552,Newcastle-under-Lyme 006D,Investigation complete; no suspect identified
1016f7a27d01ac545f0d42c1dc51619b0c4bf38622a6e0f9465df669b057c31a,2019-12,Staffordshire Police,Staffordshire Police,-2.123300,52.982793,On or near BELL AVENUE,E01014302,Stoke-on-Trent 022D,Investigation complete; no suspect identified
4cebf5fb5008b69e7187e3e8f15d05868a2a5a2f5207997ed0edb40a0c282df4,2019-12,Staffordshire Police,Staffordshire Police,-2.191419,53.001130,On or near WEST BANK,E01014345,Stoke-on-Trent 019E,Investigation complete; no suspect identified
b8e6127c422e650f734de3a80a080c77d6b145be92e2887a1cd5b38f419e671f,2019-12,Staffordshire Police,Staffordshire Police,-2.154621,53.003099,On or near BASSILOW ROAD,E01014274,Stoke-on-Trent 020A,Investigation complete; no suspect identified
498d2527683fbd2c197d237a8d4fe7152934ffb4a5b3d74b386dc4af038174a9,2019-12,Staffordshire Police,Staffordshire Police,,,No location,,,Investigation complete; no suspect identified
b66d7ee7f7215d4054bfb27f22bd87b809f12a0b9eae558db2ee4dac114baa49,2019-12,Staffordshire Police,Staffordshire Police,-2.186455,53.004222,On or near TRADE STREET,E01014345,Stoke-on-Trent 019E,Investigation complete; no suspect identified
6a39028e789ba4038245e32d7ad4e6579cdc7391a6c9ffd0eb59945bf5f9aede,2019-12,Staffordshire Police,Staffordshire Police,-2.152444,52.994265,On or near GALVESTON GROVE,E01014279,Stoke-on-Trent 020E,Investigation complete; no suspect identified
55f433f4145ebc4ce1442a002f93a62a3ab16af29582e63d10d33485bfa677d9,2019-12,Staffordshire Police,Staffordshire Police,-2.232050,53.044943,On or near ORGREAVES CLOSE,E01029538,Newcastle-under-Lyme 006B,Investigation complete; no suspect identified
e9d6037ac11a45892bc3f020c8e3b1e295c908bbe0b9602d74846117091375b1,2019-12,Staffordshire Police,Staffordshire Police,-2.211491,53.056092,On or near LASCELLES STREET,E01014356,Stoke-on-Trent 005C,Investigation complete; no suspect identified
0200df9bead28a513bb70a648f45bd4735ee2769262d111b57f2d31b5f635ebe,2019-12,Staffordshire Police,Staffordshire Police,-2.097401,52.964362,On or near DILL GROVE,E01014320,Stoke-on-Trent 033D,Investigation complete; no suspect identified
db527beb379630274e48072a0ea953702342bb1a97993d6353576b458e5db73c,2019-12,Staffordshire Police,Staffordshire Police,-2.223666,53.038864,On or near BEACONSFIELD,E01029583,Newcastle-under-Lyme 008A,Investigation complete; no suspect identified
578f73f3b5b486c09af1e84fec788dca092dcf4f4d2e72566a3ace3e5cbbda99,2019-12,Staffordshire Police,Staffordshire Police,-1.981400,53.018803,On or near DOVEDALE ROAD,E01029796,Staffordshire Moorlands 010D,Investigation complete; no suspect identified
efe1627941bfab2a88da6a2e399690f1a27f141f33f26b8ebe2268de788044b6,2019-12,Staffordshire Police,Staffordshire Police,-2.105078,52.980446,On or near LOMBARDY GROVE,E01014321,Stoke-on-Trent 028A,Investigation complete; no suspect identified
c69222eaa8a6b92d7dfeed5e6e0b85f9cffef78c3fa7d116e66764cc200e518f,2019-12,Staffordshire Police,Staffordshire Police,-2.130651,53.014903,On or near BRASSINGTON WAY,E01014222,Stoke-on-Trent 017C,Investigation complete; no suspect identified
ab46d1af348f8dd0ad9818b0e08c7ef1a62e74ab853d00ea8c5b71164ff4eb82,2019-12,Staffordshire Police,Staffordshire Police,-2.170380,52.997540,On or near SMITHPOOL ROAD,E01014277,Stoke-on-Trent 020D,Investigation complete; no suspect identified
9be834f1146103311b32614978e1a67c9b407d02994ae8139bd3ddd8258ea63e,2019-12,Staffordshire Police,Staffordshire Police,-2.203303,53.056726,On or near BECKTON AVENUE,E01014356,Stoke-on-Trent 005C,Investigation complete; no suspect identified
73563a7970ce69385b722c7e152e612fe76abcdc4e6b01f2dc695542bd007a02,2019-12,Staffordshire Police,Staffordshire Police,-2.140362,52.998954,On or near PENDINE GROVE,E01014280,Stoke-on-Trent 021C,Investigation complete; no suspect identified
00610ccb68d6cdbebce28e41cd1b19f1b8daf9cbc86e146a1e3c1b2d451aeecb,2019-12,Staffordshire Police,Staffordshire Police,-2.168891,53.024599,On or near Parking Area,E01014231,Stoke-on-Trent 016B,Investigation complete; no suspect identified
1264677b04e4b34d937158744caccb7516094679c7c8d42a007580330c1af0cd,2019-12,Staffordshire Police,Staffordshire Police,-2.134394,53.054047,On or near MALSTONE AVENUE,E01014215,Stoke-on-Trent 007B,Investigation complete; no suspect identified
48b8d336b3a9535cf35f2c0394b40e4d047e7f106bdac96f6d9eda1b3b17a401,2019-12,Staffordshire Police,Staffordshire Police,-2.199546,53.086253,On or near SAMUEL STREET,E01014264,Stoke-on-Trent 001E,Investigation complete; no suspect identified
194913f4de2e73fb6a3f63328922c91bfd5e6186a0c468edbe3ce4f57fc2d58f,2019-12,Staffordshire Police,Staffordshire Police,-2.141406,52.994818,On or near CARRON STREET,E01014278,Stoke-on-Trent 021B,Investigation complete; no suspect identified
35b044c723e4f890bf521ae11a3c46063c6631a6cd10d17c3ae045ce25841654,2019-12,Staffordshire Police,Staffordshire Police,-2.182429,53.010664,On or near QUEEN ANNE STREET,E01014283,Stoke-on-Trent 016E,Investigation complete; no suspect identified
13891b7aa7ebf0110208fcbb4159fc817cde53b91e9ed9c128d2fafd53a55f33,2019-12,Staffordshire Police,Staffordshire Police,-2.133644,52.990126,On or near CAROLINE STREET,E01014302,Stoke-on-Trent 022D,Investigation complete; no suspect identified
e67dd387764042f2a4b34ee7d6bd554c0daa11d633d6399ae651dd21f14d846b,2019-12,Staffordshire Police,Staffordshire Police,-2.208799,53.066973,On or near GRAYSHOTT ROAD,E01014359,Stoke-on-Trent 002C,Investigation complete; no suspect identified
ef902d3d7f27fd510efe047a6ca3efcef076085cf24cbf3ef579c8a90cb42a1f,2019-12,Staffordshire Police,Staffordshire Police,-2.228586,53.010422,On or near THE MIDWAY,E01029604,Newcastle-under-Lyme 011E,Investigation complete; no suspect identified
a2c0b846ce49bd02af05f28d8fcd5ec2e31ec6f3acb5aacd44d170731ca60cc8,2019-12,Staffordshire Police,Staffordshire Police,-2.026487,53.105366,On or near ST EDWARD STREET,E01029804,Staffordshire Moorlands 005A,Investigation complete; no suspect identified
9d8f4c01ca2ed612aab949624dcb635b1971c243ebe1e04b47095fdb0739497b,2019-12,Staffordshire Police,Staffordshire Police,-2.192605,53.053283,On or near JEAN CLOSE,E01014244,Stoke-on-Trent 006D,Investigation complete; no suspect identified
7d2dcd91c354100ea6c6464aaaff2eb41f824e26a64bbc7edbc85a8bd59b1813,2019-12,Staffordshire Police,Staffordshire Police,-2.133269,53.022928,On or near MILLWARD ROAD,E01014218,Stoke-on-Trent 014A,Investigation complete; no suspect identified
dab8ef36174ec032f4ac6f476a374fa68658b4105a372209a72a8085e460c740,2019-12,Staffordshire Police,Staffordshire Police,-2.232439,53.020150,On or near WILTON STREET,E01029554,Newcastle-under-Lyme 010B,Investigation complete; no suspect identified
a4fc68ab63dca7df711a0bbbcd5551eb15436a96da84fe8580c5e2d8ee76ed1a,2019-12,Staffordshire Police,Staffordshire Police,-2.181856,53.016193,On or near CROSTON STREET,E01014281,Stoke-on-Trent 015A,Investigation complete; no suspect identified
63d0885eaeac40cb25aaf41734a774102ac230ed326f7d22fc392dc3976b2c9b,2019-12,Staffordshire Police,Staffordshire Police,,,No location,,,Investigation complete; no suspect identified
e940110e96c7116f588a43ab7c552066aa7603686f13e3bf123dcb7f35f9a9bf,2019-12,Staffordshire Police,Staffordshire Police,-2.231505,53.015523,On or near Further/Higher Educational Building,E01029555,Newcastle-under-Lyme 011A,Investigation complete; no suspect identified
691f67387ead85934789f83f2748baeee75f0d1fd1707cbb1b6d912d17ff37e3,2019-12,Staffordshire Police,Staffordshire Police,-1.926199,53.089256,On or near WETLEY LANE,E01029817,Staffordshire Moorlands 007C,Investigation complete; no suspect identified
b1114741cb9e7b3a3662ace98c9f39fb4d9c5df7b0a868d81dc392136614f798,2019-12,Staffordshire Police,Staffordshire Police,-2.129710,52.984755,On or near NORMACOT ROAD,E01014302,Stoke-on-Trent 022D,Investigation complete; no suspect identified
4300392f2e57feae066e60b4de66b06adb6e4e4dce3ee0a2fd843d834c267f0f,2019-12,Staffordshire Police,Staffordshire Police,-2.228978,53.011186,On or near PEPPER STREET,E01029604,Newcastle-under-Lyme 011E,Investigation complete; no suspect identified
56ed187fd04cd50d1369a7f9ddbf74e6e7311200f4a6341b76b6102fd725cd80,2019-12,Staffordshire Police,Staffordshire Police,-2.216303,53.060542,On or near MC KINLEY STREET,E01014354,Stoke-on-Trent 005A,Investigation complete; no suspect identified
9ffbf808d2c72c4e6db9e62f6d7019ed5b89dbde3574688461a4f81d7f0d4bf5,2019-12,Staffordshire Police,Staffordshire Police,-2.194892,53.024434,On or near LAKEWOOD GROVE,E01014285,Stoke-on-Trent 015B,Investigation complete; no suspect identified
5d048f8e7f82fbfe35cb2a349d8abbddc21a967e90ce8b8621b129f633c8434c,2019-12,Staffordshire Police,Staffordshire Police,-2.152530,52.997546,On or near PAYNTER STREET,E01014274,Stoke-on-Trent 020A,Investigation complete; no suspect identified
fd768e375d3a6ca50aa5595b531ec71b2403c3a79bc3f9f398aac1fd8ce9fc57,2019-12,Staffordshire Police,Staffordshire Police,,,No location,,,Investigation complete; no suspect identified
a9acfbf8fde785f77dc84c0a879d2e92c7925b7aa1c827f51fa11a5c5a93fa54,2019-12,Staffordshire Police,Staffordshire Police,-2.197033,53.049312,On or near BYCARS ROAD,E01014247,Stoke-on-Trent 009A,Investigation complete; no suspect identified
700c565b7a4a31bc6dee97d9efa67237561394d22f75af1923429072c04ab1ef,2019-12,Staffordshire Police,Staffordshire Police,,,No location,,,Investigation complete; no suspect identified
f28c2505f806790a91b2d39881d500ee8b2877ba776f436a458e9ff94cb862f4,2019-12,Staffordshire Police,Staffordshire Police,-2.210198,53.090729,On or near MARSH AVENUE,E01029581,Newcastle-under-Lyme 001C,Investigation complete; no suspect identified
099e78a2e10f70c618013a404de91e706a9d599988680d500b3c4c634c46d5c5,2019-12,Staffordshire Police,Staffordshire Police,-2.087445,52.973296,On or near UTTOXETER ROAD,E01029702,Stafford 001A,Investigation complete; no suspect identified
b29b3f06331a315689c24c62627600dc32e51690d3dd079a3c985b8f21140507,2019-12,Staffordshire Police,Staffordshire Police,-2.187820,53.030234,On or near SHAW STREET,E01014254,Stoke-on-Trent 011C,Investigation complete; no suspect identified
118ce339765b918749a01fe50781561480ab016ff2021af318aa7ec95f368f0f,2019-12,Staffordshire Police,Staffordshire Police,-2.254434,53.069338,On or near OLDHILL CLOSE,E01029596,Newcastle-under-Lyme 004E,Investigation complete; no suspect identified
e43ba836401991f53c7b392e74b644c4a3191682b21cc8d54e26237210aea6f9,2019-12,Staffordshire Police,Staffordshire Police,-2.210394,53.008478,On or near ALBANY GROVE,E01014289,Stoke-on-Trent 018B,Investigation complete; no suspect identified
285ba7cc8d8149c6078de20b794e939f629162dca62a740679b5e9ccfcd5aa57,2019-12,Staffordshire Police,Staffordshire Police,,,No location,,,Investigation complete; no suspect identified
fcc648e9574172af3739bb264a9084462d24362f79ac7cf7b757c1520f1b9ecf,2019-12,Staffordshire Police,Staffordshire Police,-2.118626,53.005558,On or near MOFFAT GROVE,E01014223,Stoke-on-Trent 017D,Investigation complete; no suspect identified
98cd269e0cb7c73dd0579783498d732c55cf0739ac4290633014f3578dae0d14,2019-12,Staffordshire Police,Staffordshire Police,,,No location,,,Investigation complete; no suspect identified
0dbe06f964ebd7d54188836a0270e8be7cfb160ce9e58e04f039c28fbe7b62f8,2019-12,Staffordshire Police,Staffordshire Police,-2.220339,53.070719,On or near SNEYD PLACE,E01014358,Stoke-on-Trent 002B,Investigation complete; no suspect identified
ed3e179b6de96f9da225daef5a8012fd348a0ebc69446596cb47f3149291f03a,2019-12,Staffordshire Police,Staffordshire Police,-2.176351,53.025811,On or near STAFFORD STREET,E01014287,Stoke-on-Trent 015D,Investigation complete; no suspect identified
abf493dbcb43ce1890602bbd2730c7f458a62a7218a5826814aa8aee1ca509f3,2019-12,Staffordshire Police,Staffordshire Police,,,No location,,,Investigation complete; no suspect identified
7a4a3ad9851f71e1550b86459d2790a46907a62e983999b5fba01cfeb5b46116,2019-12,Staffordshire Police,Staffordshire Police,-2.013732,53.109468,On or near BEATTY ROAD,E01029810,Staffordshire Moorlands 001E,Investigation complete; no suspect identified
c1245377a885e6c835714c48df3fbe875a96a9352e5999409b67ec7388848d02,2019-12,Staffordshire Police,Staffordshire Police,-2.038272,53.105237,On or near WESTWOOD ROAD,E01029815,Staffordshire Moorlands 006E,Investigation complete; no suspect identified
541ebcf428de2b1e73f16b158e45fb3a25110ca074db6f6ca54237e2121b4608,2019-12,Staffordshire Police,Staffordshire Police,-2.121788,52.990642,On or near TUTBURY GROVE,E01014299,Stoke-on-Trent 025A,Investigation complete; no suspect identified
812a1b70f7316478d9fbc1ace2c06c88e92c85a89ce627eb527aa8de2ca50549,2019-12,Staffordshire Police,Staffordshire Police,-2.165189,52.972638,On or near KIDBROOKE PLACE,E01014236,Stoke-on-Trent 032B,Investigation complete; no suspect identified
2a5882db31c46bd9f5943fe07205d262b388f2f6b3d66f5b8367cb6cc4ab53da,2019-12,Staffordshire Police,Staffordshire Police,-2.162394,52.997560,On or near GLEBEDALE ROAD,E01014274,Stoke-on-Trent 020A,Investigation complete; no suspect identified
5a06467c74677d46fb4ef076a9c16a726898b321e74e0c452ef277a6552b4c6b,2019-12,Staffordshire Police,Staffordshire Police,-2.092688,52.995001,On or near DIMMELOW STREET,E01014369,Stoke-on-Trent 024D,Investigation complete; no suspect identified
8c83b34f93e78ad97f77a741697d77af55b44ef995de8ff8108cbab959a85be0,2019-12,Staffordshire Police,Staffordshire Police,-2.161427,53.002047,On or near ADRIAN STREET,E01014275,Stoke-on-Trent 020B,Investigation complete; no suspect identified
b6cb8de30223e6c17b18187a735af5e857764daf9183fda49a6473712b5446c0,2019-12,Staffordshire Police,Staffordshire Police,,,No location,,,Investigation complete; no suspect identified
447160698b25832aa276ab8c8c4ff4927fbe142ec9de7d57adc65800fe3fd1c7,2019-12,Staffordshire Police,Staffordshire Police,-2.276564,53.003758,On or near THE COVERT,E01029576,Newcastle-under-Lyme 012A,Investigation complete; no suspect identified
9580f0a48c4907e41473dde42206c9cb824071d4b34d2fae43e7dc0d8053406a,2019-12,Staffordshire Police,Staffordshire Police,-2.172659,52.986264,On or near DENNIS VIOLLET AVENUE,E01014234,Stoke-on-Trent 026B,Investigation complete; no suspect identified
7e2df8d4d70cf68a5c29624d57a9a6e7ec3524809ac8145fd77298f663ca20f1,2019-12,Staffordshire Police,Staffordshire Police,-2.219053,53.011429,On or near MARSH PARADE,E01029603,Newcastle-under-Lyme 011D,Investigation complete; no suspect identified
acdd56a9c4fd22360aa4c4c91eaa86ab6a6bc47e3a1e4f1ac8e9e4dcc0004fc0,2019-12,Staffordshire Police,Staffordshire Police,-2.141545,53.023529,On or near RUNNYMEDE CLOSE,E01014219,Stoke-on-Trent 014B,Investigation complete; no suspect identified
80c90c97da9a8cb4ed314210f4b23b842d96adc9683c64fe8b05bb801e8a0eaf,2019-12,Staffordshire Police,Staffordshire Police,-2.136317,53.048759,On or near ROSEVALE STREET,E01014217,Stoke-on-Trent 012E,Investigation complete; no suspect identified
f4aa7cd301d5654fca8080d0e754bfa91a616102e6c76c34e4eb08b4c3266c24,2019-12,Staffordshire Police,Staffordshire Police,-2.136317,53.048759,On or near ROSEVALE STREET,E01014217,Stoke-on-Trent 012E,Investigation complete; no suspect identified
8a7f3ff30b62703baa7cfcbb4d010584b73fb87f83e7c5f3ac1f96042f2f4881,2019-12,Staffordshire Police,Staffordshire Police,-2.216608,53.058977,On or near NASH PEAKE STREET,E01014354,Stoke-on-Trent 005A,Investigation complete; no suspect identified
22434259974f7efb7e379e601dbec3ca0deb2e50fdb280174033ea53d0f0863e,2019-12,Staffordshire Police,Staffordshire Police,-2.173840,53.028008,On or near HILLCHURCH STREET,E01014287,Stoke-on-Trent 015D,Investigation complete; no suspect identified
b91aabce593f3df2af5bc531cdedc4e4eb09cfbcfb8ddc98aef4906a96f3bc4e,2019-12,Staffordshire Police,Staffordshire Police,-1.944838,53.073940,On or near Parking Area,E01029803,Staffordshire Moorlands 007B,Investigation complete; no suspect identified
8aaf7035ac74b3ac464c2357662d518219e8d38659451192a0502c25a82938ed,2019-12,Staffordshire Police,Staffordshire Police,-2.126071,52.977972,On or near Petrol Station,E01014312,Stoke-on-Trent 029D,Investigation complete; no suspect identified
1925e920ec27a6cdb97d286c0deb781544ad80760015c612aadc126a9369d93c,2019-12,Staffordshire Police,Staffordshire Police,-2.231694,53.081349,On or near STONE BANK ROAD,E01029587,Newcastle-under-Lyme 001F,Investigation complete; no suspect identified
f2be3f0ea103b69f75d4f37a7e7db801563715c1e6f52644ebb73eecc78bc2f2,2019-12,Staffordshire Police,Staffordshire Police,-2.304067,53.049581,On or near MADDOCK STREET,E01029535,Newcastle-under-Lyme 005D,Investigation complete; no suspect identified
781b3dc8cc347a0bd0416d81ff216efbe384f4a8f97cfe1c72152fd5274dd173,2019-12,Staffordshire Police,Staffordshire Police,-2.270565,53.002370,On or near Further/Higher Educational Building,E01029576,Newcastle-under-Lyme 012A,Investigation complete; no suspect identified
b5c29c699c6ff207963c449ca03c9c466391a2318783097be46b646d09f8ef5d,2019-12,Staffordshire Police,Staffordshire Police,-2.166015,52.997627,On or near NELSON STREET,E01014276,Stoke-on-Trent 020C,Investigation complete; no suspect identified
d9ee1295ea10e2108a4bf9cd47bfc03ef51b3cb02451d78b02a3a7365a559e5f,2019-12,Staffordshire Police,Staffordshire Police,-2.182429,53.010664,On or near QUEEN ANNE STREET,E01014283,Stoke-on-Trent 016E,Investigation complete; no suspect identified
c42054145b355758e7e456844f69182fef0b9eede3278ec0119a1a41bfc64791,2019-12,Staffordshire Police,Staffordshire Police,-2.209635,53.011869,On or near STOKE OLD ROAD,E01014288,Stoke-on-Trent 018A,Investigation complete; no suspect identified
d41df660cb627d90d04ba29b3187a2150aae8b77d4981e68885b6df4deb2a5fa,2019-12,Staffordshire Police,Staffordshire Police,-2.123366,53.005814,On or near Supermarket,E01014229,Stoke-on-Trent 017F,Investigation complete; no suspect identified
aa93eb016d573dee133fc7debfacb39d57c7940dd111b525e6a16f1c6e9bb72f,2019-12,Staffordshire Police,Staffordshire Police,-2.159465,52.970938,On or near ORFORD WAY,E01014237,Stoke-on-Trent 032C,Investigation complete; no suspect identified
293f69b19f2490b86e63360a30ca6e59dc07c7f8b2d1d1b1aa579d0a11d3c0df,2019-12,Staffordshire Police,Staffordshire Police,-2.302341,52.962741,On or near COMMON LANE,E01029570,Newcastle-under-Lyme 016B,Investigation complete; no suspect identified
4567e30b930e8d62effc2db147ad2cdda22ee60c01d0e866c878c9d28b17c728,2019-12,Staffordshire Police,Staffordshire Police,-2.184912,52.998633,On or near KEARY STREET,E01014339,Stoke-on-Trent 019C,Investigation complete; no suspect identified
3502bfbfe5248fe358fadadc99b18a6d66eb44a5244366c77a45121d2711d241,2019-12,Staffordshire Police,Staffordshire Police,-2.232550,53.013156,On or near GREENSIDE,E01029604,Newcastle-under-Lyme 011E,Investigation complete; no suspect identified
9ecc6c2f21e8272de280558ca436852d594a33d5b72f3f69eb7f97ccec09236d,2019-12,Staffordshire Police,Staffordshire Police,-2.367438,52.986558,On or near Sports/Recreation Area,E01029574,Newcastle-under-Lyme 013C,Investigation complete; no suspect identified
7782487dc67f749a02827431317f9746d5159720975e9b1fd82d930d504a8621,2019-12,Staffordshire Police,Staffordshire Police,-2.087445,52.973296,On or near UTTOXETER ROAD,E01029702,Stafford 001A,Investigation complete; no suspect identified
59bd0b35b7db0ab599e60751928f0df65dc65be0bee3d8123964414a113a0ce9,2019-12,Staffordshire Police,Staffordshire Police,-2.249393,52.989912,On or near JERSEY CLOSE,E01029608,Newcastle-under-Lyme 015G,Investigation complete; no suspect identified
5e58352ca89022dad5d6db0e2ff43ae4e5e20ab41e23e70cf039e10d9067a088,2019-12,Staffordshire Police,Staffordshire Police,-2.172661,53.020306,On or near OGDEN ROAD,E01014287,Stoke-on-Trent 015D,Investigation complete; no suspect identified
32cf0d1b692c715de83423a632f1da29aba00c36e8b1cc4d1e053c762e282a5b,2019-12,Staffordshire Police,Staffordshire Police,-2.234363,53.091736,On or near DORSET PLACE,E01029561,Newcastle-under-Lyme 002A,Investigation complete; no suspect identified
03853a6381936774ee085380730fe026c52e9a4d696a858b9f3cdcedc46aa036,2019-12,Staffordshire Police,Staffordshire Police,-2.197772,53.041427,On or near PLEASANT STREET,E01014251,Stoke-on-Trent 009C,Investigation complete; no suspect identified
b027a9b14702fa0d395ae0cfa50471bb057cd1ae8e090cc2d446c7405cc720e3,2019-12,Staffordshire Police,Staffordshire Police,-2.186455,53.004222,On or near TRADE STREET,E01014345,Stoke-on-Trent 019E,Investigation complete; no suspect identified
106120e4698376d72802962e786447d10f1824d92050c9f42c9ab64a248adfb8,2019-12,Staffordshire Police,Staffordshire Police,-2.188258,53.062109,On or near WESTMARSH GROVE,E01014243,Stoke-on-Trent 006C,Investigation complete; no suspect identified
49eefcedf6075675f1a659d3d0fcc3cb36e5ee9e3ddd3b9052cc840220b8b118,2019-12,Staffordshire Police,Staffordshire Police,-2.127737,52.992317,On or near Supermarket,E01014299,Stoke-on-Trent 025A,Investigation complete; no suspect identified
6085bb55faa649e339a50844cd77cd6bc5c7abf4de48f5d54c27ae655883db2c,2019-12,Staffordshire Police,Staffordshire Police,-2.201175,52.987361,On or near ELPHINSTONE ROAD,E01014343,Stoke-on-Trent 023D,Investigation complete; no suspect identified
ff0e3d96a030d8a924dd8dca88c63943eeb0c6fc9f0b3caef4ae921d75e00652,2019-12,Staffordshire Police,Staffordshire Police,-2.133221,52.983124,On or near ROSSLYN ROAD,E01014306,Stoke-on-Trent 029B,Investigation complete; no suspect identified
e843892b0ac87e13456a2953c6f1271968d2cb4b32cb0ffef818854b5ff7a5e6,2019-12,Staffordshire Police,Staffordshire Police,-1.892199,52.987959,On or near Park/Open Space,E01029761,Staffordshire Moorlands 010A,Investigation complete; no suspect identified
3a41c1da90865d19601719af55ba4fd0a266d2311463dd46aa895a726c597eea,2019-12,Staffordshire Police,Staffordshire Police,,,No location,,,Investigation complete; no suspect identified
5adf80224d05b3a71e5438704624f3101cb5ca55c3335dc8ca9c6a0b271d9276,2019-12,Staffordshire Police,Staffordshire Police,-2.177421,53.017881,On or near SHIRLEY ROAD,E01014287,Stoke-on-Trent 015D,Investigation complete; no suspect identified
78d192329553ace865825592cf1b54629defe479030cefa543c72c4e8c1e06cf,2019-12,Staffordshire Police,Staffordshire Police,-2.014078,53.114178,On or near TITTESWORTH AVENUE,E01029810,Staffordshire Moorlands 001E,Investigation complete; no suspect identified
681709a00d257d117b2547c7570a4571f23879e9477ed36d6280fc657959a9ab,2019-12,Staffordshire Police,Staffordshire Police,-2.234372,53.090576,On or near SURREY ROAD,E01029561,Newcastle-under-Lyme 002A,Investigation complete; no suspect identified
7dded4dcd4d2546db38113116fb4fb70933c53f8c7e65a4ec7a06cb9eee972e3,2019-12,Staffordshire Police,Staffordshire Police,-2.248508,53.020019,On or near NASH STREET,E01029568,Newcastle-under-Lyme 007E,Investigation complete; no suspect identified
5fe71e939d5ebedf699d1db170a07bb36b829edad182289b635cc3965742377d,2019-12,Staffordshire Police,Staffordshire Police,-2.257679,53.067938,On or near ARBOUR STREET,E01029597,Newcastle-under-Lyme 003F,Investigation complete; no suspect identified
f27bb7308e4bfb492f10c454feadb9eae2532b73917af51710ec839397715e04,2019-12,Staffordshire Police,Staffordshire Police,-2.185497,53.020475,On or near SUN STREET,E01014286,Stoke-on-Trent 015C,Investigation complete; no suspect identified
054b68dbd68a87a9b75c239b6bed2e9a0c84286902b7b1842f9f5653c291bd25,2019-12,Staffordshire Police,Staffordshire Police,-2.263670,53.069085,On or near PIT LANE,E01029596,Newcastle-under-Lyme 004E,Investigation complete; no suspect identified
9fc29c72a2d8acee39527438e672233c12f4095cd4764972225f10954d92efcb,2019-12,Staffordshire Police,Staffordshire Police,-2.097404,52.978862,On or near COLCLOUGH ROAD,E01014368,Stoke-on-Trent 028D,Investigation complete; no suspect identified
24f515f52bf77ce9737c0cf41e172cbc12c5e602728a72fb4645b99d753ef12f,2019-12,Staffordshire Police,Staffordshire Police,-2.182844,53.017091,On or near RICHMOND TERRACE,E01014286,Stoke-on-Trent 015C,Investigation complete; no suspect identified
080df8ef6d1f3da5fcc6f6163f980430131d7e48e5e486ddf42e1a1814a9ca14,2019-12,Staffordshire Police,Staffordshire Police,-2.196036,53.000628,On or near ROTHWELL STREET,E01014295,Stoke-on-Trent 019B,Investigation complete; no suspect identified
2a9d7751c434e02b6fbf45c7fdcfa2bf234ffd0e0c9b578c4edf2ce4d0747304,2019-12,Staffordshire Police,Staffordshire Police,-2.105607,53.068665,On or near STANLEY BANK,E01029762,Staffordshire Moorlands 008A,Investigation complete; no suspect identified
27c4d9236c61a608350116d703786225da25e1c200ce27e213ada504c76b45ac,2019-12,Staffordshire Police,Staffordshire Police,-2.176569,52.995283,On or near WEST PARADE,E01014277,Stoke-on-Trent 020D,Investigation complete; no suspect identified
873063e0f2fc52a4adebc6f01f314a775354fd28329fe2dc9c9541e0b7ac8b45,2019-12,Staffordshire Police,Staffordshire Police,-2.240826,53.091318,On or near SUSSEX DRIVE,E01029564,Newcastle-under-Lyme 002C,Investigation complete; no suspect identified
782ee39667ef8de2df61149e1851460537c55dccc5a1e1f3ab336b57c54da13e,2019-12,Staffordshire Police,Staffordshire Police,-2.184400,53.032334,On or near BOWNESS STREET,E01014256,Stoke-on-Trent 011D,Investigation complete; no suspect identified
67774fe110f080282469d7eff15c82a73e436d17f309bd6f1d54d08dada87bd8,2019-12,Staffordshire Police,Staffordshire Police,-2.224496,53.006349,On or near LYME VALLEY ROAD,E01029602,Newcastle-under-Lyme 011C,Investigation complete; no suspect identified
9e3ff6a78c11f8b54e8faafb9b4c3bc85e42d00ac1e6a411d8cbcb580037333a,2019-12,Staffordshire Police,Staffordshire Police,-2.199546,53.086253,On or near SAMUEL STREET,E01014264,Stoke-on-Trent 001E,Investigation complete; no suspect identified
ec223cf2956a93ff3eb79390111a8584f9148bf27de1a545d49a65a02eb76ca3,2019-12,Staffordshire Police,Staffordshire Police,-2.127575,53.013315,On or near UBBERLEY ROAD,E01014222,Stoke-on-Trent 017C,Investigation complete; no suspect identified
ce35d57cb726f16475624353423d43a1d7f7c87dd3db8e95b72171c3ad74b39c,2019-12,Staffordshire Police,Staffordshire Police,-2.169674,52.999815,On or near EDISON STREET,E01014276,Stoke-on-Trent 020C,Investigation complete; no suspect identified
feac9bd7e185b485d936d598cee62f278b107e3d8d5ab780dfcb99bf76d5899b,2019-12,Staffordshire Police,Staffordshire Police,-2.150804,52.972684,On or near HINTON CLOSE,E01014235,Stoke-on-Trent 032A,Investigation complete; no suspect identified
609fd501edc9f732edeb2675fd804c704875393b1dcbbc0d0072528d610cfcbd,2019-12,Staffordshire Police,Staffordshire Police,-2.176351,53.025811,On or near STAFFORD STREET,E01014287,Stoke-on-Trent 015D,Investigation complete; no suspect identified
c76e1ebd9954442da0cd8ff58f6d7740d9a663c9987c707016013bc6fc605dd1,2019-12,Staffordshire Police,Staffordshire Police,-2.031191,53.103693,On or near CRUSO STREET,E01029812,Staffordshire Moorlands 005D,Investigation complete; no suspect identified
7ab295ced5cba8a907656e34f4e0a82b046630a30903ab916572b5f945595d0a,2019-12,Staffordshire Police,Staffordshire Police,-2.206325,53.008459,On or near ROSEMARY EDMAN CLOSE,E01014290,Stoke-on-Trent 018C,Investigation complete; no suspect identified
150a0f6bfaa9cbf3493d9c4f6fb7b1066cec60b87431051c96877419a24f390d,2019-12,Staffordshire Police,Staffordshire Police,-2.202899,53.065869,On or near HAILSHAM CLOSE,E01014359,Stoke-on-Trent 002C,Investigation complete; no suspect identified
14fcbf5d84845c1e7beeefd7093f6c8c639a11cd3adeba2bd251bfad7166e80c,2019-12,Staffordshire Police,Staffordshire Police,-2.114107,52.992879,On or near BLACKWOOD PLACE,E01014362,Stoke-on-Trent 025E,Investigation complete; no suspect identified
0c69c2914063b78d89afd0d102e3f58ddaf9436383e237ede19db08567d27999,2019-12,Staffordshire Police,Staffordshire Police,-2.204242,53.037515,On or near MALKIN WAY,E01014255,Stoke-on-Trent 009E,Investigation complete; no suspect identified
cf6fb0651c6a3347ad5adc3132cb04d03564345e3f68434484fb5738231dde77,2019-12,Staffordshire Police,Staffordshire Police,-2.097392,52.992966,On or near WESTON ROAD,E01014363,Stoke-on-Trent 024A,Investigation complete; no suspect identified
039948b59936c1692ce20cbb31028903ba796535b0a35b3a66495cc9b23745ff,2019-12,Staffordshire Police,Staffordshire Police,-2.188647,53.038575,On or near RUSHTON GROVE,E01014249,Stoke-on-Trent 011A,Investigation complete; no suspect identified
a0d9de30e0dbdab314d0ab8e34a87bd6ab3e7c425fbc9d9409e76a80d36437c2,2019-12,Staffordshire Police,Staffordshire Police,-2.186521,53.029840,On or near EASTBANK ROAD,E01014254,Stoke-on-Trent 011C,Investigation complete; no suspect identified
3ed793d76e320205d50c5d96e6bcbdffb72344b0f87a95340589e854c642fd86,2019-12,Staffordshire Police,Staffordshire Police,-2.148691,52.994611,On or near BISHOP STREET,E01014279,Stoke-on-Trent 020E,Investigation complete; no suspect identified
090fe787be30faaa93b9cc72a4d626dc59d87a804ba863ee0c9b4ab496c91b66,2019-12,Staffordshire Police,Staffordshire Police,-2.226342,53.011721,On or near Nightclub,E01029604,Newcastle-under-Lyme 011E,Investigation complete; no suspect identified
2cc02db4749358601042fc1324687c2b8bf6fb27eb3af888307f5b8df1d4b197,2019-12,Staffordshire Police,Staffordshire Police,-2.177358,53.006024,On or near WINTONFIELD STREET,E01014282,Stoke-on-Trent 016D,Investigation complete; no suspect identified
d52d5e22e28705c418c5017183471ba87d693f6eb8abe936ee2621087f8fc2fd,2019-12,Staffordshire Police,Staffordshire Police,-2.178338,53.008711,On or near THORNTON ROAD,E01014283,Stoke-on-Trent 016E,Investigation complete; no suspect identified
46fa5706c72ce1120c2d533bc02927a3ddfc55db25cc656747b1713103e8392b,2019-12,Staffordshire Police,Staffordshire Police,-2.099430,52.978842,On or near WOODGATE STREET,E01014368,Stoke-on-Trent 028D,Investigation complete; no suspect identified
eeaf202233504eeae631cd61411f181adcc3580d4a649b343e3a92f33bd5d12d,2019-12,Staffordshire Police,Staffordshire Police,-2.096261,52.980292,On or near THE SQUARE,E01014368,Stoke-on-Trent 028D,Investigation complete; no suspect identified
1ef77507634ee6dbf77cc1d2c0916fc8ae65de68b9829049f4315ca3c0c2d73b,2019-12,Staffordshire Police,Staffordshire Police,-2.126640,53.009460,On or near MIDDLEFIELD ROAD,E01014224,Stoke-on-Trent 017E,Investigation complete; no suspect identified
88ffee6c072a5964c8a66350d867192f4351b51149dceed251f721ffdeba98db,2019-12,Staffordshire Police,Staffordshire Police,-2.108755,52.991527,On or near PARKER-JERVIS ROAD,E01014364,Stoke-on-Trent 024B,Investigation complete; no suspect identified
e0fdfd0f6b14f904a0c58ff7aff44d866324010a982fdf9796dde71936331ace,2019-12,Staffordshire Police,Staffordshire Police,-2.245011,53.018408,On or near ST JOHN'S PLACE,E01029566,Newcastle-under-Lyme 010C,Investigation complete; no suspect identified
baf1f0a2cfef30e48dd8c847a41aa647a6e3426e93ceead48a246a18b289afd7,2019-12,Staffordshire Police,Staffordshire Police,-2.136098,53.035896,On or near PRIORY ROAD,E01014211,Stoke-on-Trent 012B,Investigation complete; no suspect identified
af851c68e521243be3bd8a5056427fea4863403dfde0f719878af9ede83081f0,2019-12,Staffordshire Police,Staffordshire Police,-2.170824,53.030628,On or near BROOM STREET,E01014330,Stoke-on-Trent 013E,Investigation complete; no suspect identified
c5bbd93a878ec9ea72947d16384e45237711b952283599233eacb26601c322ee,2019-12,Staffordshire Police,Staffordshire Police,-2.158093,53.051851,On or near WOODBURN ROAD,E01014267,Stoke-on-Trent 007E,Investigation complete; no suspect identified
81cf2e20ed3dc313303c4aa5be14b1fc5112e9a6e60310524e46c4e7095e9afb,2019-12,Staffordshire Police,Staffordshire Police,-2.166047,53.025367,On or near BUCKNALL NEW ROAD,E01014328,Stoke-on-Trent 013C,Investigation complete; no suspect identified
0965146f524a98f4ecb4601897655e08aedacfc638f59669787f2a3ae1050d06,2019-12,Staffordshire Police,Staffordshire Police,,,No location,,,Investigation complete; no suspect identified
ae8cfe60dab866a8a067095e5208f8c1da617abf021fb32e0e7a553b8ba7675b,2019-12,Staffordshire Police,Staffordshire Police,-2.206365,53.020045,On or near ETRURIA WAY,E01029580,Newcastle-under-Lyme 009C,Investigation complete; no suspect identified
5a1dac534035ed8571f354ce79bb7eb25343e52a77ee96df594d1f35f73146c6,2019-12,Staffordshire Police,Staffordshire Police,-2.170261,52.971040,On or near FENNERS GROVE,E01014236,Stoke-on-Trent 032B,Investigation complete; no suspect identified
dfd6e3e6ad981b8d399864f1d5d3874c5474a95042c9a8ede4c99ce0d6e60177,2019-12,Staffordshire Police,Staffordshire Police,-2.283275,53.047771,On or near WOOD VIEW,E01029533,Newcastle-under-Lyme 005B,Investigation complete; no suspect identified
ebcbb25a1b993b9f4558ca47ffb8a2b4c1bc8875581cc83e7323f9a87b59427e,2019-12,Staffordshire Police,Staffordshire Police,-2.104238,52.977795,On or near UTTOXETER ROAD,E01014316,Stoke-on-Trent 031C,Investigation complete; no suspect identified
cbee35d9ea844c499650915f1b455c90ce2d4b7cd604f1f55cf201cdd6e92a65,2019-12,Staffordshire Police,Staffordshire Police,-2.198749,52.994421,On or near TRENT VALLEY ROAD,E01014342,Stoke-on-Trent 023C,Investigation complete; no suspect identified
f991482ddffaacd1db267aff1ceea4409f9fc8adf0759e11c29b40d3e65de459,2019-12,Staffordshire Police,Staffordshire Police,-2.176815,53.030053,On or near UNION STREET,E01014330,Stoke-on-Trent 013E,Investigation complete; no suspect identified
deb4513095239336bc2312a35c54ba0aca826b8669d1cb6e19ce37a8f64a62b1,2019-12,Staffordshire Police,Staffordshire Police,-2.156143,52.978943,On or near BALLINSON ROAD,E01014234,Stoke-on-Trent 026B,Investigation complete; no suspect identified
8ee3c4007370b68642ebb6bd496ca0ae0de716e71e3ddf7a7e1f243dd958a36d,2019-12,Staffordshire Police,Staffordshire Police,-2.343255,52.998784,On or near MORNINGSIDE,E01029575,Newcastle-under-Lyme 013D,Investigation complete; no suspect identified
3312b721b73614fabe9b73f0c477598c135b98f416fbbcd98a53dce856a2b637,2019-12,Staffordshire Police,Staffordshire Police,-2.168447,53.036888,On or near NORTHAM ROAD,E01014324,Stoke-on-Trent 010B,Investigation complete; no suspect identified
addf8aa8f7e929d4ab56a69ac5691552df2fc0b835eda409fc273a5adc38f48a,2019-12,Staffordshire Police,Staffordshire Police,-2.140144,53.032934,On or near NEWSTEAD ROAD,E01014210,Stoke-on-Trent 012A,Investigation complete; no suspect identified
41f120880c5ca07ce773093dec6cceda0098d82f52491b1746967aa02656a442,2019-12,Staffordshire Police,Staffordshire Police,-2.229297,53.015113,On or near SHAW STREET,E01029604,Newcastle-under-Lyme 011E,Investigation complete; no suspect identified
ba54752c75722a0e2cfadb6239a080391ecac2963a54f8ffa98f6106c6a3e23d,2019-12,Staffordshire Police,Staffordshire Police,,,No location,,,Investigation complete; no suspect identified
03a4890270a47fd913490172a4d7ee369b3ae2e180edbd88483086a7942c7136,2019-12,Staffordshire Police,Staffordshire Police,-2.177050,53.010816,On or near WATFORD STREET,E01014284,Stoke-on-Trent 016F,Investigation complete; no suspect identified
1b2f6ce00eaf39d6c6025120b14493d1df2a19d548898d6d3b7e3904eb5387ce,2019-12,Staffordshire Police,Staffordshire Police,-2.239484,53.021700,On or near Supermarket,E01029554,Newcastle-under-Lyme 010B,Investigation complete; no suspect identified
dbfc7092321491e91e8bed950695ff9b8d2615dfca40d9dfbea88b0fef6c2bed,2019-12,Staffordshire Police,Staffordshire Police,-2.245049,53.038193,On or near CROFTSMEAD CLOSE,E01029558,Newcastle-under-Lyme 006E,Investigation complete; no suspect identified
762326b030cd3ef4a3123b98fe69cb9a683cb03d9afbf7bbc27c3e1080916fb1,2019-12,Staffordshire Police,Staffordshire Police,-2.195206,53.044452,On or near HOLECROFT STREET,E01014251,Stoke-on-Trent 009C,Investigation complete; no suspect identified
0d2a250074b3ddb85dac0237a78391ba962d5bd5e5e9ca6aa408ad0cabba3401,2019-12,Staffordshire Police,Staffordshire Police,-2.177441,53.029890,On or near LOWER BRYAN STREET,E01014330,Stoke-on-Trent 013E,Investigation complete; no suspect identified
0e3db4494518681fe94f9c8feb0b4e60221c06931685bcc9fb75e3f644b36fcb,2019-12,Staffordshire Police,Staffordshire Police,,,No location,,,Investigation complete; no suspect identified
5269338003f63531e5ccf7b61e8f9a26e12b7e5b5b596a27bf5a854ecba7f39f,2019-12,Staffordshire Police,Staffordshire Police,-2.442846,52.911375,On or near PINFOLD LANE,E01029569,Newcastle-under-Lyme 016A,Investigation complete; no suspect identified
7d5f293f9c6110ec23f007622737193c81a3c70df02399b1304fd1b8d7933ce3,2019-12,Staffordshire Police,Staffordshire Police,-2.442846,52.911375,On or near PINFOLD LANE,E01029569,Newcastle-under-Lyme 016A,Investigation complete; no suspect identified
f5c8440cb993d7960ba6f98a3ab006ca9d3f6267429d0c37c4ebaf683a5467e0,2019-12,Staffordshire Police,Staffordshire Police,-2.222806,53.048439,On or near LEIGH LANE,E01029536,Newcastle-under-Lyme 004A,Investigation complete; no suspect identified
5ae3251ba302ce36ec0cfdc9b4d3892b92f93cdac19680334c930f66e2eb4aa4,2019-12,Staffordshire Police,Staffordshire Police,,,No location,,,Investigation complete; no suspect identified
2992b1eab6380e16bb683a46fbd8ebfab4d0b5d4f339857b51c8eb2189c28178,2019-12,Staffordshire Police,Staffordshire Police,,,No location,,,Investigation complete; no suspect identified
8b626bb1337fc82e9e12df65758a15c185bc3ecc57ea32ceb3494ad918b4d5cf,2019-12,Staffordshire Police,Staffordshire Police,-2.222806,53.048439,On or near LEIGH LANE,E01029536,Newcastle-under-Lyme 004A,Investigation complete; no suspect identified
d2abe480eaa7a6edc29a35106840497e4b5606a91cbd3b47d32697681cad560a,2019-12,Staffordshire Police,Staffordshire Police,-2.140196,53.030354,On or near WALLIS PLACE,E01014213,Stoke-on-Trent 012D,Investigation complete; no suspect identified
cb2681c772fac17906614c2c304faa8f9973b7d8f86dd97d786c6396c14dd32c,2019-12,Staffordshire Police,Staffordshire Police,-2.137465,52.987775,On or near GOLD STREET,E01014302,Stoke-on-Trent 022D,Investigation complete; no suspect identified
596623ffd3b5625e23b6689ce5e4d23e92a5d29937952cc40df0274e106b2fcf,2019-12,Staffordshire Police,Staffordshire Police,-2.108062,52.970600,On or near QUEENSMEAD ROAD,E01014319,Stoke-on-Trent 033C,Investigation complete; no suspect identified
db2d2fd376d4de7619933f5293f9ce5d27d26ef2f119ee6b1b94cfa0ec121056,2019-12,Staffordshire Police,Staffordshire Police,-2.141524,53.039728,On or near BEARD GROVE,E01014217,Stoke-on-Trent 012E,Investigation complete; no suspect identified
89727781adc0b5a678fc796bd8600ef2742c65b5e3bfaccdac691c4c0aaca06a,2019-12,Staffordshire Police,Staffordshire Police,-2.234281,53.040938,On or near Supermarket,E01029538,Newcastle-under-Lyme 006B,Investigation complete; no suspect identified
f0a950347ca93a625ad311ed673d861211b8349b4feb0bbe73ed5d1ee797cc68,2019-12,Staffordshire Police,Staffordshire Police,-2.177097,53.026053,On or near Nightclub,E01014287,Stoke-on-Trent 015D,Investigation complete; no suspect identified
4ec83c5d98f2a2bf93b89fdde844c154ecad2767b4e2cf0e8a10338da7f1f017,2019-12,Staffordshire Police,Staffordshire Police,-2.087445,52.973296,On or near UTTOXETER ROAD,E01029702,Stafford 001A,Investigation complete; no suspect identified
e6cfe4583c3322a4349fca47861a72fd90e2922bf0a2b38d4d9c7710320d07f6,2019-12,Staffordshire Police,Staffordshire Police,-2.169830,53.032059,On or near TOWN ROAD,E01014330,Stoke-on-Trent 013E,Investigation complete; no suspect identified
a185fafc1f8e7604dfbd1d0b671ce43446d78b4be2ca6a7c01c4ef22fac26c0c,2019-12,Staffordshire Police,Staffordshire Police,-2.223542,53.009245,On or near WELL STREET,E01029602,Newcastle-under-Lyme 011C,Investigation complete; no suspect identified
7777c663a709e1c39921985a6d4966e95c1d109d1643f1ac0b428f9f72322e84,2019-12,Staffordshire Police,Staffordshire Police,,,No location,,,Investigation complete; no suspect identified
b2c11d17908d42a66fa7fcb87fd3bd6618bbac339acc40f5a51624dd83c54ca6,2019-12,Staffordshire Police,Staffordshire Police,-2.211432,53.059166,On or near HOSE STREET,E01014355,Stoke-on-Trent 005B,Investigation complete; no suspect identified
9a349ff237bdfaa1b36dc591aa470b0c5a69ba842c5d45b89b1720f9d8e0ff96,2019-12,Staffordshire Police,Staffordshire Police,-2.135843,52.978653,On or near RUSSELL STREET,E01014309,Stoke-on-Trent 027B,Investigation complete; no suspect identified
4674b2397375b8d1c89d2985a5f11b1869897d1b6c58045f197f9724d89a276e,2019-12,Staffordshire Police,Staffordshire Police,-2.181730,53.000390,On or near SELWYN STREET,E01014345,Stoke-on-Trent 019E,Investigation complete; no suspect identified
63652d7fa8eaf2d00dfa6cd3681f9ceef98bd800709d43543046996159bd513d,2019-12,Staffordshire Police,Staffordshire Police,-1.978017,53.017221,On or near HASTE HILL AVENUE,E01029795,Staffordshire Moorlands 010C,Investigation complete; no suspect identified
858d95a36e23138653159d0e09dcc98c94adae7215b9534857b0dbdadb59c2a2,2019-12,Staffordshire Police,Staffordshire Police,-2.267480,53.079306,On or near WALTON GROVE,E01029595,Newcastle-under-Lyme 003E,Investigation complete; no suspect identified
8cb0d3d921938adda09b5afb4a487371152b1f3cf881f76e4e243917130f7fc4,2019-12,Staffordshire Police,Staffordshire Police,-2.133898,53.023817,On or near LANGFORD ROAD,E01014218,Stoke-on-Trent 014A,Investigation complete; no suspect identified
207ddaa0c7559e374db39de6b9b8d9abf2048b6f5bff3102531c4991317b4bed,2019-12,Staffordshire Police,Staffordshire Police,-2.217456,53.025878,On or near BLUNT STREET,E01029577,Newcastle-under-Lyme 009A,Investigation complete; no suspect identified
c1dea5f82e8d7c41407de6818c2ce68e4c9b65486be8093d894c5d7a4ca1c9e4,2019-12,Staffordshire Police,Staffordshire Police,-2.139091,53.025384,On or near WERRINGTON ROAD,E01014213,Stoke-on-Trent 012D,Investigation complete; no suspect identified
05bd0f8748c116340674597244001daeef27391637cc415472fb7c21fac396fc,2019-12,Staffordshire Police,Staffordshire Police,-2.166845,53.031398,On or near DOVER STREET,E01014329,Stoke-on-Trent 013D,Investigation complete; no suspect identified
89e4948305422be9af7e154ae88a5117671b2c2c28c059da208e07751a866d11,2019-12,Staffordshire Police,Staffordshire Police,-2.177734,53.025054,On or near BRUNSWICK STREET,E01014287,Stoke-on-Trent 015D,Investigation complete; no suspect identified
ff3ac3b53a3b08896be4e55b91e1af38034b82df970245fd477c0b5342b6c5c3,2019-12,Staffordshire Police,Staffordshire Police,-2.248508,53.020019,On or near NASH STREET,E01029568,Newcastle-under-Lyme 007E,Investigation complete; no suspect identified
b9803a4017f987eebfdbf769e9bafedbb64ada98cb164bf704549b59c010f9ba,2019-12,Staffordshire Police,Staffordshire Police,-2.143534,53.021001,On or near WILLETON STREET,E01014219,Stoke-on-Trent 014B,Investigation complete; no suspect identified
614eed763ad43ab0f00b7e6139254595b216243bed03ece9eed2787f7a685f7a,2019-12,Staffordshire Police,Staffordshire Police,-2.143453,52.996434,On or near CARLING GROVE,E01014273,Stoke-on-Trent 021A,Investigation complete; no suspect identified
7dd3fae7d38f58641894bfb5342772afab9b51e1499c54173def3eb9a4497377,2019-12,Staffordshire Police,Staffordshire Police,-2.155514,52.973667,On or near FALLOW FIELD,E01014235,Stoke-on-Trent 032A,Investigation complete; no suspect identified
9a909d5fee93f29d5817c6f9a3d01d8907c7cc6376c6b418740ae2fcc0c6ce58,2019-12,Staffordshire Police,Staffordshire Police,-2.180688,53.100207,On or near TUNSTALL ROAD,E01029772,Staffordshire Moorlands 004C,Investigation complete; no suspect identified
4639b990e057b862e69241ed251bfdada67c157b35572902c3812b7c35a4b129,2019-12,Staffordshire Police,Staffordshire Police,-2.119517,52.988442,On or near FLECKNEY AVENUE,E01014303,Stoke-on-Trent 025C,Investigation complete; no suspect identified
74491eeb91ee41338b584ef0dd4862919181bda5491be400c5fb2663d296bc0d,2019-12,Staffordshire Police,Staffordshire Police,-2.173475,53.026139,On or near Shopping Area,E01014287,Stoke-on-Trent 015D,Investigation complete; no suspect identified
e958339b8df977889dc61e57fc49a5e6b73083cfc9d427f06f3a54f82a58ad96,2019-12,Staffordshire Police,Staffordshire Police,-2.196075,53.045430,On or near SWAN SQUARE,E01014251,Stoke-on-Trent 009C,Investigation complete; no suspect identified
36d2fce465a4d0606e3adcff3fbf9960d42a581a6fdaf3844f370bfdb321b670,2019-12,Staffordshire Police,Staffordshire Police,,,No location,,,Investigation complete; no suspect identified
b5b769530db1845e1a57749f3f0ba96000433ed0d8537b3c5201c4fc826f3d84,2019-12,Staffordshire Police,Staffordshire Police,-2.182041,53.088160,On or near FISHER STREET,E01014257,Stoke-on-Trent 001A,Investigation complete; no suspect identified
824a152555307da090659af88ae2bd4aec67acb512fb07bbd1afbf68be89c971,2019-12,Staffordshire Police,Staffordshire Police,-2.182041,53.088160,On or near FISHER STREET,E01014257,Stoke-on-Trent 001A,Investigation complete; no suspect identified
60e19e4dde52db714df1b343c47d9a9b135f2d713adad338375776e0284629c4,2019-12,Staffordshire Police,Staffordshire Police,-2.182041,53.088160,On or near FISHER STREET,E01014257,Stoke-on-Trent 001A,Investigation complete; no suspect identified
6d02af19732e14978f823c2497ee188117447f2423be67e2b92ea6d891ebe13b,2019-12,Staffordshire Police,Staffordshire Police,-2.163500,53.041884,On or near NOBLETT ROAD,E01014271,Stoke-on-Trent 008E,Investigation complete; no suspect identified
2c8864ab53ba88377721ce7c43416f190208417ad41735ce417a27467d3f50fc,2019-12,Staffordshire Police,Staffordshire Police,-2.226342,53.011721,On or near Nightclub,E01029604,Newcastle-under-Lyme 011E,Investigation complete; no suspect identified
b3aa264a67e7aaa97d50d263b65c2e93c45d86e5f7b8d8c4d227355720c2f298,2019-12,Staffordshire Police,Staffordshire Police,-2.177131,53.117939,On or near CRAIGSIDE,E01029774,Staffordshire Moorlands 003E,Investigation complete; no suspect identified
ecb79d1eb94e8e79286a498ae0af76b07bd3ac3eed7d8ac3c53060d1886b82fb,2019-12,Staffordshire Police,Staffordshire Police,-2.209280,53.003150,On or near HILTON ROAD,E01014294,Stoke-on-Trent 018F,Investigation complete; no suspect identified
021893cef75979d5da1fa9838293fe0323dde92965732912f9dbc212a9daac51,2019-12,Staffordshire Police,Staffordshire Police,-2.097459,52.983176,On or near BROOKHOUSE ROAD,E01014366,Stoke-on-Trent 028B,Investigation complete; no suspect identified
91d5b27e175142ad5888c9ae260caf7727f4408602e2218d2862b569d21dd5e9,2019-12,Staffordshire Police,Staffordshire Police,-2.176351,53.025811,On or near STAFFORD STREET,E01014287,Stoke-on-Trent 015D,Investigation complete; no suspect identified
d3019b3a97523c34e11bc49cb883cbf63d7462481162927de0bfe5879a69a6d8,2019-12,Staffordshire Police,Staffordshire Police,-2.226757,53.011118,On or near Shopping Area,E01029604,Newcastle-under-Lyme 011E,Investigation complete; no suspect identified
5652182cdb3ef0e0fbb0a94359dfc3190a500d285164e723dc35c52560179581,2019-12,Staffordshire Police,Staffordshire Police,-2.093932,52.977660,On or near LYME ROAD,E01014368,Stoke-on-Trent 028D,Investigation complete; no suspect identified
a7366122158b79dd2ca8e10f6882b746d652d77bf05164aa87d3ad249b4f6005,2019-12,Staffordshire Police,Staffordshire Police,-2.173840,53.028008,On or near HILLCHURCH STREET,E01014287,Stoke-on-Trent 015D,Investigation complete; no suspect identified
3bb838ca054b3be4f5b337587a7969a387328ee3760954f62875a97a99041794,2019-12,Staffordshire Police,Staffordshire Police,-2.166015,52.997627,On or near NELSON STREET,E01014276,Stoke-on-Trent 020C,Investigation complete; no suspect identified
68ca0110800923d918353d7e48ea7f0a847cdd2bc7f23d1f17139e167a72257b,2019-12,Staffordshire Police,Staffordshire Police,-2.147933,53.017067,On or near MEREVALE AVENUE,E01014228,Stoke-on-Trent 014E,Investigation complete; no suspect identified
d56b0f3d1ff845dfbe71087162b7c279eac19bc3d8bb2337a8612f1185233981,2019-12,Staffordshire Police,Staffordshire Police,-2.177097,53.026053,On or near Nightclub,E01014287,Stoke-on-Trent 015D,Investigation complete; no suspect identified
11a4e8ba9eadf35dbde1e101bd04a58c216abe818d02c92ddbe9b394e395f986,2019-12,Staffordshire Police,Staffordshire Police,-2.226757,53.011118,On or near Shopping Area,E01029604,Newcastle-under-Lyme 011E,Investigation complete; no suspect identified
164c932b19295bdbca5d8e13a966c3b9a8214d49e35ea782337c83b6f9d1cdfa,2019-12,Staffordshire Police,Staffordshire Police,-2.165765,53.060794,On or near BURNETT PLACE,E01014331,Stoke-on-Trent 004A,Investigation complete; no suspect identified
9f4102b9dd8c1e9e99c1fbe07c283b781110b95bf20b8720a7c173587ba7f1fa,2019-12,Staffordshire Police,Staffordshire Police,-2.182429,53.010664,On or near QUEEN ANNE STREET,E01014283,Stoke-on-Trent 016E,Investigation complete; no suspect identified
67c8aee40c039f36b91e0423e4629b308fad5809d8a37815343ef4b1f0c98e40,2019-12,Staffordshire Police,Staffordshire Police,-2.131595,52.982451,On or near TATTON STREET,E01014306,Stoke-on-Trent 029B,Investigation complete; no suspect identified
c3237ca0b714d7bd95e9c14548f4263e5601328b0277a11876f68b7aa1a32482,2019-12,Staffordshire Police,Staffordshire Police,-2.030655,53.106516,On or near WEST STREET,E01029814,Staffordshire Moorlands 005E,Investigation complete; no suspect identified
4c5fbdcc3b217c4e243556c09a51e57965eeafc31202e3ca09136cae740f08ba,2019-12,Staffordshire Police,Staffordshire Police,-2.132705,53.019036,On or near LEICESTER PLACE,E01014221,Stoke-on-Trent 017B,Investigation complete; no suspect identified
7b8b40a32077db14540b2bf799e8a4fb6cf59672787fd410f36d97f90b783673,2019-12,Staffordshire Police,Staffordshire Police,-2.190843,53.059543,On or near Supermarket,E01014243,Stoke-on-Trent 006C,Investigation complete; no suspect identified
b25f5a38daabef73874bea9437cce145d4eccbe6c0ff59e0da8aaa55a9bdc6a2,2019-12,Staffordshire Police,Staffordshire Police,-2.137489,53.013970,On or near WYNFORD PLACE,E01014226,Stoke-on-Trent 014D,Investigation complete; no suspect identified
66bbdad3f6c3a30a8356d850f4387466faabdd53db9779fd29da755877bbd205,2019-12,Staffordshire Police,Staffordshire Police,-2.242558,53.006341,On or near GREENOCK CLOSE,E01029600,Newcastle-under-Lyme 014D,Investigation complete; no suspect identified
5d3e8312fef8c9e51d23c9c2c6767bc57cdd4005a47ad894f1bf3d8fbdb6deb7,2019-12,Staffordshire Police,Staffordshire Police,-2.167006,53.065143,On or near CORFIELD PLACE,E01014336,Stoke-on-Trent 004D,Investigation complete; no suspect identified
e6ad706b72072894af9108dc0ed38e2d7db484f6cf72cdbb95d3ed7a00ed1cf1,2019-12,Staffordshire Police,Staffordshire Police,-2.240502,53.014462,On or near B5367,E01029566,Newcastle-under-Lyme 010C,Investigation complete; no suspect identified
be432cb2959a104ec5a0cb288277f9c6d2e68e45ce62efd417f05d3ee0a79008,2019-12,Staffordshire Police,Staffordshire Police,-2.207699,53.055505,On or near WILLIAMSON STREET,E01014356,Stoke-on-Trent 005C,Investigation complete; no suspect identified
a9548b5c38dd6904b19e147ea52355ca4120bb817641ebee952dd6677f2b38ea,2019-12,Staffordshire Police,Staffordshire Police,-2.182429,53.010664,On or near QUEEN ANNE STREET,E01014283,Stoke-on-Trent 016E,Investigation complete; no suspect identified
c140d0ed246c2831b02aa459bbffa89cc97cc418e59aefe78f17746b0070741a,2019-12,Staffordshire Police,Staffordshire Police,-2.182377,53.040544,On or near LINDLEY STREET,E01014249,Stoke-on-Trent 011A,Investigation complete; no suspect identified
05ce94b3a836701a8f024c20df58911700802465f26fcd5eb8d92d1cec2a35fb,2019-12,Staffordshire Police,Staffordshire Police,-2.161321,53.117152,On or near SWIFT DRIVE,E01029770,Staffordshire Moorlands 002C,Investigation complete; no suspect identified
fdb710cb084df25e0b9cff21cd0eaa7b3c41fc1206121734fb67067722a3ac12,2019-12,Staffordshire Police,Staffordshire Police,-2.209755,53.015042,On or near SACKVILLE STREET,E01014288,Stoke-on-Trent 018A,Investigation complete; no suspect identified
35ef3e6ec402b9f5364affb479be06b7b009b1dd14b6a3eb08cc3b54f10f3b07,2019-12,Staffordshire Police,Staffordshire Police,-2.259922,53.073569,On or near MONUMENT ROAD,E01029597,Newcastle-under-Lyme 003F,Investigation complete; no suspect identified
a67adcf18dfd69c7c59f805c3310cc47fa0838f0e84bc037f9238671f05cbbee,2019-12,Staffordshire Police,Staffordshire Police,-1.770152,53.050153,On or near DIGMIRE LANE,E01019611,Derbyshire Dales 008C,Investigation complete; no suspect identified
63b43c4eba9fc8b98ecb8ff87ef89cd4810d557b27293dd3cd64d0afeb70d142,2019-12,Staffordshire Police,Staffordshire Police,,,No location,,,Investigation complete; no suspect identified
ee49604f0e489464944239b58d4fdf3da218af10c82957c5a7cdbef3d2721b44,2019-12,Staffordshire Police,Staffordshire Police,-2.183519,52.996954,On or near NICHOLLS STREET,E01014339,Stoke-on-Trent 019C,Investigation complete; no suspect identified
902aad789061b385dcc0b31d68c762479df7aa1e5b9310a76fbbe9f21907fe59,2019-12,Staffordshire Police,Staffordshire Police,-2.170978,53.054575,On or near STATION CRESCENT,E01014331,Stoke-on-Trent 004A,Investigation complete; no suspect identified
47d052b0808b9d334f5c7b2e33b2e52b7c661d215be19f7a5936db2eb4e11706,2019-12,Staffordshire Police,Staffordshire Police,-2.178094,53.112247,On or near WEST STREET,E01029774,Staffordshire Moorlands 003E,Investigation complete; no suspect identified
5f0fde9427c209ce35e766b0945b9b2025ec5f724d0737c80604540f1a3ec0ff,2019-12,Staffordshire Police,Staffordshire Police,-2.185148,53.018930,On or near RECTORY ROAD,E01014286,Stoke-on-Trent 015C,Investigation complete; no suspect identified
73295ed2ed94ca838255753a68d6070580489328ebe42c922adbcc4d068a9156,2019-12,Staffordshire Police,Staffordshire Police,-2.183339,53.017764,On or near SNOW HILL,E01014286,Stoke-on-Trent 015C,Investigation complete; no suspect identified
7a6d7cf21de8d0d7355e84a5c031cb29d10e84933e4cbe72a1c8c99942f7438d,2019-12,Staffordshire Police,Staffordshire Police,-2.178589,53.011838,On or near CAULDON ROAD,E01014282,Stoke-on-Trent 016D,Investigation complete; no suspect identified
3040a06b2c1c8b29212f5b1da92b56071d82f22adfef1c314a33ce396ba797ec,2019-12,Staffordshire Police,Staffordshire Police,-2.202064,52.986451,On or near WALTON ROAD,E01014343,Stoke-on-Trent 023D,Investigation complete; no suspect identified
94775fe84ae54e839a044f9f70840c0b3462e25c859795df95b11ccc0fcf5429,2019-12,Staffordshire Police,Staffordshire Police,,,No location,,,Investigation complete; no suspect identified
0f16982e0487374adc1279a63f132df5015b182c76b4f7007d4cfc83afbdcb5e,2019-12,Staffordshire Police,Staffordshire Police,-2.116067,52.979537,On or near MEIR ROAD,E01014307,Stoke-on-Trent 029C,Investigation complete; no suspect identified
7083cd42119862c243406d90f848283344ad9dd48f1038a7f93345fd7444f7e7,2019-12,Staffordshire Police,Staffordshire Police,,,No location,,,Investigation complete; no suspect identified
7af71c3f4ad8722f229d67779f954b364472472f3e90b1043dfd520b8ac7bcbb,2019-12,Staffordshire Police,Staffordshire Police,-2.190396,52.998894,On or near VINEBANK STREET,E01014345,Stoke-on-Trent 019E,Investigation complete; no suspect identified
e1e374838a8fa04200177e39689ec5022a8ea712390ebeb9bd28752594d5e853,2019-12,Staffordshire Police,Staffordshire Police,-2.173840,53.028008,On or near HILLCHURCH STREET,E01014287,Stoke-on-Trent 015D,Investigation complete; no suspect identified
a8c39b2ac86c9c81ac887ff870df93c2554e79e27eb07ac9c1aa96dcf1b82e8a,2019-12,Staffordshire Police,Staffordshire Police,-2.186954,53.057427,On or near CHESTERWOOD ROAD,E01014243,Stoke-on-Trent 006C,Investigation complete; no suspect identified
273f755cc54c9256c6d76037291d9204469e7ad4b63c3aca4adb3552fff3e48c,2019-12,Staffordshire Police,Staffordshire Police,-2.175420,53.020697,On or near LOWER BETHESDA STREET,E01014287,Stoke-on-Trent 015D,Investigation complete; no suspect identified
07ede528c9477fb5b70db48017474e93d334b5f6cd79f7142bcd8f4289dcc335,2019-12,Staffordshire Police,Staffordshire Police,,,No location,,,Investigation complete; no suspect identified
6aee429aedf2d24f553792a41e2028e813fe65eadf1f1f3e739625a2964cc9ea,2019-12,Staffordshire Police,Staffordshire Police,,,No location,,,Investigation complete; no suspect identified
2c314b865291cec3dcadfd32634388586f556c0af0c736a31f258193cbeda285,2019-12,Staffordshire Police,Staffordshire Police,,,No location,,,Investigation complete; no suspect identified
e288d093768947ba236de5bad6683044cef73c51cba5abfebd1ca4e54370134d,2019-12,Staffordshire Police,Staffordshire Police,-2.174187,53.047514,On or near WHATMORE STREET,E01014266,Stoke-on-Trent 008B,Investigation complete; no suspect identified
25837dbffce3c75cc44ed5bab6f146c7c71c80ef1afdd922bb100692e4caba8e,2019-12,Staffordshire Police,Staffordshire Police,-2.176212,53.119639,On or near STATION ROAD,E01029774,Staffordshire Moorlands 003E,Investigation complete; no suspect identified
97283364d3dcb32b22ad2fc8885436a4fae71d6d90b64e6225bb7cdc3438e5d2,2019-12,Staffordshire Police,Staffordshire Police,,,No location,,,Investigation complete; no suspect identified
99dbca1a01c921c666899e72ec2c8fca2c8ad984000b936f035a0de73dd015b2,2019-12,Staffordshire Police,Staffordshire Police,-2.220089,53.012910,On or near WATER STREET,E01029603,Newcastle-under-Lyme 011D,Investigation complete; no suspect identified
abf0041c0730afddf177bda392dcc22049b19355b56492fd73d645d07e3e3bd7,2019-12,Staffordshire Police,Staffordshire Police,-2.157565,53.037928,On or near GENEVA DRIVE,E01014326,Stoke-on-Trent 010D,Investigation complete; no suspect identified
ae0b45991dcf82bca5521374836f3f9d44128f4e6b974ce9fe61d4ddfb144ce2,2019-12,Staffordshire Police,Staffordshire Police,-2.130009,52.979963,On or near ST CLAIR STREET,E01014306,Stoke-on-Trent 029B,Investigation complete; no suspect identified
db264f75d4b24dd684ab0b0251106502363867f343271832a349bd4eca347d7d,2019-12,Staffordshire Police,Staffordshire Police,-2.202064,52.986451,On or near WALTON ROAD,E01014343,Stoke-on-Trent 023D,Investigation complete; no suspect identified
1fa55f674c1996d9d2336507f8b25c81638b17f2af01b1c2dec860d3b3db773c,2019-12,Staffordshire Police,Staffordshire Police,-2.210965,53.058232,On or near TOWER SQUARE,E01014355,Stoke-on-Trent 005B,Investigation complete; no suspect identified
80215110621689d9760fdbca547d890614a42ae5b8d7f4ad2eabbda945f03ed9,2019-12,Staffordshire Police,Staffordshire Police,-2.135619,52.992748,On or near DRAYTON ROAD,E01014302,Stoke-on-Trent 022D,Investigation complete; no suspect identified
ab7f3a5b9da7c46b42c40419c5402c6bf3c7959fc8f1cec6201ea29ba09ebe5c,2019-12,Staffordshire Police,Staffordshire Police,-2.175289,53.025021,On or near STAFFORD LANE,E01014287,Stoke-on-Trent 015D,Investigation complete; no suspect identified
cba63e5cf99091236137c907a3c403ef53731aaa911beb4700271a11952c6db1,2019-12,Staffordshire Police,Staffordshire Police,-2.159809,52.979495,On or near TILEHURST PLACE,E01014234,Stoke-on-Trent 026B,Investigation complete; no suspect identified
7c8185f2e59720af2f69310ad37c6338687026f629c7cea8b56777b30565843d,2019-12,Staffordshire Police,Staffordshire Police,-1.982258,52.997724,On or near WEAVER CLOSE,E01029782,Staffordshire Moorlands 010B,Investigation complete; no suspect identified
eecf547f53860c0c98dec5de8d80ad2f4d1aa24e93c6b3cb738acd7ed199089f,2019-12,Staffordshire Police,Staffordshire Police,-2.119532,52.993692,On or near VIENNA WAY,E01014301,Stoke-on-Trent 025B,Investigation complete; no suspect identified
751728c0710487f38fc13aaebf29dd1c54a45a0d6e62c6556544210bbe85961c,2019-12,Staffordshire Police,Staffordshire Police,-2.210879,53.028550,On or near Shopping Area,E01029611,Newcastle-under-Lyme 008E,Investigation complete; no suspect identified
17324056028cbce2dbed9565847baec82d0f7bf92659dd5dde7be66538650a14,2019-12,Staffordshire Police,Staffordshire Police,-2.172897,53.023299,On or near BIRCH TERRACE,E01014287,Stoke-on-Trent 015D,Investigation complete; no suspect identified
a82809d1aa7515d630645b57060910983ca9e8ee00e02d3c96dcde74bfce21cc,2019-12,Staffordshire Police,Staffordshire Police,-2.061301,52.966409,On or near BRIDGE COURT,E01029798,Staffordshire Moorlands 012C,Investigation complete; no suspect identified
3eeee161a3627758fd271b9ff63e724bf48f1073c9dfbf6e44b9f76aeea7b35f,2019-12,Staffordshire Police,Staffordshire Police,-2.133547,53.016581,On or near LATIMER WAY,E01014221,Stoke-on-Trent 017B,Investigation complete; no suspect identified
d789ba065e15509d58d682fb155763ec4bc6d463119f5676438005986d734c2a,2019-12,Staffordshire Police,Staffordshire Police,-2.181228,53.008616,On or near STATION ROAD,E01014284,Stoke-on-Trent 016F,Investigation complete; no suspect identified
a713dc4111da1fd8173ecc7e586de7301a1c39cf3a3c0b47ba6a494d02c957eb,2019-12,Staffordshire Police,Staffordshire Police,-2.212336,53.048926,On or near BOTESWORTH GARDENS,E01014356,Stoke-on-Trent 005C,Investigation complete; no suspect identified
1bf14b0e58776eb065b2b839c9dd224475fbb2761e7fe30a43aacc3073108b63,2019-12,Staffordshire Police,Staffordshire Police,-2.141762,53.030523,On or near ABBEY ROAD,E01014213,Stoke-on-Trent 012D,Investigation complete; no suspect identified
ca538830a0083c569c9036e5392e7093febb74b373f441460958577a49305033,2019-12,Staffordshire Police,Staffordshire Police,-2.107023,52.965891,On or near GRANGEWOOD AVENUE,E01014319,Stoke-on-Trent 033C,Investigation complete; no suspect identified
da45d1017be551609133136eea03383500c3c4ac8a888a0ab5f6067307c963ab,2019-12,Staffordshire Police,Staffordshire Police,-1.812121,53.031835,On or near BULLGAP LANE,E01029801,Staffordshire Moorlands 007A,Investigation complete; no suspect identified
b6618ea12fc023bc7b7fc29d281929bf56e94e69b3add77714fa46e7d2cf6d64,2019-12,Staffordshire Police,Staffordshire Police,-2.340693,53.004598,On or near GREENMEADOWS ROAD,E01029573,Newcastle-under-Lyme 013B,Investigation complete; no suspect identified
8e3d8e1ee537c813403b8d2dc5841e43beba97af4e58d502f28264aef70f02b6,2019-12,Staffordshire Police,Staffordshire Police,-2.135669,52.989530,On or near TIMES SQUARE,E01014302,Stoke-on-Trent 022D,Investigation complete; no suspect identified
2debfba2c83f8cbb136e2b125a5226fa07e43ea890f59c19f6531ddc698ee00f,2019-12,Staffordshire Police,Staffordshire Police,-2.198211,53.062164,On or near SUNNYSIDE AVENUE,E01014242,Stoke-on-Trent 006B,Investigation complete; no suspect identified
ae0035864cb74c8432c4d21f9b6aaf4b53e651e6bff2b30682bb3e79e3777729,2019-12,Staffordshire Police,Staffordshire Police,-2.129020,53.013062,On or near DAWLISH DRIVE,E01014222,Stoke-on-Trent 017C,Investigation complete; no suspect identified
dafcaffbd2130d28337ce8c129f0582f820574b5a6cf7b6d44945341bf3b6a72,2019-12,Staffordshire Police,Staffordshire Police,-2.217295,53.011747,On or near YORK STREET,E01029603,Newcastle-under-Lyme 011D,Investigation complete; no suspect identified
67afa7e10dc0aaeedf318023591e25a6cc612d4ac15f34b6720badde2816d2e7,2019-12,Staffordshire Police,Staffordshire Police,-2.132705,53.019036,On or near LEICESTER PLACE,E01014221,Stoke-on-Trent 017B,Investigation complete; no suspect identified
c5606c5c4dcbb47e88bc4c335c09876c36a7e1df0e2f45096d74f8fb415feee3,2019-12,Staffordshire Police,Staffordshire Police,-2.209408,53.001846,On or near GRINDLEY HILL COURT,E01014294,Stoke-on-Trent 018F,Investigation complete; no suspect identified
ce5edcf794fcb62603bbc35a8787b3835f557455440dfa52b3c7cee0b0d5829f,2019-12,Staffordshire Police,Staffordshire Police,-2.242204,53.086650,On or near MEADOWS ROAD,E01029588,Newcastle-under-Lyme 002D,Investigation complete; no suspect identified
d1e6b3b223fb3e25d5e40bc61345ed2a136938db1dbf65aa93d339756971344c,2019-12,Staffordshire Police,Staffordshire Police,-2.217295,53.011747,On or near YORK STREET,E01029603,Newcastle-under-Lyme 011D,Investigation complete; no suspect identified
00e6caf14f1d4800c53666814582e4905038b0ff9631f89df5f6269ee43e98a0,2019-12,Staffordshire Police,Staffordshire Police,-2.226974,52.998605,On or near KENDAL PLACE,E01029607,Newcastle-under-Lyme 014F,Investigation complete; no suspect identified
48fc9372d8af78c2180d0b37e6fe4a31f3b12ed9d8f7f1b2538d6a8e95bfa7af,2019-12,Staffordshire Police,Staffordshire Police,-2.128667,52.994356,On or near TIDESWELL ROAD,E01014300,Stoke-on-Trent 022C,Investigation complete; no suspect identified
1057aaa6f9642574d168b74b16cf4c09e6beb16824f3da3b4fbdc0f886f6f664,2019-12,Staffordshire Police,Staffordshire Police,-2.197953,53.044996,On or near KEATES STREET,E01014251,Stoke-on-Trent 009C,Investigation complete; no suspect identified
f30d89434f620ad281d6716d40db8212d4131ef04bf69eece277c8674f6797f3,2019-12,Staffordshire Police,Staffordshire Police,-2.163162,52.995806,On or near ATLAS STREET,E01014276,Stoke-on-Trent 020C,Investigation complete; no suspect identified
2e8cd3de3eb48df63e9fa4d082ae0149d4be016d2247d9b13bd95428814e7ce0,2019-12,Staffordshire Police,Staffordshire Police,-2.246188,53.020940,On or near Sports/Recreation Area,E01029568,Newcastle-under-Lyme 007E,Investigation complete; no suspect identified
b2ad6a93364533bc74bd8d2b056b27d0be4c9d280e4aa6a9f74a9d743379abc8,2019-12,Staffordshire Police,Staffordshire Police,-2.224396,53.012974,On or near Pedestrian Subway,E01029604,Newcastle-under-Lyme 011E,Investigation complete; no suspect identified
7f43ad8af064fa7ffc538217b6771ccf905efbad673864e9b9e0cf5ad50b9b5d,2019-12,Staffordshire Police,Staffordshire Police,-2.042069,53.078224,On or near VILLA ROAD,E01029792,Staffordshire Moorlands 006A,Investigation complete; no suspect identified
d2a2c6b5bb2d2d3c392c74e5128059c03f05909c0aeeedf22d5402ba8559c17f,2019-12,Staffordshire Police,Staffordshire Police,-2.183843,53.003237,On or near WELCH STREET,E01014345,Stoke-on-Trent 019E,Investigation complete; no suspect identified
27f0836b0f22b26ea5b976a16a1fec7c06b22e464f736dbe1793a801b722e46d,2019-12,Staffordshire Police,Staffordshire Police,-2.201199,53.053476,On or near Petrol Station,E01014252,Stoke-on-Trent 009D,Investigation complete; no suspect identified
590d1f234fc491c5e88c40f8a4eb2fcdc14a9ae3c77e32ef7d855516f1dc3fa0,2019-12,Staffordshire Police,Staffordshire Police,-2.189019,53.058799,On or near DENCY GROVE,E01014243,Stoke-on-Trent 006C,Investigation complete; no suspect identified
7b4546a6407ebc383c468ec9469b4597217cc15bacbd68f3c5913c903808ed7b,2019-12,Staffordshire Police,Staffordshire Police,-2.165611,53.109973,On or near APPLETON CLOSE,E01029764,Staffordshire Moorlands 003B,Investigation complete; no suspect identified
828528ace6fae64ea71fc19c91875372248994fe671a581455685daddf994e53,2019-12,Staffordshire Police,Staffordshire Police,-2.136761,53.019409,On or near TRURO PLACE,E01014221,Stoke-on-Trent 017B,Investigation complete; no suspect identified
ccd36298b20b212267e72c2c848d779ced2de7c440d0f83593a4863a951d7c0b,2019-12,Staffordshire Police,Staffordshire Police,-2.225935,53.010850,On or near SCARLETT STREET,E01029604,Newcastle-under-Lyme 011E,Investigation complete; no suspect identified
b0081bf62fbb359bc77be63ca6dc6816cdd8a10a215421bb253f16c3a81fb528,2019-12,Staffordshire Police,Staffordshire Police,-2.197833,53.087137,On or near CARR STREET,E01014264,Stoke-on-Trent 001E,Investigation complete; no suspect identified
065260eb32f7413c584bf8c760f0c607e8905d24bf682e0a42b728c32296455b,2019-12,Staffordshire Police,Staffordshire Police,-2.087445,52.973296,On or near UTTOXETER ROAD,E01029702,Stafford 001A,Investigation complete; no suspect identified
29e42f9f3937097af42a539ef9157c9624aad7d91aefedf55852b8c3a65f047e,2019-12,Staffordshire Police,Staffordshire Police,-2.193790,52.978321,On or near WESTMINSTER PLACE,E01014353,Stoke-on-Trent 030D,Investigation complete; no suspect identified
dd77568397b66b8c92732d35a1806e4f7fee724189a384ed3fa2fff213ee5f68,2019-12,Staffordshire Police,Staffordshire Police,-2.229677,52.991354,On or near RYDAL WAY,E01029591,Newcastle-under-Lyme 014C,Investigation complete; no suspect identified
8f36f4c2c8372d7a7b9c27f3a66cfb69065544076ccd2c8805335458b29fd9fe,2019-12,Staffordshire Police,Staffordshire Police,-2.020602,53.106114,On or near Parking Area,E01029805,Staffordshire Moorlands 006C,Investigation complete; no suspect identified
6432ec2be08f3a33520c283efaf19544c5d75d68c5b2816c3c713c801fa28d19,2019-12,Staffordshire Police,Staffordshire Police,-1.892199,52.987959,On or near Park/Open Space,E01029761,Staffordshire Moorlands 010A,Investigation complete; no suspect identified
b5cdd6009a7edca0bc23282c9e66afe1b7de4975fd59b77738f6671cd9a9a5bc,2019-12,Staffordshire Police,Staffordshire Police,-2.235521,53.005851,On or near MILFORD ROAD,E01029599,Newcastle-under-Lyme 010F,Investigation complete; no suspect identified
a1befeece03bd4612504b6119b22f2d34b1cde9bd89e716139b96b6c9686d270,2019-12,Staffordshire Police,Staffordshire Police,-2.170323,53.028382,On or near Parking Area,E01014330,Stoke-on-Trent 013E,Investigation complete; no suspect identified
2942c49f8c7f72116cf9fce7f0a0f5d8be71225321acd5e07e03763c1fbfee5f,2019-12,Staffordshire Police,Staffordshire Police,-2.164769,53.057757,On or near FORD GREEN ROAD,E01014331,Stoke-on-Trent 004A,Investigation complete; no suspect identified
f03696f80d08183332d9a5332098a00ef94055bf373f3b6289a2a722ce30c9d6,2019-12,Staffordshire Police,Staffordshire Police,,,No location,,,Investigation complete; no suspect identified
5e2a0a2995359b31ff4ebe2bd460c3af31f33b79e1a35442d2ba752bb017ea02,2019-12,Staffordshire Police,Staffordshire Police,-2.206472,52.989275,On or near WOODLANDS ROAD,E01014344,Stoke-on-Trent 023E,Investigation complete; no suspect identified
14019beb27b9556bb10638b1cb95aafc81675b222eb0dd6cfb042b0860b089ee,2019-12,Staffordshire Police,Staffordshire Police,-2.147669,53.013939,On or near WILLIAM BIRCH ROAD,E01014226,Stoke-on-Trent 014D,Investigation complete; no suspect identified
de13ced30b9b736bfee98f59e54ab95d3560b0569f29e0fb5739e370b8110eae,2019-12,Staffordshire Police,Staffordshire Police,-2.251158,53.078308,On or near LABURNAM CLOSE,E01029540,Newcastle-under-Lyme 003A,Investigation complete; no suspect identified
f25e6fb19cb7c211fd440072eeb2777c97497b8bd2b9bbc35236beedfd22d49a,2019-12,Staffordshire Police,Staffordshire Police,-2.189162,53.070899,On or near ECCLESTON PLACE,E01014262,Stoke-on-Trent 003B,Investigation complete; no suspect identified
6ba33991a03fc36d0e9007be0cd101327d35bca4ff904bfdec469b0201cfcbfa,2019-12,Staffordshire Police,Staffordshire Police,-2.108062,52.970600,On or near QUEENSMEAD ROAD,E01014319,Stoke-on-Trent 033C,Investigation complete; no suspect identified
24a913cbb9795f56bd83e071b2a06c8fc786e77da09fb9165bc174f3c97b93c9,2019-12,Staffordshire Police,Staffordshire Police,-2.097580,52.984039,On or near BIRD ROAD,E01014366,Stoke-on-Trent 028B,Investigation complete; no suspect identified
596b4cf723e8d19e54550ed1a0b57ab28561e329e3c9351b8d8a3b22afaecc96,2019-12,Staffordshire Police,Staffordshire Police,-2.188268,53.081651,On or near RAINHAM GROVE,E01014257,Stoke-on-Trent 001A,Investigation complete; no suspect identified
52ba486300c8b57ede2112d3f737763a51847008699c1b14eb2512d9ac538494,2019-12,Staffordshire Police,Staffordshire Police,-2.213588,53.063702,On or near Petrol Station,E01014361,Stoke-on-Trent 005D,Investigation complete; no suspect identified
c556499337f1438f2cb5d6a3bcfef4c6ab72a20d41d2beb84bf0e684384bc679,2019-12,Staffordshire Police,Staffordshire Police,-2.207782,53.060341,On or near SALISBURY STREET,E01014355,Stoke-on-Trent 005B,Investigation complete; no suspect identified
761d7ce6aa8c0aac333d700921d42dd8afd4cee3857f3eceef2b02f939a00730,2019-12,Staffordshire Police,Staffordshire Police,-2.176447,53.115054,On or near TUNSTALL ROAD,E01029774,Staffordshire Moorlands 003E,Investigation complete; no suspect identified
18da30290ca0ca44964487cfda9d2c00547c5a30b22b34ecb6fa48148dc3eed9,2019-12,Staffordshire Police,Staffordshire Police,-2.244819,53.021438,On or near WESTON CLOSE,E01029554,Newcastle-under-Lyme 010B,Investigation complete; no suspect identified
616645ff51cae3cf1abc4c84411428b0cee0437ccf2def71fcbb8aa85d71ae83,2019-12,Staffordshire Police,Staffordshire Police,-2.228586,53.010422,On or near THE MIDWAY,E01029604,Newcastle-under-Lyme 011E,Investigation complete; no suspect identified
8f3bfa4fa69a7e628b22c72d21224f5779625dd43a317792a7e2cf1ebb427d94,2019-12,Staffordshire Police,Staffordshire Police,-2.140760,53.016006,On or near YOULGREAVE AVENUE,E01014226,Stoke-on-Trent 014D,Investigation complete; no suspect identified
5a42516ce1c4c4e8d2619895060c019d5fed7f6ef26d4365c436516686d4b135,2019-12,Staffordshire Police,Staffordshire Police,-1.902762,53.007511,On or near RAMSHORN ROAD,E01029795,Staffordshire Moorlands 010C,Investigation complete; no suspect identified
b7fb2455124cab7db125b4f60258f3a76ad4447756524e61c41e60498f2a456c,2019-12,Staffordshire Police,Staffordshire Police,-2.153984,53.041708,On or near BOUVERIE PARADE,E01014269,Stoke-on-Trent 010A,Investigation complete; no suspect identified
97f34acca2bccd8dae0ca7e2f23964db92e472ac33bc4650af3010e5f445ca53,2019-12,Staffordshire Police,Staffordshire Police,-2.185148,53.018930,On or near RECTORY ROAD,E01014286,Stoke-on-Trent 015C,Investigation complete; no suspect identified
bff709a721adbbfb64b773d612c59898d3660cf51acafa0508165036a84279e5,2019-12,Staffordshire Police,Staffordshire Police,,,No location,,,Investigation complete; no suspect identified
1375c0435482fc08ebc4accf113b171bad613eebc804593bbac268bffd5b2f6d,2019-12,Staffordshire Police,Staffordshire Police,-2.080111,52.985715,On or near VICARAGE CRESCENT,E01029778,Staffordshire Moorlands 012A,Investigation complete; no suspect identified
9ac7eb1f3a21a8ec367bd13186f01c5021c58d05fb889788050794415dfd492d,2019-12,Staffordshire Police,Staffordshire Police,,,No location,,,Investigation complete; no suspect identified
7f8a91bc4bfa7cfe1f6cc4e63be58dc9055b15b61344527b37c905597899418b,2019-12,Staffordshire Police,Staffordshire Police,,,No location,,,Investigation complete; no suspect identified
52fff4778be9dde48ddc2e704de219c5817ac6032c63a57ed206c54bb1cd1bd4,2019-12,Staffordshire Police,Staffordshire Police,-2.225063,53.009413,On or near Nightclub,E01029604,Newcastle-under-Lyme 011E,Investigation complete; no suspect identified
9ad20bb1713b99d84f93fa29b32230b83c62b1a94b794a374078d2d34330bc10,2019-12,Staffordshire Police,Staffordshire Police,-2.171826,53.016595,On or near STONEHAVEN GROVE,E01014287,Stoke-on-Trent 015D,Investigation complete; no suspect identified
8503337c3774a6b8981be829e05ba41c8d93f398e6fa10fa2fb033cfe299c8f2,2019-12,Staffordshire Police,Staffordshire Police,-2.214897,53.059834,On or near HOOVER STREET,E01014354,Stoke-on-Trent 005A,Investigation complete; no suspect identified
437d02fe35e8d6161a640d050bb25ece38b12a5f64c1122ed7691a9a4ce2b35c,2019-12,Staffordshire Police,Staffordshire Police,-2.228729,53.029030,On or near PURSER CRESCENT,E01029552,Newcastle-under-Lyme 006D,Investigation complete; no suspect identified
44364812729141c090ddb287a813ec46cb17572e437327d11ef124d3bf1cefac,2019-12,Staffordshire Police,Staffordshire Police,-2.141735,52.981487,On or near KIMBERLEY STREET,E01014311,Stoke-on-Trent 027C,Investigation complete; no suspect identified
1a461379411e2110f891976bc16ac19696f61d762e2fa70e44d16c24900c1962,2019-12,Staffordshire Police,Staffordshire Police,-2.165344,53.059922,On or near HUGHSON GROVE,E01014331,Stoke-on-Trent 004A,Investigation complete; no suspect identified
163b98e70926af31d6c4add64fd3e2913c01d59ba90c7863f980d634d922252e,2019-12,Staffordshire Police,Staffordshire Police,-2.228978,53.011186,On or near PEPPER STREET,E01029604,Newcastle-under-Lyme 011E,Investigation complete; no suspect identified
2071a7cf85513de960ad6f655a36d7d8d4c23a2fd1649532f69dc4bc8d10a666,2019-12,Staffordshire Police,Staffordshire Police,-2.263670,53.069085,On or near PIT LANE,E01029596,Newcastle-under-Lyme 004E,Investigation complete; no suspect identified
dbf409c34bf771231b63577d55a88a9aa3981e60f4fa1c3afd7ffadc756e21c8,2019-12,Staffordshire Police,Staffordshire Police,-2.175132,53.118472,On or near STRINGER'S STREET,E01029774,Staffordshire Moorlands 003E,Investigation complete; no suspect identified
39f6f36011b0044e463ac5df2c277858c4164e8268199e307e699de2161663b7,2019-12,Staffordshire Police,Staffordshire Police,-2.151523,53.020452,On or near BROUGHTON ROAD,E01014230,Stoke-on-Trent 014F,Investigation complete; no suspect identified
aa6077aed0ed8ae704896ff68b251e464eed9e6d4258806e20b7f42ee2581ae9,2019-12,Staffordshire Police,Staffordshire Police,-2.165222,53.063114,On or near INTAKE ROAD,E01014336,Stoke-on-Trent 004D,Investigation complete; no suspect identified
ba83fe6dc5134d3f42cb746e1ade725fd198fe00706cc1b48a383eee19a58d5a,2019-12,Staffordshire Police,Staffordshire Police,-2.178676,53.011137,On or near CROWTHER STREET,E01014284,Stoke-on-Trent 016F,Investigation complete; no suspect identified
e2e965dc14bdae51b06f3e13696255d3e26baae3e1939a310d6acf7b57c54348,2019-12,Staffordshire Police,Staffordshire Police,-2.199199,53.020876,On or near ETRURIA OLD ROAD,E01014285,Stoke-on-Trent 015B,Investigation complete; no suspect identified
b09fa885ff134b5b2aa12816a4a75d2c0ba0cb39cade4fd55281151ea8914807,2019-12,Staffordshire Police,Staffordshire Police,-2.245011,53.018408,On or near ST JOHN'S PLACE,E01029566,Newcastle-under-Lyme 010C,Investigation complete; no suspect identified
12f08e8eba706de3cdae9153b5ff3186847fd7e6e5b2506dc18fe6e6693104ef,2019-12,Staffordshire Police,Staffordshire Police,-2.257679,53.067938,On or near ARBOUR STREET,E01029597,Newcastle-under-Lyme 003F,Investigation complete; no suspect identified
2cea4a91e52736af50751f17ed4e4d7e65d7de1a0d64e97b6868a07cf2982639,2019-12,Staffordshire Police,Staffordshire Police,,,No location,,,Investigation complete; no suspect identified
a51c0e56c6e9a7fa53f496e1164c5bec5d142449042e8d28df8d70bfc05090f6,2019-12,Staffordshire Police,Staffordshire Police,-2.032009,53.099136,On or near BARNFIELDS CLOSE,E01029811,Staffordshire Moorlands 005C,Investigation complete; no suspect identified
29c72a232cc00b9817d7d93d5b0529c709fa134f48edbe8cf8e7837d7e4df148,2019-12,Staffordshire Police,Staffordshire Police,-2.235765,53.004161,On or near BROOKSIDE CLOSE,E01029600,Newcastle-under-Lyme 014D,Investigation complete; no suspect identified
3e704645851d6a07e21ea07340e3e3f26a8d6e1fe2b65bbcf43a4f8471c5804a,2019-12,Staffordshire Police,Staffordshire Police,-2.186239,53.019647,On or near STANHOPE STREET,E01014286,Stoke-on-Trent 015C,Investigation complete; no suspect identified
6ac68cf3786ebfc46f1d7a7d80e4591ce694cd1fa22b478567cf2a57a25c6c1c,2019-12,Staffordshire Police,Staffordshire Police,-2.169299,53.113213,On or near COPPICE CLOSE,E01029763,Staffordshire Moorlands 003A,Investigation complete; no suspect identified
fb8b701d5bc9a4b8b88fd56589aca55e88603ff30ec1d8806bf13ef7c13a8054,2019-12,Staffordshire Police,Staffordshire Police,-2.044187,52.988710,On or near NEW ROAD,E01029778,Staffordshire Moorlands 012A,Investigation complete; no suspect identified
e1f0354f9f870ebd13a813a6926f5bf2cae719fea0d45db57a78dcbc93d17425,2019-12,Staffordshire Police,Staffordshire Police,-2.204242,53.037515,On or near MALKIN WAY,E01014255,Stoke-on-Trent 009E,Investigation complete; no suspect identified
8e08bb190ba073fe08aa92b55226afc119548cb64220fa9864e5e42da8b6043e,2019-12,Staffordshire Police,Staffordshire Police,,,No location,,,Investigation complete; no suspect identified
31b7da5749c5b6d8cae4441ae1fc18550bb3ed74b011bf0bf8d391c21f7e54ff,2019-12,Staffordshire Police,Staffordshire Police,-2.174396,53.025418,On or near Shopping Area,E01014287,Stoke-on-Trent 015D,Investigation complete; no suspect identified
478b8698592339ed6f1c9cfd3ca7b124de2ab83abb3f2457b510a7938f717483,2019-12,Staffordshire Police,Staffordshire Police,-2.166194,53.001780,On or near MOUNFIELD PLACE,E01014275,Stoke-on-Trent 020B,Investigation complete; no suspect identified
8be46abfcea10fdba8d74497498376083ae906da5103f800aa73d6424e1b3780,2019-12,Staffordshire Police,Staffordshire Police,,,No location,,,Investigation complete; no suspect identified
0e1f6f9e505d36ae64664eec731d3da845f90884554d5fd8992eb6b2c3ee88d0,2019-12,Staffordshire Police,Staffordshire Police,-2.176113,53.040634,On or near REDMAN GROVE,E01014253,Stoke-on-Trent 011B,Investigation complete; no suspect identified
1a0cb25916f6fffe2c58ad16e2e751a6244a2da86ba788889e0c5c260586ecaf,2019-12,Staffordshire Police,Staffordshire Police,-2.199160,53.044697,On or near ST JOHN'S SQUARE,E01014251,Stoke-on-Trent 009C,Investigation complete; no suspect identified
17820efa6ebc0d7c93fd247743c6de06604792ab80af5185ee58f26b7bb69a14,2019-12,Staffordshire Police,Staffordshire Police,-2.244819,53.021438,On or near WESTON CLOSE,E01029554,Newcastle-under-Lyme 010B,Investigation complete; no suspect identified
f76322a7ed3e1112a4600b04933747a8a87ed68cb1061139863817896a54b0bb,2019-12,Staffordshire Police,Staffordshire Police,,,No location,,,Investigation complete; no suspect identified
de2136b2b252b4f2c00728487505c885b7e2da8f582769bc1b50c6df0280c938,2019-12,Staffordshire Police,Staffordshire Police,-2.200429,52.987281,On or near HIGHGROVE ROAD,E01014343,Stoke-on-Trent 023D,Investigation complete; no suspect identified
536b562ab2af84b6258496124a070df3c0be4434aa7f98b65970aeac06293684,2019-12,Staffordshire Police,Staffordshire Police,-2.202793,53.071991,On or near TARVIN GROVE,E01014259,Stoke-on-Trent 001C,Investigation complete; no suspect identified
056b901b982f19e86a1a6995df1a7783cd11a0cdd3040415462afde241e003d4,2019-12,Staffordshire Police,Staffordshire Police,-2.172661,53.020306,On or near OGDEN ROAD,E01014287,Stoke-on-Trent 015D,Investigation complete; no suspect identified
d00368126a30741360e097d370a969aebb8ed4cc4e0944b125a1ee09cabdebd8,2019-12,Staffordshire Police,Staffordshire Police,-2.176658,53.024480,On or near Theatre/Concert Hall,E01014287,Stoke-on-Trent 015D,Investigation complete; no suspect identified
d156b24fc19384e824989eded2708b3aace0be990179764eaa55ac78777f7bfa,2019-12,Staffordshire Police,Staffordshire Police,-2.225725,53.007686,On or near Petrol Station,E01029602,Newcastle-under-Lyme 011C,Investigation complete; no suspect identified
3f310c4757ad3368563c9f8509634e8bbe9afeb7d9f84303ef18577842ca898a,2019-12,Staffordshire Police,Staffordshire Police,-2.130009,52.979963,On or near ST CLAIR STREET,E01014306,Stoke-on-Trent 029B,Investigation complete; no suspect identified
9cae75dee330e5d07351b7b15e5dc0d0bbcb8fc8ca11432e855c8cbfa5f95d5a,2019-12,Staffordshire Police,Staffordshire Police,-2.244815,53.039065,On or near BEASLEY AVENUE,E01029558,Newcastle-under-Lyme 006E,Investigation complete; no suspect identified
f180003c382d2e0582f291ed43dc5a1700736a3f1b9e9dea9ac745ecade77b29,2019-12,Staffordshire Police,Staffordshire Police,-2.217888,53.037653,On or near INGLEWOOD GROVE,E01029584,Newcastle-under-Lyme 008B,Investigation complete; no suspect identified
f2a1063908ebf3ca23e84d0c94183f179079fc6490e15ae796212559ad434012,2019-12,Staffordshire Police,Staffordshire Police,,,No location,,,Investigation complete; no suspect identified
a0f3336e69fcd825d1b4486d2985535d09512025229e371eeec2e989472967b9,2019-12,Staffordshire Police,Staffordshire Police,-2.294212,53.035043,On or near HIGH STREET,E01029556,Newcastle-under-Lyme 005E,Investigation complete; no suspect identified
ccab2ffc4ee816aacdb95af91c249d4488dba64054bd67f108a21b73b52bcf1b,2019-12,Staffordshire Police,Staffordshire Police,-2.175691,53.010333,On or near CONWAY STREET,E01014284,Stoke-on-Trent 016F,Investigation complete; no suspect identified
d057a1cd870658178fa96084fff30c91544395f33c98de24f70ad94bc5e1f434,2019-12,Staffordshire Police,Staffordshire Police,-2.229321,53.042153,On or near ARNOLD GROVE,E01029537,Newcastle-under-Lyme 006A,Investigation complete; no suspect identified
8c28c35ab4aefac4e17be7a66e3330d58041d9fd43c6f146747361caed933860,2019-12,Staffordshire Police,Staffordshire Police,-2.101220,52.980063,On or near WESTON ROAD,E01014321,Stoke-on-Trent 028A,Investigation complete; no suspect identified
c828ccea9a9251892fdc1e65aceaed4e86827ce773ae7f0364eb7bd4ed6bc9c1,2019-12,Staffordshire Police,Staffordshire Police,-2.244803,53.089512,On or near Supermarket,E01029564,Newcastle-under-Lyme 002C,Investigation complete; no suspect identified
5eb796cd873c9b800f0d1da43de15d52555c454a92211c35b614d387b1501aea,2019-12,Staffordshire Police,Staffordshire Police,-2.140104,53.034336,On or near HULTON ROAD,E01014211,Stoke-on-Trent 012B,Investigation complete; no suspect identified
61476da814390ba7e4a00f4a4189dfa4a7ce7db98b409a5bcb1a9d912b0f3fe8,2019-12,Staffordshire Police,Staffordshire Police,-2.151102,53.023823,On or near Sports/Recreation Area,E01014230,Stoke-on-Trent 014F,Investigation complete; no suspect identified
4fc69747b0a9918e6e0526a7ccaa2afb9412b3b5a80bfe5d3aca3bae5e4d4963,2019-12,Staffordshire Police,Staffordshire Police,-2.175805,53.027304,On or near Shopping Area,E01014287,Stoke-on-Trent 015D,Investigation complete; no suspect identified
d8298a3dea26c9eef9f514b28423e8e461ef1dab5950150aa304dde543768432,2019-12,Staffordshire Police,Staffordshire Police,-2.245672,53.077061,On or near Parking Area,E01029540,Newcastle-under-Lyme 003A,Investigation complete; no suspect identified
80e7cbb39fe26b27f3b67b7d95cf0d1a1d45f297d1343d026f0a918ea119ba4e,2019-12,Staffordshire Police,Staffordshire Police,-2.199199,53.020876,On or near ETRURIA OLD ROAD,E01014285,Stoke-on-Trent 015B,Investigation complete; no suspect identified
0792587cd73582154096453e632b08225a7f716f67d5f26d9d0ab420f4687d99,2019-12,Staffordshire Police,Staffordshire Police,-2.096160,52.981901,On or near WOOD PLACE,E01014367,Stoke-on-Trent 028C,Investigation complete; no suspect identified
d4676e640802b053c63421707a7a26f1baf2d837d31649f258e6a399a65da682,2019-12,Staffordshire Police,Staffordshire Police,-2.136869,52.987506,On or near THE STRAND,E01014302,Stoke-on-Trent 022D,Investigation complete; no suspect identified
c7880fbb5be1dca1d57e87af82b8aae7e42b1661a028a83c9297239e9fa228f5,2019-12,Staffordshire Police,Staffordshire Police,-2.231644,53.041474,On or near MACHIN CRESCENT,E01029537,Newcastle-under-Lyme 006A,Investigation complete; no suspect identified
d0325e74313c19f4dc9e8f01191fa1b92d2dfba72ac3c43b66d4e54499b79524,2019-12,Staffordshire Police,Staffordshire Police,,,No location,,,Investigation complete; no suspect identified
a72aa3d6b6c9ab439b48efb043389ffa042c26b276a84e95f27ee9b3f333c19c,2019-12,Staffordshire Police,Staffordshire Police,-2.169402,53.014063,On or near WARRINGTON ROAD,E01033216,Stoke-on-Trent 016G,Investigation complete; no suspect identified
6d1828e7d2b9926a92948e80b27e639b2b7514c4f93224b92a0bc04653d495a1,2019-12,Staffordshire Police,Staffordshire Police,-2.039340,53.064589,On or near OAK AVENUE,E01029793,Staffordshire Moorlands 006B,Investigation complete; no suspect identified
47035bb61c60ea23f670f9861a738a0b5937b57c74519fd9458ebb83ea68f08c,2019-12,Staffordshire Police,Staffordshire Police,-2.165222,53.031949,On or near MOUNT STREET,E01014327,Stoke-on-Trent 013B,Investigation complete; no suspect identified
b8bb814008ecd35edd87adb9b473b3413bf1fbb0e0025995ac81a43ec98e8dec,2019-12,Staffordshire Police,Staffordshire Police,-2.186298,52.967582,On or near THE DREYS,E01014350,Stoke-on-Trent 034B,Investigation complete; no suspect identified
477b4d1e17780694af4ed311f96221f43d71135061778aa961305ffe455d7376,2019-12,Staffordshire Police,Staffordshire Police,-2.202870,53.062885,On or near VICTORIA PARK ROAD,E01014355,Stoke-on-Trent 005B,Investigation complete; no suspect identified
4d81790b59d54264dc7e3ef07cb692c2eb9db5aeae4505f9a60eafc57d26d056,2019-12,Staffordshire Police,Staffordshire Police,-2.006294,53.115760,On or near THORNCLIFFE VIEW,E01029809,Staffordshire Moorlands 001D,Investigation complete; no suspect identified
b56b9a6fdea9173ce3c6032a03b4310c598badd6a53244c39bd6d3997e118467,2019-12,Staffordshire Police,Staffordshire Police,-2.184807,53.047381,On or near Further/Higher Educational Building,E01014249,Stoke-on-Trent 011A,Investigation complete; no suspect identified
7659a28ad15d444f2c51e64d25a0727be42c2cc6435c49924cb927d3b099f45a,2019-12,Staffordshire Police,Staffordshire Police,-2.392846,52.917161,On or near PARTRIDGE RIDE,E01029572,Newcastle-under-Lyme 016D,Investigation complete; no suspect identified
73890543b075295f866bb52c291c7415fab4ee6fa06b8e248a4ea984457e065d,2019-12,Staffordshire Police,Staffordshire Police,-2.153984,53.041708,On or near BOUVERIE PARADE,E01014269,Stoke-on-Trent 010A,Investigation complete; no suspect identified
96b70c84670c63ded2372c93036b1e7816e5b89eaabf603be378d4e61a802513,2019-12,Staffordshire Police,Staffordshire Police,-2.203005,52.986899,On or near KENSINGTON COURT,E01014343,Stoke-on-Trent 023D,Investigation complete; no suspect identified
e2aad07a67d02904a03641f8062c5612a1069b148380186e7d1280947afdeb46,2019-12,Staffordshire Police,Staffordshire Police,-2.137489,53.013970,On or near WYNFORD PLACE,E01014226,Stoke-on-Trent 014D,Investigation complete; no suspect identified
7654e90c4fd90e9eaee57da1cf289e0b32d9eb07698a87da0faf76fcdcda5daa,2019-12,Staffordshire Police,Staffordshire Police,-2.040787,53.063626,On or near THE AVENUE,E01029793,Staffordshire Moorlands 006B,Investigation complete; no suspect identified
c2e525b259744adcd09aa3d6c16564f29183f42aac027809d086a29b81f980c6,2019-12,Staffordshire Police,Staffordshire Police,-2.186136,52.999287,On or near YEAMAN STREET,E01014345,Stoke-on-Trent 019E,Investigation complete; no suspect identified
39f92f0805335c401cb92f85694f08c60a49e3dbadc65c24b598409481e36f64,2019-12,Staffordshire Police,Staffordshire Police,-2.249393,52.989912,On or near JERSEY CLOSE,E01029608,Newcastle-under-Lyme 015G,Investigation complete; no suspect identified
b248074620e3593464a8ed643324b55ae1580f3e9622dba4d65b4385599e8542,2019-12,Staffordshire Police,Staffordshire Police,-2.169369,53.032401,On or near MERRICK STREET,E01014323,Stoke-on-Trent 013A,Investigation complete; no suspect identified
019e377e2f9cf5de6638dac6766d637f1dea2c31d66d7b38381e8694a335f39a,2019-12,Staffordshire Police,Staffordshire Police,-2.256069,53.083412,On or near MITCHELL AVENUE,E01029541,Newcastle-under-Lyme 003B,Investigation complete; no suspect identified
07c120ebf51fc36436dd940225e674d9f67a64595c3d59243516ccb042359c14,2019-12,Staffordshire Police,Staffordshire Police,-2.057012,53.089445,On or near LADDEREDGE,E01029802,Staffordshire Moorlands 002D,Investigation complete; no suspect identified
7f3c89e4ed1bf6a5c246446cb6e3bffeeadf5cae2d000ad512080d1c747b5cfd,2019-12,Staffordshire Police,Staffordshire Police,-2.141137,53.017210,On or near ZENNOR GROVE,E01014226,Stoke-on-Trent 014D,Investigation complete; no suspect identified
fe7aa5e8495e8c40580e02fc7a29f220ae1392297454b8b1e8880b0d4738d1fa,2019-12,Staffordshire Police,Staffordshire Police,-2.177421,53.017881,On or near SHIRLEY ROAD,E01014287,Stoke-on-Trent 015D,Investigation complete; no suspect identified
65d8a6bafce78d741e98b84cba658a513163affa3cdce392db6631d31769654f,2019-12,Staffordshire Police,Staffordshire Police,-2.072174,53.084646,On or near LEEK OLD ROAD,E01029802,Staffordshire Moorlands 002D,Investigation complete; no suspect identified
992a9e3ff9610884d7c5c393da8436714afb30580aa686a65f63a2fa05c0e73b,2019-12,Staffordshire Police,Staffordshire Police,-2.004292,53.112408,On or near THORNCLIFF ROAD,E01029806,Staffordshire Moorlands 001B,Investigation complete; no suspect identified
3df5289d9e4277212e4eddd71c6421bccad2fb9a66fcf0f534bd9859eeddb2c9,2019-12,Staffordshire Police,Staffordshire Police,-2.245799,53.046947,On or near BROOKHOUSE ROAD,E01029545,Newcastle-under-Lyme 004C,Investigation complete; no suspect identified
0d2e22b09b9ce2bfcdf94baedc59f849da89eb57babe11ca7e4a0cec5b0fa2fe,2019-12,Staffordshire Police,Staffordshire Police,-2.191045,53.061475,On or near ROTHER WALK,E01014242,Stoke-on-Trent 006B,Investigation complete; no suspect identified
8eb979295b16156e12db741dd84a72c952d223a6c9b18e0d8fae3faff211d09d,2019-12,Staffordshire Police,Staffordshire Police,-2.191045,53.061475,On or near ROTHER WALK,E01014242,Stoke-on-Trent 006B,Investigation complete; no suspect identified
69768e64ed6a0410d4da6a0ba40ba9a84942bc3423375ef8050fb5fea5b6431d,2019-12,Staffordshire Police,Staffordshire Police,-2.242566,53.015752,On or near ARTHUR STREET,E01029566,Newcastle-under-Lyme 010C,Investigation complete; no suspect identified
aa98ddbc11839807fe586f351f4d3aa42f0b3a177cee804bda27729285c9cc01,2019-12,Staffordshire Police,Staffordshire Police,-2.190686,53.003747,On or near HONEYWALL,E01014295,Stoke-on-Trent 019B,Investigation complete; no suspect identified
420aec335aca7f93678eca3d8064d72b1deeaecb969c6b5346f05eb457ad9473,2019-12,Staffordshire Police,Staffordshire Police,-2.005457,53.113864,On or near WINDSOR DRIVE,E01029809,Staffordshire Moorlands 001D,Investigation complete; no suspect identified
516f38e58537bd16719672a6485219778739f073e066e8ffdb904a5ba4b644d3,2019-12,Staffordshire Police,Staffordshire Police,-2.066046,53.041223,On or near MILL LANE,E01029794,Staffordshire Moorlands 009C,Investigation complete; no suspect identified
76bfa7cd76f987be4241038e5cbb3526fa45b4a728a1faaeb9e98a506caee12b,2019-12,Staffordshire Police,Staffordshire Police,-1.987857,52.954513,On or near OLD ROAD,E01029791,Staffordshire Moorlands 013E,Investigation complete; no suspect identified
68df2f4ba4e964a3a8083c9610d1cc4f0fdc8b01de9857c5cf2867bd78873a4e,2019-12,Staffordshire Police,Staffordshire Police,-2.138484,53.026553,On or near TRINITY PLACE,E01014212,Stoke-on-Trent 012C,Investigation complete; no suspect identified
8c933b6b5b9bbc237a74d4f9f8670d6f932d3024c0f182f1ac8611a54e22dd56,2019-12,Staffordshire Police,Staffordshire Police,,,No location,,,Investigation complete; no suspect identified
26ecddf933bded6b44660ca291ce0a8df95db3296909dd257641ef1f3d54e21d,2019-12,Staffordshire Police,Staffordshire Police,-2.204381,53.057408,On or near KING WILLIAM STREET,E01014356,Stoke-on-Trent 005C,Investigation complete; no suspect identified
24650943951bf317901604309296fe93d3a47fc98bb22c451b1a4966a9171fdb,2019-12,Staffordshire Police,Staffordshire Police,-2.316211,53.015130,On or near Sports/Recreation Area,E01029576,Newcastle-under-Lyme 012A,Investigation complete; no suspect identified
7a18bc8e99358c66b95a83527b55f4e7618bfb9b279613cfb2e32bd3c0c4737b,2019-12,Staffordshire Police,Staffordshire Police,-2.153984,53.041708,On or near BOUVERIE PARADE,E01014269,Stoke-on-Trent 010A,Investigation complete; no suspect identified
b5e3cc17440eeb5f86285874412d526a15fd41aa90da4a2a73d5d2cc58d35a0c,2019-12,Staffordshire Police,Staffordshire Police,-2.254791,53.048932,On or near HOLLY ROAD,E01029547,Newcastle-under-Lyme 007A,Investigation complete; no suspect identified
bdbac0de3bda9b594c40d648672019bcf6a9e1ef9600ce3a2c84596ae00fdf79,2019-12,Staffordshire Police,Staffordshire Police,-2.172659,52.986264,On or near DENNIS VIOLLET AVENUE,E01014234,Stoke-on-Trent 026B,Investigation complete; no suspect identified
1e3b03e5b75339f72d3ee0f6236a73700ccc9214d0dbae49946b2ca1b096b8a6,2019-12,Staffordshire Police,Staffordshire Police,-2.153447,52.978892,On or near ELM PLACE,E01014233,Stoke-on-Trent 026A,Investigation complete; no suspect identified
39abb978354814000af7ef03b926479a1cb00a3e35059f29373df1996d73b2a6,2019-12,Staffordshire Police,Staffordshire Police,-2.097166,52.965432,On or near FENNEL GROVE,E01014320,Stoke-on-Trent 033D,Investigation complete; no suspect identified
5ad19501e4294a5a51d18e180500bf54f70558fa3952ee9337b225434245e150,2019-12,Staffordshire Police,Staffordshire Police,-2.137489,53.013970,On or near WYNFORD PLACE,E01014226,Stoke-on-Trent 014D,Investigation complete; no suspect identified
eef0372d1aa054caefd44e3faafa3c5ead55ce56c6efd00ff285302c846e69f3,2019-12,Staffordshire Police,Staffordshire Police,-2.192434,53.004832,On or near BRIGHTON STREET,E01014292,Stoke-on-Trent 018E,Investigation complete; no suspect identified
de7120ebd34a333cc00e60a4be92943f9bd63469d3df855a073282c73969d642,2019-12,Staffordshire Police,Staffordshire Police,-2.098943,52.993773,On or near PARK AVENUE,E01014369,Stoke-on-Trent 024D,Investigation complete; no suspect identified
15b06f6cbf2d6246a64795fd75c8865dfed533b425448f16ada226f245151254,2019-12,Staffordshire Police,Staffordshire Police,-2.177582,52.969824,On or near EARLSBROOK DRIVE,E01014350,Stoke-on-Trent 034B,Investigation complete; no suspect identified
22bcc441be84f3ad0cfdbd19de1ba87323b12550e5e488f58919b6dc3a5b4d63,2019-12,Staffordshire Police,Staffordshire Police,-2.249088,53.040342,On or near WETHERBY CLOSE,E01029548,Newcastle-under-Lyme 007B,Investigation complete; no suspect identified
a62c946953fe824ac1bf02c0ad313b704160b87882b30f72cb2e2ab29c85572e,2019-12,Staffordshire Police,Staffordshire Police,-2.083353,52.967213,On or near HARGREAVE CLOSE,E01014315,Stoke-on-Trent 033A,Investigation complete; no suspect identified
3160f1c8cbd453c86288548bd0e3b85bc739c31c9a36f3bc28b9a5f2c43cf5f2,2019-12,Staffordshire Police,Staffordshire Police,-2.097206,52.996759,On or near FERNLEA GROVE,E01014369,Stoke-on-Trent 024D,Investigation complete; no suspect identified
0daa109fc77152c37ae5e5408b35cf339cad6774af692678977fb4227f2342d4,2019-12,Staffordshire Police,Staffordshire Police,-2.097206,52.996759,On or near FERNLEA GROVE,E01014369,Stoke-on-Trent 024D,Investigation complete; no suspect identified
82a9e3f527421070c4b9ff995cb4d90da0788440c9295c58ceb9c97da64d3eab,2019-12,Staffordshire Police,Staffordshire Police,-2.097206,52.996759,On or near FERNLEA GROVE,E01014369,Stoke-on-Trent 024D,Investigation complete; no suspect identified
8a581bbbdfcffb971f2a0ef38460d943de5511b3e1f0b97d657c795915c65a26,2019-12,Staffordshire Police,Staffordshire Police,-2.146273,53.024090,On or near WINSTON PLACE,E01014230,Stoke-on-Trent 014F,Investigation complete; no suspect identified
602a8f305c1d1d78b457c116e0a673f22ad440bbe23b77b7f9ec826101650ffe,2019-12,Staffordshire Police,Staffordshire Police,-2.156160,53.000076,On or near ELLIOT ROAD,E01014274,Stoke-on-Trent 020A,Investigation complete; no suspect identified
955297784b1cb4947ea6fa605541239880f6e580cd45cf7aad3173c9c2aa59d1,2019-12,Staffordshire Police,Staffordshire Police,-2.098887,52.995320,On or near ENGLESEA AVENUE,E01014369,Stoke-on-Trent 024D,Investigation complete; no suspect identified
2ad0e9f0c6d240196fc9d6233e623f729778514ff530c4822152f799ba147c86,2019-12,Staffordshire Police,Staffordshire Police,-2.202793,53.071991,On or near TARVIN GROVE,E01014259,Stoke-on-Trent 001C,Investigation complete; no suspect identified
4054c79db7330de6f6a7cda44e6ac1c857658db31c0c17a2630a5c99a09aa31d,2019-12,Staffordshire Police,Staffordshire Police,-2.224454,53.032714,On or near CLARENCE STREET,E01029610,Newcastle-under-Lyme 009D,Investigation complete; no suspect identified
2e2c7cc5a7e8a92748d4ced89f23835acfc464b1f7d7d307dde15e5c24ab944d,2019-12,Staffordshire Police,Staffordshire Police,-2.160291,53.061350,On or near ST BARTHOLOMEWS CLOSE,E01014332,Stoke-on-Trent 004B,Investigation complete; no suspect identified
69f9f5fbed494361a5c5804001f4daea5c73ff1d404295ac50b055634097c7f5,2019-12,Staffordshire Police,Staffordshire Police,-2.227970,53.012338,On or near FOGG STREET WEST,E01029604,Newcastle-under-Lyme 011E,Investigation complete; no suspect identified
74653fdebbfc5549c5c3bbe01e67acc2abc955af3c65329bf3a9be5c990ffef8,2019-12,Staffordshire Police,Staffordshire Police,-2.324804,52.968416,On or near MANOR GLADE,E01029570,Newcastle-under-Lyme 016B,Investigation complete; no suspect identified
8e1beba99889411a37a066f04e211b9578a1f5f66dac5c47a63702857b3a9e05,2019-12,Staffordshire Police,Staffordshire Police,-2.208876,53.098273,On or near CLARE STREET,E01029581,Newcastle-under-Lyme 001C,Investigation complete; no suspect identified
b96e38273dd606f8bc708b0cbf9f20e5ab3039ceea9813226cc4d4b8f7d2edc0,2019-12,Staffordshire Police,Staffordshire Police,-2.243248,53.083960,On or near THE AVENUE,E01029543,Newcastle-under-Lyme 003D,Investigation complete; no suspect identified
b346e4829604cdf4c4d88e77a5aa59dbd5b74a09e6685fcf9404f07fdb2924e4,2019-12,Staffordshire Police,Staffordshire Police,-2.126722,52.991823,On or near SITWELL GROVE,E01014299,Stoke-on-Trent 025A,Investigation complete; no suspect identified
1451c5d8064049bb358b94d044ac6620226225109d223d08caa44637703ee0e2,2019-12,Staffordshire Police,Staffordshire Police,-2.185612,53.019558,On or near ARGYLE STREET,E01014286,Stoke-on-Trent 015C,Investigation complete; no suspect identified
6887e9612f2babc520089cc244eed141087547435291a8238feb0d38270f60de,2019-12,Staffordshire Police,Staffordshire Police,-2.216044,52.991056,On or near MONMOUTH PLACE,E01029549,Newcastle-under-Lyme 014A,Investigation complete; no suspect identified
7d66fada725d2b651cf4ea03fa1237777df61bad0a5ddb953455ab95a4ccdb9b,2019-12,Staffordshire Police,Staffordshire Police,-2.178428,53.063059,On or near CHELL HEATH ROAD,E01014333,Stoke-on-Trent 003D,Investigation complete; no suspect identified
278280d781035ed484aaf38fc4484427377fdb4b1c99ac9b2d63a5812cb3b2b3,2019-12,Staffordshire Police,Staffordshire Police,-2.226757,53.011118,On or near Shopping Area,E01029604,Newcastle-under-Lyme 011E,Investigation complete; no suspect identified
f062c60995318b891c24e7e8b0fa8da4eddecc98cd1e4d1f54130b9912911a5d,2019-12,Staffordshire Police,Staffordshire Police,-2.083732,52.993839,On or near ROUGHCOTE LANE,E01029778,Staffordshire Moorlands 012A,Investigation complete; no suspect identified
8e51d1a0ce6a445ded89023814a512fb2135a1562e165042b40b637e7c991a3e,2019-12,Staffordshire Police,Staffordshire Police,-2.083732,52.993839,On or near ROUGHCOTE LANE,E01029778,Staffordshire Moorlands 012A,Investigation complete; no suspect identified
4a178f770b5c58999b447840b21880f0c974aa9c7b9415ff99b7a5445fd557bf,2019-12,Staffordshire Police,Staffordshire Police,-2.133583,53.056906,On or near HILLSIDE ROAD,E01014215,Stoke-on-Trent 007B,Investigation complete; no suspect identified
25f9bb633fc4b3713bf082a06711f561439911ad443fe1257112c22ab3b1df07,2019-12,Staffordshire Police,Staffordshire Police,-2.090848,52.991605,On or near HOLYHEAD CRESCENT,E01014363,Stoke-on-Trent 024A,Investigation complete; no suspect identified
a1a2f61bddb04ecc3e95431e0194b968a715f5e38eea164531a74feaa808fb38,2019-12,Staffordshire Police,Staffordshire Police,-2.153741,52.969318,On or near THORPE GREEN,E01014235,Stoke-on-Trent 032A,Investigation complete; no suspect identified
bf5eac34ada2e11d1ff11404eed7a2c86a6e5394d6882357463449af9fc21349,2019-12,Staffordshire Police,Staffordshire Police,-2.027872,53.098346,On or near JUNCTION ROAD,E01029811,Staffordshire Moorlands 005C,Investigation complete; no suspect identified
c9bd955fab682bc881db9b1e874063fcf7118c863f23d2acd9b9d597698dcd3a,2019-12,Staffordshire Police,Staffordshire Police,-2.127081,53.007536,On or near HALL HILL DRIVE,E01014229,Stoke-on-Trent 017F,Investigation complete; no suspect identified
f9ef89f14f0c97d34a8b6f20290544ec3eace09d4e196aadc255e66222954716,2019-12,Staffordshire Police,Staffordshire Police,-2.231905,53.026246,On or near SAUNDERS ROAD,E01029552,Newcastle-under-Lyme 006D,Investigation complete; no suspect identified
cb2ebdeee2045737a94ec3c4d38db2ab9e74dc76dba2e3c763f8d5d2e43f3352,2019-12,Staffordshire Police,Staffordshire Police,-2.183343,53.001116,On or near LONSDALE STREET,E01014345,Stoke-on-Trent 019E,Investigation complete; no suspect identified
ddd9099af490b024077dfd050b0b150273364e4371c2bf7b1573410fffdd447a,2019-12,Staffordshire Police,Staffordshire Police,-2.182768,53.006232,On or near LEASON STREET,E01014293,Stoke-on-Trent 019A,Investigation complete; no suspect identified
a5aa5b32e7ce898b43ce123656f5491767e567d093410c2a2f3e5911665669b4,2019-12,Staffordshire Police,Staffordshire Police,-2.200739,52.989887,On or near WATSON ROAD,E01014343,Stoke-on-Trent 023D,Investigation complete; no suspect identified
378b666658bd6e574e0f9a61ad1ff3ba67ebd9dd678700694b7f47bc0b91b3b3,2019-12,Staffordshire Police,Staffordshire Police,-2.149496,53.020571,On or near TRENTWAY CLOSE,E01014230,Stoke-on-Trent 014F,Investigation complete; no suspect identified
3ec5f688e6fa942076828508c5ec959572976747563bc68b3b88cd42c1403ec3,2019-12,Staffordshire Police,Staffordshire Police,-2.272748,53.015399,On or near GEORGE STREET,E01029594,Newcastle-under-Lyme 012C,Investigation complete; no suspect identified
5af5220d64adbcf158fb23c844b265db0ec50e252856d44cc9e4e0e6f877d707,2019-12,Staffordshire Police,Staffordshire Police,-2.210230,53.057577,On or near HIGH STREET,E01014354,Stoke-on-Trent 005A,Investigation complete; no suspect identified
cc4f422b72857c41c457e18332a87894c9b2e62e107286f9427b626270e286d2,2019-12,Staffordshire Police,Staffordshire Police,-2.208682,53.015142,On or near GLADSTONE STREET,E01014288,Stoke-on-Trent 018A,Investigation complete; no suspect identified
4bf193f1eafb2da2f74fcf9ea91b9f5a0bc608ec938c6db0a07f21834eccf3b8,2019-12,Staffordshire Police,Staffordshire Police,-2.102470,52.979675,On or near MEIR VIEW,E01014321,Stoke-on-Trent 028A,Investigation complete; no suspect identified
a939adec51d856902d274d961a94d87106a1a144bc14977936af6a5c71a1d765,2019-12,Staffordshire Police,Staffordshire Police,-2.088420,52.969700,On or near GOSFORTH GROVE,E01014315,Stoke-on-Trent 033A,Investigation complete; no suspect identified
49b48dd4b059081a9ffb1093033116149752a8396837940742119ddb905bb05e,2019-12,Staffordshire Police,Staffordshire Police,-2.125795,53.016293,On or near HUTTON WAY,E01014220,Stoke-on-Trent 017A,Investigation complete; no suspect identified
08389e8caf9d668447621489a4cc4e4bad6e10c6f1efead945ead1e1d13c6e35,2019-12,Staffordshire Police,Staffordshire Police,-2.137054,52.989681,On or near MOULTON ROAD,E01014302,Stoke-on-Trent 022D,Investigation complete; no suspect identified
fe5bbb3d28b0d22c73ed3bd533c42ee8c5f0ab8553f8e8c3484b805611862fdc,2019-12,Staffordshire Police,Staffordshire Police,-2.199892,53.009665,On or near Petrol Station,E01014291,Stoke-on-Trent 018D,Investigation complete; no suspect identified
ac8e514edcf02b73c2d35eff195c353d2eb8d9ea01186745fcae797d4d7ec1bf,2019-12,Staffordshire Police,Staffordshire Police,,,No location,,,Investigation complete; no suspect identified
048a39e49ae724c76807c568f634e3ef124b7bd00e518771875683c625cb0d15,2019-12,Staffordshire Police,Staffordshire Police,-2.217856,53.075694,On or near GARBETT STREET,E01014357,Stoke-on-Trent 002A,Investigation complete; no suspect identified
6049e84d4cbbb2f6ec15e0deade66af8ad29973f23fb802f1029d9b3a6b9b2ed,2019-12,Staffordshire Police,Staffordshire Police,-2.271362,53.015366,On or near MADELEY STREET,E01029594,Newcastle-under-Lyme 012C,Investigation complete; no suspect identified
b4dd4cd747d80edb09ae638dfadab4f84520cacc7ca12c1af2a694f2d0edbd5f,2019-12,Staffordshire Police,Staffordshire Police,-2.226757,53.011118,On or near Shopping Area,E01029604,Newcastle-under-Lyme 011E,Investigation complete; no suspect identified
4215e5b75721fa7f3c7e641eb15a85ccb245a5da78220cf1daf2baf5772e42b4,2019-12,Staffordshire Police,Staffordshire Police,-2.156730,52.976389,On or near BEACONSFIELD DRIVE,E01014236,Stoke-on-Trent 032B,Investigation complete; no suspect identified
dd7d8feff17ec42743eb076baff056b787e3c2e8eaf46d155370da3c9909ec82,2019-12,Staffordshire Police,Staffordshire Police,-2.167294,53.035613,On or near BURNLEY STREET,E01014323,Stoke-on-Trent 013A,Investigation complete; no suspect identified
477d016d9ee3c046f8d4af521e865c602f94214217bda144d9513e004481284d,2019-12,Staffordshire Police,Staffordshire Police,-2.177018,53.075825,On or near Park/Open Space,E01014337,Stoke-on-Trent 004E,Investigation complete; no suspect identified
ef8b9f8469f90dddf72fd8b4dd9a2b1eaf0c5f1b76841bc954d8b35d883e0bdc,2019-12,Staffordshire Police,Staffordshire Police,,,No location,,,Investigation complete; no suspect identified
816059c2809322d90bc4d6f847f8b0e63a2086636a3c0b1bc444c001bd8d57de,2019-12,Staffordshire Police,Staffordshire Police,-2.214026,53.031637,On or near NEW STREET,E01029611,Newcastle-under-Lyme 008E,Investigation complete; no suspect identified
e1c595b8b118574efd7147d2a99c2dd59742fa53d842ce6c79a77466d734bb49,2019-12,Staffordshire Police,Staffordshire Police,-2.171218,53.028623,On or near UPPER HILLCHURCH STREET,E01014330,Stoke-on-Trent 013E,Investigation complete; no suspect identified
525ad48575d86094d816e7557d9ee255b6cc6913801212bfe36f7b14f23920e2,2019-12,Staffordshire Police,Staffordshire Police,-2.233273,53.017227,On or near JASON STREET,E01029555,Newcastle-under-Lyme 011A,Investigation complete; no suspect identified
65c151acbe132da21ba9a7ad535a0c1c66b2d6b55bb1838a33796bc177522948,2019-12,Staffordshire Police,Staffordshire Police,-2.192404,53.028195,On or near RIDGEHOUSE DRIVE,E01014285,Stoke-on-Trent 015B,Investigation complete; no suspect identified
7be176002c39458883c81f534542c6481d210ebb13df5d04ca07013b4d2cece2,2019-12,Staffordshire Police,Staffordshire Police,-2.104095,53.054329,On or near SPRINGS BANK,E01029762,Staffordshire Moorlands 008A,Investigation complete; no suspect identified
bacad0d85b54c86c8827f1d108a5a3b76da65b90dcf48fdb3c89bc9e73c60937,2019-12,Staffordshire Police,Staffordshire Police,-2.169948,53.005217,On or near Further/Higher Educational Building,E01014276,Stoke-on-Trent 020C,Investigation complete; no suspect identified
2f98b2d9e2beb5259084649c610b47db2fb87b369b40eecc40ae11fdc96b1e2d,2019-12,Staffordshire Police,Staffordshire Police,-2.182675,53.051205,On or near INGLEFIELD AVENUE,E01014245,Stoke-on-Trent 006E,Investigation complete; no suspect identified
53527766ae04238bb39b7fac9bfe5df685879d8475942b820c5e2c843898a964,2019-12,Staffordshire Police,Staffordshire Police,-2.205924,53.086862,On or near STATION ROAD,E01014258,Stoke-on-Trent 001B,Investigation complete; no suspect identified
e3630065af22bd0c937e7819a53ce9cdf096ffea0cb67c189e9a6f402cc9a779,2019-12,Staffordshire Police,Staffordshire Police,-2.175805,53.027295,On or near Shopping Area,E01014287,Stoke-on-Trent 015D,Investigation complete; no suspect identified
1d7887275517cf9896485f393989ab22e833f6f42480e583c1392f2b7eae6712,2019-12,Staffordshire Police,Staffordshire Police,-2.153984,53.041708,On or near BOUVERIE PARADE,E01014269,Stoke-on-Trent 010A,Investigation complete; no suspect identified
b1e83eb0c0cdeba2cfb74b1d0410a2582c51b1ac0cda1fe7c19c56ce83ddb439,2019-12,Staffordshire Police,Staffordshire Police,-2.229677,52.991354,On or near RYDAL WAY,E01029591,Newcastle-under-Lyme 014C,Investigation complete; no suspect identified
9eb256bbad2eb2ba9b93ede3d3bcb18f8650b691b4e03640b9d13aa5a2cd8c1b,2019-12,Staffordshire Police,Staffordshire Police,-2.182507,53.053767,On or near STRATHEDEN ROAD,E01014245,Stoke-on-Trent 006E,Investigation complete; no suspect identified
4cd4c37f56acc85cb01b488739517a3ab6bca9716d409972ec8c4dc52d9619d2,2019-12,Staffordshire Police,Staffordshire Police,-1.770152,53.050153,On or near DIGMIRE LANE,E01019611,Derbyshire Dales 008C,Investigation complete; no suspect identified
715a476f6ea2079006fdefd991b5073cd684847364ad0bd751fe1a308d95a19a,2019-12,Staffordshire Police,Staffordshire Police,-2.112173,52.988368,On or near Shopping Area,E01014364,Stoke-on-Trent 024B,Investigation complete; no suspect identified
c277eb18148825de46c6814ebf003b87fd0ad3438158e2708c2cd430cefe9ba1,2019-12,Staffordshire Police,Staffordshire Police,-2.224275,53.018260,On or near LARKSPUR GROVE,E01029578,Newcastle-under-Lyme 011B,Investigation complete; no suspect identified
c7713821c140e9515f279f89698ec23cae0e88c443be372822929d7bc46044ef,2019-12,Staffordshire Police,Staffordshire Police,,,No location,,,Investigation complete; no suspect identified
3ed13940c1859dd375b9daae1102bfa2b19d207254bbe1ee17ead17bbda1c2f1,2019-12,Staffordshire Police,Staffordshire Police,-2.169589,53.027502,On or near WINDMILL STREET,E01014330,Stoke-on-Trent 013E,Investigation complete; no suspect identified
5b4c44e6168db7696348c8d5bc19bd4dfb7e777283d866b73f6d9593beae9d22,2019-12,Staffordshire Police,Staffordshire Police,-2.185131,53.053277,On or near THE GROVE,E01014245,Stoke-on-Trent 006E,Investigation complete; no suspect identified
4e2d2c0e59e37796c6ee816fe254af54dbd5d94ec0cb68a7fc536f280ef92b94,2019-12,Staffordshire Police,Staffordshire Police,-2.292174,53.057782,On or near EDWARD STREET,E01029534,Newcastle-under-Lyme 005C,Investigation complete; no suspect identified
200efbb52da770af99105b54f83a6575403c92f4062c370c9c366b06208ec880,2019-12,Staffordshire Police,Staffordshire Police,-2.222844,53.078975,On or near KIDSGROVE ROAD,E01014357,Stoke-on-Trent 002A,Investigation complete; no suspect identified
57e372ac99249c1eef85037dfdd8f435d9517c3b09845b1e7a7ebb0be3dcdebf,2019-12,Staffordshire Police,Staffordshire Police,-2.204600,52.993602,On or near MOORSYDE ROAD,E01014341,Stoke-on-Trent 023B,Investigation complete; no suspect identified
a1027fe6d763404ada8b019439a053379e3239050f5da0d441dd4f0e32b2b955,2019-12,Staffordshire Police,Staffordshire Police,-2.172331,53.109307,On or near WOODLAND STREET,E01029763,Staffordshire Moorlands 003A,Investigation complete; no suspect identified
1f749548263d1be8240747d12c1c4fc46b9f7ed394d06ab9015be627d4593783,2019-12,Staffordshire Police,Staffordshire Police,-2.177822,53.003039,On or near OLDMILL STREET,E01014293,Stoke-on-Trent 019A,Investigation complete; no suspect identified
59947bb76d171dca2029887207c6084c7c15c0deba2dbc9f09cc10229828d7fa,2019-12,Staffordshire Police,Staffordshire Police,-2.170171,53.107261,On or near MAYFIELD COURT,E01029771,Staffordshire Moorlands 004B,Investigation complete; no suspect identified
a1cfe9e6d8aa90c4a954951f5ee9b4fe78836b5650e8c6616ef65bd093daaf8a,2019-12,Staffordshire Police,Staffordshire Police,-2.195206,53.044452,On or near HOLECROFT STREET,E01014251,Stoke-on-Trent 009C,Investigation complete; no suspect identified
00c2fa06904f608ac8110dc246e45336fa00f986e83ed1759da81970dcaf31fd,2019-12,Staffordshire Police,Staffordshire Police,,,No location,,,Investigation complete; no suspect identified
993ac64f6ce14152d696818ea7c357d36c3652f98488e0f35922e3a0de227533,2019-12,Staffordshire Police,Staffordshire Police,-2.154112,53.035829,On or near DIANA ROAD,E01014325,Stoke-on-Trent 010C,Investigation complete; no suspect identified
76587094c39f5061983cada1d4827b9f7826cef05e547a33709a3ab5ae3dfd95,2019-12,Staffordshire Police,Staffordshire Police,,,No location,,,Investigation complete; no suspect identified
d5be23f09bf6894e8ca0c8a33f7bccd84a8f9de92bfc7146eab44943243b9c88,2019-12,Staffordshire Police,Staffordshire Police,-2.194534,52.964953,On or near PADDOCK RISE,E01014349,Stoke-on-Trent 030C,Investigation complete; no suspect identified
5c8d5e2e344844910735f07c45e4c19a748662aef7346c87beabe07f83e89ac2,2019-12,Staffordshire Police,Staffordshire Police,-2.194534,52.964953,On or near PADDOCK RISE,E01014349,Stoke-on-Trent 030C,Investigation complete; no suspect identified
db94cd7f207324ec9c18cad79a8739067550844ba879cdd8fe0e4b6b94c698b7,2019-12,Staffordshire Police,Staffordshire Police,-2.089365,52.966103,On or near BONNARD CLOSE,E01014318,Stoke-on-Trent 033B,Investigation complete; no suspect identified
3071bf12d818247bc16f5b56e33dfb08d41350efca754a7b3ffd9ef4cfa2e8cd,2019-12,Staffordshire Police,Staffordshire Police,-2.194534,52.964953,On or near PADDOCK RISE,E01014349,Stoke-on-Trent 030C,Investigation complete; no suspect identified
def01cada0a837f101cf27f7da247b7134e455a019560b1e1eb47ee2bd7fc3c5,2019-12,Staffordshire Police,Staffordshire Police,-2.197601,52.968112,On or near WESTERHAM CLOSE,E01014348,Stoke-on-Trent 030B,Investigation complete; no suspect identified
f971f99b4446dab3da1b29b04e3a155e24659f77b8ccf5d16f95c9a480a750de,2019-12,Staffordshire Police,Staffordshire Police,-2.097206,52.996759,On or near FERNLEA GROVE,E01014369,Stoke-on-Trent 024D,Investigation complete; no suspect identified
9530990f2107806655c330f020c4936b8edea8e4510dc40603b00c2d380dadfa,2019-12,Staffordshire Police,Staffordshire Police,-2.190982,52.966199,On or near CHERRY TREE CLOSE,E01014349,Stoke-on-Trent 030C,Investigation complete; no suspect identified
bbbfa75ddeb8c745249bb5fe198dc623c9d636ed6f44fbf0e5782afd5745b1f6,2019-12,Staffordshire Police,Staffordshire Police,,,No location,,,Investigation complete; no suspect identified
a87bfa3ecd7b3f28bd4a95e363e247e390e827d985c76114d7bf9a86cdea58f2,2019-12,Staffordshire Police,Staffordshire Police,-2.197033,53.049312,On or near BYCARS ROAD,E01014247,Stoke-on-Trent 009A,Investigation complete; no suspect identified
db18d4ec92a263074d5f806c201032d719a5d872078f62ee55d1689d9d363293,2019-12,Staffordshire Police,Staffordshire Police,-2.203517,52.994386,On or near HARPFIELD ROAD,E01014342,Stoke-on-Trent 023C,Investigation complete; no suspect identified
d9928fe0388ac64641d8b6c55260608efc93443dfbcb2d6edafbdd7b853b5aeb,2019-12,Staffordshire Police,Staffordshire Police,-2.184011,53.053171,On or near BLUESTONE AVENUE,E01014245,Stoke-on-Trent 006E,Investigation complete; no suspect identified
d2c55b94b1654f9cff0fe0112cc20b79c3bc4e07b85c057e266d2ca3edf1c0d7,2019-12,Staffordshire Police,Staffordshire Police,-2.130827,52.979567,On or near ERSKINE STREET,E01014306,Stoke-on-Trent 029B,Investigation complete; no suspect identified
425692373470f050842c2cb938e95d4ea1c4d530e06dcbb1786e98119179d9b3,2019-12,Staffordshire Police,Staffordshire Police,-2.190982,52.966199,On or near CHERRY TREE CLOSE,E01014349,Stoke-on-Trent 030C,Investigation complete; no suspect identified
d2b7a80a0bd250751861a23c6db89007c3f827c06a10233f5261edc61e79b168,2019-12,Staffordshire Police,Staffordshire Police,-2.093003,52.975252,On or near Petrol Station,E01014315,Stoke-on-Trent 033A,Investigation complete; no suspect identified
3ebd40664a7afd0298bb3a258b3e76f372c3d235d8b59f67150d56b0e8bdc3ff,2019-12,Staffordshire Police,Staffordshire Police,-2.194976,53.043176,On or near BAPTIST STREET,E01014251,Stoke-on-Trent 009C,Investigation complete; no suspect identified
d31c9c44aeefe98380145b3e6fae42c175a92f443f0055dc4011da02cb455741,2019-12,Staffordshire Police,Staffordshire Police,-2.226757,53.011118,On or near Shopping Area,E01029604,Newcastle-under-Lyme 011E,Investigation complete; no suspect identified
074d91bf80754a44115797e2e31b97c03f80777585a7db38ff9df10f340bb512,2019-12,Staffordshire Police,Staffordshire Police,-2.186558,53.034910,On or near REMER STREET,E01014255,Stoke-on-Trent 009E,Investigation complete; no suspect identified
a939f89ca70511d3a22a808c130c2d0a837422881831bf894656a3410e915db9,2019-12,Staffordshire Police,Staffordshire Police,-2.228409,53.010782,On or near Supermarket,E01029604,Newcastle-under-Lyme 011E,Investigation complete; no suspect identified
f90b85a72ee62bdfb6ec372eb31908e89f490176d1e944a5b07cba1598c5567e,2019-12,Staffordshire Police,Staffordshire Police,-2.165563,53.008217,On or near LORDSHIP LANE,E01014276,Stoke-on-Trent 020C,Investigation complete; no suspect identified
80d063f0428fd63cae2235c5a916bafe56f7d31d6ef66e6ebded1c9aee825484,2019-12,Staffordshire Police,Staffordshire Police,-2.239879,53.087491,On or near KING STREET,E01029588,Newcastle-under-Lyme 002D,Investigation complete; no suspect identified
043bf0150aa9366f2a1a935b650a728462cc87d1d80514d3623c82f5c9f479cc,2019-12,Staffordshire Police,Staffordshire Police,-2.228555,52.981990,On or near WALSINGHAM GARDENS,E01033257,Newcastle-under-Lyme 015H,Investigation complete; no suspect identified
6440267212543dfe456fec69b35bc5ccdccb5bad6061e6bb5ca8f7f4c511938a,2019-12,Staffordshire Police,Staffordshire Police,-2.032009,53.099136,On or near BARNFIELDS CLOSE,E01029811,Staffordshire Moorlands 005C,Investigation complete; no suspect identified
9b50d3f59ef694d5486cf3794712946e55290e26eed4324cec32e47895e3ef60,2019-12,Staffordshire Police,Staffordshire Police,-2.164351,53.030278,On or near Supermarket,E01014329,Stoke-on-Trent 013D,Investigation complete; no suspect identified
11b5978b72c5febab90c9b6b79b261c4f3f489b59d818e90af7508aa5076c153,2019-12,Staffordshire Police,Staffordshire Police,-2.174869,53.024330,On or near ALBION SQUARE,E01014287,Stoke-on-Trent 015D,Investigation complete; no suspect identified
b58a927d775314ab8407a1d155bac8aa9b93ffd576fca4d87da58ccaa2447d57,2019-12,Staffordshire Police,Staffordshire Police,-2.309563,53.008864,On or near STATION ROAD,E01029576,Newcastle-under-Lyme 012A,Investigation complete; no suspect identified
ab9134f08f0c7a8186324767cf1d82b8b6a9acf2072a4ad18a86385480cf0339,2019-12,Staffordshire Police,Staffordshire Police,-2.251740,53.050161,On or near HAWTHORN ROAD,E01029545,Newcastle-under-Lyme 004C,Investigation complete; no suspect identified
60f94449034cdce71a9dbf6b56f202c1e6ecfa3658b4d5341a1d4ea167473d35,2019-12,Staffordshire Police,Staffordshire Police,-2.301274,53.055413,On or near CHURCH BANK,E01029534,Newcastle-under-Lyme 005C,Investigation complete; no suspect identified
a9e4a5e2a938ec64f66770f4b8c613e8c09ea3ce989a5a7ce80bea9f3747c659,2019-12,Staffordshire Police,Staffordshire Police,-2.251960,53.016245,On or near CHERRY HILL LANE,E01029567,Newcastle-under-Lyme 010D,Investigation complete; no suspect identified
9db2eb41de57b25a8ea3f8627e61cd479c36a68912daac6dcbfa2ea0d9b4f7f2,2019-12,Staffordshire Police,Staffordshire Police,-2.092985,52.980753,On or near BROOKWOOD DRIVE,E01014367,Stoke-on-Trent 028C,Investigation complete; no suspect identified
b84cb86abd3e737a20ab86e147215caaf32bac40e926ab7a7f68ba2ca00efb63,2019-12,Staffordshire Police,Staffordshire Police,-2.118201,53.073498,On or near CEDAR CRESCENT,E01029777,Staffordshire Moorlands 008D,Investigation complete; no suspect identified
4183fd91ae360afcf32a08b26ec039377dd31985d1ce4823e704fa72179bbbe3,2019-12,Staffordshire Police,Staffordshire Police,-2.225253,53.037108,On or near QUEEN STREET,E01029583,Newcastle-under-Lyme 008A,Investigation complete; no suspect identified
d7434287f5ffcb68b8607d47af1c2d0fe3ef003e4d8e5b592d5373833657a7e7,2019-12,Staffordshire Police,Staffordshire Police,,,No location,,,Investigation complete; no suspect identified
7aa0d19359b1258a23f2461a2aef47d7d4cc25c1409fc810ebf0247fbf00bd94,2019-12,Staffordshire Police,Staffordshire Police,-2.123760,52.997759,On or near WOLSTERN ROAD,E01014296,Stoke-on-Trent 022A,Investigation complete; no suspect identified
e6939a62953f0590f63095df9b305a256eec461d2182d5c0818d41cb6f39d14c,2019-12,Staffordshire Police,Staffordshire Police,-2.183519,52.996954,On or near NICHOLLS STREET,E01014339,Stoke-on-Trent 019C,Investigation complete; no suspect identified
a629a79f3a0955f4812c1dd5a99fdc0ddebaccd09f4f142a5fa724cac009ae8e,2019-12,Staffordshire Police,Staffordshire Police,-2.284819,53.055732,On or near TIBB STREET,E01029534,Newcastle-under-Lyme 005C,Investigation complete; no suspect identified
e45e10b80cd6995463ff70b2d17e74274b653f6dab773c037c3951d2d181af26,2019-12,Staffordshire Police,Staffordshire Police,-2.154621,53.003099,On or near BASSILOW ROAD,E01014274,Stoke-on-Trent 020A,Investigation complete; no suspect identified
732255b496809c078e33f6f80611206a5d11dcfbe1eb287e6f92b99b6a384d93,2019-12,Staffordshire Police,Staffordshire Police,-2.166015,52.997627,On or near NELSON STREET,E01014276,Stoke-on-Trent 020C,Investigation complete; no suspect identified
7dce14118e5a27e84ba0f5682399ae0f0b6224bc778d36c2a5ed02320faa9d19,2019-12,Staffordshire Police,Staffordshire Police,-2.209780,53.008003,On or near LOWER CRESCENT,E01014289,Stoke-on-Trent 018B,Investigation complete; no suspect identified
fd553014b44b6228cee094b0a1bf48f08cba8f6b72424a35feda3c53c3f36e50,2019-12,Staffordshire Police,Staffordshire Police,-2.134232,52.987473,On or near Bus/Coach Station,E01014302,Stoke-on-Trent 022D,Investigation complete; no suspect identified
ac8ecf91f07ef970bd295db39320224a53410ac12dc4cc2efbfa6b9e0da9b811,2019-12,Staffordshire Police,Staffordshire Police,-2.165563,53.008217,On or near LORDSHIP LANE,E01014276,Stoke-on-Trent 020C,Investigation complete; no suspect identified
154227e420ebd642b383c6765c6945456f41e65384b0f0fcebe0bf947b5a6c1e,2019-12,Staffordshire Police,Staffordshire Police,-2.177734,53.025054,On or near BRUNSWICK STREET,E01014287,Stoke-on-Trent 015D,Investigation complete; no suspect identified
2b9ce0a14dfeb1d962f9c6fc5467e081383c9366c2354a7fa5a8424167372f7f,2019-12,Staffordshire Police,Staffordshire Police,-2.164351,53.030278,On or near Supermarket,E01014329,Stoke-on-Trent 013D,Investigation complete; no suspect identified
5db03346bb02a940e5fa4dab39194dce6e6e65e2b5bb1af1689bb1f568aa7e85,2019-12,Staffordshire Police,Staffordshire Police,-2.101876,52.986795,On or near COYNEY GROVE,E01014365,Stoke-on-Trent 024C,Investigation complete; no suspect identified
ee3e9458c893b8de1199f11a838a958c395635f54c64e2a3d4046306e044c892,2019-12,Staffordshire Police,Staffordshire Police,-2.091649,52.997015,On or near BANNOCK STREET,E01014369,Stoke-on-Trent 024D,Investigation complete; no suspect identified
6fef0ab4743f0e22a1197996058b0ea4183c19ac1d18562a514af6f399a18bf4,2019-12,Staffordshire Police,Staffordshire Police,-2.194400,53.074099,On or near PETERSFIELD ROAD,E01014259,Stoke-on-Trent 001C,Investigation complete; no suspect identified
c69a207f3c29a3bfee473a74de5b60675acc7869f684883563236d337c7a7708,2019-12,Staffordshire Police,Staffordshire Police,-2.238187,53.043403,On or near SHAWPORT AVENUE,E01029538,Newcastle-under-Lyme 006B,Investigation complete; no suspect identified
42d9e10a552c3c5a78cd34b070595a3fe5520a6f7075e8768226c89bd7914b8a,2019-12,Staffordshire Police,Staffordshire Police,-2.189626,53.050978,On or near STANFIELD ROAD,E01014247,Stoke-on-Trent 009A,Investigation complete; no suspect identified
5ee8f27da26f010d672141b8556e198f32e82b2617cc161efdacf34c5518768a,2019-12,Staffordshire Police,Staffordshire Police,-2.125088,53.008788,On or near CROFTFIELD STREET,E01014224,Stoke-on-Trent 017E,Investigation complete; no suspect identified
ab70d9abc7c33ccec7df84e9ed63eb70b47cb9fa038bd91fd3b79ad1da5de24a,2019-12,Staffordshire Police,Staffordshire Police,-2.185927,53.071830,On or near JOHNSON PLACE,E01014261,Stoke-on-Trent 003A,Investigation complete; no suspect identified
7a90f07bba1fc3d22cb27604bca14ad2ea75ed478e6f420e00ef248335df04f5,2019-12,Staffordshire Police,Staffordshire Police,-2.098644,53.025865,On or near HEATHER CLOSE,E01029819,Staffordshire Moorlands 009E,Investigation complete; no suspect identified
c6c827eafcf674db78fe3d5bb5eedd8de0d672967a43b86d72f27995360a07af,2019-12,Staffordshire Police,Staffordshire Police,-2.196547,53.011325,On or near Parking Area,E01014291,Stoke-on-Trent 018D,Investigation complete; no suspect identified
135736676377bb7b000eec237f81cbec15e548377605e2906a87b86f4f574264,2019-12,Staffordshire Police,Staffordshire Police,-2.127013,52.994322,On or near BARTLEM STREET,E01014300,Stoke-on-Trent 022C,Investigation complete; no suspect identified
51e9ef57f6798a8bc3877bfce09f55d373512716c8e995ea2ceaa75626259609,2019-12,Staffordshire Police,Staffordshire Police,-2.134364,52.996489,On or near BARCLAY STREET,E01014298,Stoke-on-Trent 022B,Investigation complete; no suspect identified
12666a617d3b467b03f88804da24c5d475cae5291a96367962cfee610b410bf0,2019-12,Staffordshire Police,Staffordshire Police,-2.192404,53.028195,On or near RIDGEHOUSE DRIVE,E01014285,Stoke-on-Trent 015B,Investigation complete; no suspect identified
12c64f3de6ecb49d7397e12ce052a08c265b8b6b9e38f5be8313c84ed6d46fca,2019-12,Staffordshire Police,Staffordshire Police,-2.213197,53.093268,On or near LARK AVENUE,E01029562,Newcastle-under-Lyme 001A,Investigation complete; no suspect identified
6bc64c62a6be5263adf53637bfabce038b3856200832300665fe32750d8f8971,2019-12,Staffordshire Police,Staffordshire Police,-1.831918,53.132856,On or near B5054,E01029817,Staffordshire Moorlands 007C,Investigation complete; no suspect identified
97abdc03031a896f43524de9a7fdfbce1e59f1b7b2105b4a2a8fa121507c7607,2019-12,Staffordshire Police,Staffordshire Police,-2.168199,53.034362,On or near ADDISON STREET,E01014323,Stoke-on-Trent 013A,Investigation complete; no suspect identified
4152f0b7ebe059194c1034783452fc674187d45531ffef847f42379802918864,2019-12,Staffordshire Police,Staffordshire Police,-2.183953,53.011525,On or near Petrol Station,E01014283,Stoke-on-Trent 016E,Investigation complete; no suspect identified
a8d23836af830ae25c981e1348c4b2b0ff3c1666d1e39e0cca27e2b91702984e,2019-12,Staffordshire Police,Staffordshire Police,,,No location,,,Investigation complete; no suspect identified
92366050cd983376fadbaf444f3bf5a768ae1ee99a85f902a3529c72868ce0f0,2019-12,Staffordshire Police,Staffordshire Police,,,No location,,,Investigation complete; no suspect identified
7f0bd2d6324180160e3eb5aef796fce872d79e8f9bd54c643eecc660a10dd5bd,2019-12,Staffordshire Police,Staffordshire Police,-2.182041,53.088160,On or near FISHER STREET,E01014257,Stoke-on-Trent 001A,Investigation complete; no suspect identified
8f86fbd2144848840c661abad1ef8ffaaeb632a764fae0a2d572b09a2915aa5a,2019-12,Staffordshire Police,Staffordshire Police,-2.182041,53.088160,On or near FISHER STREET,E01014257,Stoke-on-Trent 001A,Investigation complete; no suspect identified
40cb0087ab92b68291dbde97b4e6caae49bd8402e5487fa6ea971cadff363dcb,2019-12,Staffordshire Police,Staffordshire Police,-2.214629,53.060095,On or near AMERICA STREET,E01014354,Stoke-on-Trent 005A,Investigation complete; no suspect identified
02186325ea5a9ada8ca4ca5356c7f2335b41c17aab8b3c4ea6ed9b1b8a88913e,2019-12,Staffordshire Police,Staffordshire Police,-2.191591,53.046651,On or near Pedestrian Subway,E01014251,Stoke-on-Trent 009C,Investigation complete; no suspect identified
d939ce5981ee9bbfcbe29a5629977598135763d70e52374b4b5998e00ad0fb58,2019-12,Staffordshire Police,Staffordshire Police,-2.157113,52.979463,On or near BEECH ROAD,E01014234,Stoke-on-Trent 026B,Investigation complete; no suspect identified
29521b5353e992f605546950888fcaf1eee77bb57fd356531e8b1ec910efc691,2019-12,Staffordshire Police,Staffordshire Police,-2.181730,53.000390,On or near SELWYN STREET,E01014345,Stoke-on-Trent 019E,Investigation complete; no suspect identified
1ef718ae654d65ddeb4d32d8b20f3fc5cee75720ed4b7293d3bdbe4e7b071a60,2019-12,Staffordshire Police,Staffordshire Police,,,No location,,,Investigation complete; no suspect identified
4faeaf176b8ec8e931e64d94f07eaa2a642b0bf6de776954a59e086d1eff27e5,2019-12,Staffordshire Police,Staffordshire Police,-2.146349,52.993904,On or near PERTH STREET,E01014273,Stoke-on-Trent 021A,Investigation complete; no suspect identified
f53e36b803180b31e7b707928517155b806415f487d07f7fdb86194933183274,2019-12,Staffordshire Police,Staffordshire Police,-2.130204,53.000386,On or near BAMBURY STREET,E01014297,Stoke-on-Trent 021D,Investigation complete; no suspect identified
d869afc8b05b6c4df2cecd3fa85da28d49c89f338e716c4a167cdf8326e4d8f1,2019-12,Staffordshire Police,Staffordshire Police,-2.171826,53.016595,On or near STONEHAVEN GROVE,E01014287,Stoke-on-Trent 015D,Investigation complete; no suspect identified
7799293c082e34c3c34a8bbc407c71cf671a1fe7fc19ce9e0a6a015b79b6de0a,2019-12,Staffordshire Police,Staffordshire Police,-2.142040,52.988093,On or near HURST STREET,E01014313,Stoke-on-Trent 027D,Investigation complete; no suspect identified
3b7d3d9f3fbcff2ba4776ecfb9462566de7a84bb81645e45226176661d950a37,2019-12,Staffordshire Police,Staffordshire Police,-2.184059,53.001349,On or near BOOTHEN ROAD,E01014345,Stoke-on-Trent 019E,Investigation complete; no suspect identified
d9b5d6a100c5d1ef9458355d043f9e0ab4ff618967cf7e05d1e49a894976ad99,2019-12,Staffordshire Police,Staffordshire Police,-2.139474,53.037681,On or near Supermarket,E01014217,Stoke-on-Trent 012E,Investigation complete; no suspect identified
33234a87a0fe4eb8e717d0137f6dd59d0df07c4b26ba2947899a205530f4c028,2019-12,Staffordshire Police,Staffordshire Police,-2.181110,53.015979,On or near HARCOURT STREET,E01014281,Stoke-on-Trent 015A,Investigation complete; no suspect identified
51870b2814b2ade551b90d0c8c39265e60fbb6d46f699e70b2ab1c4bdd050e51,2019-12,Staffordshire Police,Staffordshire Police,-2.175436,53.108943,On or near CASTLE VIEW,E01029765,Staffordshire Moorlands 003C,Investigation complete; no suspect identified
a3f51b38fd54f2ca88466374d6f137a04888db0ee8f5010a429eb7ec4a3a2947,2019-12,Staffordshire Police,Staffordshire Police,-2.209536,52.994412,On or near Petrol Station,E01014341,Stoke-on-Trent 023B,Investigation complete; no suspect identified
5069a7e6ed5566e1d78184de9f51704147550b128d444eeefe7d775226811f8d,2019-12,Staffordshire Police,Staffordshire Police,-2.193844,53.030152,On or near Petrol Station,E01014285,Stoke-on-Trent 015B,Investigation complete; no suspect identified
e7855972d5d6f02cbdb2a8758a9592473d2a012977b56402f4b433a1df09517c,2019-12,Staffordshire Police,Staffordshire Police,-2.197645,53.049473,On or near CAULTON STREET,E01014247,Stoke-on-Trent 009A,Investigation complete; no suspect identified
dc83d0c0abb8c7ac7ac57b6b9b73d620052ce1ee194e738accbca71081bff512,2019-12,Staffordshire Police,Staffordshire Police,-1.797218,53.093691,On or near MILLWAY LANE,E01029801,Staffordshire Moorlands 007A,Investigation complete; no suspect identified
57f06cc5d47e8a2ff287e525c6af47f15c890ac69c48d2d0db230ea7c86cb9c6,2019-12,Staffordshire Police,Staffordshire Police,-1.797218,53.093691,On or near MILLWAY LANE,E01029801,Staffordshire Moorlands 007A,Investigation complete; no suspect identified
d6dadf69deeeefec84cb2aa2e6ae9294dccf16f6c5bde3f45492fa99ed2aaa24,2019-12,Staffordshire Police,Staffordshire Police,-2.137465,52.987775,On or near GOLD STREET,E01014302,Stoke-on-Trent 022D,Investigation complete; no suspect identified
be8f8000001801dbc09e631bde883de257c362576d3bc7e3b7c1a00b20e518c6,2019-12,Staffordshire Police,Staffordshire Police,-2.199287,52.981764,On or near Pedestrian Subway,E01014346,Stoke-on-Trent 030A,Investigation complete; no suspect identified
f5d7133d36c30821a0db7fe5300617cd3663eb492e01d6dd16ac37ebbcff76d9,2019-12,Staffordshire Police,Staffordshire Police,-2.181121,53.011367,On or near SEAFORD STREET,E01014283,Stoke-on-Trent 016E,Investigation complete; no suspect identified
92e05fbc3da78cb19b9bb5260aa0cf3120d1b0ecb8e45992b7b78c8e27fbdda3,2019-12,Staffordshire Police,Staffordshire Police,-2.213789,53.062056,On or near GROSVENOR PLACE,E01014361,Stoke-on-Trent 005D,Investigation complete; no suspect identified
355bccf3e8640f77d58b3421cdb966bac2a78028f70580bc1eb20db4c019121d,2019-12,Staffordshire Police,Staffordshire Police,-2.166766,52.999181,On or near TEMPLE STREET,E01014275,Stoke-on-Trent 020B,Investigation complete; no suspect identified
7aae8fe6b3685edea04e22728cc8c338aacfeb5a1446c7f368a37ea71c95a827,2019-12,Staffordshire Police,Staffordshire Police,-2.198484,53.050271,On or near BARBER STREET,E01014247,Stoke-on-Trent 009A,Investigation complete; no suspect identified
46df4b065b59398a4d57b3a51f4739f0d6b9cb24283cc38e645fdc06213da90f,2019-12,Staffordshire Police,Staffordshire Police,-2.216608,53.058977,On or near NASH PEAKE STREET,E01014354,Stoke-on-Trent 005A,Investigation complete; no suspect identified
e5fb35dc3ba7712133b7983c9b968258d47cc719ebf15e960166c6aa3e4c5012,2019-12,Staffordshire Police,Staffordshire Police,-2.213789,53.062056,On or near GROSVENOR PLACE,E01014361,Stoke-on-Trent 005D,Investigation complete; no suspect identified
4f2981afdb7e2ba1863c20e37d2b073b6635a0297772a3231b6be01b92a9384d,2019-12,Staffordshire Police,Staffordshire Police,-2.225696,53.013511,On or near Parking Area,E01029604,Newcastle-under-Lyme 011E,Investigation complete; no suspect identified
9188a4a84e7adc6f3ec776be5e138ac8a00e7b35ce6d91d712608a49029482db,2019-12,Staffordshire Police,Staffordshire Police,-2.299222,53.043480,On or near WYNBANK CLOSE,E01029556,Newcastle-under-Lyme 005E,Investigation complete; no suspect identified
6b50ef13701e594a07e2b839e077cbef22bebea46b8bf7a596be3fe9ef385223,2019-12,Staffordshire Police,Staffordshire Police,-2.299341,53.047849,On or near RYEHILLS,E01029556,Newcastle-under-Lyme 005E,Investigation complete; no suspect identified
3283b5a7f0fd1354044ddfc36e762765eb4f45bbb16b9a3adbdf5ef4c3f384d3,2019-12,Staffordshire Police,Staffordshire Police,-2.224997,52.988001,On or near DENTON CLOSE,E01029589,Newcastle-under-Lyme 015B,Investigation complete; no suspect identified
f04d0f00f036705d66f9120fc865e720f82b613dc2b0689e66102cfa4b03b231,2019-12,Staffordshire Police,Staffordshire Police,-1.985984,52.994866,On or near FROGHALL ROAD,E01029782,Staffordshire Moorlands 010B,Investigation complete; no suspect identified
df14c68ce066e11019fde13f5a20386f4f30eb319ea04b3bdde17a8b3af9c7f9,2019-12,Staffordshire Police,Staffordshire Police,-2.238093,53.085786,On or near LIVERPOOL ROAD,E01029588,Newcastle-under-Lyme 002D,Investigation complete; no suspect identified
cacbd351c8e8269b36cda740e4426fd4b051df50882e67fdab37dce20e8e2fc3,2019-12,Staffordshire Police,Staffordshire Police,-2.175320,53.010738,On or near DARNLEY STREET,E01014284,Stoke-on-Trent 016F,Investigation complete; no suspect identified
459db5b61976d8f0779bd5b92872d1094227a61dc298948337830cb07f2822ef,2019-12,Staffordshire Police,Staffordshire Police,-2.218390,53.004131,On or near Pedestrian Subway,E01029602,Newcastle-under-Lyme 011C,Investigation complete; no suspect identified
2b67bc9b80959a536fd762fe1bb5850ce2e69a95f46dc55a3d2be3992414d903,2019-12,Staffordshire Police,Staffordshire Police,-2.120538,53.001961,On or near Bus/Coach Station,E01014229,Stoke-on-Trent 017F,Investigation complete; no suspect identified
98abd99b922b4fe1d95eccba62763f70387bf516a7682b6a3f9145cb97a7b513,2019-12,Staffordshire Police,Staffordshire Police,-2.177441,53.029890,On or near LOWER BRYAN STREET,E01014330,Stoke-on-Trent 013E,Investigation complete; no suspect identified
7605e59cd8345eb8acf0ff25057fd69bf272e5d5f500af0a9203765167fd177b,2019-12,Staffordshire Police,Staffordshire Police,-2.132194,53.017427,On or near AYLESBURY ROAD,E01014222,Stoke-on-Trent 017C,Investigation complete; no suspect identified
dd6e48dd6724d7657dcce2d44a348d12b7920bcafda9f968d009fe98906c7e74,2019-12,Staffordshire Police,Staffordshire Police,-2.174869,53.024330,On or near ALBION SQUARE,E01014287,Stoke-on-Trent 015D,Investigation complete; no suspect identified
d879d5029c4d54cc733b5f0a0d9587f658028a22bd802f2299b4e4286e066020,2019-12,Staffordshire Police,Staffordshire Police,-2.163234,52.995123,On or near STATION BRIDGE ROAD,E01014279,Stoke-on-Trent 020E,Investigation complete; no suspect identified
4f8e0ebda0a38c44887c40ded35c501dbb40704796cb8ff822f38e3f10429940,2019-12,Staffordshire Police,Staffordshire Police,-2.199435,53.068796,On or near FRANCIS STREET,E01014241,Stoke-on-Trent 006A,Investigation complete; no suspect identified
433c6a8ba41120eb9db6a65ce0f6cb3b1ec568a99c5b832d730b6b8d40dbbba2,2019-12,Staffordshire Police,Staffordshire Police,-2.191591,53.046651,On or near Pedestrian Subway,E01014251,Stoke-on-Trent 009C,Investigation complete; no suspect identified
79adcd7f915687493cf71a1eeb2abcda1c0099ac108eeb721c34552731412906,2019-12,Staffordshire Police,Staffordshire Police,-2.239879,53.087491,On or near KING STREET,E01029588,Newcastle-under-Lyme 002D,Investigation complete; no suspect identified
20e02017867234942001f4523723224f2f06105dd8e5c9d26963de3c9672feec,2019-12,Staffordshire Police,Staffordshire Police,-2.192404,53.028195,On or near RIDGEHOUSE DRIVE,E01014285,Stoke-on-Trent 015B,Investigation complete; no suspect identified
2ef43ba302acfa17e4ed39f0033b14761f4f38cc5bbe55968ed54cf68a73472a,2019-12,Staffordshire Police,Staffordshire Police,-2.165563,53.008217,On or near LORDSHIP LANE,E01014276,Stoke-on-Trent 020C,Investigation complete; no suspect identified
3057b52d9fa8bc1c8d6a953fe778c9a0f87b0cfea8614d5656ae28999e3592ce,2019-12,Staffordshire Police,Staffordshire Police,-2.172464,53.049359,On or near SKIPACRE AVENUE,E01014268,Stoke-on-Trent 008C,Investigation complete; no suspect identified
3917df019a95496d0061eeeb99015a8d2ec05d8d0e0b14e39235402b70aef267,2019-12,Staffordshire Police,Staffordshire Police,-2.186155,53.003620,On or near Theatre/Concert Hall,E01014345,Stoke-on-Trent 019E,Investigation complete; no suspect identified
8296feece9305ef042448502c2bab1b2358e19e45ec847e2fa277d76799995a0,2019-12,Staffordshire Police,Staffordshire Police,,,No location,,,Investigation complete; no suspect identified
ade8ada82adf9de339f9cd6093175108d93005ea318ee1b2da7c56a7c52c6ad5,2019-12,Staffordshire Police,Staffordshire Police,-2.142940,53.026188,On or near CENTRAL AVENUE,E01014219,Stoke-on-Trent 014B,Investigation complete; no suspect identified
f9b43827a3c22c925123e62101cc6377d454b7839f3868b7840f0a82fe8662b2,2019-12,Staffordshire Police,Staffordshire Police,-2.166017,53.009969,On or near VICTORIA ROAD,E01014282,Stoke-on-Trent 016D,Investigation complete; no suspect identified
1891a99e59a9df67af56602987b37ec2a63f1ef6342afe9aa02eeeaf46cb4e02,2019-12,Staffordshire Police,Staffordshire Police,-2.288113,52.992539,On or near Petrol Station,E01029576,Newcastle-under-Lyme 012A,Investigation complete; no suspect identified
b3ec06629fb74500419123dbedc12ed14218bedb921ef8f2c0a535029a72598f,2019-12,Staffordshire Police,Staffordshire Police,-2.185148,53.018930,On or near RECTORY ROAD,E01014286,Stoke-on-Trent 015C,Investigation complete; no suspect identified
5b4ac150e3ffc026eb723814b68b2c8a35d6010b12b022c9709671a23e1b2181,2019-12,Staffordshire Police,Staffordshire Police,-2.223057,52.987403,On or near Hospital,E01029589,Newcastle-under-Lyme 015B,Investigation complete; no suspect identified
e2618387c66a3e52268c113954c3529363bafefa5cde7c1f14d8fbec6bba646e,2019-12,Staffordshire Police,Staffordshire Police,,,No location,,,Investigation complete; no suspect identified
91f85feed3d1c1d93d36bf45c0bbf5f7e40e8c70af1aca538b04c893c15663e7,2019-12,Staffordshire Police,Staffordshire Police,,,No location,,,Investigation complete; no suspect identified
4fc72fd81b7e278415c81cbc1a9148dc2110acce9f0bfb5e5c6ce106f165b8d7,2019-12,Staffordshire Police,Staffordshire Police,,,No location,,,Investigation complete; no suspect identified
858548279ddf45cc04a879b0cdf0937e98be5eea9df7a1b752f9a53092813f63,2019-12,Staffordshire Police,Staffordshire Police,-2.198149,53.045454,On or near MARKET PLACE,E01014251,Stoke-on-Trent 009C,Investigation complete; no suspect identified
ce0f884a27fe6a8c588945c65ed0bed5b725e5517f77619349d670592835417d,2019-12,Staffordshire Police,Staffordshire Police,-2.217524,53.024520,On or near CHAPEL STREET,E01029577,Newcastle-under-Lyme 009A,Investigation complete; no suspect identified
a05e024e0da89ed9f4c70191e4b379a3d662baab290cc066ba30d2c27fc62c96,2019-12,Staffordshire Police,Staffordshire Police,-2.028830,53.101941,On or near HARTINGTON STREET,E01029812,Staffordshire Moorlands 005D,Investigation complete; no suspect identified
63245c0b2301af1a379ce5ff6e3ef3e29f41fb23b20ec6cf076ba00db673cd3c,2019-12,Staffordshire Police,Staffordshire Police,-2.203474,53.020176,On or near GARNER STREET,E01029580,Newcastle-under-Lyme 009C,Investigation complete; no suspect identified
e36f433b4ee878d26d1795896b1e7e9c85ad270b4a44b9d95f4f3d502a42d085,2019-12,Staffordshire Police,Staffordshire Police,-2.148296,53.022820,On or near HEMING PLACE,E01014230,Stoke-on-Trent 014F,Investigation complete; no suspect identified
1aac4ecdd7b3a055573b277a3d2f0e021b53be76851feee0358a4ab320a16e73,2019-12,Staffordshire Police,Staffordshire Police,-2.253431,53.086672,On or near MILLSTONE AVENUE,E01029541,Newcastle-under-Lyme 003B,Investigation complete; no suspect identified
d7b525b042397a034589dbb52e178941974af8547a6d49f765404c61adbd0d13,2019-12,Staffordshire Police,Staffordshire Police,-2.070506,52.968867,On or near UTTOXETER ROAD,E01029702,Stafford 001A,Investigation complete; no suspect identified
94899469e62decdd4f883f054980c17f2751912516258ddb69e666f163ce9c8c,2019-12,Staffordshire Police,Staffordshire Police,-2.133371,53.017417,On or near BRECON WAY,E01014221,Stoke-on-Trent 017B,Investigation complete; no suspect identified
ad8d32d190408e9013f5f634f7509f71030e9dd3094f4d76f0b515aa9e312e0d,2019-12,Staffordshire Police,Staffordshire Police,-2.152126,52.967307,On or near WYNDHAM ROAD,E01014238,Stoke-on-Trent 032D,Investigation complete; no suspect identified
fb9f9713108b8756436fcf901027c7e8f3718d6ce519dfea3dfcdc825adb5907,2019-12,Staffordshire Police,Staffordshire Police,-2.253431,53.086672,On or near MILLSTONE AVENUE,E01029541,Newcastle-under-Lyme 003B,Investigation complete; no suspect identified
41e25c167c4979f1410ec495225f8f35e5af3bf96158b450db49706fac3a1aa2,2019-12,Staffordshire Police,Staffordshire Police,-2.141586,53.022307,On or near TOWNSEND PLACE,E01014218,Stoke-on-Trent 014A,Investigation complete; no suspect identified
5cf482986df2418ab16cd2ba4c8bd3348969e96350fc08e0ad547225df676eb2,2019-12,Staffordshire Police,Staffordshire Police,-2.186363,52.993156,On or near BANNISTER CLOSE,E01014343,Stoke-on-Trent 023D,Investigation complete; no suspect identified
7543e17dbbf136fb0a1cd88de2016c3ab82ca80a8e4c4d8659ba7415147ecb06,2019-12,Staffordshire Police,Staffordshire Police,-2.223542,53.009245,On or near WELL STREET,E01029602,Newcastle-under-Lyme 011C,Investigation complete; no suspect identified
d5cc36961b89c58a784506bb7bb6befdf13c430de4c43174ef2bfe50f9509b90,2019-12,Staffordshire Police,Staffordshire Police,-2.170572,53.046153,On or near HAVEN AVENUE,E01014266,Stoke-on-Trent 008B,Investigation complete; no suspect identified
6e919854b362719e378dd35b6647771ed6be87ed019f0cb31929e053a001c44c,2019-12,Staffordshire Police,Staffordshire Police,-2.207510,52.985165,On or near LYME BROOK PLACE,E01014344,Stoke-on-Trent 023E,Investigation complete; no suspect identified
e4ee560f063e3ba1af96f7a47df6c6f49fb287a396677daa2f3293197672ee3e,2019-12,Staffordshire Police,Staffordshire Police,,,No location,,,Investigation complete; no suspect identified
183ffa70de289a7efa9a6aba667724aac8d6d3c9aa076f37ddfecc6ed4c13b05,2019-12,Staffordshire Police,Staffordshire Police,-2.166017,53.009969,On or near VICTORIA ROAD,E01014282,Stoke-on-Trent 016D,Investigation complete; no suspect identified
a30196fc84967dbc4124d85f563bff19f69cf8e29f41c20871d0a20870d1602a,2019-12,Staffordshire Police,Staffordshire Police,,,No location,,,Investigation complete; no suspect identified
b161756537e90af2e1a48775e5c8b88484cab20ff65b3b1574f85e7b5d3fe9c5,2019-12,Staffordshire Police,Staffordshire Police,-2.195753,52.980862,On or near CHURCH LANE,E01014346,Stoke-on-Trent 030A,Investigation complete; no suspect identified
c3f3e6ba383d8476cd58004772317914a98b96a087e3ac778950c87b404cbfd2,2019-12,Staffordshire Police,Staffordshire Police,,,No location,,,Investigation complete; no suspect identified
54ca1de36b57b391ec059f6be8022b9c52911a3ca7cc4499debc7c68b8d6ccbb,2019-12,Staffordshire Police,Staffordshire Police,-2.088691,52.971318,On or near Petrol Station,E01014315,Stoke-on-Trent 033A,Investigation complete; no suspect identified
c9c902d0452ba42a146f5c7e7721489f5731c4d89be0b12d2993716a5819086e,2019-12,Staffordshire Police,Staffordshire Police,-2.199616,52.982060,On or near A500,E01014346,Stoke-on-Trent 030A,Investigation complete; no suspect identified
0c094efa5a871f8f496b6e311f439ff68acefc73fec8418370b743e66fa56b2f,2019-12,Staffordshire Police,Staffordshire Police,-2.226687,53.040441,On or near BENNETT PLACE,E01029537,Newcastle-under-Lyme 006A,Investigation complete; no suspect identified
fd2f7c515e29e309c99c16841e9c97fd53205da8dc559a44eaaf07e10bdbcd93,2019-12,Staffordshire Police,Staffordshire Police,-2.257422,53.082357,On or near HIGHER ASH ROAD,E01029541,Newcastle-under-Lyme 003B,Investigation complete; no suspect identified
d139b55fd7b3d5e4978bc221f36c61d608a0fdac56f0a4e6c4db89e233d9d60d,2019-12,Staffordshire Police,Staffordshire Police,-2.153797,52.980851,On or near BROWNING ROAD,E01014308,Stoke-on-Trent 027A,Investigation complete; no suspect identified
57212cbbdd1f56924c48e5ee10b988515f4bed935db91c122c686111994040d8,2019-12,Staffordshire Police,Staffordshire Police,-2.192995,53.053804,On or near SANDRA CLOSE,E01014244,Stoke-on-Trent 006D,Investigation complete; no suspect identified
03e3e551a6166c3e8f4d5c4be0a926c9093d3a15cf2273bebbe8c70e4b5858a9,2019-12,Staffordshire Police,Staffordshire Police,-2.186784,53.052609,On or near WILSON STREET,E01014245,Stoke-on-Trent 006E,Investigation complete; no suspect identified
1e0f21f018c8416eeb077c38dbc5dccb325dc29fea81d3af59e44de87de89f74,2019-12,Staffordshire Police,Staffordshire Police,-2.171599,53.049504,On or near COMMUNITY DRIVE,E01014268,Stoke-on-Trent 008C,Investigation complete; no suspect identified
7fe362dc305c323817067de5da8df395d277bb756e156aea7136d28e9977c64e,2019-12,Staffordshire Police,Staffordshire Police,-2.214670,53.038225,On or near VALE VIEW,E01029584,Newcastle-under-Lyme 008B,Investigation complete; no suspect identified
f0b079782fb5532be864ea9e168d44b73c7523b2b9f2671d9cd6ea2bc92a9a12,2019-12,Staffordshire Police,Staffordshire Police,-2.131125,52.989472,On or near BATHURST STREET,E01014302,Stoke-on-Trent 022D,Investigation complete; no suspect identified
8b10e04cbce304fdbdb8b0431a59989ccb571dd38864a53109f88b97338500c2,2019-12,Staffordshire Police,Staffordshire Police,-2.188942,53.051366,On or near TELLWRIGHT STREET,E01014247,Stoke-on-Trent 009A,Investigation complete; no suspect identified
3b5de1d40b1bf6420a1357cb253b5b6c3e6802ef5640893e344b41c016521787,2019-12,Staffordshire Police,Staffordshire Police,-2.195449,52.999236,On or near HUNTERS DRIVE,E01014295,Stoke-on-Trent 019B,Investigation complete; no suspect identified
b9d5f884ebf2680daa2a7f354202311e4f815c844ad17c6361d8b44b95c27c45,2019-12,Staffordshire Police,Staffordshire Police,-2.083734,52.987340,On or near MILL CLOSE,E01029778,Staffordshire Moorlands 012A,Investigation complete; no suspect identified
63db64f55e9bf77234c32193e3ce86cce5176cb5d42b296b66f33cd33c5a35ef,2019-12,Staffordshire Police,Staffordshire Police,-2.169301,53.030316,On or near FREE TRADE STREET,E01014330,Stoke-on-Trent 013E,Investigation complete; no suspect identified
e693e1440039b040c53ce7eb6610fed6b428c3b2062dd030f35d225a4d842d50,2019-12,Staffordshire Police,Staffordshire Police,,,No location,,,Investigation complete; no suspect identified
f0f6cb15b4c6550755ad873a9211c90e08823c39027f4af3a119872b34187ddb,2019-12,Staffordshire Police,Staffordshire Police,,,No location,,,Investigation complete; no suspect identified
295d0fcb9828dc72d4d014d3a6257670eec6ec2038c953dbac2e1a95dddf6348,2019-12,Staffordshire Police,Staffordshire Police,-2.232788,52.999259,On or near THE SQUARE,E01029606,Newcastle-under-Lyme 015F,Investigation complete; no suspect identified
3b9327e7fb690df9d9bbff57718c9d508e75fc6159e6f40bdd629d55fede00f1,2019-12,Staffordshire Police,Staffordshire Police,-2.155369,52.966673,On or near ULVERSTON ROAD,E01014238,Stoke-on-Trent 032D,Investigation complete; no suspect identified
6e4854daec6bef4a0159c47ca68764474fd38b639f36f7e552fa171089330603,2019-12,Staffordshire Police,Staffordshire Police,-2.157522,52.981458,On or near POPLAR DRIVE,E01014240,Stoke-on-Trent 026D,Investigation complete; no suspect identified
a2277ad9af8578d0056633ee83fc1421e260a054ed7394c3ec2b7fe40d090065,2019-12,Staffordshire Police,Staffordshire Police,-2.186063,53.003089,On or near LONDON ROAD,E01014345,Stoke-on-Trent 019E,Investigation complete; no suspect identified
fc7c02013e9f8ab6b90716b8105e534f720c8455b13995fbd5f870abcff4d761,2019-12,Staffordshire Police,Staffordshire Police,-2.211392,53.014607,On or near CLARE STREET,E01014288,Stoke-on-Trent 018A,Investigation complete; no suspect identified
fc50993a81972d4cc0c4c98e005ce79f1bcd7cb81a22eedb24ad4a15ff4c84de,2019-12,Staffordshire Police,Staffordshire Police,-2.189477,53.074727,On or near CHARNOCK PLACE,E01014260,Stoke-on-Trent 001D,Investigation complete; no suspect identified
e32dd738d5242406485d01488d5abd88857df90efeedbd2bbf497baabd6f0099,2019-12,Staffordshire Police,Staffordshire Police,-2.253604,53.042436,On or near HIGH STREET,E01029548,Newcastle-under-Lyme 007B,Investigation complete; no suspect identified
50b369182c9e7ed9f09c403c733fb26d0d222a50dfee48be81cfcb8987600beb,2019-12,Staffordshire Police,Staffordshire Police,-2.185366,53.000268,On or near BOOTH STREET,E01014345,Stoke-on-Trent 019E,Investigation complete; no suspect identified
ebac77814d87130e3c918145b7ccc37aab3488322ad5cf2986c408a17870030b,2019-12,Staffordshire Police,Staffordshire Police,,,No location,,,Investigation complete; no suspect identified
6eebaf9db44961e25e3244ef2b61b44cc266b49bf7860c3a206dbf782c380670,2019-12,Staffordshire Police,Staffordshire Police,-2.203438,53.044114,On or near LYNDHURST STREET,E01014250,Stoke-on-Trent 009B,Investigation complete; no suspect identified
83fde7d8076f979eb2ac7688daa19117af9b37a3581622f5d09b7db24ba021f4,2019-12,Staffordshire Police,Staffordshire Police,-2.023320,53.104900,On or near Parking Area,E01029804,Staffordshire Moorlands 005A,Investigation complete; no suspect identified
84e94bcf7c0ee3ff2bfe896c2f075f0351b4b36dd1365753db5db1692fff689a,2019-12,Staffordshire Police,Staffordshire Police,,,No location,,,Investigation complete; no suspect identified
21ccebfd33f5069078c5ae7ec3aec8980e46239f55d8836a2d92fb1069864b9c,2019-12,Staffordshire Police,Staffordshire Police,-2.208210,53.115129,On or near MOW COP ROAD,E01029773,Staffordshire Moorlands 004D,Investigation complete; no suspect identified
716e06aaf2413b3041453d2ef39e2086e7861367b39a53ce485a48568ef89cd7,2019-12,Staffordshire Police,Staffordshire Police,-2.149488,52.979527,On or near ROOKERY AVENUE,E01014233,Stoke-on-Trent 026A,Investigation complete; no suspect identified
11bfd7cdd081ae39981404df9ae096ceca60d7e7ded817199623d12107ed6d22,2019-12,Staffordshire Police,Staffordshire Police,-2.197599,52.977488,On or near JANSON STREET,E01014353,Stoke-on-Trent 030D,Investigation complete; no suspect identified
07f010c17c3a13b67b990564f324e4e11a3aaaa1ab562b26fe578c862f240336,2019-12,Staffordshire Police,Staffordshire Police,-2.155514,52.973667,On or near FALLOW FIELD,E01014235,Stoke-on-Trent 032A,Investigation complete; no suspect identified
b2268f72bdff4424cd6ccd322879178dbe4619dfceb72a5fae4a3b14c08c018b,2019-12,Staffordshire Police,Staffordshire Police,-2.186063,53.003089,On or near LONDON ROAD,E01014345,Stoke-on-Trent 019E,Investigation complete; no suspect identified
a683ff6e436d36ee646ac03cbfb6db26400950741dd9ce920e32b8d81511526a,2019-12,Staffordshire Police,Staffordshire Police,,,No location,,,Investigation complete; no suspect identified
e0c97af48a230ae48016fdcbab312f89322f1133d35ef8dc31093393e15d39e9,2019-12,Staffordshire Police,Staffordshire Police,-2.032000,53.106704,On or near ANGLE STREET,E01029814,Staffordshire Moorlands 005E,Investigation complete; no suspect identified
4456edadfdb913883cf9b050dd1832147e7f5968ed881f83317f60eb3426c86b,2019-12,Staffordshire Police,Staffordshire Police,-2.169200,53.027322,On or near DYKE STREET,E01014328,Stoke-on-Trent 013C,Investigation complete; no suspect identified
59c042596260fe08d38430e532fcc15d270159d986e6a01245a737133d7e22c2,2019-12,Staffordshire Police,Staffordshire Police,-2.214219,53.040617,On or near Petrol Station,E01014250,Stoke-on-Trent 009B,Investigation complete; no suspect identified
903c748275ecab4af2e98cf50d53dbfc9c553932dba1f870addab006af86cc09,2019-12,Staffordshire Police,Staffordshire Police,-1.995043,52.984754,On or near RAWLE CLOSE,E01029786,Staffordshire Moorlands 011C,Investigation complete; no suspect identified
73eb99bfd0ae1e36930c03f939c63ab3a5fcbaa59a23b5ba02d0bb14656c630f,2019-12,Staffordshire Police,Staffordshire Police,-2.161695,53.045689,On or near BERWICK ROAD,E01014271,Stoke-on-Trent 008E,Investigation complete; no suspect identified
5d0a1d2bc772e5ee0dbb9b86dbc6b82b8a450ad10313e58d5c7d100991604630,2019-12,Staffordshire Police,Staffordshire Police,-2.129020,53.013062,On or near DAWLISH DRIVE,E01014222,Stoke-on-Trent 017C,Investigation complete; no suspect identified
10293c2a37e16aa0eb6382b7f3d4483bb7706251af48cb9f529b373ec574fec3,2019-12,Staffordshire Police,Staffordshire Police,-2.227197,53.092055,On or near Supermarket,E01029563,Newcastle-under-Lyme 002B,Investigation complete; no suspect identified
705964341540ca3847c195baeb19b1bf0e34317ff22f2714e82aa8d51f3ebc3b,2019-12,Staffordshire Police,Staffordshire Police,-2.239879,53.087491,On or near KING STREET,E01029588,Newcastle-under-Lyme 002D,Investigation complete; no suspect identified
238b76b4f46f70f4aa43635fa536946b1c905a365503a6b7c0a4ac788f5a1f8b,2019-12,Staffordshire Police,Staffordshire Police,,,No location,,,Investigation complete; no suspect identified
539bc0a59b6dd350c4354c64c8248fb4a4b36cc1b87a6ba7b8e79eeb9ba29a23,2019-12,Staffordshire Police,Staffordshire Police,-2.132485,53.010523,On or near UTTERBY SIDE,E01014229,Stoke-on-Trent 017F,Investigation complete; no suspect identified
4cee5c3f2fd4ef1eaa202cd413d8f4e5445750a39381c63cc84891c917680b08,2019-12,Staffordshire Police,Staffordshire Police,-2.188227,53.037946,On or near KIRBY STREET,E01014254,Stoke-on-Trent 011C,Investigation complete; no suspect identified
74e9d42fe1baf6438301638f386258e2b89f2be22d14057002820c1b5272ff5c,2019-12,Staffordshire Police,Staffordshire Police,-2.175805,53.027295,On or near Shopping Area,E01014287,Stoke-on-Trent 015D,Investigation complete; no suspect identified
854ffac64b2c7556b00ffa15d7e6de8e754e21f573b9e16a41be08126683c6d4,2019-12,Staffordshire Police,Staffordshire Police,-2.224366,52.992740,On or near DEVON CLOSE,E01029549,Newcastle-under-Lyme 014A,Investigation complete; no suspect identified
d3d7d1c13e459add7d192ff0e1651fce67f10082fd8a0cb437290bbf04ed4236,2019-12,Staffordshire Police,Staffordshire Police,-2.125592,53.007699,On or near Petrol Station,E01014229,Stoke-on-Trent 017F,Investigation complete; no suspect identified
c51760e5a8325142aae37657cfd1e2e85a219d08df4aac2ced0d370a87366f6c,2019-12,Staffordshire Police,Staffordshire Police,-2.299222,53.043480,On or near WYNBANK CLOSE,E01029556,Newcastle-under-Lyme 005E,Investigation complete; no suspect identified
4a6c5d7b1a8776c2f9b1bc8b56b2af444e485fd693833b5efb2bd583c8fe0ba2,2019-12,Staffordshire Police,Staffordshire Police,-2.197645,53.049473,On or near CAULTON STREET,E01014247,Stoke-on-Trent 009A,Investigation complete; no suspect identified
763ea1209f84baf22415a24d37cd6ef1003b7e141f42db692b49e5545f5c7421,2019-12,Staffordshire Police,Staffordshire Police,-2.133464,52.979905,On or near KILDARE STREET,E01014309,Stoke-on-Trent 027B,Investigation complete; no suspect identified
cdc67bdeb9ebbcc8f1281303c0ffc9e5bc7a765f95a9f8db35b1df552ba0c36c,2019-12,Staffordshire Police,Staffordshire Police,-2.257679,53.067938,On or near ARBOUR STREET,E01029597,Newcastle-under-Lyme 003F,Investigation complete; no suspect identified
73e2986e5867b9c50c597a862e3701c2e55551b9a6566d28bc23a8c6acb7f577,2019-12,Staffordshire Police,Staffordshire Police,-2.342792,52.998633,On or near Supermarket,E01029575,Newcastle-under-Lyme 013D,Investigation complete; no suspect identified
0740a80b9c5316c3b0a53cc9fd00eb5562d87d35423607b639c406acdc1348e1,2019-12,Staffordshire Police,Staffordshire Police,-2.299222,53.043480,On or near WYNBANK CLOSE,E01029556,Newcastle-under-Lyme 005E,Investigation complete; no suspect identified
c73ce7e97404c1363050f1f3c56fd831837c75a57d7b17d943827e012aebd21a,2019-12,Staffordshire Police,Staffordshire Police,-2.101834,52.987946,On or near PARTON GROVE,E01014365,Stoke-on-Trent 024C,Investigation complete; no suspect identified
bb941bcb0819d59be39da556dad0c124ee2859e4d82ed38ec55098eccd9cc9ba,2019-12,Staffordshire Police,Staffordshire Police,-2.219769,53.005854,On or near SLANEY STREET,E01029602,Newcastle-under-Lyme 011C,Investigation complete; no suspect identified
d4ca83b964cfb723f3f269ada8ac0afaadcff253e58f61ea97b374a306d208f6,2019-12,Staffordshire Police,Staffordshire Police,-2.226880,52.986407,On or near ASHDALE RISE,E01029589,Newcastle-under-Lyme 015B,Investigation complete; no suspect identified
ca23d816b771ce2d87eb06b6f133bf8af05b39e8d702a99bf19705ad1e4b2ff8,2019-12,Staffordshire Police,Staffordshire Police,-1.989681,52.984699,On or near MEADOW DRIVE,E01029787,Staffordshire Moorlands 011D,Investigation complete; no suspect identified
bf63b504554ba366058bcb150d68f6d6a3bcaec3c69bc19b9ba86987428ce08e,2019-12,Staffordshire Police,Staffordshire Police,,,No location,,,Investigation complete; no suspect identified
04cb0f03b5217103b4bd6aa758fae4b2d2a1a39bb07c9661ff8e3b083937d1cb,2019-12,Staffordshire Police,Staffordshire Police,-2.218610,53.006513,On or near HAWKESTONE CLOSE,E01029602,Newcastle-under-Lyme 011C,Investigation complete; no suspect identified
51900a817cec321f269008d142c251cd981a355fb9cdae00c55c348101611991,2019-12,Staffordshire Police,Staffordshire Police,-2.101856,52.978292,On or near STATION VIEW,E01014368,Stoke-on-Trent 028D,Investigation complete; no suspect identified
7662ab9a53a4910001bec2d149020ef1ddd4921b595e45207838898bc616f628,2019-12,Staffordshire Police,Staffordshire Police,-1.975664,52.985668,On or near ROCKINGHAM DRIVE,E01029784,Staffordshire Moorlands 013A,Investigation complete; no suspect identified
b09e95a5241367f6a02b381732035761e665aeb0629ec71bca8a8ac1f599d536,2019-12,Staffordshire Police,Staffordshire Police,-2.155302,52.964489,On or near YARDLEY PLACE,E01014238,Stoke-on-Trent 032D,Investigation complete; no suspect identified
f459772a25caca0ab22fe9f212b9699ce17e60c640700838805c0c3b90339329,2019-12,Staffordshire Police,Staffordshire Police,-2.103287,52.978866,On or near Supermarket,E01014321,Stoke-on-Trent 028A,Investigation complete; no suspect identified
5647e0f0e026f23d9017ed1d0d88d9d187ba342d4ae9fa4bf1e3c097a8fe4702,2019-12,Staffordshire Police,Staffordshire Police,,,No location,,,Investigation complete; no suspect identified
f1f5ce0f023b79a5873131fb2e76d05cccf8c9f00c6bbcb6888b343f8ef0c13b,2019-12,Staffordshire Police,Staffordshire Police,-2.224606,52.984496,On or near WESTBURY ROAD,E01033257,Newcastle-under-Lyme 015H,Investigation complete; no suspect identified
0d19f59af0464305124acae66c61336373d36f8cb2313d928969ee8640d98ed9,2019-12,Staffordshire Police,Staffordshire Police,-2.368859,53.032660,On or near COURT WALK,E01029557,Newcastle-under-Lyme 013A,Investigation complete; no suspect identified
ce0d77d1603c5c3efba8cd60b01678e601032398bd0d2c198eee868fbc86d699,2019-12,Staffordshire Police,Staffordshire Police,,,No location,,,Investigation complete; no suspect identified
20f22bdeea60612bec82799ce415e3c283ab455d7272301966e2bc41d9fb3f19,2019-12,Staffordshire Police,Staffordshire Police,-2.017677,53.110779,On or near MILK STREET,E01029808,Staffordshire Moorlands 001C,Investigation complete; no suspect identified
f7183f0f6e918c9a8ae64f515a444e2b0e83857fa5faf7cad1f69e1f50c9ab1b,2019-12,Staffordshire Police,Staffordshire Police,-2.199546,53.086253,On or near SAMUEL STREET,E01014264,Stoke-on-Trent 001E,Investigation complete; no suspect identified
b636ef5cc2a29d3a64639c3eed3c5aab90cdd0a75609e974b51d1543e58aaba0,2019-12,Staffordshire Police,Staffordshire Police,-2.199546,53.086253,On or near SAMUEL STREET,E01014264,Stoke-on-Trent 001E,Investigation complete; no suspect identified
cdf1775cd5b90f2085dbf7b9cfa8c8ec8da2a09c560bbfddb6f2fccf1c8173d8,2019-12,Staffordshire Police,Staffordshire Police,-2.177421,53.017881,On or near SHIRLEY ROAD,E01014287,Stoke-on-Trent 015D,Investigation complete; no suspect identified
6fe551be1abcb2a0b0be2ef170d94679758e3dc1f34eb2750bddc00465fa5395,2019-12,Staffordshire Police,Staffordshire Police,-2.141735,52.981487,On or near KIMBERLEY STREET,E01014311,Stoke-on-Trent 027C,Investigation complete; no suspect identified
dc60c825bd8ba368526ba928266047c31c208ebd5d22aef5a97ac70559a22307,2019-12,Staffordshire Police,Staffordshire Police,-2.095636,52.966997,On or near CONSTABLE CLOSE,E01014318,Stoke-on-Trent 033B,Investigation complete; no suspect identified
22c9a33940aaf34d40e4cba1b3a9c667f2062862286d75e6d3b6ff0e04788d87,2019-12,Staffordshire Police,Staffordshire Police,-2.190843,53.059543,On or near Supermarket,E01014243,Stoke-on-Trent 006C,Investigation complete; no suspect identified
6266e2e95d8692fff9a504d67349dd9a9b2feadcf466d928c1643725493f5f2a,2019-12,Staffordshire Police,Staffordshire Police,-2.215233,53.064535,On or near SMITH CHILD STREET,E01014361,Stoke-on-Trent 005D,Investigation complete; no suspect identified
ddc339aa84e45d3eed1bd8ccbf45e1992b85f17a9c81011552669381631acab0,2019-12,Staffordshire Police,Staffordshire Police,-2.245413,53.007890,On or near KEELE ROAD,E01029599,Newcastle-under-Lyme 010F,Investigation complete; no suspect identified
6611a6f26923536be03875bf1e35f70837f0ca8c58f3a2f6ee8fb5d826ef6260,2019-12,Staffordshire Police,Staffordshire Police,-2.132737,52.980913,On or near OLOF PALME GROVE,E01014306,Stoke-on-Trent 029B,Investigation complete; no suspect identified
a97abc539dc0c549e5693ed9fe4eb1e08f366e451a6c8c05c2f1514c8c1840f4,2019-12,Staffordshire Police,Staffordshire Police,-2.227988,53.007241,On or near FRIARSWOOD ROAD,E01029605,Newcastle-under-Lyme 014E,Investigation complete; no suspect identified
daedd2607f700a33ca2eaeb79e380850367f1d9ed888a22312c9cf6896aa86f1,2019-12,Staffordshire Police,Staffordshire Police,-2.161042,52.970567,On or near NETLEY PLACE,E01014237,Stoke-on-Trent 032C,Investigation complete; no suspect identified
c43ef88889dfb8d8fa00263bb83673d2db35224f6abeda48fd615f0d304066f6,2019-12,Staffordshire Police,Staffordshire Police,-2.196414,53.070662,On or near BARBER PLACE,E01014241,Stoke-on-Trent 006A,Investigation complete; no suspect identified
745a2d4e95621a6afc1504fc19a3663ac86503648f774e9e75c302ff78de7c2f,2019-12,Staffordshire Police,Staffordshire Police,-2.231505,53.015523,On or near Further/Higher Educational Building,E01029555,Newcastle-under-Lyme 011A,Investigation complete; no suspect identified
625a6a71e7b0574f58250b6d71a57c29fc075706d837d3e3b6c237d4de0ee173,2019-12,Staffordshire Police,Staffordshire Police,-2.188227,53.037946,On or near KIRBY STREET,E01014254,Stoke-on-Trent 011C,Investigation complete; no suspect identified
cb64d855621bc9658e4bc83a17fa93076979d904bb5f1d3d5cf815aa3c89e140,2019-12,Staffordshire Police,Staffordshire Police,-2.016512,53.111490,On or near BALL HAYE GREEN,E01029808,Staffordshire Moorlands 001C,Investigation complete; no suspect identified
352960cda9ab31a6e2fcd88075d4789134092ff345602a02218fe8c00dff316c,2019-12,Staffordshire Police,Staffordshire Police,-2.199199,53.020876,On or near ETRURIA OLD ROAD,E01014285,Stoke-on-Trent 015B,Investigation complete; no suspect identified
f1a5f7e649b023c7a2bc172227fc8f8a85a444df6d6143a86fecafa831dd559a,2019-12,Staffordshire Police,Staffordshire Police,-2.134995,53.031375,On or near HADDON PLACE,E01014212,Stoke-on-Trent 012C,Investigation complete; no suspect identified
9c096408b260eba21d8e55c12868d45a2271bc1bc6670aeafe2cb9942a67d518,2019-12,Staffordshire Police,Staffordshire Police,-2.208572,53.066470,On or near LINWOOD WAY,E01014359,Stoke-on-Trent 002C,Investigation complete; no suspect identified
5a76ebd5fc424cabb5c3eb89cf88b660ea190fc618d6046b126ab83514fb8e11,2019-12,Staffordshire Police,Staffordshire Police,,,No location,,,Investigation complete; no suspect identified
fe63301a124621848ee835d51cc286dd086c0245cade7be3148c7c9d7a96f419,2019-12,Staffordshire Police,Staffordshire Police,-2.145325,52.994921,On or near BERDMORE STREET,E01014273,Stoke-on-Trent 021A,Investigation complete; no suspect identified
c6aaf8ff24722f7bad693f53552d139a395a2d1576e32a938168cdc8f2d6c938,2019-12,Staffordshire Police,Staffordshire Police,-2.209382,53.042675,On or near NEPHEW STREET,E01014250,Stoke-on-Trent 009B,Investigation complete; no suspect identified
c1b6e1282a2b3833ed7259575de1fe4c9bd3c5202de7a15d0dafbfe5f159039b,2019-12,Staffordshire Police,Staffordshire Police,-2.141483,53.000104,On or near POOL STREET,E01014280,Stoke-on-Trent 021C,Investigation complete; no suspect identified
0a94cddf370ece4a794f97b3de8141cb21c1c8d38eaf6085b8ddb0906c545463,2019-12,Staffordshire Police,Staffordshire Police,-2.256596,53.051463,On or near BARBRIDGE ROAD,E01029546,Newcastle-under-Lyme 004D,Investigation complete; no suspect identified
4e64455458001546f4fae58f05529806ad7ff25f274bdae1dda8392b0e1c3c3e,2019-12,Staffordshire Police,Staffordshire Police,-2.140760,53.016006,On or near YOULGREAVE AVENUE,E01014226,Stoke-on-Trent 014D,Investigation complete; no suspect identified
405a5f7a7c78b3be691f8ef80829282effcb4e7b5f81410f583a523bba7c356f,2019-12,Staffordshire Police,Staffordshire Police,-2.205014,53.008623,On or near FORSYTH CLOSE,E01014290,Stoke-on-Trent 018C,Investigation complete; no suspect identified
f27eb7dd57141b03e02dc1fd71320579c5f9eafbb2fffa7a547ae02e812fd08f,2019-12,Staffordshire Police,Staffordshire Police,-2.160975,52.972545,On or near HORSLEY GROVE,E01014237,Stoke-on-Trent 032C,Investigation complete; no suspect identified
02c8e800b6176e236317e5f512e8e056ff0c561a0a85fdc0a912c680e004238d,2019-12,Staffordshire Police,Staffordshire Police,-2.257725,53.073071,On or near CROWN BANK CRESCENT,E01029597,Newcastle-under-Lyme 003F,Investigation complete; no suspect identified
9fd2aacbc008fb063d595e398f4a53774679da9dc8c7e4e984270434427fc353,2019-12,Staffordshire Police,Staffordshire Police,-2.087445,52.973296,On or near UTTOXETER ROAD,E01029702,Stafford 001A,Investigation complete; no suspect identified
755dd69ebf822e3fb3cde12be9073e1bfb79a910b25fa2bddcccd052dd26b1d5,2019-12,Staffordshire Police,Staffordshire Police,-2.187460,53.005604,On or near HARTSHILL ROAD,E01014345,Stoke-on-Trent 019E,Investigation complete; no suspect identified
186eb8f11daa16810ffd817836d16f3b7a5713ea39d8c4cc7a51d0b78d1ce6db,2019-12,Staffordshire Police,Staffordshire Police,-2.159769,52.992907,On or near HERTFORD STREET,E01014279,Stoke-on-Trent 020E,Investigation complete; no suspect identified
554ab22456841aad718671b88f151526a416b20b84fce7575b65e5db431de735,2019-12,Staffordshire Police,Staffordshire Police,-2.199892,53.009665,On or near Petrol Station,E01014291,Stoke-on-Trent 018D,Investigation complete; no suspect identified
2244a9b3e4d15026285bd3f95f21ffa32985b1f0ff839c98dd7638c5192758f2,2019-12,Staffordshire Police,Staffordshire Police,-2.189162,53.070899,On or near ECCLESTON PLACE,E01014262,Stoke-on-Trent 003B,Investigation complete; no suspect identified
75dba65f8a05c67c699b5864189b2a69fbfd23174d0b515e6f2a4eb860ca6a14,2019-12,Staffordshire Police,Staffordshire Police,-2.150441,53.022188,On or near MILLETT ROAD,E01014230,Stoke-on-Trent 014F,Investigation complete; no suspect identified
8e03943ce93128378b7bd30502548dd6e4c4eef1b88291799c78b0415d8dcdbc,2019-12,Staffordshire Police,Staffordshire Police,-2.141483,53.000104,On or near POOL STREET,E01014280,Stoke-on-Trent 021C,Investigation complete; no suspect identified
1abead02b6b84f91b2c6ee734afbfd235377614c16558ecdaea46e893d674694,2019-12,Staffordshire Police,Staffordshire Police,-2.095651,52.980697,On or near MAPLE PLACE,E01014367,Stoke-on-Trent 028C,Investigation complete; no suspect identified
ad5947028921dd222d7e01d932dffef4b1b6d267c92859009e55288d00380de6,2019-12,Staffordshire Police,Staffordshire Police,-2.179547,52.959079,On or near BELVOIR AVENUE,E01014352,Stoke-on-Trent 034D,Investigation complete; no suspect identified
23c4db932ea309fa7b03f5ebb2b92a32b41d9714c8a9f3d057ddff3d0e5e18de,2019-12,Staffordshire Police,Staffordshire Police,-2.177097,53.026053,On or near Nightclub,E01014287,Stoke-on-Trent 015D,Investigation complete; no suspect identified
45cc4f1e04fc02929e41dc255dd93a104f207680e6a5ee2c9303c157c6cece6c,2019-12,Staffordshire Police,Staffordshire Police,-2.179167,52.957228,On or near HARDWICK CLOSE,E01014352,Stoke-on-Trent 034D,Investigation complete; no suspect identified
b45ebeb4a70d1f9e18c3eba6403ba727e1e1913b60d445fda280329dd800968c,2019-12,Staffordshire Police,Staffordshire Police,-2.339023,53.027265,On or near HEIGHLEY LANE,E01029556,Newcastle-under-Lyme 005E,Investigation complete; no suspect identified
3c88a25bab41cc961a5e97b4a48865f1d2d90615c88cb7fb45b8cba598883086,2019-12,Staffordshire Police,Staffordshire Police,,,No location,,,Investigation complete; no suspect identified
3e9ff255bccfd5e67d3406ca01da23dbd6a2db62ca01292453e1df1f8579d920,2019-12,Staffordshire Police,Staffordshire Police,-2.210394,53.008478,On or near ALBANY GROVE,E01014289,Stoke-on-Trent 018B,Investigation complete; no suspect identified
a61ae2d322fb89e4ad10a5bade6d5666ca597ebd0293a44f8bd8320823f3e66d,2019-12,Staffordshire Police,Staffordshire Police,,,No location,,,Investigation complete; no suspect identified
c7b7eb318a9876a878aed8ad028cbde2e3022e76dc12e115718f924d2b4154f3,2019-12,Staffordshire Police,Staffordshire Police,-2.189392,53.000918,On or near Shopping Area,E01014345,Stoke-on-Trent 019E,Investigation complete; no suspect identified
01e9b8b46e74ab1fa7d8f85a2d81b96a2fe29eb4fd335c81889b7d3113688ca5,2019-12,Staffordshire Police,Staffordshire Police,-2.214916,53.030790,On or near WEDGWOOD STREET,E01029611,Newcastle-under-Lyme 008E,Investigation complete; no suspect identified
45b36c7c27f929911af133f91849fab20e9de1501b73d89aff8ebb82b80924a0,2019-12,Staffordshire Police,Staffordshire Police,-2.142961,52.987418,On or near HEATHCOTE ROAD,E01014313,Stoke-on-Trent 027D,Investigation complete; no suspect identified
d0c4d112bf35e5e49d8957af933d8dffa1ba999e30a26f20f7702e8bbc99f8b1,2019-12,Staffordshire Police,Staffordshire Police,,,No location,,,Investigation complete; no suspect identified
51ac7368bf692fe65e7a302abf708fccaf5283e74a0b29a01836a6951e0d4b54,2019-12,Staffordshire Police,Staffordshire Police,-2.200914,53.004962,On or near QUEEN'S ROAD,E01014290,Stoke-on-Trent 018C,Investigation complete; no suspect identified
589eac18a39d2bdf6e7498aa395369ea28d59aeecee9b5b538a6ab0ae0970529,2019-12,Staffordshire Police,Staffordshire Police,,,No location,,,Investigation complete; no suspect identified
33afe5c8482cf98580795c25245150fee53876a8e5c81d16599629ff0eb7cec3,2019-12,Staffordshire Police,Staffordshire Police,-2.185579,53.025635,On or near Parking Area,E01014285,Stoke-on-Trent 015B,Investigation complete; no suspect identified
0404e9da02dacd6b7cf76418486c0d057ddf4d6bf3a5f490ae1efcf4a07c6494,2019-12,Staffordshire Police,Staffordshire Police,-2.173475,53.026139,On or near Shopping Area,E01014287,Stoke-on-Trent 015D,Investigation complete; no suspect identified
4979c69a48c82075c972042ca7ecf8336e2ee3c62718e1249a5d5b60a2450362,2019-12,Staffordshire Police,Staffordshire Police,-2.228980,53.025721,On or near WHITEHOUSE ROAD NORTH,E01029552,Newcastle-under-Lyme 006D,Investigation complete; no suspect identified
791a9c8ee4262212f19d6ab9347e52714ad938f29ce57be3eb183d4984a8ddeb,2019-12,Staffordshire Police,Staffordshire Police,-2.162394,52.997560,On or near GLEBEDALE ROAD,E01014274,Stoke-on-Trent 020A,Investigation complete; no suspect identified
d7bc71f90f9a94cd7827ed3c591535e6dc26df32b6b4eb3a1102c26b75b5bfa3,2019-12,Staffordshire Police,Staffordshire Police,-2.190604,53.049430,On or near HAMIL ROAD,E01014247,Stoke-on-Trent 009A,Investigation complete; no suspect identified
fcfcaf04c7950fd7bdf13c2e3c696f3f3d3557c59f7f6e809edfdc8cef7350b8,2019-12,Staffordshire Police,Staffordshire Police,,,No location,,,Investigation complete; no suspect identified
c6b5d80a1c3e878da51c45ae7e8dc398320f7138233eb4bafd7f5bba01885fd9,2019-12,Staffordshire Police,Staffordshire Police,-2.194527,53.042682,On or near PITT STREET WEST,E01014251,Stoke-on-Trent 009C,Investigation complete; no suspect identified
30c5e099d30893e72cd1c289a689de0f7506461f3a640022a804ddee5f37bcee,2019-12,Staffordshire Police,Staffordshire Police,-2.189019,53.058799,On or near DENCY GROVE,E01014243,Stoke-on-Trent 006C,Investigation complete; no suspect identified
878ceed887a6e0d61bfba8ee0a6ddcae11b1126a214f051bb1e4dc39be4899c4,2019-12,Staffordshire Police,Staffordshire Police,-2.148249,53.022218,On or near RUXLEY ROAD,E01014230,Stoke-on-Trent 014F,Investigation complete; no suspect identified
1e0606b3903e8abf90fce7f4cd291cccbf4acdbdbd527db6ba7c856240d648ef,2019-12,Staffordshire Police,Staffordshire Police,-2.234281,53.040938,On or near Supermarket,E01029538,Newcastle-under-Lyme 006B,Investigation complete; no suspect identified
fcfe24ef06cc18841b319a5625a2638b946b147237ef3bd80f23fbdd07273a34,2019-12,Staffordshire Police,Staffordshire Police,-2.052410,53.038138,On or near MEADOW AVENUE,E01029794,Staffordshire Moorlands 009C,Investigation complete; no suspect identified
1a709b094c759706963d436fc6540453d00b85e08a22c06a4cac2ff84f55cc1b,2019-12,Staffordshire Police,Staffordshire Police,-2.174300,53.049545,On or near SATURN ROAD,E01014268,Stoke-on-Trent 008C,Investigation complete; no suspect identified
23ae378a042eef604003f6ec8323081c1f999207d22f84977db3cc2039124f33,2019-12,Staffordshire Police,Staffordshire Police,-2.137054,52.989681,On or near MOULTON ROAD,E01014302,Stoke-on-Trent 022D,Investigation complete; no suspect identified
f2706e32ca9068e62f180e059b6300d328add159b3449d72db6baf11f21c9a5a,2019-12,Staffordshire Police,Staffordshire Police,,,No location,,,Investigation complete; no suspect identified
3282f1c608bb0c599d0b907c2c751a3c4856be865ed4dadebfbb2da5dcc09fa1,2019-12,Staffordshire Police,Staffordshire Police,-2.253237,53.048495,On or near APPLECROFT,E01029545,Newcastle-under-Lyme 004C,Investigation complete; no suspect identified
5bf77bf939e2aa08191ab480c19603c98deb170f03ff44e3990c241bd423406a,2019-12,Staffordshire Police,Staffordshire Police,-2.191316,52.988051,On or near CAMPBELL ROAD,E01014343,Stoke-on-Trent 023D,Investigation complete; no suspect identified
cb394546b085c8d47b1a2cde6b8b56fdbaf705d2de3267f451df815a6c622b68,2019-12,Staffordshire Police,Staffordshire Police,-2.221974,53.031856,On or near ALBERT TERRACE,E01029609,Newcastle-under-Lyme 008D,Investigation complete; no suspect identified
ef9db1cc8e2cfd4f88dbfb072d2d52242851a04e3a88406ed1496c9987a39ae2,2019-12,Staffordshire Police,Staffordshire Police,,,No location,,,Investigation complete; no suspect identified
be1f2c58043409b45f5c63171d4b858dc8195920ba0314bf3b4cbe2c059576b0,2019-12,Staffordshire Police,Staffordshire Police,,,No location,,,Investigation complete; no suspect identified
ba45ce30651c27574bd9cd3fd76de653b0fda5b2b042b23036e289863f8fb1f8,2019-12,Staffordshire Police,Staffordshire Police,-2.136955,52.986616,On or near EDENSOR ROAD,E01014302,Stoke-on-Trent 022D,Investigation complete; no suspect identified
e0dbb7454ab0a391dd8c869cc7725f56177610bff0dcdbbecf0f0464ba96dc78,2019-12,Staffordshire Police,Staffordshire Police,-2.090780,52.994616,On or near LAVENDER CLOSE,E01014369,Stoke-on-Trent 024D,Investigation complete; no suspect identified
2a415a0fbc51a6f8d871313e8f9695783c9f66c3622211d0d748ec042a4fe871,2019-12,Staffordshire Police,Staffordshire Police,-2.098943,52.993773,On or near PARK AVENUE,E01014369,Stoke-on-Trent 024D,Investigation complete; no suspect identified
e65c7bb7428f2afc8d48881e8081595d94204ecbe89f0d8700d0594cb4387105,2019-12,Staffordshire Police,Staffordshire Police,-2.011374,53.115706,On or near HAREGATE ROAD,E01029809,Staffordshire Moorlands 001D,Investigation complete; no suspect identified
aa4a3fa7a7efb793eba958ba275aad250e3e23ab309fe605294acab7af08cc3a,2019-12,Staffordshire Police,Staffordshire Police,-2.100464,52.994320,On or near HORTON DRIVE,E01014365,Stoke-on-Trent 024C,Investigation complete; no suspect identified
bf16400d55b6add5c9659fc73a19d3c0922e6966bd6036ed94d0e54767d4b580,2019-12,Staffordshire Police,Staffordshire Police,-2.229537,53.018295,On or near KIMBERLEY ROAD,E01029555,Newcastle-under-Lyme 011A,Investigation complete; no suspect identified
4a26c5c97d63db0a60058c72c747e6985d17a23c301574a0f5439cdeb448ee8f,2019-12,Staffordshire Police,Staffordshire Police,,,No location,,,Investigation complete; no suspect identified
c2287ab3ab810b6c7f77480c32a99cf2bfd7756377ff3244747df25348ba1168,2019-12,Staffordshire Police,Staffordshire Police,,,No location,,,Investigation complete; no suspect identified
2e5a8bcc1458b1d41b84e1c78d912d401780c7c7939ea2b6eadd433bf6689773,2019-12,Staffordshire Police,Staffordshire Police,,,No location,,,Investigation complete; no suspect identified
3e8a074f17ceb07e68bc30dde3e04ee287bacb8d8281c239360d36efeb9c721a,2019-12,Staffordshire Police,Staffordshire Police,-2.172254,53.045287,On or near HOLDEN AVENUE NORTH,E01014270,Stoke-on-Trent 008D,Investigation complete; no suspect identified
ced3fffbb9c66a384dd050417c84013e7171d2ba32ae671e1626b8c00e154d77,2019-12,Staffordshire Police,Staffordshire Police,-2.220706,53.075366,On or near MURRAY STREET,E01014358,Stoke-on-Trent 002B,Investigation complete; no suspect identified
a0c89f7ef8fbcdbe396c240f0c3cb5ef17aa8d5dc4d8aff2684119783f0ad6e5,2019-12,Staffordshire Police,Staffordshire Police,-1.987059,52.986785,On or near Supermarket,E01029787,Staffordshire Moorlands 011D,Investigation complete; no suspect identified
7cbd831dde3c09783ed7b9132802855c7816d731c2840dd138e4ae2f5687f3fe,2019-12,Staffordshire Police,Staffordshire Police,-2.165563,53.008217,On or near LORDSHIP LANE,E01014276,Stoke-on-Trent 020C,Investigation complete; no suspect identified
4b50f1fb65fd41e92169d4000a253ccb39ad2d78ca7bb8498109ef73188b2900,2019-12,Staffordshire Police,Staffordshire Police,-2.251531,53.042386,On or near LONDON ROAD,E01029548,Newcastle-under-Lyme 007B,Investigation complete; no suspect identified
f9c4c2436758939b49ce38ad3abbe162f4206433933ba4ee2acdbb96100b762c,2019-12,Staffordshire Police,Staffordshire Police,-2.184910,53.026130,On or near Supermarket,E01014285,Stoke-on-Trent 015B,Investigation complete; no suspect identified
a797c8fa6be6468ed64ea5062208ea2677c6e17428d1229fb1e76b099d38ace3,2019-12,Staffordshire Police,Staffordshire Police,-1.895491,52.975575,On or near CHEADLE ROAD,E01029761,Staffordshire Moorlands 010A,Investigation complete; no suspect identified
526125b8735c250f2fdb799dfab2c1b0f3bec7c47888004c8155202cc8063c98,2019-12,Staffordshire Police,Staffordshire Police,-2.067008,53.027262,On or near WILTON AVENUE,E01029779,Staffordshire Moorlands 009A,Investigation complete; no suspect identified
87b582ea57beb699b8fba4f44c9574900d04a0f0c78a0808207807c234f96c82,2019-12,Staffordshire Police,Staffordshire Police,-2.041786,53.063500,On or near THE ROCHE,E01029793,Staffordshire Moorlands 006B,Investigation complete; no suspect identified
c78736e5299d02eae13d8d5df081823aa5b80030752b34c1aca20b6fcc260e56,2019-12,Staffordshire Police,Staffordshire Police,-2.137960,52.988692,On or near Parking Area,E01014302,Stoke-on-Trent 022D,Investigation complete; no suspect identified
b2c8b7f1b87b08f11ee072bd45d82530434da6a8ed2af7f5fff7af9275c187aa,2019-12,Staffordshire Police,Staffordshire Police,-2.176486,52.964154,On or near SUNBURY CLOSE,E01014351,Stoke-on-Trent 034C,Investigation complete; no suspect identified
d5296636aaf06cfcbd27f483a02732a8f4eea83b2a65318ffb3d638d7ed55a89,2019-12,Staffordshire Police,Staffordshire Police,-2.207212,52.994434,On or near Supermarket,E01014341,Stoke-on-Trent 023B,Investigation complete; no suspect identified
ef631a898d1fb687f761e58634c88e3a04eb00b0d4115837a62c6407fca75714,2019-12,Staffordshire Police,Staffordshire Police,-2.226757,53.011118,On or near Shopping Area,E01029604,Newcastle-under-Lyme 011E,Investigation complete; no suspect identified
53fc7631294bf4da13a3af769dae61194c763efa7e315197276ef9cf5d2e41ae,2019-12,Staffordshire Police,Staffordshire Police,-2.175805,53.027304,On or near Shopping Area,E01014287,Stoke-on-Trent 015D,Investigation complete; no suspect identified
15a5d920655a77ac6288716453fbfcc1f55e6dcfc9ea66d387df2003c182c227,2019-12,Staffordshire Police,Staffordshire Police,-2.174484,53.021346,On or near JASPER STREET,E01014287,Stoke-on-Trent 015D,Investigation complete; no suspect identified
e518bc9e88b224c25fe060a07112522211f4738d0079c24fc7c70dcae39a02b9,2019-12,Staffordshire Police,Staffordshire Police,-2.185435,53.030346,On or near RUTLAND STREET,E01014256,Stoke-on-Trent 011D,Investigation complete; no suspect identified
b17ca4b49d317733e74e70d3a6872d1e9be92e481a6a9c9b46378a63e35af0db,2019-12,Staffordshire Police,Staffordshire Police,-2.023320,53.104900,On or near Parking Area,E01029804,Staffordshire Moorlands 005A,Investigation complete; no suspect identified
6baf4226d1f0a72ad20a79e0f948bbf527b9a540e931f6092defd67273db2721,2019-12,Staffordshire Police,Staffordshire Police,-2.190396,52.998894,On or near VINEBANK STREET,E01014345,Stoke-on-Trent 019E,Investigation complete; no suspect identified
453a439fd29e558e2abff837fbc89405225d0b5bdbb431e88941f4f8782de00c,2019-12,Staffordshire Police,Staffordshire Police,-2.015749,53.109566,On or near PRINCE STREET,E01029808,Staffordshire Moorlands 001C,Investigation complete; no suspect identified
b0e41aded3668d7a006e51ca395350b53b0ab56187cb46f598f5abf0d8df2360,2019-12,Staffordshire Police,Staffordshire Police,-2.287257,52.993845,On or near Petrol Station,E01029576,Newcastle-under-Lyme 012A,Investigation complete; no suspect identified
9c331e18f82454b1ce51e357ab1c118266f7e87f8318cba9ce4778001fa87c2c,2019-12,Staffordshire Police,Staffordshire Police,-2.188593,53.053622,On or near CURZON ROAD,E01014245,Stoke-on-Trent 006E,Investigation complete; no suspect identified
175139e73e1f040a451ea04816a6f6d525b4c965482ce2d41efb3fb42337f969,2019-12,Staffordshire Police,Staffordshire Police,-2.164003,53.033011,On or near OAK STREET,E01014327,Stoke-on-Trent 013B,Investigation complete; no suspect identified
979d572cfba280852940a484f1662c32424f45c17113eeea391c81ddaacb0f41,2019-12,Staffordshire Police,Staffordshire Police,-2.209635,53.011869,On or near STOKE OLD ROAD,E01014288,Stoke-on-Trent 018A,Investigation complete; no suspect identified
62a5bca7b04ad57fe26722f16facce98435f2f3144244caaf888171a45171bb9,2019-12,Staffordshire Police,Staffordshire Police,-2.026487,53.105366,On or near ST EDWARD STREET,E01029804,Staffordshire Moorlands 005A,Investigation complete; no suspect identified
279bc4fa7d3b5512de519b49478a822e3973b13432a269cfaba702d3eebd7076,2019-12,Staffordshire Police,Staffordshire Police,-2.303192,53.067265,On or near ALSAGER ROAD,E01029532,Newcastle-under-Lyme 005A,Investigation complete; no suspect identified
03db6c3b4190afdf88abf9c17b5034f71470ee8ea22d48e9dffb16932d6cddcb,2019-12,Staffordshire Police,Staffordshire Police,-2.287257,52.993845,On or near Petrol Station,E01029576,Newcastle-under-Lyme 012A,Investigation complete; no suspect identified
c914c2b8c7e14304f809873d5fc6c4f266995e5bc64f185601cb9a28923d5caf,2019-12,Staffordshire Police,Staffordshire Police,-2.207741,52.996195,On or near GODWIN WAY,E01014341,Stoke-on-Trent 023B,Investigation complete; no suspect identified
31027a48c0f2078238572e38cdc5a2f7df0ed6c50e0e9b109b9aef241d8dc755,2019-12,Staffordshire Police,Staffordshire Police,,,No location,,,Investigation complete; no suspect identified
dd60ad6f9bb03e9fa85f3d7cab13b59f1d449c0e0f5849fd81628da91f839ba9,2019-12,Staffordshire Police,Staffordshire Police,-1.978003,52.985750,On or near KINGFISHER CRESCENT,E01029784,Staffordshire Moorlands 013A,Investigation complete; no suspect identified
9876906d2a78873c27f4b229e146e5c5375afd0384cc968755b2222f2aeaf995,2019-12,Staffordshire Police,Staffordshire Police,,,No location,,,Investigation complete; no suspect identified
202d8fe476d0ce319bed79da1d22519a9ec95363c2d0f97fedb6fc63191db9e3,2019-12,Staffordshire Police,Staffordshire Police,,,No location,,,Investigation complete; no suspect identified
4883c310d002e733f2aaee08d85c3417f5b93db55bdd1987af4678bafa8ee722,2019-12,Staffordshire Police,Staffordshire Police,-2.200429,52.987281,On or near HIGHGROVE ROAD,E01014343,Stoke-on-Trent 023D,Investigation complete; no suspect identified
b6664e5b4d7dddf48eeb9a8e07e32a8b91edb5e4c130a39931cb4285be60525e,2019-12,Staffordshire Police,Staffordshire Police,-2.095636,52.966997,On or near CONSTABLE CLOSE,E01014318,Stoke-on-Trent 033B,Investigation complete; no suspect identified
4ffb2685e3639dc1834b7addc0b0873812e66189c0b34b9d244a8393632ad158,2019-12,Staffordshire Police,Staffordshire Police,-2.158059,52.977394,On or near ALLENDALE WALK,E01014236,Stoke-on-Trent 032B,Investigation complete; no suspect identified
2d92d1ca27fc5d72ddb4b57c36a234271e753413f485bed4b96268c8dcb3ea30,2019-12,Staffordshire Police,Staffordshire Police,-2.256258,53.057379,On or near CROFTERS COURT,E01029544,Newcastle-under-Lyme 004B,Investigation complete; no suspect identified
2015fc52b574c9d13e4f896851037907e0b5a85da8844bded8cafdeb6bb0a4cd,2019-12,Staffordshire Police,Staffordshire Police,-2.140779,53.049248,On or near ADAMS STREET,E01014267,Stoke-on-Trent 007E,Investigation complete; no suspect identified
e2066b6059e2a3fd2ad01a0a6ae87d3f0a79ee2cd90dc1573674f6654639b311,2019-12,Staffordshire Police,Staffordshire Police,-2.178538,53.031947,On or near RIXDALE CLOSE,E01014256,Stoke-on-Trent 011D,Investigation complete; no suspect identified
3ab678f5617135e89e061b79b9bd2a5e10c958ab57310c9fda6e743bbcaea08e,2019-12,Staffordshire Police,Staffordshire Police,-2.170824,53.030628,On or near BROOM STREET,E01014330,Stoke-on-Trent 013E,Investigation complete; no suspect identified
61cec9040ac3587fefa935f6b3fe1dd97bd5aee8d0f6c05b0583158b11a63851,2019-12,Staffordshire Police,Staffordshire Police,-2.232510,53.016698,On or near ASHFIELDS NEW ROAD,E01029555,Newcastle-under-Lyme 011A,Investigation complete; no suspect identified
f6e5887f55df58136e440a07ea24474c59fbd0934583704830ec5a4577633fcb,2019-12,Staffordshire Police,Staffordshire Police,-2.211392,53.014607,On or near CLARE STREET,E01014288,Stoke-on-Trent 018A,Investigation complete; no suspect identified
317240c3af14068f550ab7e250946d891bbda978ddaa09066e1a85104cdd04a5,2019-12,Staffordshire Police,Staffordshire Police,-2.285583,53.047065,On or near TOMFIELDS,E01029533,Newcastle-under-Lyme 005B,Investigation complete; no suspect identified
327765eb23535d8f99b8be70bffc72b61a0a42df1b9cede9741e30925a3d1344,2019-12,Staffordshire Police,Staffordshire Police,-2.193046,53.071881,On or near SARGEANT AVENUE,E01014262,Stoke-on-Trent 003B,Investigation complete; no suspect identified
55e93f31c38ea75ae21f039f76efcd0fdf1f22d3ec7f75a8e160292cad5398a2,2019-12,Staffordshire Police,Staffordshire Police,-2.216275,53.063940,On or near SUMMERBANK ROAD,E01014361,Stoke-on-Trent 005D,Investigation complete; no suspect identified
5ebf87a701a6ae8989bee656a24efd6daa396793a5f3e7cc63516b3252308835,2019-12,Staffordshire Police,Staffordshire Police,-2.288113,52.992539,On or near Petrol Station,E01029576,Newcastle-under-Lyme 012A,Investigation complete; no suspect identified
ead97b969cd3037e7128e48904368a95a0882552c528a85b1e6e224e8d55daca,2019-12,Staffordshire Police,Staffordshire Police,-2.023320,53.104900,On or near Parking Area,E01029804,Staffordshire Moorlands 005A,Investigation complete; no suspect identified
6a43ea8f5290e684b8d065fca19aa058ff5b0cc8e5d440bd316cea1e0656a613,2019-12,Staffordshire Police,Staffordshire Police,-2.253431,53.086672,On or near MILLSTONE AVENUE,E01029541,Newcastle-under-Lyme 003B,Investigation complete; no suspect identified
cc44340b3c790516fc70c747d0b4c51a5785f9219ec34768b59816866607bc43,2019-12,Staffordshire Police,Staffordshire Police,-2.142705,53.018233,On or near ASHFIELD SQUARE,E01014226,Stoke-on-Trent 014D,Investigation complete; no suspect identified
141a7cc081d4b07238fa44a304e1932ae6f7ec5883e58d8e59d67b3789803b03,2019-12,Staffordshire Police,Staffordshire Police,-2.255274,53.085184,On or near CEDAR AVENUE,E01029541,Newcastle-under-Lyme 003B,Investigation complete; no suspect identified
a2c938055a8a376ac32c6aeeaf89741aff17145e39235fe6b9adf6095bc3eb6b,2019-12,Staffordshire Police,Staffordshire Police,-2.186063,53.003089,On or near LONDON ROAD,E01014345,Stoke-on-Trent 019E,Investigation complete; no suspect identified
c406a7984123358cf3c4ca8c015b9129e2dc73a15adc9e5ae9a3d54f4d6e51cb,2019-12,Staffordshire Police,Staffordshire Police,-2.192119,53.041194,On or near MACINTYRE STREET,E01014251,Stoke-on-Trent 009C,Investigation complete; no suspect identified
cd23e7f18fa7945f40029ce925ee081f50ecb0e2da071770b90843d5fa897645,2019-12,Staffordshire Police,Staffordshire Police,-2.192119,53.041194,On or near MACINTYRE STREET,E01014251,Stoke-on-Trent 009C,Investigation complete; no suspect identified
c42df5eb44f8c81884f50957a0bb58f749c8290fc83d828e1db9575fbf7a22f9,2019-12,Staffordshire Police,Staffordshire Police,-2.192119,53.041194,On or near MACINTYRE STREET,E01014251,Stoke-on-Trent 009C,Investigation complete; no suspect identified
9655c8d736b41e5d5c901e905d464ba1f1b40ec5c963cc041315dfe04a7da9c7,2019-12,Staffordshire Police,Staffordshire Police,-2.246901,53.077804,On or near WESTMORLAND AVENUE,E01029540,Newcastle-under-Lyme 003A,Investigation complete; no suspect identified
82ea30950be3a869fd0e63a3fa431cf0e6fbec60e97eae067668ee0754515481,2019-12,Staffordshire Police,Staffordshire Police,-2.012283,53.108353,On or near SHAW PLACE,E01029810,Staffordshire Moorlands 001E,Investigation complete; no suspect identified
02e20a461a094b8056064062e17ffb55531acccba83c44e218a59ee131d8db15,2019-12,Staffordshire Police,Staffordshire Police,-2.170323,53.028382,On or near Parking Area,E01014330,Stoke-on-Trent 013E,Investigation complete; no suspect identified
98f1761e343d7ab4a851a5f7820bf3c0dfa36880eb28850390662b53b0e22969,2019-12,Staffordshire Police,Staffordshire Police,-2.233035,53.011834,On or near STANIER STREET,E01029604,Newcastle-under-Lyme 011E,Investigation complete; no suspect identified
0cbd5184409d6699b2afb17bf3ce45a11d9b0a3c59fd9c2cb6ea18e23f31db8e,2019-12,Staffordshire Police,Staffordshire Police,-2.217527,53.025194,On or near MAYFIELD PLACE,E01029577,Newcastle-under-Lyme 009A,Investigation complete; no suspect identified
5e1bed50e935c945d3458efbb1cbc16e9904253068c294d0d7955bb8ec3e7edc,2019-12,Staffordshire Police,Staffordshire Police,-2.183343,53.001116,On or near LONSDALE STREET,E01014345,Stoke-on-Trent 019E,Investigation complete; no suspect identified
247db5fd63fde8ae5381236501bc8ad3812dbc8c6371d7a27fbe2ca0f3fdd753,2019-12,Staffordshire Police,Staffordshire Police,-2.246586,53.080133,On or near KINNERSLEY AVENUE,E01029540,Newcastle-under-Lyme 003A,Investigation complete; no suspect identified
57228cad5855ec1a7edfd2632ac9c666e485905e391a623e233b59cef575c2f2,2019-12,Staffordshire Police,Staffordshire Police,-2.239879,53.087491,On or near KING STREET,E01029588,Newcastle-under-Lyme 002D,Investigation complete; no suspect identified
056e6223c8562f986048d1cc2370a6f33017687bb706b85cc1b278762669ab76,2019-12,Staffordshire Police,Staffordshire Police,-2.133970,53.075873,On or near GREENFIELD PLACE,E01029777,Staffordshire Moorlands 008D,Investigation complete; no suspect identified
149aa10364a9b3b2e1d3901d891693647e51391c5626e815ee6e12b0a093bbb2,2019-12,Staffordshire Police,Staffordshire Police,-2.015883,53.106932,On or near OSBORNE STREET,E01029806,Staffordshire Moorlands 001B,Investigation complete; no suspect identified
ad897ffa33c5e03d6f1ef014036d06d181b1afcbede6aa248324e223e7c14508,2019-12,Staffordshire Police,Staffordshire Police,-2.139378,53.035802,On or near HADLEIGH ROAD,E01014211,Stoke-on-Trent 012B,Investigation complete; no suspect identified
993199d6c02e0e38b739db6258e92b91cd8fd3919dfceb5073d58d0c48b1c82d,2019-12,Staffordshire Police,Staffordshire Police,,,No location,,,Investigation complete; no suspect identified
dc8105cbe658bfa3bcd4b7eb877a99744c1acd2ab34bfaf2948431ee3a01fe99,2019-12,Staffordshire Police,Staffordshire Police,-2.227419,53.012420,On or near MERRIAL STREET,E01029604,Newcastle-under-Lyme 011E,Investigation complete; no suspect identified
960c48bdce665e426ed7b33b069cc748513372638859b575274412005f7cb76a,2019-12,Staffordshire Police,Staffordshire Police,-2.056190,52.963238,On or near CHESTNUT CRESCENT,E01029798,Staffordshire Moorlands 012C,Investigation complete; no suspect identified
4a71ae84a64743cc97121d9745510785a095d45f2e541245033a4e5da19bc14b,2019-12,Staffordshire Police,Staffordshire Police,-2.339023,53.027265,On or near HEIGHLEY LANE,E01029556,Newcastle-under-Lyme 005E,Investigation complete; no suspect identified
d60e7994a76e6c29d88dfb0cdd2866c11ca7e5d2205dd10cd036178aa9203a35,2019-12,Staffordshire Police,Staffordshire Police,-2.280773,52.942846,On or near STABLEFORD BANK,E01029570,Newcastle-under-Lyme 016B,Investigation complete; no suspect identified
999a9bae57a4b925d85fbff5b9457dcc161e2591b45c7184c9b7900159c97b78,2019-12,Staffordshire Police,Staffordshire Police,-2.280773,52.942846,On or near STABLEFORD BANK,E01029570,Newcastle-under-Lyme 016B,Investigation complete; no suspect identified
8cf7fb7dd7f0a38166e49471c160f49ef478fd7bb91a053741e213d7e3494b1c,2019-12,Staffordshire Police,Staffordshire Police,-2.217906,53.076548,On or near ST JOSEPH STREET,E01014357,Stoke-on-Trent 002A,Investigation complete; no suspect identified
c0df656ce26d92806566175c860c0adbcae8f9e9aae7b74401465b4ef30882cc,2019-12,Staffordshire Police,Staffordshire Police,,,No location,,,Investigation complete; no suspect identified
e4231da27ac766d792d8264a82f3e9d6670f8c42237c1801829a29f93121f037,2019-12,Staffordshire Police,Staffordshire Police,,,No location,,,Investigation complete; no suspect identified
182923de3c613137ebc8cd4b51722adfa9e90914b36dad656010dab03bf9e7d4,2019-12,Staffordshire Police,Staffordshire Police,,,No location,,,Investigation complete; no suspect identified
68a1fa25afca691b745d1915e58de965ad6e7c4cddf1146debea8a2c32930d6d,2019-12,Staffordshire Police,Staffordshire Police,-2.142705,53.018233,On or near ASHFIELD SQUARE,E01014226,Stoke-on-Trent 014D,Investigation complete; no suspect identified
b75e1013d6666244cdd1604e4e273c3c9894bcb2344d4a1293e901ba72e0707d,2019-12,Staffordshire Police,Staffordshire Police,-2.180929,53.011781,On or near BERESFORD STREET,E01014283,Stoke-on-Trent 016E,Investigation complete; no suspect identified
b4b24553bf1f43550b87e320be287fc0ad647e4f2e293df22abfba4dda8f5fce,2019-12,Staffordshire Police,Staffordshire Police,-2.256258,53.057379,On or near CROFTERS COURT,E01029544,Newcastle-under-Lyme 004B,Investigation complete; no suspect identified
0376b819f2467ed826cff3ec8680de2f67fd7909bab1a446dd95e2cc7bc6fe19,2019-12,Staffordshire Police,Staffordshire Police,-2.193844,53.030152,On or near Petrol Station,E01014285,Stoke-on-Trent 015B,Investigation complete; no suspect identified
cf6eb1e117a9e5d9b1d455d3640f1f58b050a9535e11197848a77dd3f91a5a9c,2019-12,Staffordshire Police,Staffordshire Police,,,No location,,,Investigation complete; no suspect identified
a5186d6ee36bb78cadb26f17c285fbc4b2ac036f7b8a919fa2add69eb84c9df9,2019-12,Staffordshire Police,Staffordshire Police,-2.197305,53.066355,On or near STROSS AVENUE,E01014241,Stoke-on-Trent 006A,Investigation complete; no suspect identified
b8ae9aa5a75c479bd7ee16e93eb29079d9877ec1ae3ef356ce8e40229b6249f5,2019-12,Staffordshire Police,Staffordshire Police,-2.137960,52.988692,On or near Parking Area,E01014302,Stoke-on-Trent 022D,Investigation complete; no suspect identified
789d01adc9c5fe5edd5bd8ff26b842218e4d3983a08758ff39e496da5b1666e1,2019-12,Staffordshire Police,Staffordshire Police,-2.194145,53.040804,On or near CLYDE ROAD,E01014255,Stoke-on-Trent 009E,Investigation complete; no suspect identified
869c91dcc2432230ccad5a75c3928fccf17fe3962dce9b0fa94900b01fdb822c,2019-12,Staffordshire Police,Staffordshire Police,-2.287257,52.993845,On or near Petrol Station,E01029576,Newcastle-under-Lyme 012A,Investigation complete; no suspect identified
847265e57f8116e2e0ac4884990a29b4dc5132c6723e3d384df45ac5f2e9732d,2019-12,Staffordshire Police,Staffordshire Police,-2.032009,53.099136,On or near BARNFIELDS CLOSE,E01029811,Staffordshire Moorlands 005C,Investigation complete; no suspect identified
5e3d343c734df690e2a274f5b976ea51681e19389c60c7500186636c7c08bf99,2019-12,Staffordshire Police,Staffordshire Police,-2.108254,52.975751,On or near WATERHEAD ROAD,E01014322,Stoke-on-Trent 031E,Investigation complete; no suspect identified
b824791af54518852487d4c21b134359294c6dd2336ddf8066d26ddfe2317cc9,2019-12,Staffordshire Police,Staffordshire Police,-2.190330,53.021115,On or near JUBILEE AVENUE,E01014281,Stoke-on-Trent 015A,Investigation complete; no suspect identified
3418ce4bb39375dc006ccf12d5ce1b830bc1bf9d78480b0521dbc43203e50010,2019-12,Staffordshire Police,Staffordshire Police,,,No location,,,Investigation complete; no suspect identified
69584ceb46e97489d78dcb8452a86fb1fafa6625197ed954fd3b279e84f10b25,2019-12,Staffordshire Police,Staffordshire Police,-2.168429,53.112342,On or near LORD STREET,E01029766,Staffordshire Moorlands 003D,Investigation complete; no suspect identified
874a93ee301a614abf20629ccb2cd1452099e7fb4dc1bac8e4e00fee3eb44083,2019-12,Staffordshire Police,Staffordshire Police,-2.108070,52.979913,On or near ELSTREE CLOSE,E01014321,Stoke-on-Trent 028A,Investigation complete; no suspect identified
78f69283a251aab3b6f62fdc3aa52064b57c2b5909da8cc24cca72e5f4d18998,2019-12,Staffordshire Police,Staffordshire Police,-2.205342,53.043176,On or near Supermarket,E01014250,Stoke-on-Trent 009B,Investigation complete; no suspect identified
4af749b260720ae765bd37d20c1eac60deceb979b872886196fb7aea3c229076,2019-12,Staffordshire Police,Staffordshire Police,-2.218395,53.067181,On or near WILLIAM COLTMAN WAY,E01014360,Stoke-on-Trent 002D,Investigation complete; no suspect identified
747c5c2099eeb6a60454ae3db3b27b86ff33ca5ab0e842d8aa5b0f97a3dd64c0,2019-12,Staffordshire Police,Staffordshire Police,-2.174869,53.024330,On or near ALBION SQUARE,E01014287,Stoke-on-Trent 015D,Investigation complete; no suspect identified
accc79651640d1cb20834fba81c8faf3f11df8b307ba1b725c307d3256c3245c,2019-12,Staffordshire Police,Staffordshire Police,-2.099202,52.989791,On or near NEW KINGSWAY,E01014365,Stoke-on-Trent 024C,Investigation complete; no suspect identified
0a81b4fb5a02c8a4740fa436e365640f7baed8bd4617b854bd5a0b29cfa60eaf,2019-12,Staffordshire Police,Staffordshire Police,-2.164642,52.985430,On or near ROWAN GROVE,E01014234,Stoke-on-Trent 026B,Investigation complete; no suspect identified
98f21bf7af281e7fbafb6aa26f1309c6b87283d2a9fca543ef6e016a345bb1cc,2019-12,Staffordshire Police,Staffordshire Police,-2.193819,53.071152,On or near EDGE AVENUE,E01014262,Stoke-on-Trent 003B,Investigation complete; no suspect identified
d814d40afcccb31038ddbfa408336999f44939d91275efccf277910187db3832,2019-12,Staffordshire Police,Staffordshire Police,-2.151307,53.022636,On or near Petrol Station,E01014230,Stoke-on-Trent 014F,Investigation complete; no suspect identified
962d7ea1359aa2e87df0767fadc31acb798ccd3ee0938968cc97311d581590a6,2019-12,Staffordshire Police,Staffordshire Police,-2.190843,53.059543,On or near Supermarket,E01014243,Stoke-on-Trent 006C,Investigation complete; no suspect identified
69788460f36477638406df79b7cdce9b2d7c6a583cefaee844e9b8e1cf8a3667,2019-12,Staffordshire Police,Staffordshire Police,-2.155436,53.030757,On or near MONSAL GROVE,E01014325,Stoke-on-Trent 010C,Investigation complete; no suspect identified
8383dad4e5af72d67a70c787dfb0f191b1f5b1793b4426c48e81b10b72e25a5f,2019-12,Staffordshire Police,Staffordshire Police,-2.155436,53.030757,On or near MONSAL GROVE,E01014325,Stoke-on-Trent 010C,Investigation complete; no suspect identified
3d8727194371a94436718a3829cf733b9c8e6eb316210d8456fc9b8f4e673a05,2019-12,Staffordshire Police,Staffordshire Police,-2.186249,53.077267,On or near BIDDULPH ROAD,E01014257,Stoke-on-Trent 001A,Investigation complete; no suspect identified
888451a134dfb5f0ce8db091903d8e3d22b99cc58d4c7c9977d88d0f2d29cd00,2019-12,Staffordshire Police,Staffordshire Police,-2.239484,53.021700,On or near Supermarket,E01029554,Newcastle-under-Lyme 010B,Investigation complete; no suspect identified
36994444d7c545ed3aa0e879694ecd514a273e39606b7bfbe7aa154bbbd6e491,2019-12,Staffordshire Police,Staffordshire Police,-2.134364,52.996489,On or near BARCLAY STREET,E01014298,Stoke-on-Trent 022B,Investigation complete; no suspect identified
37343073e52f0dc06efbf5619422c1461e7ad35742ebda391bcf706c20e3d2d3,2019-12,Staffordshire Police,Staffordshire Police,-2.165903,53.053980,On or near HYSSOP PLACE,E01014268,Stoke-on-Trent 008C,Investigation complete; no suspect identified
c7f29a2e880fba7b0968ae4061aa4a112291bfe2d21049af52d393cd5a6ef7a1,2019-12,Staffordshire Police,Staffordshire Police,-2.170261,52.971040,On or near FENNERS GROVE,E01014236,Stoke-on-Trent 032B,Investigation complete; no suspect identified
54c1d4be5f186c7a1d4a1f39ffb655c4628a43929d9e4cc9703b7f52aa12e114,2019-12,Staffordshire Police,Staffordshire Police,-2.228409,53.010782,On or near Supermarket,E01029604,Newcastle-under-Lyme 011E,Investigation complete; no suspect identified
e7c4c9a2947b594a772cbea3df53e210babf0648a1733c419b12f706c998cb41,2019-12,Staffordshire Police,Staffordshire Police,-2.254791,53.048932,On or near HOLLY ROAD,E01029547,Newcastle-under-Lyme 007A,Investigation complete; no suspect identified
84c8fb49095ccc55283044d53b4d32a377c8103d12ed60893f081d99d60ea7d7,2019-12,Staffordshire Police,Staffordshire Police,-2.247957,53.038331,On or near Parking Area,E01029560,Newcastle-under-Lyme 007D,Investigation complete; no suspect identified
8c0bfcc29ddd741ec686800abdff55fe4975f0bb8385d22e286a10cb5ae95c9c,2019-12,Staffordshire Police,Staffordshire Police,-2.150801,53.014448,On or near HOVERINGHAM DRIVE,E01014226,Stoke-on-Trent 014D,Investigation complete; no suspect identified
58f78815373f7f78524ef52d8fcde69b839fd57080b34ab8912a5cf10bf91a70,2019-12,Staffordshire Police,Staffordshire Police,-2.209894,53.059061,On or near Parking Area,E01014355,Stoke-on-Trent 005B,Investigation complete; no suspect identified
0365e876913415eca2448f332ada7b05e039024b57f190a69d9db68b9d734d7c,2019-12,Staffordshire Police,Staffordshire Police,-2.146349,52.993904,On or near PERTH STREET,E01014273,Stoke-on-Trent 021A,Investigation complete; no suspect identified
f7d5d3c9702a7e43a23dfdfbe238084b393e92674a515f107ed4c2fb457d26d3,2019-12,Staffordshire Police,Staffordshire Police,-2.023320,53.104900,On or near Parking Area,E01029804,Staffordshire Moorlands 005A,Investigation complete; no suspect identified
c8e8381ef0f509c367d6ccf45ee30fe3d1171b6098acc9f5691e6dd7e7bb076d,2019-12,Staffordshire Police,Staffordshire Police,-2.214219,53.040617,On or near Petrol Station,E01014250,Stoke-on-Trent 009B,Investigation complete; no suspect identified
3e0b1d7b9edda3b7635092455a2892ff8b4411ed1f9be2f7c40719d9501b1aee,2019-12,Staffordshire Police,Staffordshire Police,-2.172429,53.018122,On or near ASTLE PLACE,E01014287,Stoke-on-Trent 015D,Investigation complete; no suspect identified
06d7450e0da40a98c35804c5fd265ebcdcc2e3db2da483aba526c46e08eef2f9,2019-12,Staffordshire Police,Staffordshire Police,-2.204985,53.096653,On or near COTTONWOOD GROVE,E01029582,Newcastle-under-Lyme 001D,Investigation complete; no suspect identified
bfc8a118c537f3e3871dfa9d5fc188fc7c774af54c959c1a95fc7a7719506d0f,2019-12,Staffordshire Police,Staffordshire Police,-2.187962,53.031915,On or near COBRIDGE ROAD,E01014254,Stoke-on-Trent 011C,Investigation complete; no suspect identified
d94493aaf612fce663b3736e036dccc5c99b6ce061c08354751fa878c46660c3,2019-12,Staffordshire Police,Staffordshire Police,-2.192404,53.028195,On or near RIDGEHOUSE DRIVE,E01014285,Stoke-on-Trent 015B,Investigation complete; no suspect identified
1f6a7cc6617bb37f3e76c07832b1df650de3b270bf846d6fcd13ec60722a22b0,2019-12,Staffordshire Police,Staffordshire Police,-2.224997,52.988001,On or near DENTON CLOSE,E01029589,Newcastle-under-Lyme 015B,Investigation complete; no suspect identified
8abf725bb70df2e20e93499a897936da598457c5e29058c811de37fda818f1ad,2019-12,Staffordshire Police,Staffordshire Police,-2.418527,52.904479,On or near FLASH LANE,E01029569,Newcastle-under-Lyme 016A,Investigation complete; no suspect identified
690b593454b12cf0c9dc632dbcb79820693c7df6689fae7a1877a06787e8cfa4,2019-12,Staffordshire Police,Staffordshire Police,-2.174992,53.029040,On or near TOWN ROAD,E01014287,Stoke-on-Trent 015D,Investigation complete; no suspect identified
bb3e956e121e5db1e153977403d463f2271430a840be24325c5c3ad5cfd4f568,2019-12,Staffordshire Police,Staffordshire Police,-2.147189,53.030390,On or near BENEDICT PLACE,E01014210,Stoke-on-Trent 012A,Investigation complete; no suspect identified
af39d9f9b99bc38398606ac43d7b609f06e22e113adc14b832dfa36f2c3ba48e,2019-12,Staffordshire Police,Staffordshire Police,-2.160033,52.991837,On or near HOLLY PLACE,E01014279,Stoke-on-Trent 020E,Investigation complete; no suspect identified
92fe28f2eac0546e0dd987e299e7035ce648bf186708bbec779e1b802765e530,2019-12,Staffordshire Police,Staffordshire Police,-2.173347,53.050176,On or near BADEN ROAD,E01014268,Stoke-on-Trent 008C,Investigation complete; no suspect identified
f0bb9833e77b6291e85846cdb3eb3fdc647d650989373fa76ef76a980e568b9c,2019-12,Staffordshire Police,Staffordshire Police,-2.023320,53.104900,On or near Parking Area,E01029804,Staffordshire Moorlands 005A,Investigation complete; no suspect identified
03402021c2533731ec5db0195d508f0ac7716756ef300d854cda12f2f57064b5,2019-12,Staffordshire Police,Staffordshire Police,,,No location,,,Investigation complete; no suspect identified
cdee27f3a01a733eec71a6b3aeda4abb2957d2abdc51d2cc91e74a477eed1a9b,2019-12,Staffordshire Police,Staffordshire Police,-2.251863,53.014933,On or near ELLAM'S PLACE,E01029567,Newcastle-under-Lyme 010D,Investigation complete; no suspect identified
b203a4e99987892e6160ec142eba9121d0478cced3ef3f8f61cad3b09c5a8f8b,2019-12,Staffordshire Police,Staffordshire Police,-2.193844,53.030152,On or near Petrol Station,E01014285,Stoke-on-Trent 015B,Investigation complete; no suspect identified
a56ba0c738e45e95a597bee11a0c813144b685b6c44870885b4e23a146ef09d2,2019-12,Staffordshire Police,Staffordshire Police,-2.207382,53.001922,On or near LIONEL GROVE,E01014294,Stoke-on-Trent 018F,Investigation complete; no suspect identified
dc616f24c532da40b838690440311b524e7b8f8a577b037c42202e00953c07ab,2019-12,Staffordshire Police,Staffordshire Police,-2.309563,53.008864,On or near STATION ROAD,E01029576,Newcastle-under-Lyme 012A,Investigation complete; no suspect identified
03b1fd811006b3bdb0d9297fa2af347059f247550982678fed52dee04d6371d6,2019-12,Staffordshire Police,Staffordshire Police,-2.109633,52.979202,On or near WARWICK AVENUE,E01014322,Stoke-on-Trent 031E,Investigation complete; no suspect identified
4c0efe7946d22f1b64f457d713377fb82cb8a563d1896b567688434721e75e63,2019-12,Staffordshire Police,Staffordshire Police,-2.137054,52.989681,On or near MOULTON ROAD,E01014302,Stoke-on-Trent 022D,Investigation complete; no suspect identified
0a19bb483d31eedb0353453e213a8dbb9d7ce45876fa3becf5d32a96894f0675,2019-12,Staffordshire Police,Staffordshire Police,-2.093003,52.975252,On or near Petrol Station,E01014315,Stoke-on-Trent 033A,Investigation complete; no suspect identified
d41709b784fcfabea0add4de3291e5173ab35d805813558cf6615d78a1c1a6fb,2019-12,Staffordshire Police,Staffordshire Police,,,No location,,,Investigation complete; no suspect identified
40d8e639d68eb5e6fc15a662134ddd27de4493410ee6c294431aec819acc4387,2019-12,Staffordshire Police,Staffordshire Police,,,No location,,,Investigation complete; no suspect identified
57dabf835db27ed06aeb0054d459b46b2bcf883120415d09efb75e293e2461cf,2019-12,Staffordshire Police,Staffordshire Police,-2.227419,53.012420,On or near MERRIAL STREET,E01029604,Newcastle-under-Lyme 011E,Investigation complete; no suspect identified
5864ff6648a8b2428310bee66f448bb1410cfdc1c656c7b0cabc8e9bd24358a8,2019-12,Staffordshire Police,Staffordshire Police,-2.171184,53.038880,On or near GRANVILLE AVENUE,E01014253,Stoke-on-Trent 011B,Investigation complete; no suspect identified
6dc823bc23afe454364cdf7b7c9bcfbf704d056deec3b0efec6c7c5465f2039d,2019-12,Staffordshire Police,Staffordshire Police,,,No location,,,Investigation complete; no suspect identified
a92be797b9bb6d48f4f5f800e41385101900ea37b771208ff7dd6f12ff736554,2019-12,Staffordshire Police,Staffordshire Police,,,No location,,,Investigation complete; no suspect identified
564fb5f1540f371185ecc17310f37620948216c7c4d7a423d7c4b37dbb763dfe,2019-12,Staffordshire Police,Staffordshire Police,-2.248004,53.041207,On or near ELIZABETH DRIVE,E01029547,Newcastle-under-Lyme 007A,Investigation complete; no suspect identified
3d89285f4aa6931a43975892e7b948d06b0f206b1f1d21dcf3ba8b9713b35b41,2019-12,Staffordshire Police,Staffordshire Police,-2.183078,53.040678,On or near FRASER STREET,E01014249,Stoke-on-Trent 011A,Investigation complete; no suspect identified
9800a60cee0b1bd4d4d621795acb30d37677ad8c68fe1a3f991e405b7482bf7f,2019-12,Staffordshire Police,Staffordshire Police,-2.127993,53.063672,On or near BUNT'S LANE,E01014214,Stoke-on-Trent 007A,Investigation complete; no suspect identified
d11f8be9949c0c907c626c16aebd16f424b7e2e2e54e9b66bf458411c2af02ff,2019-12,Staffordshire Police,Staffordshire Police,,,No location,,,Investigation complete; no suspect identified
7d9eb322bae23102c199b738b0aad03f5721bf87de8b5e893ccdc6e4680f07ac,2019-12,Staffordshire Police,Staffordshire Police,-2.218350,52.999187,On or near BUCKMASTER AVENUE,E01029551,Newcastle-under-Lyme 014B,Investigation complete; no suspect identified
7cadb3605b0695caa4195244c3d072ddea8a0264296921d49bd0e9addd299bb6,2019-12,Staffordshire Police,Staffordshire Police,-2.309563,53.008864,On or near STATION ROAD,E01029576,Newcastle-under-Lyme 012A,Investigation complete; no suspect identified
1dc62e8a5447a0eb2b375e2157ef06628b93b5215e878c5b4756783b2d55c2df,2019-12,Staffordshire Police,Staffordshire Police,-2.087445,52.973296,On or near UTTOXETER ROAD,E01029702,Stafford 001A,Investigation complete; no suspect identified
781d3c22262c8e0048f5d1d5895c505ee54039d57e7cb4e27b2370e54a6c18c4,2019-12,Staffordshire Police,Staffordshire Police,-2.214219,53.040617,On or near Petrol Station,E01014250,Stoke-on-Trent 009B,Investigation complete; no suspect identified
03632d906c6bae2a738fe63f6c4f80b7f34c0d11f704fd564c863e60c184a5f8,2019-12,Staffordshire Police,Staffordshire Police,-2.214219,53.040617,On or near Petrol Station,E01014250,Stoke-on-Trent 009B,Investigation complete; no suspect identified
383308662e27aae28494fcd12cf280e7e9cccc451d6c8986a6411e07595515a2,2019-12,Staffordshire Police,Staffordshire Police,,,No location,,,Investigation complete; no suspect identified
37f865a7469a6b7be522d831e23461cacc81a15cec27b49a985728e0f35b2016,2019-12,Staffordshire Police,Staffordshire Police,-2.183519,52.996954,On or near NICHOLLS STREET,E01014339,Stoke-on-Trent 019C,Investigation complete; no suspect identified
d9d166ba2681829f2e4d4ad54bf8cc7352be74e3ec065cbfc2f18ca21f534239,2019-12,Staffordshire Police,Staffordshire Police,,,No location,,,Investigation complete; no suspect identified
6cecd1bc1324344eeeb54e77459dd0ad6923e0ad53d97f352137c7e79cfca038,2019-12,Staffordshire Police,Staffordshire Police,-2.218621,53.032132,On or near HIGH STREET,E01029609,Newcastle-under-Lyme 008D,Investigation complete; no suspect identified
b8b12b579fc2afcdf7b346c271d40c3896ce4d3dd72fb98d6e71c1fac9d48b0a,2019-12,Staffordshire Police,Staffordshire Police,-2.228960,53.033155,On or near DIMSDALE PARADE WEST,E01029610,Newcastle-under-Lyme 009D,Investigation complete; no suspect identified
4ea5cb3310c8584af31928b6117133e84125a4a5c58a8f7d59659ae0b54f4b9f,2019-12,Staffordshire Police,Staffordshire Police,-2.239879,53.087491,On or near KING STREET,E01029588,Newcastle-under-Lyme 002D,Investigation complete; no suspect identified
3cada77b83b9c5a3f712912310a2cf27b79f36327498d1b6f59b884d74c3f61c,2019-12,Staffordshire Police,Staffordshire Police,-2.225253,53.037108,On or near QUEEN STREET,E01029583,Newcastle-under-Lyme 008A,Investigation complete; no suspect identified
1c2e837cfbec9b6f30b0ac562e3dcf8b73cfea5baf2dbaaa3ce84eba55a42e49,2019-12,Staffordshire Police,Staffordshire Police,-2.212993,53.018874,On or near NORMAN GROVE,E01029580,Newcastle-under-Lyme 009C,Investigation complete; no suspect identified
7321c019bd3410753b4a647ccaee43b6ac9ff8a508c81d533100bf56332677f6,2019-12,Staffordshire Police,Staffordshire Police,-2.226342,53.011721,On or near Nightclub,E01029604,Newcastle-under-Lyme 011E,Investigation complete; no suspect identified
8d232cdd690f72dc9e94f65a8a668688a024445ce8e41491161b4533eabcc767,2019-12,Staffordshire Police,Staffordshire Police,-2.226342,53.011721,On or near Nightclub,E01029604,Newcastle-under-Lyme 011E,Investigation complete; no suspect identified
557d42357e61d2c74f046f4357833bfe73644d228b42a5ca9021fcf2449a8971,2019-12,Staffordshire Police,Staffordshire Police,-2.175420,53.020697,On or near LOWER BETHESDA STREET,E01014287,Stoke-on-Trent 015D,Investigation complete; no suspect identified
d13eae3d978c88688f05efbfe5157eda5596cd02ecb6dd1f1f52453a969f3b58,2019-12,Staffordshire Police,Staffordshire Police,,,No location,,,Investigation complete; no suspect identified
4ca9b28f63481731a9c9313b177acfb959acf1cccf7bad9630c59e99f3eb23f0,2019-12,Staffordshire Police,Staffordshire Police,-2.089315,53.028254,On or near ARMSHEAD ROAD,E01029779,Staffordshire Moorlands 009A,Investigation complete; no suspect identified
5de394fbe4745b8b806827be17053347c919b5201eed92314af59d7e2cc6cfad,2019-12,Staffordshire Police,Staffordshire Police,-2.229105,52.984649,On or near ENSTONE COURT,E01029589,Newcastle-under-Lyme 015B,Investigation complete; no suspect identified
61e5425ce22fa40dc085fe9dc9ebe7a9f0084184767118951f72d8f7263238b9,2019-12,Staffordshire Police,Staffordshire Police,-2.151307,53.022636,On or near Petrol Station,E01014230,Stoke-on-Trent 014F,Investigation complete; no suspect identified
5513bd978e04bcdb0411488290d5e35ef6011cae93d8b8aa3c2497e6d981b2a1,2019-12,Staffordshire Police,Staffordshire Police,-2.160604,52.977031,On or near BEDALE PLACE,E01014236,Stoke-on-Trent 032B,Investigation complete; no suspect identified
48ca8e31aee0916245f75421e88545511388ace3065981caca9964b6b37aa98a,2019-12,Staffordshire Police,Staffordshire Police,-2.143781,52.978599,On or near SUNNYCROFT AVENUE,E01014233,Stoke-on-Trent 026A,Investigation complete; no suspect identified
4d9ca388e41b2457ed0feb496da0dfc458c17c15ed807b519abb119c698e3c41,2019-12,Staffordshire Police,Staffordshire Police,-2.159157,53.057252,On or near KEENE CLOSE,E01014332,Stoke-on-Trent 004B,Investigation complete; no suspect identified
e4e2b9539cab49d20a37419dde63bffe6aeeed4e1149b0b4346567a44387319b,2019-12,Staffordshire Police,Staffordshire Police,-2.159157,53.057252,On or near KEENE CLOSE,E01014332,Stoke-on-Trent 004B,Investigation complete; no suspect identified
8cb47af69599660337749234def40f084d7325d3ee5e4451158ac4c76b9d18b1,2019-12,Staffordshire Police,Staffordshire Police,,,No location,,,Investigation complete; no suspect identified
7acc8fb497ed77e4d82428280d289964cc8d9c4bc873353399c861f362476f0e,2019-12,Staffordshire Police,Staffordshire Police,-2.032000,53.106704,On or near ANGLE STREET,E01029814,Staffordshire Moorlands 005E,Investigation complete; no suspect identified
ee59d48cbe4787fab0db45ea6128de5074243aeaed8cc0624311b49238d7f81c,2019-12,Staffordshire Police,Staffordshire Police,,,No location,,,Investigation complete; no suspect identified
98908ec4f760ecf06d717f2053ec6ba06941bcd2fcd7a8053145863a2a81469d,2019-12,Staffordshire Police,Staffordshire Police,,,No location,,,Investigation complete; no suspect identified
9ebce73570bc68d6f2d26aa17f5b6057770bdf035622d8c6e3599725938d12f4,2019-12,Staffordshire Police,Staffordshire Police,-1.969949,53.044465,On or near MAYFAIR AVENUE,E01029803,Staffordshire Moorlands 007B,Investigation complete; no suspect identified
7a5bb5557bc581fa8ba57251cde7b5edc75bb57c67878b521de9c060fad2a6eb,2019-12,Staffordshire Police,Staffordshire Police,-2.200801,53.051247,On or near EVANS STREET,E01014252,Stoke-on-Trent 009D,Investigation complete; no suspect identified
5db27a6469723d5a4c348ffad0630067298bcf90141c6bfc37de7833faf39494,2019-12,Staffordshire Police,Staffordshire Police,-2.174187,53.047514,On or near WHATMORE STREET,E01014266,Stoke-on-Trent 008B,Investigation complete; no suspect identified
52c06c799cce104380557ee15d42114267396817d8eeeaeb2d2c1df485a7231e,2019-12,Staffordshire Police,Staffordshire Police,-2.152118,52.986265,On or near ALDERNEY CRESCENT,E01014313,Stoke-on-Trent 027D,Investigation complete; no suspect identified
7c97cc558fe2539903ad8cb2c2242f19b097b910aea6adfa72d5bb537948cece,2019-12,Staffordshire Police,Staffordshire Police,-2.153949,53.023640,On or near WESTACRE,E01014230,Stoke-on-Trent 014F,Investigation complete; no suspect identified
833485cd5978b6905b86f96f4cc51df47a6a77be3775c5a8a0306a80a363a77e,2019-12,Staffordshire Police,Staffordshire Police,-2.121786,53.016270,On or near REEDHAM WAY,E01014220,Stoke-on-Trent 017A,Investigation complete; no suspect identified
e2d9a67d13ac24caa6cc170f009b63e57941cd57e7038a81d774c9d999268d67,2019-12,Staffordshire Police,Staffordshire Police,-2.216608,53.058977,On or near NASH PEAKE STREET,E01014354,Stoke-on-Trent 005A,Investigation complete; no suspect identified
283b6b532fb7d50af2cdfeefcf35282922dd4663ddc62738a252155a1cbfd99d,2019-12,Staffordshire Police,Staffordshire Police,-2.136869,52.987506,On or near THE STRAND,E01014302,Stoke-on-Trent 022D,Investigation complete; no suspect identified
a63a3cc496c64761f9c011413325e7802a6615dc91bd5679059e9e043e557403,2019-12,Staffordshire Police,Staffordshire Police,-2.171069,53.047366,On or near LARKSFIELD ROAD,E01014266,Stoke-on-Trent 008B,Investigation complete; no suspect identified
bd313b7a3f0664f458e74d6389f751f6559e30d7e3afa0d3c7ecbe1ba491a888,2019-12,Staffordshire Police,Staffordshire Police,-2.235509,53.025511,On or near LOVATT AVENUE,E01029553,Newcastle-under-Lyme 010A,Investigation complete; no suspect identified
15c1312a16db19da09065a94c7baea7f7f15a5e6bbbb72008e31f5db9de54739,2019-12,Staffordshire Police,Staffordshire Police,-2.141629,52.999267,On or near SLOANE WAY,E01014280,Stoke-on-Trent 021C,Investigation complete; no suspect identified
a93dbc753ba63a24a6fd91a9036fa113b5cf30549b814b550bb2728102515cf8,2019-12,Staffordshire Police,Staffordshire Police,-2.126640,53.009460,On or near MIDDLEFIELD ROAD,E01014224,Stoke-on-Trent 017E,Investigation complete; no suspect identified
0f86ae8f3ac7d6c6ccdb8d21c77b671ef0169cbd394a84a453b28490fb51bb47,2019-12,Staffordshire Police,Staffordshire Police,-2.166034,53.018122,On or near Supermarket,E01033216,Stoke-on-Trent 016G,Investigation complete; no suspect identified
64363888821a380a51e0c86ea2d19bd213bc56952784cca6286502c41ae4a5ac,2019-12,Staffordshire Police,Staffordshire Police,-2.171069,53.047366,On or near LARKSFIELD ROAD,E01014266,Stoke-on-Trent 008B,Investigation complete; no suspect identified
24ff79477e3f6d222d2922b0dc9ad6b5bd8ee77dfda9cd0cad0c6d4015d284ba,2019-12,Staffordshire Police,Staffordshire Police,-2.276564,53.003758,On or near THE COVERT,E01029576,Newcastle-under-Lyme 012A,Investigation complete; no suspect identified
7eda45fb0b92d2bd9890c8945d08839c34df3cd08ab45275feba906dbc9f9764,2019-12,Staffordshire Police,Staffordshire Police,-2.105698,52.971861,On or near ANSON ROAD,E01014316,Stoke-on-Trent 031C,Investigation complete; no suspect identified
339c9c709f2378abda65931140a0e7235b6b37de6626622d9c576903858f066a,2019-12,Staffordshire Police,Staffordshire Police,-1.812121,53.031835,On or near BULLGAP LANE,E01029801,Staffordshire Moorlands 007A,Investigation complete; no suspect identified
683a41d5808422b43a8eb0ccdd0e286d850fd3a63e006ad6362b1361d8a4901a,2019-12,Staffordshire Police,Staffordshire Police,-2.246901,53.077804,On or near WESTMORLAND AVENUE,E01029540,Newcastle-under-Lyme 003A,Investigation complete; no suspect identified
1fa8b8080fc3262c8c46c6fadabc20b8acb5d26dc773d0c83f5a5f221581d650,2019-12,Staffordshire Police,Staffordshire Police,-2.166034,53.018122,On or near Supermarket,E01033216,Stoke-on-Trent 016G,Investigation complete; no suspect identified
213e2313998a6fc6df4c541fd7eec3d8d2107bcf9bd3ac24281cd9e52bf6cd1f,2019-12,Staffordshire Police,Staffordshire Police,-2.100861,53.023921,On or near ASHTON COURT,E01029818,Staffordshire Moorlands 009D,Investigation complete; no suspect identified
d97d315a7cccb4d0d2fd95e159f6afc5da109fba15d59e9b61354925c64db5c7,2019-12,Staffordshire Police,Staffordshire Police,-2.197599,52.977488,On or near JANSON STREET,E01014353,Stoke-on-Trent 030D,Investigation complete; no suspect identified
0c5a1253f565d3e0793a2f87c3fbaba8595b53a0a7c5d51d88973555944b37d3,2019-12,Staffordshire Police,Staffordshire Police,-2.095636,52.966997,On or near CONSTABLE CLOSE,E01014318,Stoke-on-Trent 033B,Investigation complete; no suspect identified
9c6effae3c508be9b00d6ed6e3434a04544e94a811613617c69c859aa302e5d2,2019-12,Staffordshire Police,Staffordshire Police,-2.225725,53.007686,On or near Petrol Station,E01029602,Newcastle-under-Lyme 011C,Investigation complete; no suspect identified
aa71cfcdc115e5a8118ab63b0caef40ae29a02527b80f870ad2c096e514fbc16,2019-12,Staffordshire Police,Staffordshire Police,-2.194767,53.046403,On or near JACKSON STREET,E01014247,Stoke-on-Trent 009A,Investigation complete; no suspect identified
847be9c198ec2cc655678b25493c2588e8996908d3ab57ce669811856aa4bdaa,2019-12,Staffordshire Police,Staffordshire Police,-2.198129,53.057472,On or near GLYN PLACE,E01014244,Stoke-on-Trent 006D,Investigation complete; no suspect identified
a3558c27f35b32fc5615baebf1e024bc8e08f7f5fc28cfccfb92bc8dba29e1ce,2019-12,Staffordshire Police,Staffordshire Police,-2.100673,52.962606,On or near CHESHAM GROVE,E01014320,Stoke-on-Trent 033D,Investigation complete; no suspect identified
c7d96540c50d00409e5d82d9c1c81c957e2d65302a55ba00e7c033da50925db5,2019-12,Staffordshire Police,Staffordshire Police,-2.122867,52.636034,On or near BROADLANDS,E01010436,Wolverhampton 001B,Investigation complete; no suspect identified
fd36e91757db924a6f10c88c9fb787ba8d96a8810ab4658783a021ed12070a57,2019-12,Staffordshire Police,Staffordshire Police,,,No location,,,Action to be taken by another organisation
08a95cfc83a137f352edd0809c91224b811b7f5ce3442a839971fbbba1284333,2019-12,Staffordshire Police,Staffordshire Police,-1.880961,52.919729,On or near THE ORCHARD,E01029405,East Staffordshire 001A,Action to be taken by another organisation
fffb40abbd078e3b139ad11c75ee18028dfc35683e99e16ad7d2fe43b82f0395,2019-12,Staffordshire Police,Staffordshire Police,,,No location,,,Action to be taken by another organisation
fffb40abbd078e3b139ad11c75ee18028dfc35683e99e16ad7d2fe43b82f0395,2019-12,Staffordshire Police,Staffordshire Police,,,No location,,,Action to be taken by another organisation
9597fa790c53c6f68dbce290c32913cda46ff47dfe49d22dd65323d519f31d4a,2019-12,Staffordshire Police,Staffordshire Police,-2.132559,52.796434,On or near DRYDEN CRESCENT,E01029737,Stafford 012C,Action to be taken by another organisation
4d71e96ea9131f044dd529f3387a244554e6235bfb3a63a838a080237be15ae4,2019-12,Staffordshire Police,Staffordshire Police,-1.808390,52.688030,On or near DARNFORD VIEW,E01029524,Lichfield 005F,Action to be taken by another organisation
b463ec24e67f92eb09dd24272d07bc033bafdffe8882dd09439f6405c63636dc,2019-12,Staffordshire Police,Staffordshire Police,-1.664152,52.598701,On or near LIBERTY ROAD,E01029869,Tamworth 010E,Action to be taken by another organisation
dc1d4f93107e222a9d4b2164699001dd3c832068f8e71b3f28b77650e3fd4096,2019-12,Staffordshire Police,Staffordshire Police,-2.011572,52.638506,On or near STAFFORD ROAD,E01029632,South Staffordshire 007A,Action to be taken by another organisation
279826bbc4d9a1a8703e99a8a904977a690838b5963a9cc6efcd1bf9dcd60681,2019-12,Staffordshire Police,Staffordshire Police,-2.011572,52.638506,On or near STAFFORD ROAD,E01029632,South Staffordshire 007A,Action to be taken by another organisation
1cb469038a7cd01905e7c13a81a5c0030c4885a833ecc547cca348c02a52de02,2019-12,Staffordshire Police,Staffordshire Police,-2.011572,52.638506,On or near STAFFORD ROAD,E01029632,South Staffordshire 007A,Action to be taken by another organisation
7dbaeaf17dbd10efd1761492fa17d1c0208844565ddae65875d5df7b929d5404,2019-12,Staffordshire Police,Staffordshire Police,-1.929652,52.672467,On or near QUEEN STREET,E01029497,Lichfield 006E,Action to be taken by another organisation
8809b99d2a3836ecc32822165073dfb6c603ac0c3118afb5c19e86bcf478aa63,2019-12,Staffordshire Police,Staffordshire Police,-2.112959,52.718524,On or near MANSTON HILL,E01029658,South Staffordshire 001D,Action to be taken by another organisation
00ac50c6f3a24b7681de6e840bdb0478fedaf64d12d12870b27ba125a32551d5,2019-12,Staffordshire Police,Staffordshire Police,-1.921970,52.684581,On or near BAMPTON AVENUE,E01029489,Lichfield 009C,Action to be taken by another organisation
a5b46973466b3e0c7e4a002176ff8de265f38629814d279af28f97b59aa092b3,2019-12,Staffordshire Police,Staffordshire Police,-1.861538,52.900894,On or near DOVE BANK,E01029460,East Staffordshire 003B,Action to be taken by another organisation
9675d6ef20d6f3e2e36ef24dc7da9923d568332775fa70a348f0fa0a7571fcd7,2019-12,Staffordshire Police,Staffordshire Police,-1.732261,52.617655,On or near GEORGE AVENUE,E01029502,Lichfield 012B,Action to be taken by another organisation
33ca2ae75d130acd79659834b9048d51e349f9c2076b2ab91a2220c4bc8d417d,2019-12,Staffordshire Police,Staffordshire Police,-1.814085,52.684775,On or near LAUREL CLOSE,E01029484,Lichfield 005B,Action to be taken by another organisation
7286045c13a0f69fb3081d58caa2dd08390695463af6eb88084b1ecc850d02aa,2019-12,Staffordshire Police,Staffordshire Police,-2.107178,52.649363,On or near Sports/Recreation Area,E01029637,South Staffordshire 006D,Action to be taken by another organisation
9f4918f199ed7d79af734b13425e45c7391e0d2db7619549ed2b7ade0c565205,2019-12,Staffordshire Police,Staffordshire Police,,,No location,,,Action to be taken by another organisation
9f4918f199ed7d79af734b13425e45c7391e0d2db7619549ed2b7ade0c565205,2019-12,Staffordshire Police,Staffordshire Police,,,No location,,,Action to be taken by another organisation
9f4918f199ed7d79af734b13425e45c7391e0d2db7619549ed2b7ade0c565205,2019-12,Staffordshire Police,Staffordshire Police,,,No location,,,Action to be taken by another organisation
4e6514ebe2764056bbc6a318f36352fb549975739c9fa404d3cb642efd1d964c,2019-12,Staffordshire Police,Staffordshire Police,-1.655754,52.794113,On or near PRIMROSE DRIVE,E01029415,East Staffordshire 013C,Action to be taken by another organisation
d2e1d3e1c7127ef46c66bcf563bb3535a0d468cf15d769b4bec153561690a2bd,2019-12,Staffordshire Police,Staffordshire Police,-1.869199,52.899122,On or near JOHN STREET,E01029461,East Staffordshire 003C,Action to be taken by another organisation
edfa755d854d7196ce463003ce18d3c9ba363a62a2af893fd0721fdbb60ce5bc,2019-12,Staffordshire Police,Staffordshire Police,-1.646426,52.823382,On or near MORLEY'S HILL,E01029434,East Staffordshire 007A,Action to be taken by another organisation
1bcd5ab4ef1050ded469741824e9702e3d22fcab3746c62326129e537335d888,2019-12,Staffordshire Police,Staffordshire Police,-1.691201,52.644749,On or near WILLINGTON ROAD,E01029853,Tamworth 001E,Action to be taken by another organisation
445ddb6f7d055b5f3b99aa94443a6dd843e3e7ceb250098253c760c57908bf34,2019-12,Staffordshire Police,Staffordshire Police,-1.645337,52.612293,On or near MONTLEY,E01029855,Tamworth 008A,Action to be taken by another organisation
e696bd69337c57e054aa930252a8914aa1ce194df1fbd75760b11228d21ff225,2019-12,Staffordshire Police,Staffordshire Police,-1.645997,52.821412,On or near WESTFIELD ROAD,E01029434,East Staffordshire 007A,Action to be taken by another organisation
b5cffffd7249b5e4b5bc8f72ac2908fe812b06b2295155343059ce1736993ebf,2019-12,Staffordshire Police,Staffordshire Police,-2.133462,52.795911,On or near WEST WAY,E01029737,Stafford 012C,Action to be taken by another organisation
c860463d2693acd306c4438dfbb858ca96cec80f61f708579e69f96b929a78c7,2019-12,Staffordshire Police,Staffordshire Police,-2.107178,52.649363,On or near Sports/Recreation Area,E01029637,South Staffordshire 006D,Action to be taken by another organisation
c860463d2693acd306c4438dfbb858ca96cec80f61f708579e69f96b929a78c7,2019-12,Staffordshire Police,Staffordshire Police,-2.107178,52.649363,On or near Sports/Recreation Area,E01029637,South Staffordshire 006D,Action to be taken by another organisation
c860463d2693acd306c4438dfbb858ca96cec80f61f708579e69f96b929a78c7,2019-12,Staffordshire Police,Staffordshire Police,-2.107178,52.649363,On or near Sports/Recreation Area,E01029637,South Staffordshire 006D,Action to be taken by another organisation
c6f9ae2574691dc1d0e1ac3cc9888225e1f6e34a7129e838fa3b5d95f45b91a8,2019-12,Staffordshire Police,Staffordshire Police,-1.993874,52.713562,On or near GLENDENE ROAD,E01029389,Cannock Chase 005D,Action to be taken by another organisation
5acd667a5b9cab9d2c03c0aff66302585c61354d4a6cd7de4c2b23545f479dd0,2019-12,Staffordshire Police,Staffordshire Police,,,No location,,,Action to be taken by another organisation
84e10ca7b19e4e4b528bf0660bf0898ce7ad629323d36f79a561c5bd71454121,2019-12,Staffordshire Police,Staffordshire Police,-1.923142,52.749891,On or near Sports/Recreation Area,E01029347,Cannock Chase 003C,Action to be taken by another organisation
082467051e5009f51792eab40b221a48830243d68836067cd731b978b87e7ce8,2019-12,Staffordshire Police,Staffordshire Police,-2.052802,52.627752,On or near FERNDALE ROAD,E01029632,South Staffordshire 007A,Action to be taken by another organisation
fe19c46f4ae45d48f48b742538c8f3db7ceb6fc9ec061188bcf0191395655f3a,2019-12,Staffordshire Police,Staffordshire Police,,,No location,,,Action to be taken by another organisation
5b7193455ebf7ff6c3b67c9c133d46f6b00eced27ba817af211bf5040e73ec76,2019-12,Staffordshire Police,Staffordshire Police,-2.056691,52.630169,On or near FORREST AVENUE,E01029633,South Staffordshire 007B,Action to be taken by another organisation
d761c2baa9a0b3348a9701d49cf67ccd1ab6af8d09e6c7dee037d3469af91809,2019-12,Staffordshire Police,Staffordshire Police,-1.660305,52.788696,On or near AINTREE CLOSE,E01029414,East Staffordshire 013B,Action to be taken by another organisation
38a61940c8f218197e1f00b59b658d08bb070738d224412ec8970095fca79ac7,2019-12,Staffordshire Police,Staffordshire Police,-1.837848,52.607058,On or near A5127,E01029522,Lichfield 011D,Action to be taken by another organisation
570dab20cd6f9fef9f50bbb86448565587521377b4588029df047caedee7ea20,2019-12,Staffordshire Police,Staffordshire Police,-1.922820,52.688941,On or near BIRCH TERRACE,E01029486,Lichfield 003A,Action to be taken by another organisation
8a494b3b84bc7dedf420410cdb000e4b740c28ddc5d5e616fb7229447bc42fd3,2019-12,Staffordshire Police,Staffordshire Police,-1.667146,52.614721,On or near ROMNEY,E01029829,Tamworth 010A,Action to be taken by another organisation
876905a1bd3ba76e2864bdce2b028fdef897c2bcf2eb6bd2d41a0ec212fbb801,2019-12,Staffordshire Police,Staffordshire Police,-1.936189,52.763670,On or near Petrol Station,E01029402,Cannock Chase 001E,Action to be taken by another organisation
fe8a34a148054220d88ef7f142df1be4bc05ea0985498ffdb3dc3641f5153da1,2019-12,Staffordshire Police,Staffordshire Police,-1.654747,52.619486,On or near CROWDEN ROAD,E01029842,Tamworth 007B,Action to be taken by another organisation
c1137614f73cc860f62de4e3a2b9d4feafac745b55b1ae5ab0b4bf97ace0b4e7,2019-12,Staffordshire Police,Staffordshire Police,-1.809861,52.679743,On or near BASKEYFIELD CLOSE,E01029485,Lichfield 005C,Action to be taken by another organisation
b932236ed46df5a80cfadd828ed013bec6a5311f8d490e951947327c0b2d9841,2019-12,Staffordshire Police,Staffordshire Police,-2.049167,52.679220,On or near WOLVERHAMPTON ROAD,E01029361,Cannock Chase 012C,Action to be taken by another organisation
1b97cd240d7998bb7e0ac7806a3e78fb963ac615eab33bdfaaa6b492894dd919,2019-12,Staffordshire Police,Staffordshire Police,-1.836369,52.675135,On or near TEWE PLACE,E01032900,Lichfield 004G,Action to be taken by another organisation
9fe53b1bfaf2791ffcf8f2f5bb3a8f5d87a886c0a75aca9e356e1875de834b85,2019-12,Staffordshire Police,Staffordshire Police,-2.057319,52.624343,On or near THIRLMERE DRIVE,E01029634,South Staffordshire 007C,Action to be taken by another organisation
eb60516b8a63b31580a74730c18795df66a3b99010a91b6e26c4197d17269973,2019-12,Staffordshire Police,Staffordshire Police,,,No location,,,Action to be taken by another organisation
6b4bd3a9027623a3f7246710996b6aa93393fe3f3e3109f5d0cba18b677694c5,2019-12,Staffordshire Police,Staffordshire Police,-2.117383,52.706914,On or near RODBASTON DRIVE,E01029658,South Staffordshire 001D,Action to be taken by another organisation
215133e1707b224c36aa9c1c4f72fe2f0aaed871168eca1e1100a7ace0f636f2,2019-12,Staffordshire Police,Staffordshire Police,-2.126896,52.797186,On or near ROTHERWOOD DRIVE,E01029736,Stafford 012B,Action to be taken by another organisation
8508d1c0677c32da27a78d583ad6cd95e1f24959ef0d65af956d3206ea05b498,2019-12,Staffordshire Police,Staffordshire Police,-2.040224,52.637376,On or near Sports/Recreation Area,E01029632,South Staffordshire 007A,Action to be taken by another organisation
c8b5cc33da613f24b4eb263652d73ccef1938d68ce0b2bad394dc453f0d8981a,2019-12,Staffordshire Police,Staffordshire Police,-1.729058,52.619643,On or near HEATHCOTE DRIVE,E01029502,Lichfield 012B,Action to be taken by another organisation
6e59a5bfcdd339ada222bebf1606547c2ea0121f44ce5ab6d7625fba03db443e,2019-12,Staffordshire Police,Staffordshire Police,-1.922369,52.667914,On or near BROOKLYN ROAD,E01029506,Lichfield 009F,Action to be taken by another organisation
0cc44303e8901e2e756f5055f780859b47d6f086f93cdd99babaae2e4a4d48a5,2019-12,Staffordshire Police,Staffordshire Police,-2.142897,52.886756,On or near BROOMS ROAD,E01029754,Stafford 004D,Action to be taken by another organisation
67669a073813079e1299ded715a2f43a2075be021dbecec04804fe9acfdb3b92,2019-12,Staffordshire Police,Staffordshire Police,-2.005850,52.720439,On or near GREENWOOD PARK,E01029386,Cannock Chase 005B,Action to be taken by another organisation
22a0bce4dca792b333d7454a21595873de21272c7f969845197d4736465405a3,2019-12,Staffordshire Police,Staffordshire Police,-1.726861,52.619054,On or near ALLTON AVENUE,E01029502,Lichfield 012B,Action to be taken by another organisation
22e97f0e718377d25d48ac769a02ce011f102ecbf2e9592d260c999accc6bb9a,2019-12,Staffordshire Police,Staffordshire Police,-1.812092,52.687199,On or near Sports/Recreation Area,E01029524,Lichfield 005F,Action to be taken by another organisation
75d1d76262a87c5a62df228d89c1cdf27571ebadb6270291fe7c5a62b442d2c3,2019-12,Staffordshire Police,Staffordshire Police,-2.020722,52.705838,On or near BENION ROAD,E01029358,Cannock Chase 007E,Action to be taken by another organisation
75d1d76262a87c5a62df228d89c1cdf27571ebadb6270291fe7c5a62b442d2c3,2019-12,Staffordshire Police,Staffordshire Police,-2.020722,52.705838,On or near BENION ROAD,E01029358,Cannock Chase 007E,Action to be taken by another organisation
04f2f06d97c45d0df7253400a08bf75bee4c3fbb1138b8c1d8001a9242fbba56,2019-12,Staffordshire Police,Staffordshire Police,-1.855928,52.956351,On or near TAYLORS LANE,E01029422,East Staffordshire 001C,Action to be taken by another organisation
a631dc7d20b9669461329c53c456a12dc217ad120542a67a3db01d68d7cd6dd5,2019-12,Staffordshire Police,Staffordshire Police,-1.855928,52.956351,On or near TAYLORS LANE,E01029422,East Staffordshire 001C,Action to be taken by another organisation
076d82fe2814a61000034667b58e668e090b10f70dde27dbb511435aefc03e26,2019-12,Staffordshire Police,Staffordshire Police,-1.721086,52.616739,On or near BROOKSIDE ROAD,E01029503,Lichfield 012C,Action to be taken by another organisation
56a641b5da3f4b83c271f8e4b60bb785db81fadee994be04f3a5d6ca5ae84ff5,2019-12,Staffordshire Police,Staffordshire Police,-2.130117,52.792958,On or near WEST WAY,E01029716,Stafford 013B,Action to be taken by another organisation
deb8008e65e1368af59f00891ab616c26ab0270610c8855d505e52e4b76e13f6,2019-12,Staffordshire Police,Staffordshire Police,-1.721086,52.616739,On or near BROOKSIDE ROAD,E01029503,Lichfield 012C,Action to be taken by another organisation
632668a29cde555817d91eb7888911337ccd7d46c7e427f441d2f5b3cb418198,2019-12,Staffordshire Police,Staffordshire Police,-2.142897,52.886756,On or near BROOMS ROAD,E01029754,Stafford 004D,Action to be taken by another organisation
8e8272b243c4d1adec2a2fbf45c1472d16e8991f57892b2c9ac655d174c48e6a,2019-12,Staffordshire Police,Staffordshire Police,-1.922820,52.688941,On or near BIRCH TERRACE,E01029486,Lichfield 003A,Action to be taken by another organisation
ab7c3046581ec9903dc963c0cb2b2935ec5b031c0e58005d09611c2ec6f2ad2f,2019-12,Staffordshire Police,Staffordshire Police,-2.102724,52.722776,On or near ATHELSTAN CLOSE,E01029657,South Staffordshire 001C,Action to be taken by another organisation
e1d1f0c5d2e628c11fe595dacae1f57f909b320e53d03693f3ff67c4f7e1e6b4,2019-12,Staffordshire Police,Staffordshire Police,-1.830158,52.694194,On or near WILLOWTREE CLOSE,E01029499,Lichfield 004B,Action to be taken by another organisation
8a67ce76b81b27ff260e0f2505a592f1c6b7b8591a77173f0873b0bb60e8d318,2019-12,Staffordshire Police,Staffordshire Police,-1.697751,52.635758,On or near OFFA STREET,E01029851,Tamworth 002E,Action to be taken by another organisation
9a544dbe80fd1160fb18be8cb5d0b633485809015b140606511868b9bd9513bf,2019-12,Staffordshire Police,Staffordshire Police,-2.197580,52.597411,On or near LEVINGTON CLOSE,E01029661,South Staffordshire 010B,Action to be taken by another organisation
288ad7eb4ec13c574239ebf8a2d07252d8a0d895e4502b6b6c44fd42ccbfde10,2019-12,Staffordshire Police,Staffordshire Police,-1.824854,52.688397,On or near THE PARCHMENTS,E01029501,Lichfield 004C,Action to be taken by another organisation
b453eb1fe80ac64c4e69b3dee7ac3e57efc5193d844ffb7665187513e1c78ff3,2019-12,Staffordshire Police,Staffordshire Police,-2.082018,52.970001,On or near ADAMTHWAITE CLOSE,E01029702,Stafford 001A,Action to be taken by another organisation
c1e9b804d2ece8fd8a3702f2337e98cdf5ecd89090752646a5a8d57612bab600,2019-12,Staffordshire Police,Staffordshire Police,,,No location,,,Action to be taken by another organisation
1984b93f09e5b6d77acd34bd277f79c7db5fd6c25a5c5930e82b4b5d856e764b,2019-12,Staffordshire Police,Staffordshire Police,-1.621646,52.783725,On or near SYCAMORE ROAD,E01029452,East Staffordshire 014D,Action to be taken by another organisation
7e4c96f0d16f6c27ac69ecc21d614b2848eee32578408846c235ed70c0218363,2019-12,Staffordshire Police,Staffordshire Police,-1.871676,52.890810,On or near SORREL CLOSE,E01029459,East Staffordshire 003A,Action to be taken by another organisation
9c40153461a70456723196b768360b0d2f27821a9136061625b8b20bf6fbeb71,2019-12,Staffordshire Police,Staffordshire Police,-1.656207,52.819536,On or near FAVERSHAM ROAD,E01029435,East Staffordshire 007B,Action to be taken by another organisation
d279f19ab7554959ddd662a2d5362a954c5d884ac328490cc3193adbad8d27f1,2019-12,Staffordshire Police,Staffordshire Police,-1.656207,52.819536,On or near FAVERSHAM ROAD,E01029435,East Staffordshire 007B,Action to be taken by another organisation
a02223fb788e859989813951544687bee260eaec6ec07b932a4026adc7e47e73,2019-12,Staffordshire Police,Staffordshire Police,-1.656207,52.819536,On or near FAVERSHAM ROAD,E01029435,East Staffordshire 007B,Action to be taken by another organisation
2e091f8a73aa19b0ad955be188848f22a1b9e13ba39228a0ec4a090ad5351532,2019-12,Staffordshire Police,Staffordshire Police,-1.656207,52.819536,On or near FAVERSHAM ROAD,E01029435,East Staffordshire 007B,Action to be taken by another organisation
0dbf74b1c6e2cb4e2539ce9c4451ea56e3edebabdfb334c32916843d407b6fa8,2019-12,Staffordshire Police,Staffordshire Police,-1.776513,52.869724,On or near Park/Open Space,E01029425,East Staffordshire 006D,Action to be taken by another organisation
1c64d1887918611b4f382207bf4030ffb780c8af146858edb87ab8082288b928,2019-12,Staffordshire Police,Staffordshire Police,-2.199620,52.533014,On or near LINDALE DRIVE,E01029671,South Staffordshire 012A,Action to be taken by another organisation
531e50a042627610a9a71fe3f41ee75445aab98801102049aaa7ffa8b470e106,2019-12,Staffordshire Police,Staffordshire Police,-2.109580,52.811353,On or near CORPORATION STREET,E01029725,Stafford 009D,Action to be taken by another organisation
e62fdd5793cb34ab1909bd78dd238a519b0f2e82a7217664402cade6d13faa17,2019-12,Staffordshire Police,Staffordshire Police,-2.090034,52.621599,On or near WOOD HAYES CROFT,E01029633,South Staffordshire 007B,Action to be taken by another organisation
e3d95755b2b2401aa43b989ef4e5bb1d982f4ebfe2c31de9c188ba1e74db7759,2019-12,Staffordshire Police,Staffordshire Police,-1.824574,52.691785,On or near Sports/Recreation Area,E01029501,Lichfield 004C,Action to be taken by another organisation
d1e26206a98d758bb0a00863f523b3f6b98ce783c764400ffd2318305dce5e19,2019-12,Staffordshire Police,Staffordshire Police,-1.867262,52.905592,On or near SLADE FIELDS,E01029461,East Staffordshire 003C,Action to be taken by another organisation
85dcb34a39cb4c1bc31052c91d82969d7f93c9c808c77b82f506b042f78fce2a,2019-12,Staffordshire Police,Staffordshire Police,-2.217343,52.712436,On or near YEW TREE DRIVE,E01029669,South Staffordshire 003D,Action to be taken by another organisation
5af4c3788d562354a73b7363938448de91304efa7c3635fdf9de93bb74014b6f,2019-12,Staffordshire Police,Staffordshire Police,-1.640796,52.825918,On or near ST MODWEN'S CLOSE,E01029437,East Staffordshire 007D,Action to be taken by another organisation
52e893a95b1b439361c93c2262169410e1698ffc1a60c010119200b803acb6ff,2019-12,Staffordshire Police,Staffordshire Police,,,No location,,,Action to be taken by another organisation
6f760cb9af847066868a983e6bd1b432373868e2a73524772ab2efc7b86f6344,2019-12,Staffordshire Police,Staffordshire Police,-1.922820,52.688941,On or near BIRCH TERRACE,E01029486,Lichfield 003A,Action to be taken by another organisation
1b56fdf37d405f1a5ca2c5fb024577458bc8f7a8954a1febde5c22b332a4c84e,2019-12,Staffordshire Police,Staffordshire Police,-2.256359,52.787637,On or near ANCHOR WAY,E01029707,Stafford 015C,Action to be taken by another organisation
c9163a32be31b5b54e26836451d15e3cc9e12c3f08d29c3838ea4af7af7dccfc,2019-12,Staffordshire Police,Staffordshire Police,-2.256359,52.787637,On or near ANCHOR WAY,E01029707,Stafford 015C,Action to be taken by another organisation
7dcd97dc0bc75d4427eb66371fbbfe093131eb810067c06dfa6fbfa93af323d4,2019-12,Staffordshire Police,Staffordshire Police,-2.256359,52.787637,On or near ANCHOR WAY,E01029707,Stafford 015C,Action to be taken by another organisation
3d53978254ede74b1d36865c7ae882b2b72f703b92d607faf87ab88422e80fd1,2019-12,Staffordshire Police,Staffordshire Police,-2.256359,52.787637,On or near ANCHOR WAY,E01029707,Stafford 015C,Action to be taken by another organisation
1c63630fa8935738904ac9ee5565b225d0eea675007ec2627002ae8cb6e89e96,2019-12,Staffordshire Police,Staffordshire Police,-1.934240,52.679536,On or near HIGH STREET,E01029497,Lichfield 006E,Action to be taken by another organisation
c2c1bb7e3e2b5d19ec13d7791f3faa40015600a8835a37903d318c4a69e10f3a,2019-12,Staffordshire Police,Staffordshire Police,-1.759591,52.675993,On or near DARBY AVENUE,E01029531,Lichfield 008D,Action to be taken by another organisation
b9acf14dee7805e1f1db096ce15bcdfb1695bec27a999a4e51304da5c7c155df,2019-12,Staffordshire Police,Staffordshire Police,-2.114466,52.785351,On or near Petrol Station,E01029729,Stafford 016B,Action to be taken by another organisation
0d67170835290cde37bba1c793a3be4de752054f0d6a63a21033bc7a3cf9d594,2019-12,Staffordshire Police,Staffordshire Police,-1.956223,52.765864,On or near DELAFIELD WAY,E01029368,Cannock Chase 001A,Action to be taken by another organisation
2db557673e4e84f6396b739a96edfd3863dd131aa2fe77558c800e3bd42c0fbc,2019-12,Staffordshire Police,Staffordshire Police,-1.668547,52.614949,On or near REDLAKE,E01029829,Tamworth 010A,Action to be taken by another organisation
dbc954b640a8c897ed0782854490cc54d6a277cbde3077515629682a1cd2f4ae,2019-12,Staffordshire Police,Staffordshire Police,,,No location,,,Action to be taken by another organisation
df53da7b78cc8c5b7eebd6165114c31341e1c93996c139d34f79d47ca0176289,2019-12,Staffordshire Police,Staffordshire Police,-1.939160,52.747967,On or near HILLARY CREST,E01029374,Cannock Chase 003E,Action to be taken by another organisation
dea337b58bb76ba832ba698948b182fcd11fa2f424668a546e7de5d82f289bd3,2019-12,Staffordshire Police,Staffordshire Police,-2.016148,52.664945,On or near SHANKLIN CLOSE,E01029643,South Staffordshire 005D,Action to be taken by another organisation
8d2e812d6a8c84ba5b435642e24151f6b8d260c9b6f80c5898a51bf90713ff6d,2019-12,Staffordshire Police,Staffordshire Police,-1.720602,52.764537,On or near PALMER CLOSE,E01029441,East Staffordshire 015C,Action to be taken by another organisation
16c90585219a765d9fcac7c451ab86588cd5662d41d8bbf41c2b228c7d37191b,2019-12,Staffordshire Police,Staffordshire Police,-1.790481,52.859879,On or near WOODLANDS RISE,E01029424,East Staffordshire 006C,Action to be taken by another organisation
c4c40e16f68938ad7ec8e051d92e7416e83880343ade6af12e80cba1e0c94c10,2019-12,Staffordshire Police,Staffordshire Police,-1.922820,52.688941,On or near BIRCH TERRACE,E01029486,Lichfield 003A,Action to be taken by another organisation
c70d026f80de65b3c6d11eb8059c699c4edff6cabd77a2e98edfd612ff3e41a1,2019-12,Staffordshire Police,Staffordshire Police,-1.922820,52.688941,On or near BIRCH TERRACE,E01029486,Lichfield 003A,Action to be taken by another organisation
a24cd94e18bd88986db3869cc88357d79e2cde921aee4ea84d27bbc3a6a06490,2019-12,Staffordshire Police,Staffordshire Police,-1.922820,52.688941,On or near BIRCH TERRACE,E01029486,Lichfield 003A,Action to be taken by another organisation
0e8c4091d159690b0aee427b81b552ac8696c160a2afa879268306c0c31eb6f9,2019-12,Staffordshire Police,Staffordshire Police,-1.922820,52.688941,On or near BIRCH TERRACE,E01029486,Lichfield 003A,Action to be taken by another organisation
25bc20d3bff90f70e6a8dba81af34bd3349c0938f3977327f9666b22e673bdca,2019-12,Staffordshire Police,Staffordshire Police,-1.649538,52.788899,On or near JEPHSON ROAD,E01029414,East Staffordshire 013B,Action to be taken by another organisation
626045da6469735b2e4528a6d76c7b8682351cb5ad536e3ef2fe89fea095e1b1,2019-12,Staffordshire Police,Staffordshire Police,-1.630343,52.803718,On or near Parking Area,E01032896,East Staffordshire 011F,Action to be taken by another organisation
c915d15125e47719fb23145d6f8a9ea6eeb0ef3562d045af862389704e1dcacd,2019-12,Staffordshire Police,Staffordshire Police,-2.199620,52.533014,On or near LINDALE DRIVE,E01029671,South Staffordshire 012A,Action to be taken by another organisation
04c0109d5f35cfd0b2b077747e3f6ed0c21d51368be7ec900d6eebef04632d2a,2019-12,Staffordshire Police,Staffordshire Police,-2.134766,52.790660,On or near MELROSE AVENUE,E01029715,Stafford 013A,Action to be taken by another organisation
5a47b1f8d37df68afcf839e116e29acff0c89c8060b94ab9f80ec826383d12d2,2019-12,Staffordshire Police,Staffordshire Police,-1.663181,52.619438,On or near GRESLEY,E01029840,Tamworth 007A,Action to be taken by another organisation
7da29fc4bccf1795754cd4c26fc6681166496b8ae190ef5e7b8719f3f4f7797d,2019-12,Staffordshire Police,Staffordshire Police,-1.663181,52.619438,On or near GRESLEY,E01029840,Tamworth 007A,Action to be taken by another organisation
43d4f1d006690f19fa5c14fae5da421b1fd98bb56ca5adf4777cb3f137ba43cb,2019-12,Staffordshire Police,Staffordshire Police,-1.914777,52.747404,On or near ARMITAGE GARDENS,E01029347,Cannock Chase 003C,Action to be taken by another organisation
4f3017292ebfe7928c4c8818ba2e12e8853e29ecee6cf1fdfeb6e9758d57e576,2019-12,Staffordshire Police,Staffordshire Police,-1.675058,52.627346,On or near STRETTON STREET,E01029830,Tamworth 006E,Action to be taken by another organisation
8cf0f5b681350bbf75844c73c8707c5c976704c8ab41f89c31efcbb8533d2fdf,2019-12,Staffordshire Police,Staffordshire Police,-2.156320,52.552893,On or near COTSDALE ROAD,E01029673,South Staffordshire 012B,Action to be taken by another organisation
7db14320870216303fd355cb5586af5961fa7616cd624fd3ca4788ea161f1815,2019-12,Staffordshire Police,Staffordshire Police,-2.208906,53.005946,On or near ASHLANDS ROAD,E01014289,Stoke-on-Trent 018B,Action to be taken by another organisation
8c423f1d4687b12a6d1edbdf81cdfa830f6c5e2903f1fc2d916ca4b3354d5598,2019-12,Staffordshire Police,Staffordshire Police,-2.160975,52.972545,On or near HORSLEY GROVE,E01014237,Stoke-on-Trent 032C,Action to be taken by another organisation
7b7c7194f0e73615718d9429e3e1bd168aaeea12c7ba94d62740f0089a2fbc9c,2019-12,Staffordshire Police,Staffordshire Police,-2.165862,53.062780,On or near SMITHYFIELD ROAD,E01014336,Stoke-on-Trent 004D,Action to be taken by another organisation
c0bbe35ae1a9997ba755730bd956250dd42836f9b81ede097c36f3c276b43298,2019-12,Staffordshire Police,Staffordshire Police,-2.179643,53.093251,On or near CHILDERPLAY ROAD,E01029771,Staffordshire Moorlands 004B,Action to be taken by another organisation
6d6032b6334a19c00297b7e301670204508986c8c9eded6e43fd69c7072a72ea,2019-12,Staffordshire Police,Staffordshire Police,-2.179643,53.093251,On or near CHILDERPLAY ROAD,E01029771,Staffordshire Moorlands 004B,Action to be taken by another organisation
a6efffa6d3b6ac7273bc54f645abc30d05377ff7ded123eb035748ab9d475c3f,2019-12,Staffordshire Police,Staffordshire Police,-2.219549,52.991877,On or near STAFFORD CRESCENT,E01029549,Newcastle-under-Lyme 014A,Action to be taken by another organisation
1191f07b04ff21650075510979bd2a152cf9eb2b32be6990c15e101b8147b4a1,2019-12,Staffordshire Police,Staffordshire Police,-2.201193,53.052137,On or near EDGE STREET,E01014252,Stoke-on-Trent 009D,Action to be taken by another organisation
3b1ebcb7b4964f45a0738ff81e43c410ccdee9ee3577284a3a272f32162e47af,2019-12,Staffordshire Police,Staffordshire Police,-2.201193,53.052137,On or near EDGE STREET,E01014252,Stoke-on-Trent 009D,Action to be taken by another organisation
0a5d54bb84ba3b4be1d4e25d8ff094e9fb4970bde479f719994a781f19e9dbb3,2019-12,Staffordshire Police,Staffordshire Police,-2.166194,53.001780,On or near MOUNFIELD PLACE,E01014275,Stoke-on-Trent 020B,Action to be taken by another organisation
9f051fed7dfb536ce84d019eb55fa41218e511035af313f9b76d728727bf49c1,2019-12,Staffordshire Police,Staffordshire Police,-2.162974,53.001406,On or near KENT PLACE,E01014275,Stoke-on-Trent 020B,Action to be taken by another organisation
7d02b69fc77a6568de60ab8e2caa9f591f6cb295965cac671898b414a570ac3e,2019-12,Staffordshire Police,Staffordshire Police,-2.198685,53.048554,On or near DARWIN DRIVE,E01014251,Stoke-on-Trent 009C,Action to be taken by another organisation
f37b9a3cd99e16b561c33c2832c32e22bec9fef57a375b647104f872b970f4a4,2019-12,Staffordshire Police,Staffordshire Police,-2.096031,52.984184,On or near GOODWIN ROAD,E01014366,Stoke-on-Trent 028B,Action to be taken by another organisation
234efc94510f1c6f04886f924ddf83ea9197ab0a4f9a25678eaeba3eac53e164,2019-12,Staffordshire Police,Staffordshire Police,-2.089517,53.024910,On or near HILL VILLAGE ROAD,E01029780,Staffordshire Moorlands 009B,Action to be taken by another organisation
6833f17861bced8b747ae9033aca1ca9add2c089da9d6b0daefbc2056f25de74,2019-12,Staffordshire Police,Staffordshire Police,-2.242132,53.023412,On or near BREEDON CLOSE,E01029554,Newcastle-under-Lyme 010B,Action to be taken by another organisation
29164e1012414385b9baf667405751647a6011745478642411bb35854baf858d,2019-12,Staffordshire Police,Staffordshire Police,-2.180453,53.019270,On or near COOPER STREET,E01014287,Stoke-on-Trent 015D,Action to be taken by another organisation
aaa4f5d0dd196037c2a87735071d495037ffeeb1791f5e437e7ef1c65629fdef,2019-12,Staffordshire Police,Staffordshire Police,-2.188218,53.001819,On or near STURGESS STREET,E01014345,Stoke-on-Trent 019E,Action to be taken by another organisation
22a7bf3407ee795237f399a6f1a8236ef23b4de87cda98528b61859a5a1fb39f,2019-12,Staffordshire Police,Staffordshire Police,-2.284099,53.030088,On or near HIGH LANE,E01029556,Newcastle-under-Lyme 005E,Action to be taken by another organisation
e06842c6f38ff80d773b973c2c9c852bc7a66d6f43d3f861e0976a19ec269ffa,2019-12,Staffordshire Police,Staffordshire Police,-2.163304,53.029398,On or near KEELINGS ROAD,E01014329,Stoke-on-Trent 013D,Action to be taken by another organisation
6f0358b1258bf2200e7870dc58787a1baa5806a73dea5ed044010354d536675c,2019-12,Staffordshire Police,Staffordshire Police,-2.104227,52.973166,On or near LEACROFT ROAD,E01014317,Stoke-on-Trent 031D,Action to be taken by another organisation
6c8180c49e34eb1d83679f06be112d17c29f5d2ebb7f750daad841e261eaf0f6,2019-12,Staffordshire Police,Staffordshire Police,-2.192579,53.010639,On or near NORTH STREET,E01014291,Stoke-on-Trent 018D,Action to be taken by another organisation
00ff161b665ce4201a26a152423f5fb14678f3d422f96c4481d707081e5a30ea,2019-12,Staffordshire Police,Staffordshire Police,-2.192579,53.010639,On or near NORTH STREET,E01014291,Stoke-on-Trent 018D,Action to be taken by another organisation
f34552262873b624772c42a005b28cd9a48dce992253f0cf768bd58d11e46f96,2019-12,Staffordshire Police,Staffordshire Police,-2.196532,52.978658,On or near FLORENCE ROAD,E01014353,Stoke-on-Trent 030D,Action to be taken by another organisation
30dcf1ef3fdd2e1403159cce44b185c967e5fbafc109a9b0e90744577006a5a8,2019-12,Staffordshire Police,Staffordshire Police,-2.120356,52.973852,On or near ACORN RISE,E01014310,Stoke-on-Trent 031A,Action to be taken by another organisation
d9b28863c14d7dec62757e71b41793740f3d59159d0e7dfb3f66173ea63fb54d,2019-12,Staffordshire Police,Staffordshire Police,,,No location,,,Action to be taken by another organisation
333de1de7f91216685a2e69f2dcc3583f6c12cc9d2bdfaf991046063c8f65859,2019-12,Staffordshire Police,Staffordshire Police,-2.179643,53.093251,On or near CHILDERPLAY ROAD,E01029771,Staffordshire Moorlands 004B,Action to be taken by another organisation
c6500618fb7e1c9ddd331b89e6eb37b1d9a5e33bd4bd780dd160aa41d855e1ef,2019-12,Staffordshire Police,Staffordshire Police,,,No location,,,Action to be taken by another organisation
08fcd666c67e26861ffbdbd78d706c2fe5ec9cab5fa18e7bf7ea63e50356340b,2019-12,Staffordshire Police,Staffordshire Police,,,No location,,,Action to be taken by another organisation
d151b1af8b1a1734c744c7c2bb113cf1b8f841f99b40bec4698ddeb2486fe6ea,2019-12,Staffordshire Police,Staffordshire Police,-2.354211,52.928393,On or near CHURCH ROAD,E01029571,Newcastle-under-Lyme 016C,Action to be taken by another organisation
31845c2369f9ac14301283d2007eae62ecbb8de4d937e180f219d0b9eb588b44,2019-12,Staffordshire Police,Staffordshire Police,-2.116982,52.976435,On or near STAR AND GARTER ROAD,E01014310,Stoke-on-Trent 031A,Action to be taken by another organisation
7fec566dad715f121a41c99331261403d8ff030eecb5a87ee35ea53db757af9c,2019-12,Staffordshire Police,Staffordshire Police,-2.175112,52.996193,On or near RAMSEY STREET,E01014277,Stoke-on-Trent 020D,Action to be taken by another organisation
d3105c92e6cf77d2093ddad3af18895213835f3ea21c27d282a3f5ef62a47ef6,2019-12,Staffordshire Police,Staffordshire Police,-2.170333,53.023509,On or near GILMAN STREET,E01014231,Stoke-on-Trent 016B,Action to be taken by another organisation
c6304f85653a1ee0110e9bc7584a47d99d7db15f81f2e79fe9d905f6e873d616,2019-12,Staffordshire Police,Staffordshire Police,-1.892199,52.987959,On or near Park/Open Space,E01029761,Staffordshire Moorlands 010A,Action to be taken by another organisation
f9fc850871b652bd2278dfa51ba9dc4ec70b7a2ee28ad12d06b99fc6fe22cb1f,2019-12,Staffordshire Police,Staffordshire Police,-2.354211,52.928393,On or near CHURCH ROAD,E01029571,Newcastle-under-Lyme 016C,Action to be taken by another organisation
e569cb99231617eff0a16826619e1cde4f80076f272a69548dc83dcd3d006eb3,2019-12,Staffordshire Police,Staffordshire Police,-2.241068,53.089223,On or near BOURNE ROAD,E01029564,Newcastle-under-Lyme 002C,Action to be taken by another organisation
e868948d6853a25b7d48e8596f275ab709d5a89baa5f90522a480fc91d4717ed,2019-12,Staffordshire Police,Staffordshire Police,-2.184441,53.069980,On or near STANDERSFOOT PLACE,E01014261,Stoke-on-Trent 003A,Action to be taken by another organisation
48a507afb78c4daf5dc7599e113dd936190d1af5061fb36b84da23f62ca84aa8,2019-12,Staffordshire Police,Staffordshire Police,-2.108254,52.975751,On or near WATERHEAD ROAD,E01014322,Stoke-on-Trent 031E,Action to be taken by another organisation
ee38d7dd8a3d06009b284903cee01d278b20edf754dae7bdad42b67de17578da,2019-12,Staffordshire Police,Staffordshire Police,-2.083467,52.972463,On or near UTTOXETER ROAD,E01029702,Stafford 001A,Action to be taken by another organisation
1bcc9b87e6eb0c7a93f6897a532d13c61c035f811a23d69c230fa4054d4aa94c,2019-12,Staffordshire Police,Staffordshire Police,-2.121474,52.979783,On or near ROTHESAY ROAD,E01014307,Stoke-on-Trent 029C,Action to be taken by another organisation
571a0a17b565d00cd8a837ede88d9cdfc6eb9572367a99221bb95182fc8aef70,2019-12,Staffordshire Police,Staffordshire Police,-2.169493,53.014620,On or near EGERTON STREET,E01033216,Stoke-on-Trent 016G,Action to be taken by another organisation
9033e85ddd264b78c78a6e4a06f3f7693fc26e2059c12d2d545b49bb67125421,2019-12,Staffordshire Police,Staffordshire Police,,,No location,,,Action to be taken by another organisation
645a8b5253269185209a329f12308986f909f5f34e4a0246617868bf878ee509,2019-12,Staffordshire Police,Staffordshire Police,-2.138606,53.055507,On or near BADDELEY GREEN LANE,E01014215,Stoke-on-Trent 007B,Action to be taken by another organisation
160c8407d1ea5d3cb4447a60d14dd3c6de1653a3719ed9506053ef9f87c0b5cc,2019-12,Staffordshire Police,Staffordshire Police,-2.387998,52.918804,On or near BROOM LEA,E01029572,Newcastle-under-Lyme 016D,Action to be taken by another organisation
cdda70fe4b8bd0a34292835117da45d8fa1af69fc8f59c91514b5a9965c44056,2019-12,Staffordshire Police,Staffordshire Police,-2.223542,53.009245,On or near WELL STREET,E01029602,Newcastle-under-Lyme 011C,Action to be taken by another organisation
3a82a0e5e1a63e6139865a262f244ed3476b6a945c61ebb6d19acb59eb09b51b,2019-12,Staffordshire Police,Staffordshire Police,-2.108254,52.975751,On or near WATERHEAD ROAD,E01014322,Stoke-on-Trent 031E,Action to be taken by another organisation
9f7765f329165d4fb0c6d8f559943d6be21966be68e8fb83a1bd1c6b1e8a0ac1,2019-12,Staffordshire Police,Staffordshire Police,-2.214695,53.031366,On or near BRISTOL STREET,E01029611,Newcastle-under-Lyme 008E,Action to be taken by another organisation
33b20929d67a7d42d2c880d8edca221d68646155e7b9826e1fdeb7b2302bd853,2019-12,Staffordshire Police,Staffordshire Police,-2.244281,53.000090,On or near NAPLES DRIVE,E01029601,Newcastle-under-Lyme 015E,Action to be taken by another organisation
a1f795cb69ad77406c30f13e23354681f3d715fa56f03f52ffebda2763427ed7,2019-12,Staffordshire Police,Staffordshire Police,-2.202223,53.013976,On or near RADFORD ROAD,E01014291,Stoke-on-Trent 018D,Action to be taken by another organisation
68270de3b31c2767de8c1a4d2899f5cce22378b3d60a870b2b3541cb80158187,2019-12,Staffordshire Police,Staffordshire Police,-1.960176,52.998995,On or near LOCKWOOD ROAD,E01029782,Staffordshire Moorlands 010B,Action to be taken by another organisation
e0bda3044c827d0b93f7a95ad1bb99c08321c3d601fdce0a8f139151db10e853,2019-12,Staffordshire Police,Staffordshire Police,-2.122503,52.980106,On or near FURNACE ROAD,E01014307,Stoke-on-Trent 029C,Action to be taken by another organisation
1e6e299f03198ca1335faf94f4794efa2e256f32de105fca3504c0138c1a7bd0,2019-12,Staffordshire Police,Staffordshire Police,-2.034779,53.108313,On or near BARRACKS WAY,E01029814,Staffordshire Moorlands 005E,Action to be taken by another organisation
437fa0b571897a307af63ce63f990963709e5c44611fc63472d9c9b86a38ac84,2019-12,Staffordshire Police,Staffordshire Police,-2.343255,52.998784,On or near MORNINGSIDE,E01029575,Newcastle-under-Lyme 013D,Action to be taken by another organisation
05fd5e55de660df2996cce75778fa9571f0c7cb6e212098839b54810c274417a,2019-12,Staffordshire Police,Staffordshire Police,-2.184118,53.036209,On or near HILLARY STREET,E01014249,Stoke-on-Trent 011A,Action to be taken by another organisation
26ac1d1f6876809d2858c544e05609d310b5c3e96942f98b680d4fc34e6a7b07,2019-12,Staffordshire Police,Staffordshire Police,-2.142193,53.043664,On or near LEEK ROAD,E01014267,Stoke-on-Trent 007E,Action to be taken by another organisation
0aa98ab28c863b968d7d89e3ece76b0e353f4c8c77402b7e0233687cd535c181,2019-12,Staffordshire Police,Staffordshire Police,,,No location,,,Action to be taken by another organisation
db8c52bb639c2151e8c4154cf73a256c4e872ab86399d532fba20c31361fe08f,2019-12,Staffordshire Police,Staffordshire Police,-2.156160,53.000076,On or near ELLIOT ROAD,E01014274,Stoke-on-Trent 020A,Action to be taken by another organisation
c8399714f5c1be04a46065294561eaa9d03a68aab227d762d3ac729529079483,2019-12,Staffordshire Police,Staffordshire Police,-1.960176,52.998995,On or near LOCKWOOD ROAD,E01029782,Staffordshire Moorlands 010B,Action to be taken by another organisation
2a2f22011b18b006dcd550ea7b07b220f03f2c984cc2874d837cf6611305460d,2019-12,Staffordshire Police,Staffordshire Police,-2.173347,53.050176,On or near BADEN ROAD,E01014268,Stoke-on-Trent 008C,Action to be taken by another organisation
a77e0e51dfc63392d388021993a3e625fdacf619041b036d777e169f9e1ab5e2,2019-12,Staffordshire Police,Staffordshire Police,-2.178094,53.112247,On or near WEST STREET,E01029774,Staffordshire Moorlands 003E,Action to be taken by another organisation
b76186cf4d730bec9ab2725f4d2e0c9f3011ade1e1074d74a881ca53213c64a8,2019-12,Staffordshire Police,Staffordshire Police,-2.030133,52.959391,On or near CHURCH LANE,E01029789,Staffordshire Moorlands 012B,Action to be taken by another organisation
12eaca57e44832aeeb2cde0ce98fd0828df2b4ace3b5db0b48b6117146f738b7,2019-12,Staffordshire Police,Staffordshire Police,-2.159465,52.970938,On or near ORFORD WAY,E01014237,Stoke-on-Trent 032C,Action to be taken by another organisation
35727c775cf566056f33a6118ee5c7c1cdfd20afda66ebda21179e2394619bc8,2019-12,Staffordshire Police,Staffordshire Police,-2.174884,53.120108,On or near BROCKS CROFT GARDENS,E01029774,Staffordshire Moorlands 003E,Action to be taken by another organisation
835524f9dd8395bf5ee1ec94889c67c63a060065be3ca595b347ca2f1b2cff1f,2019-12,Staffordshire Police,Staffordshire Police,-2.136229,53.001809,On or near BROOKMEAD GROVE,E01014297,Stoke-on-Trent 021D,Action to be taken by another organisation
0d33e80df2096ce1e0f11b332afeaa395360370b7ae553658cc87a8d817b4534,2019-12,Staffordshire Police,Staffordshire Police,-2.226974,52.998605,On or near KENDAL PLACE,E01029607,Newcastle-under-Lyme 014F,Action to be taken by another organisation
a472e0de8d009db3accb289b1147be22b2f2882c6d9f8ef00c045e27c1f2313b,2019-12,Staffordshire Police,Staffordshire Police,-2.233476,53.049309,On or near PIREFORD PLACE,E01029536,Newcastle-under-Lyme 004A,Action to be taken by another organisation
ddb269beb222c18894614fdad596679bf3c71225b555e6d7d39be0568c8c1977,2019-12,Staffordshire Police,Staffordshire Police,,,No location,,,Action to be taken by another organisation
1a7b1f38589c5a943a28a9770f0240669bd54d035f08ee2d9b1c58a5937589dd,2019-12,Staffordshire Police,Staffordshire Police,-2.141137,53.017210,On or near ZENNOR GROVE,E01014226,Stoke-on-Trent 014D,Action to be taken by another organisation
8aef14f0b4571110d9de372089ba86bff9250447fadca58d17e219bc9f01288e,2019-12,Staffordshire Police,Staffordshire Police,-2.173466,53.053762,On or near QUINTON WALK,E01014246,Stoke-on-Trent 008A,Action to be taken by another organisation
cda54589cf88cfbe28a0d5eb05a02ee4c72ea3c02ce5e39acad43fc5aa38ebe3,2019-12,Staffordshire Police,Staffordshire Police,-2.134733,53.076501,On or near POOLFIELDS AVENUE,E01029777,Staffordshire Moorlands 008D,Action to be taken by another organisation
9f76b2f27d2eaab4e176f1e24ca466a74121238ede2827d600e6066525397cea,2019-12,Staffordshire Police,Staffordshire Police,-2.206936,52.986659,On or near GREEN ROAD,E01014344,Stoke-on-Trent 023E,Action to be taken by another organisation
a65defa966af2c9fd5cbd6bc873551eb113ad6a1f858c55ebcd13ce577d5ef97,2019-12,Staffordshire Police,Staffordshire Police,-2.204972,53.065605,On or near HALLFIELD GROVE,E01014359,Stoke-on-Trent 002C,Action to be taken by another organisation
55d9062e01bb8fd8ffc046b4f2a246244b4418a75bb07225869449aa8f616b19,2019-12,Staffordshire Police,Staffordshire Police,-2.221455,53.026535,On or near SPARCH HOLLOW,E01029612,Newcastle-under-Lyme 009E,Action to be taken by another organisation
5ad4c92363a9cd7c2fbf38a1ec81bb2854383ee0556ec84dc34db62bec50b0c1,2019-12,Staffordshire Police,Staffordshire Police,-2.261536,53.046904,On or near BLACKBROOK AVENUE,E01029546,Newcastle-under-Lyme 004D,Action to be taken by another organisation
d6f9eaf5ceea87494da37f8925debd8e0a2aaebabe9bd902cf18281fcc1eeeb7,2019-12,Staffordshire Police,Staffordshire Police,-2.387998,52.918804,On or near BROOM LEA,E01029572,Newcastle-under-Lyme 016D,Action to be taken by another organisation
ef2478e287bd978d9ed987b219dca1c8eeb1d6f0a3f8fdfc9afed3b45b34495a,2019-12,Staffordshire Police,Staffordshire Police,-2.157359,52.989746,On or near DORCAS DRIVE,E01014239,Stoke-on-Trent 026C,Action to be taken by another organisation
e0371c16755c440873a1ea84935c7aed68f9acd391eab0b2ff366fba8135c62a,2019-12,Staffordshire Police,Staffordshire Police,-2.209536,52.994412,On or near Petrol Station,E01014341,Stoke-on-Trent 023B,Action to be taken by another organisation
d657a1060c1b2cbb9dd27fae03f627787aea1d14c7b37ad1dc57110fe7f0a224,2019-12,Staffordshire Police,Staffordshire Police,-2.191122,52.997940,On or near SHEPPARD STREET,E01014340,Stoke-on-Trent 019D,Action to be taken by another organisation
0aeb05c24ed33ce46f03867170f6110e909339740e1dbb3ad354d0000403e5c3,2019-12,Staffordshire Police,Staffordshire Police,-2.184807,53.047381,On or near Further/Higher Educational Building,E01014249,Stoke-on-Trent 011A,Action to be taken by another organisation
cbcd90cd57e32a15ba254f2da7336c3c080900091638e839d07a4c0404a26aab,2019-12,Staffordshire Police,Staffordshire Police,-2.209635,53.011869,On or near STOKE OLD ROAD,E01014288,Stoke-on-Trent 018A,Action to be taken by another organisation
aa90de8cbf237e5eaa28d8e22a50e4a8d5df52607f1dd3f334e23b12ad11c524,2019-12,Staffordshire Police,Staffordshire Police,-2.199199,53.020876,On or near ETRURIA OLD ROAD,E01014285,Stoke-on-Trent 015B,Action to be taken by another organisation
ea1541a75c395d3c9dc3656896964860c73936db66d4e35a679244667aa01995,2019-12,Staffordshire Police,Staffordshire Police,-2.239625,53.047130,On or near PARKHOUSE ROAD EAST,E01029538,Newcastle-under-Lyme 006B,Action to be taken by another organisation
d391a1477dfa9026b15666428b53ae621601a17df84c85c33def1e0064eacee2,2019-12,Staffordshire Police,Staffordshire Police,-2.244820,53.005725,On or near ROTHESAY AVENUE,E01029599,Newcastle-under-Lyme 010F,Action to be taken by another organisation
f4299b0d08a514a82ef624948cfd8d87226fd203213d88be27d3b8fe091b54f0,2019-12,Staffordshire Police,Staffordshire Police,-2.131651,53.010605,On or near TIVERTON ROAD,E01014229,Stoke-on-Trent 017F,Action to be taken by another organisation
2196e20b19bf896761676d85654770cf2eb613302409ed4dee58595d284c72e9,2019-12,Staffordshire Police,Staffordshire Police,-2.171753,52.941894,On or near ORCHARD PLACE,E01029682,Stafford 002B,Further investigation is not in the public interest
2ecb1133baf83bef4e393417a27be1f05587383d87f95ad27b2d3897592e79d9,2019-12,Staffordshire Police,Staffordshire Police,,,No location,,,Further investigation is not in the public interest
501fc35fa9c936f6e5f129bd2e161c25612165cd8b9c40e263d6d734b511db7f,2019-12,Staffordshire Police,Staffordshire Police,-1.618335,52.806404,On or near NEWTON MEWS,E01029471,East Staffordshire 010D,Further investigation is not in the public interest
dfb270ffd02f7e62bab54cc3a658e6059c7a592320c72472207d98a012d8ad9c,2019-12,Staffordshire Police,Staffordshire Police,-2.106608,52.767118,On or near A449,E01029656,South Staffordshire 001B,Further investigation is not in the public interest
46d6bdd747bcfd990e35e2c994100794b1a7194a63830215f64acb2499a8700f,2019-12,Staffordshire Police,Staffordshire Police,-2.106608,52.767118,On or near A449,E01029656,South Staffordshire 001B,Further investigation is not in the public interest
2abe412d661d7298a4e5cc2dcf3b22a004c90acdaa0d9ff63c9d0dbf82aa4077,2019-12,Staffordshire Police,Staffordshire Police,-2.106608,52.767118,On or near A449,E01029656,South Staffordshire 001B,Further investigation is not in the public interest
b9a61586d94c9df59bc109f5c1dc46284848dc25e97a77af699c33ce6d5aaa25,2019-12,Staffordshire Police,Staffordshire Police,-2.106608,52.767118,On or near A449,E01029656,South Staffordshire 001B,Further investigation is not in the public interest
ec0ac0362e0a353a9f4358291084c0a1797ca3eba77354f007b1ab22538aed1d,2019-12,Staffordshire Police,Staffordshire Police,-2.106608,52.767118,On or near A449,E01029656,South Staffordshire 001B,Further investigation is not in the public interest
c2580b53a574336cb1dbf67640e3c8824c6289263a5c3ff03b7e027c29128072,2019-12,Staffordshire Police,Staffordshire Police,-2.106608,52.767118,On or near A449,E01029656,South Staffordshire 001B,Further investigation is not in the public interest
0e549245c8f2c3fafb446d8e1cca82c946cea8295dc3a0a963ab1c8173a07696,2019-12,Staffordshire Police,Staffordshire Police,-2.022156,52.704076,On or near WOODFORD END,E01029358,Cannock Chase 007E,Further investigation is not in the public interest
796eabd0673e5beacb7a71acfd4faecf4aee561faf9c9e732449d5b2144e4b1c,2019-12,Staffordshire Police,Staffordshire Police,-1.826945,52.698432,On or near FIELD ROAD,E01029500,Lichfield 005D,Further investigation is not in the public interest
bb8920d5c26a64ad74b6cadd22d0b8b1faada5ace0317ba62382421a094e220a,2019-12,Staffordshire Police,Staffordshire Police,-1.637185,52.796179,On or near ROSE COTTAGE GARDENS,E01029409,East Staffordshire 011C,Further investigation is not in the public interest
bb8920d5c26a64ad74b6cadd22d0b8b1faada5ace0317ba62382421a094e220a,2019-12,Staffordshire Police,Staffordshire Police,-1.637185,52.796179,On or near ROSE COTTAGE GARDENS,E01029409,East Staffordshire 011C,Further investigation is not in the public interest
88839699c6587580002041313b6848eff4db405b9d3bbcf02aae062270ba85bd,2019-12,Staffordshire Police,Staffordshire Police,-2.148915,52.908224,On or near ARTHUR STREET,E01029746,Stafford 003D,Further investigation is not in the public interest
ff832319c2e37998dc7f237ea8d41f83175ac58e26de799092764238a8f7f3b7,2019-12,Staffordshire Police,Staffordshire Police,-1.673261,52.600759,On or near HEDGING LANE,E01032901,Tamworth 010F,Further investigation is not in the public interest
b0b83e2217ba513baea47cca73a9cc0b0ae81257097b755662191bc1b5b262b8,2019-12,Staffordshire Police,Staffordshire Police,-2.174411,52.677672,On or near THE ORCHARD,E01029618,South Staffordshire 003B,Further investigation is not in the public interest
3c1f4b58d6ed16cd886f465399efe7c8bd0c04f0ef53e109e5a65f48280e0ba3,2019-12,Staffordshire Police,Staffordshire Police,-2.174411,52.677672,On or near THE ORCHARD,E01029618,South Staffordshire 003B,Further investigation is not in the public interest
598036e52ac9150e36ae87770a93e93018ff1b31d0f4ebb2a6a16ed26380d97b,2019-12,Staffordshire Police,Staffordshire Police,-1.668547,52.614949,On or near REDLAKE,E01029829,Tamworth 010A,Further investigation is not in the public interest
19e69efd08f6513f4af6acf2dbddf6480c0515945a4b2aad20099558c446bb4c,2019-12,Staffordshire Police,Staffordshire Police,-2.126896,52.797186,On or near ROTHERWOOD DRIVE,E01029736,Stafford 012B,Further investigation is not in the public interest
b39952d7f03cc396114c879dd5712b61ffe03bb6303bf2e5de37b7ba03f594e7,2019-12,Staffordshire Police,Staffordshire Police,-2.171753,52.941894,On or near ORCHARD PLACE,E01029682,Stafford 002B,Further investigation is not in the public interest
8454f76f307a145d3755cec87ef0cf69e80a4d0d252447bcf4197c8b1754c74e,2019-12,Staffordshire Police,Staffordshire Police,-2.171753,52.941894,On or near ORCHARD PLACE,E01029682,Stafford 002B,Further investigation is not in the public interest
6addd4c3017b5be041f65d869c475f9de978cf49da58c4ba179788c0064c9189,2019-12,Staffordshire Police,Staffordshire Police,-2.132705,53.019036,On or near LEICESTER PLACE,E01014221,Stoke-on-Trent 017B,Further investigation is not in the public interest
35b2dca5ed2fda9b5e4c6a56ba769b8205131dcda602216ab4ff89098fc1d3e5,2019-12,Staffordshire Police,Staffordshire Police,-2.354211,52.928393,On or near CHURCH ROAD,E01029571,Newcastle-under-Lyme 016C,Further investigation is not in the public interest
abdb87f61daa495a8fdff521f5ff923636554467ca664ea55960d8d4239672df,2019-12,Staffordshire Police,Staffordshire Police,-2.340693,53.004598,On or near GREENMEADOWS ROAD,E01029573,Newcastle-under-Lyme 013B,Further investigation is not in the public interest
a414e0cce04e3bd650165257d72cc9ab665e25cb955628b5fa1cdb90107c6a24,2019-12,Staffordshire Police,Staffordshire Police,-2.108254,52.975751,On or near WATERHEAD ROAD,E01014322,Stoke-on-Trent 031E,Further investigation is not in the public interest
0366c4f8ec42ac1da3bb4bc600b0058aaccef4aa55a449d3583249edaef19e12,2019-12,Staffordshire Police,Staffordshire Police,-2.128443,52.828890,On or near FAIROAK AVENUE,E01029718,Stafford 006B,Suspect charged
5cd59820115bd5f6e37d3537da1dce6be7ab724f149a0109908784248d98b105,2019-12,Staffordshire Police,Staffordshire Police,,,No location,,,Suspect charged
5cd59820115bd5f6e37d3537da1dce6be7ab724f149a0109908784248d98b105,2019-12,Staffordshire Police,Staffordshire Police,,,No location,,,Suspect charged
79a22fcce1d158907b968775d7b03e676dc7ac676fa317c0f2c1dfcf9905d7de,2019-12,Staffordshire Police,Staffordshire Police,,,No location,,,Suspect charged
79a22fcce1d158907b968775d7b03e676dc7ac676fa317c0f2c1dfcf9905d7de,2019-12,Staffordshire Police,Staffordshire Police,,,No location,,,Suspect charged
6c0bbc18416521f3fb2c2492b0a36030be5bfc06e7d0c4795dee16fe4185866f,2019-12,Staffordshire Police,Staffordshire Police,-2.182034,52.625718,On or near HEATH GROVE,E01029615,South Staffordshire 008C,Suspect charged
6c0bbc18416521f3fb2c2492b0a36030be5bfc06e7d0c4795dee16fe4185866f,2019-12,Staffordshire Police,Staffordshire Police,-2.182034,52.625718,On or near HEATH GROVE,E01029615,South Staffordshire 008C,Suspect charged
09274ff25c44943df7f76ee8b6bc169a6c32db034ca229090d176e8f765621f2,2019-12,Staffordshire Police,Staffordshire Police,-1.832260,52.682133,On or near SWAN ROAD,E01032899,Lichfield 004F,Suspect charged
1e9fed6dbe9016d14b9258911fcece71583243b75513743dc0b70a2949d4d08e,2019-12,Staffordshire Police,Staffordshire Police,-1.676022,52.812787,On or near OAKLEY GRANGE,E01029417,East Staffordshire 013E,Suspect charged
090b7a1378e08e0adeda7a3c84dcfe5af10513c573b9f5641ac8ec07714329cc,2019-12,Staffordshire Police,Staffordshire Police,-1.665766,52.636877,On or near NEWPORT,E01029822,Tamworth 003C,Suspect charged
c7b13b50e24e4a8a80adb994188cb77b6c94452f90c77fb85c49982576ff0d8a,2019-12,Staffordshire Police,Staffordshire Police,-1.676022,52.812787,On or near OAKLEY GRANGE,E01029417,East Staffordshire 013E,Suspect charged
2440094d930f436b94ae73474a4a8d735b791f2159cd0efd190a4cf7a03be55f,2019-12,Staffordshire Police,Staffordshire Police,-1.676022,52.812787,On or near OAKLEY GRANGE,E01029417,East Staffordshire 013E,Suspect charged
021089de81fd49bbf8b51a57d04ff7353b09de9306bb1dc3a00630e984ec90f6,2019-12,Staffordshire Police,Staffordshire Police,-1.676022,52.812787,On or near OAKLEY GRANGE,E01029417,East Staffordshire 013E,Suspect charged
d8f2269a0b23a340f2ceab4ba40ac4648f4b43e2f8d30cbe0bff83401ca75999,2019-12,Staffordshire Police,Staffordshire Police,,,No location,,,Suspect charged
b2213f78a5e1b1cd88f2ae3f80cb2a1756ad5995da1108680bb4b2cc5f70f6b7,2019-12,Staffordshire Police,Staffordshire Police,-1.865302,52.904718,On or near PENNYCROFT LANE,E01029461,East Staffordshire 003C,Suspect charged
43145283d70f4ec124da138f31c8a3a3f3484143346a420eebed89abe635bbef,2019-12,Staffordshire Police,Staffordshire Police,-1.919979,52.681028,On or near Supermarket,E01029489,Lichfield 009C,Suspect charged
e67e70614611d4bb5634f4740649330eb175301dbcf257a147884d0e81dcdbd3,2019-12,Staffordshire Police,Staffordshire Police,-1.806309,52.680196,On or near Petrol Station,E01029484,Lichfield 005B,Suspect charged
4d45e92784d822ac8524c55cd71b2a63cfda1d75f58034554cdf636059f47f10,2019-12,Staffordshire Police,Staffordshire Police,-1.669954,52.608598,On or near ROMAN COURT,E01032902,Tamworth 010G,Suspect charged
766585e3d51f1fb7b5ebaf7098d01520aad8df4cf3706940315afb477641ab91,2019-12,Staffordshire Police,Staffordshire Police,-1.837490,52.683992,On or near Sports/Recreation Area,E01032899,Lichfield 004F,Suspect charged
14990dd6ca5b34913c2fcd0ac8f13896aed7669a0716dc385ca49537373126d6,2019-12,Staffordshire Police,Staffordshire Police,-2.107178,52.649363,On or near Sports/Recreation Area,E01029637,South Staffordshire 006D,Suspect charged
11beaf4c5c070ee169a04fa21a0e303a33936d2aee28d046429e6e5035ebf6b0,2019-12,Staffordshire Police,Staffordshire Police,-1.936189,52.763670,On or near Petrol Station,E01029402,Cannock Chase 001E,Suspect charged
b113f1f0ca76fab6294352a148d1b459deea5edb71d581ade5a724ef97d1de40,2019-12,Staffordshire Police,Staffordshire Police,-1.689712,52.614944,On or near GRANGE CLOSE,E01029863,Tamworth 009D,Suspect charged
0411709f2762c5c87ad09ce673a542aa8e1edf753895dd36632b722e9f9af8e5,2019-12,Staffordshire Police,Staffordshire Police,-1.776513,52.869724,On or near Park/Open Space,E01029425,East Staffordshire 006D,Suspect charged
1ad5455c781d43a098320a15e7af6acd8a51922e98136f9825f9003ccc9a76d7,2019-12,Staffordshire Police,Staffordshire Police,-1.776513,52.869724,On or near Park/Open Space,E01029425,East Staffordshire 006D,Suspect charged
955ba77dbe164c055a485cbbba3438c64acf500eb7f8dd04600f07e8126aba14,2019-12,Staffordshire Police,Staffordshire Police,-1.776513,52.869724,On or near Park/Open Space,E01029425,East Staffordshire 006D,Suspect charged
f880288d5713bee93901392c48be1448b2ee0af392f1e490ab44af5ac0cc3676,2019-12,Staffordshire Police,Staffordshire Police,-1.776513,52.869724,On or near Park/Open Space,E01029425,East Staffordshire 006D,Suspect charged
50354edce433709b9550fadd7d0f0281b47b92df1338dab46df407efe0f1ccf6,2019-12,Staffordshire Police,Staffordshire Police,-1.776513,52.869724,On or near Park/Open Space,E01029425,East Staffordshire 006D,Suspect charged
71ea60bd828875319d1751e4ff41ab03be0b14dc93e2717b139ff70e7910606b,2019-12,Staffordshire Police,Staffordshire Police,-1.948543,52.768306,On or near ANEURIN BEVAN PLACE,E01029372,Cannock Chase 002A,Suspect charged
f779c27023b6393be6bc780a57c5dbf63fbb3c96dc065b7fbc9378e8d9aad6d9,2019-12,Staffordshire Police,Staffordshire Police,-1.630343,52.803718,On or near Parking Area,E01032896,East Staffordshire 011F,Suspect charged
f584a4022b6f4c86158bf5054525b454b91395adaabd63f102f1ee78b179e8e1,2019-12,Staffordshire Police,Staffordshire Police,-1.633586,52.797409,On or near Petrol Station,E01032898,East Staffordshire 011H,Suspect charged
70ecd98c2e55e7259f88059898b531dd50cf8bd828880efd2f20e753e8a133ee,2019-12,Staffordshire Police,Staffordshire Police,-2.033112,52.689941,On or near HIGH GREEN,E01029365,Cannock Chase 011C,Suspect charged
c45c25b8b9153a2e18aa637898aa9750e14d6fce4f9bcedfec60bf325d79001b,2019-12,Staffordshire Police,Staffordshire Police,-1.625273,52.829358,On or near BEECH LANE,E01029428,East Staffordshire 008C,Suspect charged
6c15bb70935437f41daf03e2f9cd145cb529164a293a87a74c663fc9f28306ae,2019-12,Staffordshire Police,Staffordshire Police,-1.723153,52.759688,On or near LINDEN ROAD,E01029439,East Staffordshire 015A,Suspect charged
8fa69d7751b39c05f69784371b235311ab40723cf77b03d3505d6068ceb9fbe3,2019-12,Staffordshire Police,Staffordshire Police,-1.624794,52.807342,On or near A511,E01032896,East Staffordshire 011F,Suspect charged
fc97ff6021be11f765b4050f223d8d62f3570de920e185624277fc77425a53bf,2019-12,Staffordshire Police,Staffordshire Police,-1.656027,52.808506,On or near Sports/Recreation Area,E01029446,East Staffordshire 009B,Suspect charged
bf0f2ce939e3764946175ff02f0af209662129a023e915e4bf2cbbec2d59025d,2019-12,Staffordshire Police,Staffordshire Police,-1.658287,52.807838,On or near SHOBNALL ROAD,E01029446,East Staffordshire 009B,Suspect charged
b71e48575e0f0427e8a0630672b7480dde67128dfcaa94ad55ab740ca527464f,2019-12,Staffordshire Police,Staffordshire Police,,,No location,,,Suspect charged
b71e48575e0f0427e8a0630672b7480dde67128dfcaa94ad55ab740ca527464f,2019-12,Staffordshire Police,Staffordshire Police,,,No location,,,Suspect charged
12871ed105b01d39fe39c69418e25aa68a4e2d96d6a3c0e181f0f33fea6a7603,2019-12,Staffordshire Police,Staffordshire Police,,,No location,,,Suspect charged
cb83ab9b605515515a2d91a42c5ae71c466175de6b0552eb285bf068bb33e7d1,2019-12,Staffordshire Police,Staffordshire Police,-1.696242,52.633893,On or near CHURCH STREET,E01029835,Tamworth 002A,Suspect charged
b87220d728ccded2dd54fa36bd789bb24f1f687f890d2b1696f8d9854f8cd45f,2019-12,Staffordshire Police,Staffordshire Police,-1.835397,52.674028,On or near BURWAYE CLOSE,E01032900,Lichfield 004G,Suspect charged
058b6ddca67c11839f304bcd6dadd087b89002351d536ce014320847a62ca579,2019-12,Staffordshire Police,Staffordshire Police,-2.044338,52.715567,On or near LITTLETON DRIVE,E01029647,South Staffordshire 002C,Suspect charged
45e95211e1ee6476df066f87d8e121981383493dcd10a2912fdef9fce47861e4,2019-12,Staffordshire Police,Staffordshire Police,-2.024085,52.685251,On or near Sports/Recreation Area,E01029360,Cannock Chase 012B,Suspect charged
a2ace155cd57ba5d1622f82e44e409cfad8f17c76baa7b7d8e957a510ba6e36c,2019-12,Staffordshire Police,Staffordshire Police,-2.253043,52.791015,On or near HUDSON CLOSE,E01029709,Stafford 015E,Suspect charged
b012e112fb04119127167c0018cd4223260ae6fa6d45e6cfbe823a530dfbccac,2019-12,Staffordshire Police,Staffordshire Police,-2.093087,52.806513,On or near TIXALL ROAD,E01029723,Stafford 011C,Suspect charged
04628fab91fd7bbd2371ce827282f28349d4774a1f59bb96d1465294ad79e454,2019-12,Staffordshire Police,Staffordshire Police,-1.884080,52.904756,On or near WEST WAY,E01029432,East Staffordshire 002C,Suspect charged
a55eae041418eb534d8191787d6164aea93b3951d85400be0bb8f80b252dc0f9,2019-12,Staffordshire Police,Staffordshire Police,-2.220558,52.545787,On or near WHITE ROW,E01029667,South Staffordshire 013B,Suspect charged
32cb318000f82d38408566449198b7d1befb957b47cf3baea35f441600f79596,2019-12,Staffordshire Police,Staffordshire Police,-1.833934,52.650230,On or near BIRMINGHAM ROAD,E01029521,Lichfield 011C,Suspect charged
0e7856496ab3e68d31668903a9444f85a96bf7362179d15433aa74bc8a67d7d7,2019-12,Staffordshire Police,Staffordshire Police,-2.025605,52.679353,On or near Further/Higher Educational Building,E01029359,Cannock Chase 012A,Suspect charged
08ed74173b36bb594c678f373e98a12a3f3ffa693848e90e3d913332a692ad93,2019-12,Staffordshire Police,Staffordshire Police,,,No location,,,Suspect charged
38b637d509f8de0a5bc62e3ec4847f89435b3852d9cb91b0d2c67d0a924e25a9,2019-12,Staffordshire Police,Staffordshire Police,-1.714368,52.797765,On or near Park/Open Space,E01029440,East Staffordshire 015B,Suspect charged
f49af21054094be9674d24a0faac86e7beeb253264cac36268c169d165c2eac6,2019-12,Staffordshire Police,Staffordshire Police,-2.186060,52.537234,On or near Petrol Station,E01029671,South Staffordshire 012A,Suspect charged
ff28c067f4edb959717447ad2cd6c35344666e34155f82c12517a2827a91d458,2019-12,Staffordshire Police,Staffordshire Police,-1.998966,52.692148,On or near Supermarket,E01029376,Cannock Chase 010B,Suspect charged
feeefbd2516b453528a7b23d33508fa381e24d9787da488480d4287b15211dd9,2019-12,Staffordshire Police,Staffordshire Police,-2.121678,52.808671,On or near Supermarket,E01029701,Stafford 010E,Suspect charged
feeefbd2516b453528a7b23d33508fa381e24d9787da488480d4287b15211dd9,2019-12,Staffordshire Police,Staffordshire Police,-2.121678,52.808671,On or near Supermarket,E01029701,Stafford 010E,Suspect charged
5e5ace337dd4defa3d5dadc4719bc4183a1cd20234d092224e771f17444173d7,2019-12,Staffordshire Police,Staffordshire Police,,,No location,,,Suspect charged
d92a076cddb620911a4723c01bb1578f6074bdd105dbf3160c2b705458cfdf1d,2019-12,Staffordshire Police,Staffordshire Police,-1.632771,52.818468,On or near SYDNEY STREET,E01029429,East Staffordshire 008D,Suspect charged
2db390e31c971244665dbebffdc50005b1b2d7c66fe24c2f43c450980544c446,2019-12,Staffordshire Police,Staffordshire Police,-2.080501,52.650750,On or near CANNOCK ROAD,E01029636,South Staffordshire 006C,Suspect charged
2db390e31c971244665dbebffdc50005b1b2d7c66fe24c2f43c450980544c446,2019-12,Staffordshire Police,Staffordshire Police,-2.080501,52.650750,On or near CANNOCK ROAD,E01029636,South Staffordshire 006C,Suspect charged
2db390e31c971244665dbebffdc50005b1b2d7c66fe24c2f43c450980544c446,2019-12,Staffordshire Police,Staffordshire Police,-2.080501,52.650750,On or near CANNOCK ROAD,E01029636,South Staffordshire 006C,Suspect charged
2db390e31c971244665dbebffdc50005b1b2d7c66fe24c2f43c450980544c446,2019-12,Staffordshire Police,Staffordshire Police,-2.080501,52.650750,On or near CANNOCK ROAD,E01029636,South Staffordshire 006C,Suspect charged
2db390e31c971244665dbebffdc50005b1b2d7c66fe24c2f43c450980544c446,2019-12,Staffordshire Police,Staffordshire Police,-2.080501,52.650750,On or near CANNOCK ROAD,E01029636,South Staffordshire 006C,Suspect charged
c63cebf52f6928d6420168259d143f9a6eb9d891fade40fb386cfe1b3029223b,2019-12,Staffordshire Police,Staffordshire Police,-2.023809,52.667955,On or near MEADOWBANK GRANGE,E01029641,South Staffordshire 004F,Suspect charged
baff3385e65779fc643782006e5d500114871bd13f56889e0dfb5baa4e0af8f1,2019-12,Staffordshire Police,Staffordshire Police,-2.023809,52.667955,On or near MEADOWBANK GRANGE,E01029641,South Staffordshire 004F,Suspect charged
a2d21d8eb8f7637ce3e0ed1ca86ac5ec5bfce53ae0766198efdac14315cbbcdc,2019-12,Staffordshire Police,Staffordshire Police,-2.023809,52.667955,On or near MEADOWBANK GRANGE,E01029641,South Staffordshire 004F,Suspect charged
2b7b01a5a8cbaa368ebf46eb3e09d635105cd82692982bbeae40cee8abd9c882,2019-12,Staffordshire Police,Staffordshire Police,-1.880658,52.905382,On or near PENNYCROFT ROAD,E01029431,East Staffordshire 002B,Suspect charged
e5dcd9776bd4f3f88cd128e418fc403c4130ed21295dea051fe2586c437e4a6c,2019-12,Staffordshire Police,Staffordshire Police,-1.919979,52.681028,On or near Supermarket,E01029489,Lichfield 009C,Suspect charged
6a30896f8aec43843b92fc5d963e3c5005e40f60e188747a31023d0b77e06e12,2019-12,Staffordshire Police,Staffordshire Police,-1.880658,52.905382,On or near PENNYCROFT ROAD,E01029431,East Staffordshire 002B,Suspect charged
b7e45f766024ca8d9b812ae95f7e7416af6134cc472d4776db83a2990a7e70ea,2019-12,Staffordshire Police,Staffordshire Police,-1.929652,52.672467,On or near QUEEN STREET,E01029497,Lichfield 006E,Suspect charged
05ea80cfa482b419da517cc0d2c362a23a1a76a04388ce73eeb6ed393e67faf7,2019-12,Staffordshire Police,Staffordshire Police,-2.023809,52.667955,On or near MEADOWBANK GRANGE,E01029641,South Staffordshire 004F,Suspect charged
05ea80cfa482b419da517cc0d2c362a23a1a76a04388ce73eeb6ed393e67faf7,2019-12,Staffordshire Police,Staffordshire Police,-2.023809,52.667955,On or near MEADOWBANK GRANGE,E01029641,South Staffordshire 004F,Suspect charged
b061f4df4f654649f2294a8ed4180fad2b8d735df9ee626c4f281feb330b3422,2019-12,Staffordshire Police,Staffordshire Police,-1.639001,52.619448,On or near DOVESTONE,E01029858,Tamworth 008D,Suspect charged
d13187feea9396941884dcd27fe3c59be8fece6b984e8f32d20b3793924eea71,2019-12,Staffordshire Police,Staffordshire Police,-2.313945,52.753913,On or near WALNUT TREE LANE,E01029706,Stafford 015B,Suspect charged
d13187feea9396941884dcd27fe3c59be8fece6b984e8f32d20b3793924eea71,2019-12,Staffordshire Police,Staffordshire Police,-2.313945,52.753913,On or near WALNUT TREE LANE,E01029706,Stafford 015B,Suspect charged
ec143b13741bed5c21fd2de36533849680c73050727b5c9e4a793acff8e921b4,2019-12,Staffordshire Police,Staffordshire Police,-2.262286,52.695759,On or near WOLLERY LANE,E01029670,South Staffordshire 003E,Suspect charged
ec143b13741bed5c21fd2de36533849680c73050727b5c9e4a793acff8e921b4,2019-12,Staffordshire Police,Staffordshire Police,-2.262286,52.695759,On or near WOLLERY LANE,E01029670,South Staffordshire 003E,Suspect charged
623c1b693019c661221e4ea32a0e31f08fe160b3acbf192201748b3f08f19b81,2019-12,Staffordshire Police,Staffordshire Police,-2.287206,52.696169,On or near BRIDGEMAN COURT,E01029670,South Staffordshire 003E,Suspect charged
623c1b693019c661221e4ea32a0e31f08fe160b3acbf192201748b3f08f19b81,2019-12,Staffordshire Police,Staffordshire Police,-2.287206,52.696169,On or near BRIDGEMAN COURT,E01029670,South Staffordshire 003E,Suspect charged
34d774527f83f1089467a153b60765f366bd92371730d72e9ba40f858d93a074,2019-12,Staffordshire Police,Staffordshire Police,-1.644757,52.793307,On or near SOUTH BROADWAY STREET,E01029410,East Staffordshire 011D,Suspect charged
66e3f97fc2b98f667e71fe2ea4096ba66b1bf8ec53d61dd8a968d83940808f29,2019-12,Staffordshire Police,Staffordshire Police,,,No location,,,Suspect charged
1d10f413a8d1eae61dbe4553b483520be4b3ab87b582298703272310538ede88,2019-12,Staffordshire Police,Staffordshire Police,-1.820018,52.684416,On or near Petrol Station,E01029526,Lichfield 004E,Suspect charged
667aee773f2ce87ce67193da9ac1cc3accdc2441be3688c6611f4c40e9848cab,2019-12,Staffordshire Police,Staffordshire Police,-1.641033,52.827744,On or near ST LUKE'S ROAD,E01029437,East Staffordshire 007D,Suspect charged
f729bb71f17bc704151c285332e4d2bec5e1a70932e4f3b942675f3725e3ff0f,2019-12,Staffordshire Police,Staffordshire Police,-2.012134,52.848943,On or near MOORLEYS LANE,E01029687,Stafford 008A,Suspect charged
8b8a4483244442e1abed93de98556847472296a6f223b551af566e88e42d3237,2019-12,Staffordshire Police,Staffordshire Police,-1.667735,52.622759,On or near MAITLAND,E01029840,Tamworth 007A,Suspect charged
901be05047e63b1e2af287509b51f3c4e0592fe128ce8e70c521d99027a96845,2019-12,Staffordshire Police,Staffordshire Police,-1.919800,52.682089,On or near MORLEY ROAD,E01029489,Lichfield 009C,Suspect charged
968b0bb7e5b25808cbb9667af23d498aec725e8df41a72efb30545bcd97e1e7f,2019-12,Staffordshire Police,Staffordshire Police,-2.118131,52.802607,On or near Sports/Recreation Area,E01029701,Stafford 010E,Suspect charged
83ec3c7cfe7ccb8435915452aa36f548dc2a2bdaec3f02601db86c995adf3ae1,2019-12,Staffordshire Police,Staffordshire Police,-2.107178,52.649363,On or near Sports/Recreation Area,E01029637,South Staffordshire 006D,Suspect charged
46424f5a6d2dceb19bf04c0f6790cfad6518f1d5c60336423b606b5d054ad30d,2019-12,Staffordshire Police,Staffordshire Police,-1.694212,52.636855,On or near Petrol Station,E01029851,Tamworth 002E,Suspect charged
e65a9a3f5c7753fbb61e8a32d515228bd46a62f2124a2db21647cd0cabb9f7c3,2019-12,Staffordshire Police,Staffordshire Police,-2.131850,52.831610,On or near STONE ROAD,E01029718,Stafford 006B,Suspect charged
e65a9a3f5c7753fbb61e8a32d515228bd46a62f2124a2db21647cd0cabb9f7c3,2019-12,Staffordshire Police,Staffordshire Police,-2.131850,52.831610,On or near STONE ROAD,E01029718,Stafford 006B,Suspect charged
e65a9a3f5c7753fbb61e8a32d515228bd46a62f2124a2db21647cd0cabb9f7c3,2019-12,Staffordshire Police,Staffordshire Police,-2.131850,52.831610,On or near STONE ROAD,E01029718,Stafford 006B,Suspect charged
5a9537ec5f7e984d4c9d35c3fa04b8710d58e90201d447b6cc0f8387b4541c5b,2019-12,Staffordshire Police,Staffordshire Police,-1.928274,52.673905,On or near PINE GROVE,E01029496,Lichfield 010A,Suspect charged
a464c8c5e442dedf31af8e23e9449ef09efe3fcee3be91a9b4731f1dbfcee3d7,2019-12,Staffordshire Police,Staffordshire Police,,,No location,,,Suspect charged
cd9adfb686c331d97fd0b6696c6d816247b3adc08e763db343594244347cc2de,2019-12,Staffordshire Police,Staffordshire Police,-2.120361,52.809670,On or near GLOVER STREET,E01029701,Stafford 010E,Suspect charged
cd9adfb686c331d97fd0b6696c6d816247b3adc08e763db343594244347cc2de,2019-12,Staffordshire Police,Staffordshire Police,-2.120361,52.809670,On or near GLOVER STREET,E01029701,Stafford 010E,Suspect charged
d4847a0fb81bc525b466759ed4be42deabb481f6ff1356b693499a88402384a9,2019-12,Staffordshire Police,Staffordshire Police,-2.118173,52.807129,On or near Shopping Area,E01029701,Stafford 010E,Suspect charged
d4847a0fb81bc525b466759ed4be42deabb481f6ff1356b693499a88402384a9,2019-12,Staffordshire Police,Staffordshire Police,-2.118173,52.807129,On or near Shopping Area,E01029701,Stafford 010E,Suspect charged
a676a09277270e4cc87b22d0a0d4b3ec707418c710559682c6c67d30e86772d8,2019-12,Staffordshire Police,Staffordshire Police,-2.220558,52.545787,On or near WHITE ROW,E01029667,South Staffordshire 013B,Suspect charged
9104841cbeffc454057ecdb72c3f7f8c379a9fbd112046df494c23d210b2cd06,2019-12,Staffordshire Police,Staffordshire Police,-2.115672,52.725569,On or near CROWN BRIDGE,E01029660,South Staffordshire 001F,Suspect charged
82cb9472abba9e0e9fc0fb6c69699155b9f5fa6527e95a0c907d3c0663a4c11f,2019-12,Staffordshire Police,Staffordshire Police,-1.699532,52.641039,On or near COLERIDGE CLOSE,E01029850,Tamworth 002D,Suspect charged
4d3fad5291936ca5c292e526210fac23f54114543a0cb9376d19e9404f7eae96,2019-12,Staffordshire Police,Staffordshire Police,,,No location,,,Suspect charged
e779081a529b856cb1a37158e2058c4ecf6272db130aa34abd523caa543b0978,2019-12,Staffordshire Police,Staffordshire Police,-1.933573,52.670744,On or near Parking Area,E01029497,Lichfield 006E,Suspect charged
75e050bc48dba60c3d65a1b9ae05f8107975ccd7bba3bda739373c164d9436e5,2019-12,Staffordshire Police,Staffordshire Police,-1.629408,52.819582,On or near ETON CLOSE,E01029428,East Staffordshire 008C,Suspect charged
e6173a34d8ebc7e2fd981b9eeaa311ccae10b223036852ec5b9811240df4e66b,2019-12,Staffordshire Police,Staffordshire Police,-1.840713,52.688644,On or near Petrol Station,E01032899,Lichfield 004F,Suspect charged
4b741200c57024381479ea181eeccb6bd4a2c4df868157faf5e2689835dbdd25,2019-12,Staffordshire Police,Staffordshire Police,-1.826283,52.682448,On or near Theatre/Concert Hall,E01029526,Lichfield 004E,Suspect charged
35ac7962757c7ae19c29d199eb07b0f13bdccb4d4647229c8436f0ed86b442b5,2019-12,Staffordshire Police,Staffordshire Police,-1.627590,52.787403,On or near BAKER STREET,E01029450,East Staffordshire 014B,Suspect charged
eafdad273402b7d77330228137e2961a9582e6674d290c71fb9bfc656b418145,2019-12,Staffordshire Police,Staffordshire Police,-1.843366,52.674884,On or near Supermarket,E01029512,Lichfield 007C,Suspect charged
191a7b71fbc3db3b5561f03ffc0fd3b71b60ceeba07d0f92a9e52ac4a657bec4,2019-12,Staffordshire Police,Staffordshire Police,-1.998966,52.692148,On or near Supermarket,E01029376,Cannock Chase 010B,Suspect charged
fb38cc3dc0cd2dee1a8b6d9c8bb1707ee5973fd51a97c71300a91084e6651788,2019-12,Staffordshire Police,Staffordshire Police,-1.611639,52.803703,On or near HAMILTON ROAD,E01029471,East Staffordshire 010D,Suspect charged
2440e2620f969ed233f1e41428451e44fb332c88f2bb359f30100397030a4b0a,2019-12,Staffordshire Police,Staffordshire Police,-1.801030,52.650575,On or near Prison,E01029488,Lichfield 012A,Suspect charged
ccd43cbadfc966fb45a0eba62b5cfd4fe9fe493748430794970f3398897e6e0b,2019-12,Staffordshire Police,Staffordshire Police,-1.928274,52.673905,On or near PINE GROVE,E01029496,Lichfield 010A,Suspect charged
189b05aa8c6975dacf24e3005b70f1c07b63d73510a017a95192bba1436da15d,2019-12,Staffordshire Police,Staffordshire Police,-1.630101,52.807817,On or near Police Station,E01032897,East Staffordshire 011G,Suspect charged
9f37825c67ec8f2b2aa6b972e9f6f489f7d7f033a27d97f84e755792f12e0f13,2019-12,Staffordshire Police,Staffordshire Police,-1.870385,52.740415,On or near DYKE ROAD,E01029480,Lichfield 001A,Suspect charged
bde75b098a49dcca60c0374318b7eafda8e2b776d946ee9847c8b9f36d0437d6,2019-12,Staffordshire Police,Staffordshire Police,-1.682455,52.601377,On or near OLD HEDGING LANE,E01029861,Tamworth 009B,Suspect charged
bde75b098a49dcca60c0374318b7eafda8e2b776d946ee9847c8b9f36d0437d6,2019-12,Staffordshire Police,Staffordshire Police,-1.682455,52.601377,On or near OLD HEDGING LANE,E01029861,Tamworth 009B,Suspect charged
570656259a20a3ca1180e11acfbd41cd33dfbb9a0c6f426be5ca7078b2b736ee,2019-12,Staffordshire Police,Staffordshire Police,-1.829032,52.683207,On or near Supermarket,E01029526,Lichfield 004E,Suspect charged
f2b28e69964bf99c8d348d06bcec90d8573c0f48d1a087566a3288bff853fd2a,2019-12,Staffordshire Police,Staffordshire Police,,,No location,,,Suspect charged
ed107e4668246feb83ff9d7268d495728a7d43b09fc37f0a65474e543a031f96,2019-12,Staffordshire Police,Staffordshire Police,-1.825867,52.694115,On or near STYCHBROOK GARDENS,E01029499,Lichfield 004B,Suspect charged
f9230f5bdf838f8b9ff86365ab57b81942f52c9512fddc6c46809271157e581d,2019-12,Staffordshire Police,Staffordshire Police,-2.115807,52.804524,On or near BRIDGE STREET,E01029701,Stafford 010E,Suspect charged
f55c109d989d97d4855e2f34272dbc3876e3ddef4cf25aaf89e4e5dcf14da0a4,2019-12,Staffordshire Police,Staffordshire Police,-1.701757,52.626769,On or near Shopping Area,E01029835,Tamworth 002A,Suspect charged
062c05dd2d3d716d056ff5e4053d3aef1072509feecdb0a0c3c5453d1c3720d0,2019-12,Staffordshire Police,Staffordshire Police,-1.841633,52.687737,On or near Supermarket,E01032899,Lichfield 004F,Suspect charged
887dd6af4dc66c17fd50c717682495fcf5c07a9b126e9bb95b15f175f91e47b9,2019-12,Staffordshire Police,Staffordshire Police,-1.692697,52.633668,On or near COLEHILL,E01029835,Tamworth 002A,Suspect charged
4323252ec78778d8780d1afa569fa031dee2748ffa03c17d7bc3954b6c241c3f,2019-12,Staffordshire Police,Staffordshire Police,-1.831359,52.682032,On or near SANDFORD STREET,E01032899,Lichfield 004F,Suspect charged
0fb561d807f92717a704576817bd8b2b98289362334ea1f032a2934f280148d7,2019-12,Staffordshire Police,Staffordshire Police,-1.775530,52.662621,On or near HEATH AVENUE,E01029530,Lichfield 008C,Suspect charged
aff8824727594cfa075704504a30e1b13712cbfa9ab0ca02d2f8f509ccd26393,2019-12,Staffordshire Police,Staffordshire Police,-1.929344,52.753221,On or near GEORGE BREALEY CLOSE,E01029345,Cannock Chase 003A,Suspect charged
8c82d2923ccbc5193f376249fa6f45d866e9a9ac0829e4af011c35cb7bfc40bf,2019-12,Staffordshire Police,Staffordshire Police,-1.929344,52.753221,On or near GEORGE BREALEY CLOSE,E01029345,Cannock Chase 003A,Suspect charged
819cca59ef9ab0da9fd1f71ca504e03ffd9ebeffc817c8f31741ea3c27b32809,2019-12,Staffordshire Police,Staffordshire Police,-2.146548,52.902942,On or near CHRISTCHURCH WAY,E01029745,Stafford 003C,Suspect charged
819cca59ef9ab0da9fd1f71ca504e03ffd9ebeffc817c8f31741ea3c27b32809,2019-12,Staffordshire Police,Staffordshire Police,-2.146548,52.902942,On or near CHRISTCHURCH WAY,E01029745,Stafford 003C,Suspect charged
819cca59ef9ab0da9fd1f71ca504e03ffd9ebeffc817c8f31741ea3c27b32809,2019-12,Staffordshire Police,Staffordshire Police,-2.146548,52.902942,On or near CHRISTCHURCH WAY,E01029745,Stafford 003C,Suspect charged
9728180ea7122e9736211ae8776ab1348f36ada1de6302ecb671fdd904acab2b,2019-12,Staffordshire Police,Staffordshire Police,-1.676022,52.812787,On or near OAKLEY GRANGE,E01029417,East Staffordshire 013E,Suspect charged
87406f50b6aea0068b2117728d0899eb3ba3f07eb6718ac158a525f72d8fa534,2019-12,Staffordshire Police,Staffordshire Police,-1.683203,52.630695,On or near MANOR ROAD,E01029831,Tamworth 004B,Suspect charged
d445c05a5e00ece52a5615f44ec862078a3dfcc47394bb649dd699553908d6ac,2019-12,Staffordshire Police,Staffordshire Police,-1.646426,52.823382,On or near MORLEY'S HILL,E01029434,East Staffordshire 007A,Suspect charged
d445c05a5e00ece52a5615f44ec862078a3dfcc47394bb649dd699553908d6ac,2019-12,Staffordshire Police,Staffordshire Police,-1.646426,52.823382,On or near MORLEY'S HILL,E01029434,East Staffordshire 007A,Suspect charged
e7624270fae64ab9087b732be4636cf17c680711152583465b5cfa4a0e28363d,2019-12,Staffordshire Police,Staffordshire Police,-1.827596,52.683312,On or near BREADMARKET STREET,E01029526,Lichfield 004E,Suspect charged
be7d2ab027aabd3570b9cfaf9428af31993d153cc7fcfc2802e4221cc05030d2,2019-12,Staffordshire Police,Staffordshire Police,-2.101011,52.814147,On or near DOUGLAS ROAD,E01029693,Stafford 009B,Suspect charged
d387f7b7e87af049517136eb6f9b2f2a354ad6019e458fee34d22dc71c85b7f9,2019-12,Staffordshire Police,Staffordshire Police,,,No location,,,Suspect charged
d387f7b7e87af049517136eb6f9b2f2a354ad6019e458fee34d22dc71c85b7f9,2019-12,Staffordshire Police,Staffordshire Police,,,No location,,,Suspect charged
74403bc07a9466cd78f02c9cc680520abfc10433e0f0abcaeeb127c4c7bcaf94,2019-12,Staffordshire Police,Staffordshire Police,-2.118173,52.807129,On or near Shopping Area,E01029701,Stafford 010E,Suspect charged
fb09dc2fd471d4166547b15636e8010ab830c915208316f0303e6eefb7da0572,2019-12,Staffordshire Police,Staffordshire Police,,,No location,,,Suspect charged
6288d421afb6113f1362eb02570d33e739f1b89329cd045031a229b7b1bbb05f,2019-12,Staffordshire Police,Staffordshire Police,,,No location,,,Suspect charged
6288d421afb6113f1362eb02570d33e739f1b89329cd045031a229b7b1bbb05f,2019-12,Staffordshire Police,Staffordshire Police,,,No location,,,Suspect charged
649182c1e6b9b59b992144d4672c5fd5a4c22ffc7690861061fbe0c2dfac96fe,2019-12,Staffordshire Police,Staffordshire Police,-1.701470,52.625555,On or near Supermarket,E01029837,Tamworth 005B,Suspect charged
649182c1e6b9b59b992144d4672c5fd5a4c22ffc7690861061fbe0c2dfac96fe,2019-12,Staffordshire Police,Staffordshire Police,-1.701470,52.625555,On or near Supermarket,E01029837,Tamworth 005B,Suspect charged
29bd547db7bdb1eacd5af219d8437ab630ced2ce8cc841c64ade0934a0582f2d,2019-12,Staffordshire Police,Staffordshire Police,-1.701470,52.625555,On or near Supermarket,E01029837,Tamworth 005B,Suspect charged
29bd547db7bdb1eacd5af219d8437ab630ced2ce8cc841c64ade0934a0582f2d,2019-12,Staffordshire Police,Staffordshire Police,-1.701470,52.625555,On or near Supermarket,E01029837,Tamworth 005B,Suspect charged
91f94d6679ef768d661311354c22ce835ab6fbab5340863e2b29fdccdd8c678b,2019-12,Staffordshire Police,Staffordshire Police,-1.822893,52.748975,On or near MANOR ROAD,E01029509,Lichfield 002D,Suspect charged
335233fdccce799de366322d77665216de45c7efa0e4b6d66c7dc676904769fd,2019-12,Staffordshire Police,Staffordshire Police,,,No location,,,Suspect charged
335233fdccce799de366322d77665216de45c7efa0e4b6d66c7dc676904769fd,2019-12,Staffordshire Police,Staffordshire Police,,,No location,,,Suspect charged
d669a6b0c2b8b6cf060907293665c1f27feb1e242b86ff0c9cd0593c31c4fe9d,2019-12,Staffordshire Police,Staffordshire Police,-1.635149,52.803814,On or near Supermarket,E01032896,East Staffordshire 011F,Suspect charged
73076174564d0c2b0fe7992c97f38519ab08b0f4f717b021180c5a51ce938f0f,2019-12,Staffordshire Police,Staffordshire Police,-1.661065,52.633366,On or near HIGHFIELD AVENUE,E01029824,Tamworth 003D,Suspect charged
2d4343c0bc5330be8ead26c05101501c106f368dd209bf98e6117765c67aec86,2019-12,Staffordshire Police,Staffordshire Police,-2.117806,52.808423,On or near Shopping Area,E01029701,Stafford 010E,Suspect charged
2f8f2ec1c66f4476d5c2bb4d55e92d30100a416651757c6c1fee5e86f959ca6f,2019-12,Staffordshire Police,Staffordshire Police,-2.122678,52.815979,On or near NORTH PLACE,E01029689,Stafford 010A,Suspect charged
1396ea937809fe66641f1041aa69d7dc779660338d93155eb328acc702fd9bb1,2019-12,Staffordshire Police,Staffordshire Police,-1.646426,52.823382,On or near MORLEY'S HILL,E01029434,East Staffordshire 007A,Suspect charged
1396ea937809fe66641f1041aa69d7dc779660338d93155eb328acc702fd9bb1,2019-12,Staffordshire Police,Staffordshire Police,-1.646426,52.823382,On or near MORLEY'S HILL,E01029434,East Staffordshire 007A,Suspect charged
f2eb2ff53555963ccdfb5043c16559d114b409cbaa4958d3185e7653a26b4913,2019-12,Staffordshire Police,Staffordshire Police,-1.630343,52.803718,On or near Parking Area,E01032896,East Staffordshire 011F,Suspect charged
e98c70cdc4b6df9a60d8ec0f0620d2ca63cb300fe656646e9b6a95253e0732d4,2019-12,Staffordshire Police,Staffordshire Police,-2.028672,52.687021,On or near HALLCOURT LANE,E01029360,Cannock Chase 012B,Suspect charged
9005408c946743e654c91f2af16dcc1359f4c847bd0c35c69dc700a29257bdea,2019-12,Staffordshire Police,Staffordshire Police,-2.107178,52.649363,On or near Sports/Recreation Area,E01029637,South Staffordshire 006D,Suspect charged
04db6b8a71f57a329ca8728e3d95430727c7d4d61350f956d08c666aa8f6443a,2019-12,Staffordshire Police,Staffordshire Police,-1.646426,52.823382,On or near MORLEY'S HILL,E01029434,East Staffordshire 007A,Suspect charged
04db6b8a71f57a329ca8728e3d95430727c7d4d61350f956d08c666aa8f6443a,2019-12,Staffordshire Police,Staffordshire Police,-1.646426,52.823382,On or near MORLEY'S HILL,E01029434,East Staffordshire 007A,Suspect charged
b8ef6cbf60d890632abe3e52fb91befdb10d39fe531168c2250736ac60e4e657,2019-12,Staffordshire Police,Staffordshire Police,,,No location,,,Suspect charged
1388db8194c14e12bbd51c8d0183467ab7e47a833fec024fb17752129c73ade6,2019-12,Staffordshire Police,Staffordshire Police,-1.789910,52.719435,On or near Park/Open Space,E01029477,Lichfield 002A,Suspect charged
f34bceabd3a92050402235d027b3c6117b6b6a8e9c22c43859772b81428b35a7,2019-12,Staffordshire Police,Staffordshire Police,-2.127585,52.890459,On or near MEADOWBROOK COURT,E01029741,Stafford 004C,Suspect charged
1dfe047cba58337c49529f48a9baf3e8f88718b7e2996a5d0d32f24df6caa74e,2019-12,Staffordshire Police,Staffordshire Police,-1.701470,52.625555,On or near Supermarket,E01029837,Tamworth 005B,Suspect charged
1dfe047cba58337c49529f48a9baf3e8f88718b7e2996a5d0d32f24df6caa74e,2019-12,Staffordshire Police,Staffordshire Police,-1.701470,52.625555,On or near Supermarket,E01029837,Tamworth 005B,Suspect charged
89a6dc89022ca29dcdf017624f53d6a5157ffbc8a28a34274be71bcb166ca875,2019-12,Staffordshire Police,Staffordshire Police,-1.709253,52.646053,On or near DANELAGH CLOSE,E01029846,Tamworth 001A,Suspect charged
edee2d408231232f593d8c24dd9cfed4302fcf6279d3ae20990e9723887e954a,2019-12,Staffordshire Police,Staffordshire Police,-1.709253,52.646053,On or near DANELAGH CLOSE,E01029846,Tamworth 001A,Suspect charged
89f5651a1e4dec5de4525a4072942deb4956558dcc50feaf3786f5b412bdbfdf,2019-12,Staffordshire Police,Staffordshire Police,-1.709253,52.646053,On or near DANELAGH CLOSE,E01029846,Tamworth 001A,Suspect charged
903f84bbe87e794d31288763dd3018046c6a42d767b58e93842325945aa31842,2019-12,Staffordshire Police,Staffordshire Police,-1.703601,52.635979,On or near MOOR STREET,E01029851,Tamworth 002E,Suspect charged
189fc237f25f783e92d526097191c60eb0dcf5ab588d4cdb6c45dbbb56a24de3,2019-12,Staffordshire Police,Staffordshire Police,-2.113339,52.791024,On or near MAPLE GROVE,E01029727,Stafford 013D,Suspect charged
4d968094b531eeb92de19045694a62a50cb9cdfaac38055d82ceab22547f66c6,2019-12,Staffordshire Police,Staffordshire Police,-1.934492,52.759004,On or near Shopping Area,E01029404,Cannock Chase 002E,Suspect charged
545271fabadec985715f51601f66c322a10d8e7fd60b490f0de87d0ea55cdd7d,2019-12,Staffordshire Police,Staffordshire Police,-1.820363,52.683347,On or near DEANS CROFT,E01029484,Lichfield 005B,Suspect charged
1731b0caf7062ec5acc97386cc1ed434ea83ead32e2d0ba83bfba57a1280bdd0,2019-12,Staffordshire Police,Staffordshire Police,-2.315489,52.834248,On or near PARK LANE,E01029708,Stafford 015D,Suspect charged
a4dc4a3fdfccc5c7fa75e1c757edfea5439d0936fe8c993d21106b870b46de77,2019-12,Staffordshire Police,Staffordshire Police,-1.637185,52.796179,On or near ROSE COTTAGE GARDENS,E01029409,East Staffordshire 011C,Suspect charged
e842a8cfe92ce4b900b17b1d028e4e0db9d358a4f02cd9ef4c09b3127173045a,2019-12,Staffordshire Police,Staffordshire Police,-1.826283,52.682448,On or near Theatre/Concert Hall,E01029526,Lichfield 004E,Suspect charged
7adc793b8f93e053295a443320f288a64634ad4096038987f23eeb500644d375,2019-12,Staffordshire Police,Staffordshire Police,-1.781062,52.703588,On or near WELLINGTON CRESCENT,E01029479,Lichfield 002C,Suspect charged
7adc793b8f93e053295a443320f288a64634ad4096038987f23eeb500644d375,2019-12,Staffordshire Police,Staffordshire Police,-1.781062,52.703588,On or near WELLINGTON CRESCENT,E01029479,Lichfield 002C,Suspect charged
7adc793b8f93e053295a443320f288a64634ad4096038987f23eeb500644d375,2019-12,Staffordshire Police,Staffordshire Police,-1.781062,52.703588,On or near WELLINGTON CRESCENT,E01029479,Lichfield 002C,Suspect charged
7adc793b8f93e053295a443320f288a64634ad4096038987f23eeb500644d375,2019-12,Staffordshire Police,Staffordshire Police,-1.781062,52.703588,On or near WELLINGTON CRESCENT,E01029479,Lichfield 002C,Suspect charged
7adc793b8f93e053295a443320f288a64634ad4096038987f23eeb500644d375,2019-12,Staffordshire Police,Staffordshire Police,-1.781062,52.703588,On or near WELLINGTON CRESCENT,E01029479,Lichfield 002C,Suspect charged
7adc793b8f93e053295a443320f288a64634ad4096038987f23eeb500644d375,2019-12,Staffordshire Police,Staffordshire Police,-1.781062,52.703588,On or near WELLINGTON CRESCENT,E01029479,Lichfield 002C,Suspect charged
70778b5645b8fdcf4cb5c2ba5c2705550cc82d11056e0f9c1a052059d9f2882d,2019-12,Staffordshire Police,Staffordshire Police,-2.131254,52.692920,On or near WAITLING STREET,E01029658,South Staffordshire 001D,Suspect charged
0125c02b1002c890ad4d426564922ecfad92795b8bfb1532cfba4128ebd3b976,2019-12,Staffordshire Police,Staffordshire Police,-1.703601,52.635979,On or near MOOR STREET,E01029851,Tamworth 002E,Suspect charged
d8d272ace75662b2824a9bf509dacc497a61926d83e2e5ba24d88cf1e856a918,2019-12,Staffordshire Police,Staffordshire Police,-2.196138,52.529154,On or near ELM TREE CLOSE,E01029679,South Staffordshire 012D,Suspect charged
cd351c02e7a5d6c9fcbd4e787981750f588a428d5c3b8e4fde07e33627f2fd8a,2019-12,Staffordshire Police,Staffordshire Police,-2.129598,52.822839,On or near HOLMCROFT ROAD,E01029721,Stafford 007C,Suspect charged
cccedb9c99cb39850f8f30f83075f5283944bbcaf65acae38adbe2a7b723046b,2019-12,Staffordshire Police,Staffordshire Police,,,No location,,,Suspect charged
75beb13ac776b970bda0957ae0ce927096b72fcbaedb79b7303907debec661b7,2019-12,Staffordshire Police,Staffordshire Police,-1.934967,52.758258,On or near WELLINGTON DRIVE,E01029404,Cannock Chase 002E,Suspect charged
4518cd45f528bbcf1d14baa5423f6dbd59b0690ed9e2976e3a0096a5b34d0629,2019-12,Staffordshire Police,Staffordshire Police,,,No location,,,Suspect charged
0386ebfcbc01d5d71b7fd33dd62ba7e4a705af3f3f929666f4c8769fbcbd4fa6,2019-12,Staffordshire Police,Staffordshire Police,-1.648681,52.814328,On or near OUTWOODS STREET,E01029446,East Staffordshire 009B,Suspect charged
b2f1384b16e8740a65fbe8f2178819d79e5ca7162101f75194037a7e3f746535,2019-12,Staffordshire Police,Staffordshire Police,-1.934492,52.759004,On or near Shopping Area,E01029404,Cannock Chase 002E,Suspect charged
0c8b84118750daa7d4daf9969fd466bccf5f986ae542dd840a83d2be5517db5e,2019-12,Staffordshire Police,Staffordshire Police,,,No location,,,Suspect charged
011e3f1220887736bcba69c74e9df27379e332cb6dadf8f3fb142a541c7c6ac3,2019-12,Staffordshire Police,Staffordshire Police,-2.028645,52.692010,On or near BEECROFT ROAD,E01029367,Cannock Chase 011E,Suspect charged
01f99344132f0d3d8aec5d270be6232b16382e9a1dd96256fc2f78de2fccd849,2019-12,Staffordshire Police,Staffordshire Police,,,No location,,,Suspect charged
717d51d92ae4b428b215186bea82594d3d109ee972c30ca030d3c74bfb0244f8,2019-12,Staffordshire Police,Staffordshire Police,,,No location,,,Suspect charged
76fdfb978f7b52c1757cb3f794dd8be6fe124e2448147734b1c9774ab428c618,2019-12,Staffordshire Police,Staffordshire Police,,,No location,,,Suspect charged
9d22047504764f959bc1f4ad7488839245526bda4dded5d7e498429ff1481391,2019-12,Staffordshire Police,Staffordshire Police,,,No location,,,Suspect charged
51a1b9b777335dea03a85cc7c0a4b2ec7a20a419faac5960a1ca811074079d14,2019-12,Staffordshire Police,Staffordshire Police,,,No location,,,Suspect charged
3a9b66a8cc2adb02c6c8ff39a4d7066e9254e906966f3ce1c0aba2f26c64123d,2019-12,Staffordshire Police,Staffordshire Police,-1.692697,52.633668,On or near COLEHILL,E01029835,Tamworth 002A,Suspect charged
9f9bf0bbd64e6740ecbe726686de865acd6cd316e9cbc9d845e1793c4ac2bcf8,2019-12,Staffordshire Police,Staffordshire Police,,,No location,,,Suspect charged
4a26bf04aa0e622f5a1607067373938d86639bcbee5b7cf6ae1b73dbfeee10c8,2019-12,Staffordshire Police,Staffordshire Police,-1.829032,52.683207,On or near Supermarket,E01029526,Lichfield 004E,Suspect charged
1094751cfb599d6490334a688d6e592c88788f86ee310d38c9f45efae75489df,2019-12,Staffordshire Police,Staffordshire Police,-2.121678,52.808671,On or near Supermarket,E01029701,Stafford 010E,Suspect charged
ad465624f7a4f5f1a1c23134fb37a2c786b336396bb707dd37b4ede031b6568a,2019-12,Staffordshire Police,Staffordshire Police,,,No location,,,Suspect charged
010364c9f98fc1d5f32a19c6929411f1e435da35852b19ba3278d5d868599b73,2019-12,Staffordshire Police,Staffordshire Police,,,No location,,,Suspect charged
89cd268fb9b49d6f5c1acb5d49bd3ef07b9ece9e9fe0c4774d26b8aef8aa261d,2019-12,Staffordshire Police,Staffordshire Police,-2.128749,52.821851,On or near YOUNG AVENUE,E01029720,Stafford 007B,Suspect charged
a5ccd8ff77c98ba656337a66b0898bfa74758ee78e033da40aa4c092d2bb2d97,2019-12,Staffordshire Police,Staffordshire Police,-1.934845,52.760712,On or near Supermarket,E01029404,Cannock Chase 002E,Suspect charged
a2af352e5023a793d42b1c81af298a2d511c72b3f5fd9da28d6164ff589ac8ed,2019-12,Staffordshire Police,Staffordshire Police,,,No location,,,Suspect charged
e1380d20e2d9118634b1e31b41700a53abe9bee5b0fa3a4eb4021cf471e15f9e,2019-12,Staffordshire Police,Staffordshire Police,-2.184330,52.539368,On or near LEAR ROAD,E01029673,South Staffordshire 012B,Suspect charged
96aab818e30bf30b9242936274df39b0b2404fda689c2c06eac8edf7d76d46de,2019-12,Staffordshire Police,Staffordshire Police,-1.669092,52.630863,On or near ST GEORGE'S WAY,E01029823,Tamworth 004A,Suspect charged
083a31c7f932e8036624c914ab67deffd45f82f85e8e3b86758188069afe0280,2019-12,Staffordshire Police,Staffordshire Police,-2.080252,52.813048,On or near WESTON ROAD,E01029732,Stafford 011E,Suspect charged
7ae8afa1658ceb8f1cdb78b36756db4bedd39c0a159634d28aea9ef8ace1291f,2019-12,Staffordshire Police,Staffordshire Police,-1.669092,52.630863,On or near ST GEORGE'S WAY,E01029823,Tamworth 004A,Suspect charged
0f0c1978bebb5f29a258524c911b7530b4735c9694c6f3c6ca06b4735e3cb477,2019-12,Staffordshire Police,Staffordshire Police,-2.022806,52.701513,On or near SOMERSET PLACE,E01029355,Cannock Chase 007B,Suspect charged
28d7f92efdc7945204457779d1a31ac23c9676106b765ad6d46335a5b7568701,2019-12,Staffordshire Police,Staffordshire Police,-2.206288,52.596911,On or near DARWIN COURT,E01029665,South Staffordshire 010D,Suspect charged
0c8f391ead7733dc15194684da821f386efbea8ffa7fb8834a22878bd3411b94,2019-12,Staffordshire Police,Staffordshire Police,-2.148416,52.897024,On or near A520,E01029753,Stafford 003E,Suspect charged
4c606a405b30c5cf003d6050d722e2591c6e63984b9dcddcb8683d510e5fb753,2019-12,Staffordshire Police,Staffordshire Police,-2.089898,52.813958,On or near GLADSTONE WAY,E01029724,Stafford 011D,Suspect charged
12ea519bab2ac0cb8c6d12384ecc57e7e496bd4472471345e3b529136dad174a,2019-12,Staffordshire Police,Staffordshire Police,-1.662166,52.626582,On or near ABELIA,E01029845,Tamworth 007D,Suspect charged
5767e84f81f283c47f0929388d9b00540d934233df12a2d2adb715d933233538,2019-12,Staffordshire Police,Staffordshire Police,-1.703601,52.635979,On or near MOOR STREET,E01029851,Tamworth 002E,Suspect charged
85c3e590cf3ec3d2ef4c3da5f372e6b8bdeef42d7614d9fda4773568643c13a8,2019-12,Staffordshire Police,Staffordshire Police,,,No location,,,Suspect charged
99b68103e915c76f1fe2a091db605a363e89963d2db054cfb0e548c9055ff16c,2019-12,Staffordshire Police,Staffordshire Police,-2.039801,52.659932,On or near HATHERTON STREET,E01029621,South Staffordshire 002A,Suspect charged
37556589f9a4ebe79fe2069de9aa3bd976ef8e6b2600eecc08840c72daa00608,2019-12,Staffordshire Police,Staffordshire Police,-1.829032,52.683207,On or near Supermarket,E01029526,Lichfield 004E,Suspect charged
e77c26184bec02cf4848bc94ab934efed67c2423b034218151cdceabbbf77c4f,2019-12,Staffordshire Police,Staffordshire Police,-1.934492,52.759004,On or near Shopping Area,E01029404,Cannock Chase 002E,Suspect charged
bd5f957507d5d79da5db72dff2e17ff5adb855e2873c9968e2d88112e7da26e1,2019-12,Staffordshire Police,Staffordshire Police,-1.829032,52.683207,On or near Supermarket,E01029526,Lichfield 004E,Suspect charged
1f39e77ac210402ad141187ee59bc58740dcd63fd4d7779f0cf8a315939557ff,2019-12,Staffordshire Police,Staffordshire Police,-1.829032,52.683207,On or near Supermarket,E01029526,Lichfield 004E,Suspect charged
a05db9c62ebad9c09544011e06a0259c472067e0a2b69dc31d351e8eabe837be,2019-12,Staffordshire Police,Staffordshire Police,,,No location,,,Suspect charged
eeebc10a58b0d442564b904a321d3512237829f12e4f9539360e4e284633706b,2019-12,Staffordshire Police,Staffordshire Police,-2.039801,52.659932,On or near HATHERTON STREET,E01029621,South Staffordshire 002A,Suspect charged
46836a5c25e076b01eb64231d00a926fe540a485e56825e9c7470e0905012eb7,2019-12,Staffordshire Police,Staffordshire Police,,,No location,,,Suspect charged
b6101881b2db2f8ba3ca17712c98cfaa64859ef00f55ff0aa5fd43ac78d4bf53,2019-12,Staffordshire Police,Staffordshire Police,-2.115907,52.802843,On or near FRIARS' WALK,E01029701,Stafford 010E,Suspect charged
a6e147373e444145768de123d3a356a16eb820e0516fdcc2185a8837c09f010d,2019-12,Staffordshire Police,Staffordshire Police,-2.186218,52.536227,On or near WINDMILL BANK,E01029676,South Staffordshire 012C,Suspect charged
726816d8ed5d49d0f3f3f6c4b57bd0a1cc46fe6bb6255e266f884b8ecf816d28,2019-12,Staffordshire Police,Staffordshire Police,-1.714368,52.797765,On or near Park/Open Space,E01029440,East Staffordshire 015B,Suspect charged
a60e77707b678628a681dac76662536e4eeec4fb5c0f4c59cf773548c3c119fe,2019-12,Staffordshire Police,Staffordshire Police,-2.039801,52.659932,On or near HATHERTON STREET,E01029621,South Staffordshire 002A,Suspect charged
8e138123e577ba3da9d8f57f5ae13b8c5b9776045637730683bfc1219ccbcab4,2019-12,Staffordshire Police,Staffordshire Police,,,No location,,,Suspect charged
5568d67d3231612959a0e07ed9351286f07837abe77c8571372b04d0effcc193,2019-12,Staffordshire Police,Staffordshire Police,-2.135289,52.791756,On or near WATTS CLOSE,E01029716,Stafford 013B,Suspect charged
707c0fc7779d151efee44dcf16c62d2f5ddb52e0796fb3fe907a86352bda6770,2019-12,Staffordshire Police,Staffordshire Police,-2.135289,52.791756,On or near WATTS CLOSE,E01029716,Stafford 013B,Suspect charged
31e5e256f4d9bbf330c9a79d264d6fb838e314838ad03e3de4f1de4bfd2d29fe,2019-12,Staffordshire Police,Staffordshire Police,-2.028672,52.687021,On or near HALLCOURT LANE,E01029360,Cannock Chase 012B,Suspect charged
853d67c4b8ae08b69db010086fcc1d7c20f1bb42c9afced0072292e7d9dbec5e,2019-12,Staffordshire Police,Staffordshire Police,,,No location,,,Suspect charged
04991d322fe7dc6d34765af25edb2679403a240f4d33e5cf471f9fbbfa8cc4da,2019-12,Staffordshire Police,Staffordshire Police,,,No location,,,Suspect charged
ebc2fed683abb7a9c4500e5b348cd1837ed06ca3105782aabaa699879effc22d,2019-12,Staffordshire Police,Staffordshire Police,,,No location,,,Suspect charged
cc7dce42f7aa84145b5de5bbe07147da28e2a98aef0254b50c474fec7346b266,2019-12,Staffordshire Police,Staffordshire Police,-1.701757,52.626769,On or near Shopping Area,E01029835,Tamworth 002A,Suspect charged
df06984b772d5875f5b43599e4d28ae4b2e7b5fd3ac4fde34f75800315d7bd13,2019-12,Staffordshire Police,Staffordshire Police,,,No location,,,Suspect charged
54e54e8a1183d07f9f3d525c9bfcd07f285a6c5535ebae9a12eddabce325b34e,2019-12,Staffordshire Police,Staffordshire Police,,,No location,,,Suspect charged
54e54e8a1183d07f9f3d525c9bfcd07f285a6c5535ebae9a12eddabce325b34e,2019-12,Staffordshire Police,Staffordshire Police,,,No location,,,Suspect charged
54e54e8a1183d07f9f3d525c9bfcd07f285a6c5535ebae9a12eddabce325b34e,2019-12,Staffordshire Police,Staffordshire Police,,,No location,,,Suspect charged
54e54e8a1183d07f9f3d525c9bfcd07f285a6c5535ebae9a12eddabce325b34e,2019-12,Staffordshire Police,Staffordshire Police,,,No location,,,Suspect charged
93c33a2f304f27736a62778f3e936181b72717087a2cda0b2b0419912b26c60d,2019-12,Staffordshire Police,Staffordshire Police,,,No location,,,Suspect charged
93c33a2f304f27736a62778f3e936181b72717087a2cda0b2b0419912b26c60d,2019-12,Staffordshire Police,Staffordshire Police,,,No location,,,Suspect charged
af25c19b0db990a9abe552fce16ba9b7632ffcf9d4608c985626dac8928ea4eb,2019-12,Staffordshire Police,Staffordshire Police,,,No location,,,Suspect charged
af25c19b0db990a9abe552fce16ba9b7632ffcf9d4608c985626dac8928ea4eb,2019-12,Staffordshire Police,Staffordshire Police,,,No location,,,Suspect charged
6c96d463597b66ea458ad0d9b35cab59c2fbcc88c30f9673824689a9af49c801,2019-12,Staffordshire Police,Staffordshire Police,,,No location,,,Suspect charged
6c96d463597b66ea458ad0d9b35cab59c2fbcc88c30f9673824689a9af49c801,2019-12,Staffordshire Police,Staffordshire Police,,,No location,,,Suspect charged
cad3565e3daaecf9383f485f0af9290d14be13722a830a6124ec45bef36c4ff7,2019-12,Staffordshire Police,Staffordshire Police,-2.029753,52.688971,On or near Nightclub,E01029360,Cannock Chase 012B,Suspect charged
aefecf2d6847037be00f6725bdfb136d5584e33b1293f1a48f5e5e6d94b9daa0,2019-12,Staffordshire Police,Staffordshire Police,,,No location,,,Suspect charged
e46fa693f4e7d2c8f629456803b72eb8fd4705f3ac4557426609e4b776ca39b9,2019-12,Staffordshire Police,Staffordshire Police,-1.865898,52.899370,On or near Shopping Area,E01029462,East Staffordshire 003D,Suspect charged
7b7817befe9d36b10afa62ac5189428e397b2c82348123385a9989f6c0e09f44,2019-12,Staffordshire Police,Staffordshire Police,-1.929652,52.672467,On or near QUEEN STREET,E01029497,Lichfield 006E,Suspect charged
dd49c558a5fb537dbb625cc8c486d80e15163151f540d01f9d4a35cfb23e7b5b,2019-12,Staffordshire Police,Staffordshire Police,-1.603914,52.808227,On or near CHURCH CLOSE,E01029470,East Staffordshire 010C,Suspect charged
e439b6a703d892f444f647d4e0f6890166fecb1094f58b8eb2745bee5d100bfd,2019-12,Staffordshire Police,Staffordshire Police,,,No location,,,Suspect charged
6325234e81a5a1152ce519712328704b8891a351dba32c8a61a639da881e2b4c,2019-12,Staffordshire Police,Staffordshire Police,-1.653848,52.632267,On or near WOODLAND ROAD,E01029824,Tamworth 003D,Suspect charged
4655093153c5e2aec44be02e0def9a78de4f7cc7a675d836f8a5b987e1768934,2019-12,Staffordshire Police,Staffordshire Police,-1.638541,52.795428,On or near TRENT STREET,E01029409,East Staffordshire 011C,Suspect charged
99511bda430d0e48ba18b6d3fdb096e36d98d50cab11f8a2cb7fdd51ef9b435f,2019-12,Staffordshire Police,Staffordshire Police,-1.865898,52.899370,On or near Shopping Area,E01029462,East Staffordshire 003D,Suspect charged
89b98ad41fe31ced252124c709423239cb99c6e138810730b36530edd4b42c78,2019-12,Staffordshire Police,Staffordshire Police,-1.702481,52.635572,On or near EDWARD STREET,E01029851,Tamworth 002E,Suspect charged
0b640c9c3c8d23aeb49f7c8b514bd5090bb63ef3f40ba1c7bfe163909189ea41,2019-12,Staffordshire Police,Staffordshire Police,-1.834743,52.694470,On or near COLLINS HILL,E01029492,Lichfield 004A,Suspect charged
0b640c9c3c8d23aeb49f7c8b514bd5090bb63ef3f40ba1c7bfe163909189ea41,2019-12,Staffordshire Police,Staffordshire Police,-1.834743,52.694470,On or near COLLINS HILL,E01029492,Lichfield 004A,Suspect charged
504a13ceaa3df34d2eb5c40734f43376d0755c0617abd507a253bc59fa5c7173,2019-12,Staffordshire Police,Staffordshire Police,-2.145723,53.015677,On or near SOUTHALL WAY,E01014228,Stoke-on-Trent 014E,Suspect charged
e85de387862f90cfd296077c65c66bc536b149137fe16bb4beeb30c20e975ed3,2019-12,Staffordshire Police,Staffordshire Police,-2.233034,53.014333,On or near BAILEY STREET,E01029604,Newcastle-under-Lyme 011E,Suspect charged
9931854b137bf19a6c1ce6c8704113f27bd8aeffb406985b52d0fb06dcb61693,2019-12,Staffordshire Police,Staffordshire Police,,,No location,,,Suspect charged
85a3517ff2835dba72496b8a1af071a4f642636f0443138df01ea62bef894c69,2019-12,Staffordshire Police,Staffordshire Police,-2.189626,53.050978,On or near STANFIELD ROAD,E01014247,Stoke-on-Trent 009A,Suspect charged
e8dcffc178e1a6b92b3fa1d46743b5937894125073d2dbeed9093e74b7840422,2019-12,Staffordshire Police,Staffordshire Police,-1.989219,52.986812,On or near Police Station,E01029787,Staffordshire Moorlands 011D,Suspect charged
e8dcffc178e1a6b92b3fa1d46743b5937894125073d2dbeed9093e74b7840422,2019-12,Staffordshire Police,Staffordshire Police,-1.989219,52.986812,On or near Police Station,E01029787,Staffordshire Moorlands 011D,Suspect charged
9e5c3a33056fcca92ea6debcf42be1a7ef233ae03c3ae94a4fe04f4601601e92,2019-12,Staffordshire Police,Staffordshire Police,,,No location,,,Suspect charged
0623184975d0a1b72891ec6eb534c2a91d435b56f855b34c7250349b2f4b5acd,2019-12,Staffordshire Police,Staffordshire Police,,,No location,,,Suspect charged
418a6fc78dd3e03a1fea363257c861b1c48f1713fda1ae5768c454fc83c448dd,2019-12,Staffordshire Police,Staffordshire Police,-2.182975,53.069200,On or near SUTTON PLACE,E01014261,Stoke-on-Trent 003A,Suspect charged
bcbc12974369cde33e9ac94e68b19bfae28feea6cf690d647c92e12d41753021,2019-12,Staffordshire Police,Staffordshire Police,-2.193472,53.040374,On or near LINCOLN ROAD,E01014251,Stoke-on-Trent 009C,Suspect charged
6cc5a469da923b7ffd41e65730dc83a00a78fdee00cbcfcdca9b099f50ab024c,2019-12,Staffordshire Police,Staffordshire Police,-2.189905,53.053342,On or near CYNTHIA GROVE,E01014247,Stoke-on-Trent 009A,Suspect charged
6cc5a469da923b7ffd41e65730dc83a00a78fdee00cbcfcdca9b099f50ab024c,2019-12,Staffordshire Police,Staffordshire Police,-2.189905,53.053342,On or near CYNTHIA GROVE,E01014247,Stoke-on-Trent 009A,Suspect charged
6cc5a469da923b7ffd41e65730dc83a00a78fdee00cbcfcdca9b099f50ab024c,2019-12,Staffordshire Police,Staffordshire Police,-2.189905,53.053342,On or near CYNTHIA GROVE,E01014247,Stoke-on-Trent 009A,Suspect charged
35f6cebc03ae54bce6bba31f2f43aa941c8c13e50c70bb2a9f28c6083ba38edc,2019-12,Staffordshire Police,Staffordshire Police,-2.203903,52.997280,On or near WAIN DRIVE,E01014338,Stoke-on-Trent 023A,Suspect charged
35f6cebc03ae54bce6bba31f2f43aa941c8c13e50c70bb2a9f28c6083ba38edc,2019-12,Staffordshire Police,Staffordshire Police,-2.203903,52.997280,On or near WAIN DRIVE,E01014338,Stoke-on-Trent 023A,Suspect charged
e818b28107c5db14e25a4bd83eb76a6de1957ed9511c4ad0c35f72a29865b4a0,2019-12,Staffordshire Police,Staffordshire Police,-2.089517,53.024910,On or near HILL VILLAGE ROAD,E01029780,Staffordshire Moorlands 009B,Suspect charged
8a4c0b57e93143a9bc269a2448458ba08563fa536ada446fed0b69dc5b944e7c,2019-12,Staffordshire Police,Staffordshire Police,-2.154774,52.975115,On or near CONSETT ROAD,E01014235,Stoke-on-Trent 032A,Suspect charged
06f9546586d514071de0dc001b7937cb45510a8d8fda4083ced5162e50ef8795,2019-12,Staffordshire Police,Staffordshire Police,-2.285877,52.965289,On or near SMITHY LANE,E01029570,Newcastle-under-Lyme 016B,Suspect charged
6ca6d67b928993acd59d09b990368fa184c3288aedb745bdbcf7238cdf273dde,2019-12,Staffordshire Police,Staffordshire Police,-2.288113,52.992539,On or near Petrol Station,E01029576,Newcastle-under-Lyme 012A,Suspect charged
3f2ebe8f971935b4163d684e6b1cd6b8637723c024b65cab18858b7c39ab1908,2019-12,Staffordshire Police,Staffordshire Police,-2.369189,53.034663,On or near CHAMBERLAIN COURT,E01029557,Newcastle-under-Lyme 013A,Suspect charged
3f2ebe8f971935b4163d684e6b1cd6b8637723c024b65cab18858b7c39ab1908,2019-12,Staffordshire Police,Staffordshire Police,-2.369189,53.034663,On or near CHAMBERLAIN COURT,E01029557,Newcastle-under-Lyme 013A,Suspect charged
3f2ebe8f971935b4163d684e6b1cd6b8637723c024b65cab18858b7c39ab1908,2019-12,Staffordshire Police,Staffordshire Police,-2.369189,53.034663,On or near CHAMBERLAIN COURT,E01029557,Newcastle-under-Lyme 013A,Suspect charged
3f2ebe8f971935b4163d684e6b1cd6b8637723c024b65cab18858b7c39ab1908,2019-12,Staffordshire Police,Staffordshire Police,-2.369189,53.034663,On or near CHAMBERLAIN COURT,E01029557,Newcastle-under-Lyme 013A,Suspect charged
3680c13f6674ba10662416b9d25a3812029c77f6f0e73faa1772428c4f0b59f5,2019-12,Staffordshire Police,Staffordshire Police,-1.989219,52.986812,On or near Police Station,E01029787,Staffordshire Moorlands 011D,Suspect charged
e4b4107684a6dba878c0b7db2164530a9d463bb0403a76ebfd36155bca7974ba,2019-12,Staffordshire Police,Staffordshire Police,-2.215249,53.034682,On or near WESTWOOD ROAD,E01029609,Newcastle-under-Lyme 008D,Suspect charged
04ba8aacfb85f47655ac5160b6460d6f2d9fc1734c324928d9c888c196389f1d,2019-12,Staffordshire Police,Staffordshire Police,-2.212278,53.091579,On or near JASMINE CRESCENT,E01029581,Newcastle-under-Lyme 001C,Suspect charged
3db5f6a21ec1c416e6f86b95520312c3ee809d04a9ffa1d6e60474ad65603cb4,2019-12,Staffordshire Police,Staffordshire Police,,,No location,,,Suspect charged
654639c9a4879bc36cc4fb6bd894bb8c0258e891602ae9fe0bfdf5061b71314f,2019-12,Staffordshire Police,Staffordshire Police,-2.146078,53.023910,On or near WINSTON PLACE,E01014219,Stoke-on-Trent 014B,Suspect charged
66955be11770202808fff7e8c22d59d48c9525e2e3b42498615e9d468282554a,2019-12,Staffordshire Police,Staffordshire Police,-2.178153,53.025323,On or near GITANA STREET,E01014287,Stoke-on-Trent 015D,Suspect charged
fb411a0320c85abddaee906497aba8d0018780c61dcca1a5b18031f9ed1309a4,2019-12,Staffordshire Police,Staffordshire Police,-2.183647,53.041135,On or near SANDBACH ROAD,E01014249,Stoke-on-Trent 011A,Suspect charged
d389f269b96e854674e6ea2c78f26eab605c405d31111c27629bc6a7f5179333,2019-12,Staffordshire Police,Staffordshire Police,-2.177131,53.117939,On or near CRAIGSIDE,E01029774,Staffordshire Moorlands 003E,Suspect charged
0e339e39f0461e831383dc6caba7e7d0e2f3dd2178776f62995def89d6d656fd,2019-12,Staffordshire Police,Staffordshire Police,-2.186136,52.999287,On or near YEAMAN STREET,E01014345,Stoke-on-Trent 019E,Suspect charged
1c46165d23d2e819709f2969822ac007d56d88e6a48390fc6f7b4defeaf67736,2019-12,Staffordshire Police,Staffordshire Police,-2.223641,53.039808,On or near SECOND AVENUE,E01029537,Newcastle-under-Lyme 006A,Suspect charged
1c46165d23d2e819709f2969822ac007d56d88e6a48390fc6f7b4defeaf67736,2019-12,Staffordshire Police,Staffordshire Police,-2.223641,53.039808,On or near SECOND AVENUE,E01029537,Newcastle-under-Lyme 006A,Suspect charged
fa966d32856cbd658c76330ed38c39f6b4ca0bc0dd0b35e23727c8154a17ea7a,2019-12,Staffordshire Police,Staffordshire Police,-2.174846,53.022424,On or near Parking Area,E01014287,Stoke-on-Trent 015D,Suspect charged
41dbcf7c9e70316f233b2456da09df37fe111fdedb1f4f28a83f3d0030e816fc,2019-12,Staffordshire Police,Staffordshire Police,-2.198620,52.975931,On or near Supermarket,E01014346,Stoke-on-Trent 030A,Suspect charged
b3aa1fe3fa8b882a41df2a6a027a67c903786f302436ff7d3b5334408a15d09f,2019-12,Staffordshire Police,Staffordshire Police,-2.129305,53.008711,On or near TILBROOK CLOSE,E01014229,Stoke-on-Trent 017F,Suspect charged
b3aa1fe3fa8b882a41df2a6a027a67c903786f302436ff7d3b5334408a15d09f,2019-12,Staffordshire Police,Staffordshire Police,-2.129305,53.008711,On or near TILBROOK CLOSE,E01014229,Stoke-on-Trent 017F,Suspect charged
4641fc96e86b9d7655b252ff90505df14b467b6c9ff2894647ed512d95e1a854,2019-12,Staffordshire Police,Staffordshire Police,-2.143601,53.036516,On or near LEEK ROAD,E01014210,Stoke-on-Trent 012A,Suspect charged
f88f80cacaa2f7b30808a165b8a40490d58e6a9afdc210193b5106066e98c991,2019-12,Staffordshire Police,Staffordshire Police,-2.164440,52.998905,On or near Supermarket,E01014276,Stoke-on-Trent 020C,Suspect charged
a0492538272ed502299210d52a2b8527e7472bb67a3ba4ce69fc7d77adc54aea,2019-12,Staffordshire Police,Staffordshire Police,,,No location,,,Suspect charged
81b6af792258ca20481914ea57721843ce3c4bfb0fb8cbe4fb7c2a36de788aaf,2019-12,Staffordshire Police,Staffordshire Police,-2.191601,53.038732,On or near MOORCROFT CLOSE,E01014255,Stoke-on-Trent 009E,Suspect charged
81b6af792258ca20481914ea57721843ce3c4bfb0fb8cbe4fb7c2a36de788aaf,2019-12,Staffordshire Police,Staffordshire Police,-2.191601,53.038732,On or near MOORCROFT CLOSE,E01014255,Stoke-on-Trent 009E,Suspect charged
81b6af792258ca20481914ea57721843ce3c4bfb0fb8cbe4fb7c2a36de788aaf,2019-12,Staffordshire Police,Staffordshire Police,-2.191601,53.038732,On or near MOORCROFT CLOSE,E01014255,Stoke-on-Trent 009E,Suspect charged
81b6af792258ca20481914ea57721843ce3c4bfb0fb8cbe4fb7c2a36de788aaf,2019-12,Staffordshire Police,Staffordshire Police,-2.191601,53.038732,On or near MOORCROFT CLOSE,E01014255,Stoke-on-Trent 009E,Suspect charged
81b6af792258ca20481914ea57721843ce3c4bfb0fb8cbe4fb7c2a36de788aaf,2019-12,Staffordshire Police,Staffordshire Police,-2.191601,53.038732,On or near MOORCROFT CLOSE,E01014255,Stoke-on-Trent 009E,Suspect charged
81b6af792258ca20481914ea57721843ce3c4bfb0fb8cbe4fb7c2a36de788aaf,2019-12,Staffordshire Police,Staffordshire Police,-2.191601,53.038732,On or near MOORCROFT CLOSE,E01014255,Stoke-on-Trent 009E,Suspect charged
ac7173228cf12e0a0a9a11d527b6e29574d4d89a2a1611ced4527af7498c6e8a,2019-12,Staffordshire Police,Staffordshire Police,-2.135034,53.048769,On or near HIGHTON STREET,E01014217,Stoke-on-Trent 012E,Suspect charged
8af4098162eb62d504c944c7621d09a168a6cef22789a67fa37d578ddd437d4d,2019-12,Staffordshire Police,Staffordshire Police,-2.192404,53.028195,On or near RIDGEHOUSE DRIVE,E01014285,Stoke-on-Trent 015B,Suspect charged
8af4098162eb62d504c944c7621d09a168a6cef22789a67fa37d578ddd437d4d,2019-12,Staffordshire Police,Staffordshire Police,-2.192404,53.028195,On or near RIDGEHOUSE DRIVE,E01014285,Stoke-on-Trent 015B,Suspect charged
899ca29c419cbb41ebfbb5117aa627d0892c402a39ce16034ad35610ec5f9f35,2019-12,Staffordshire Police,Staffordshire Police,-2.129305,53.008711,On or near TILBROOK CLOSE,E01014229,Stoke-on-Trent 017F,Suspect charged
899ca29c419cbb41ebfbb5117aa627d0892c402a39ce16034ad35610ec5f9f35,2019-12,Staffordshire Police,Staffordshire Police,-2.129305,53.008711,On or near TILBROOK CLOSE,E01014229,Stoke-on-Trent 017F,Suspect charged
b6e8a1f35f1578c7b621a31ab95647b60a60636465a9767e00206ff713995525,2019-12,Staffordshire Police,Staffordshire Police,-2.185681,52.997391,On or near SPODE STREET,E01014340,Stoke-on-Trent 019D,Suspect charged
0d66af5863336a718679c496ca991b3005818898976027e849b6cdace8956e0f,2019-12,Staffordshire Police,Staffordshire Police,-2.171184,53.038880,On or near GRANVILLE AVENUE,E01014253,Stoke-on-Trent 011B,Suspect charged
f590b7bb9b798f4c3eab6152d80fd7077de2ef44c3ad1560f024444951f3ad81,2019-12,Staffordshire Police,Staffordshire Police,-2.214117,53.025929,On or near MORETON PARADE,E01029611,Newcastle-under-Lyme 008E,Suspect charged
a0ea118b0069845529dd0d322808814cad01a77898b48f1fcd56af41f3ccc4ad,2019-12,Staffordshire Police,Staffordshire Police,-2.263453,53.070164,On or near Shopping Area,E01029596,Newcastle-under-Lyme 004E,Suspect charged
f49d5318c178dddb6f20872fe65695a16ef8b35ca08f48f378f83afc5a57b6e1,2019-12,Staffordshire Police,Staffordshire Police,-2.129305,53.008711,On or near TILBROOK CLOSE,E01014229,Stoke-on-Trent 017F,Suspect charged
f49d5318c178dddb6f20872fe65695a16ef8b35ca08f48f378f83afc5a57b6e1,2019-12,Staffordshire Police,Staffordshire Police,-2.129305,53.008711,On or near TILBROOK CLOSE,E01014229,Stoke-on-Trent 017F,Suspect charged
3f1fa961fbcdb2af952bbc6f4c1ed1301f81d13ca14e99234a314eb758efaa99,2019-12,Staffordshire Police,Staffordshire Police,-2.223843,53.032787,On or near PARK AVENUE,E01029610,Newcastle-under-Lyme 009D,Suspect charged
e90934a7de64772b3f14e5bc2aee41ca24fcee7218fe7e509a5e00721e0f5506,2019-12,Staffordshire Police,Staffordshire Police,-2.202064,52.986451,On or near WALTON ROAD,E01014343,Stoke-on-Trent 023D,Suspect charged
5410d9f83b7fbe4261aa8515903948ab88a17c7c6eec17b2bc06cddb3ca1c020,2019-12,Staffordshire Police,Staffordshire Police,-2.124046,52.999008,On or near BYWATER GROVE,E01014296,Stoke-on-Trent 022A,Suspect charged
7a33014fe518b043304dfa2520d255e35525cf7051c8ea4ceb8311ebb71e61ea,2019-12,Staffordshire Police,Staffordshire Police,-2.202064,52.986451,On or near WALTON ROAD,E01014343,Stoke-on-Trent 023D,Suspect charged
e0ebc622d88dd3cce78f82576b12d17dcb324e947ed70ae68667dc367304fc42,2019-12,Staffordshire Police,Staffordshire Police,-2.209579,53.110937,On or near CHURCH LANE,E01029582,Newcastle-under-Lyme 001D,Suspect charged
566bd83b74475ebb955afd04d92a71134f21c5ef10307f04d4b84be2758ec58a,2019-12,Staffordshire Police,Staffordshire Police,-2.180722,53.030128,On or near YORK STREET,E01014256,Stoke-on-Trent 011D,Suspect charged
f8acd580f58b79d2c13c4b296c0651e142da426e518ec9ba2c9b10ac3c453b8a,2019-12,Staffordshire Police,Staffordshire Police,-2.182678,53.051753,On or near MARSH AVENUE,E01014245,Stoke-on-Trent 006E,Suspect charged
cc92781d37737f97dee28d3a61878d032bb8dc31c2724f63223d676afc88dde9,2019-12,Staffordshire Police,Staffordshire Police,-2.182975,53.069200,On or near SUTTON PLACE,E01014261,Stoke-on-Trent 003A,Suspect charged
a2c995e221345d61bfabc5bd6744cb14086b1217c108f137f9f675a3d1787f59,2019-12,Staffordshire Police,Staffordshire Police,-2.119200,53.008308,On or near SPALDING PLACE,E01014223,Stoke-on-Trent 017D,Suspect charged
98a69ce2d0b949e9bb638de685c384b14edb7b84699ef9f265bbbb7f66738fd2,2019-12,Staffordshire Police,Staffordshire Police,-2.228409,53.010782,On or near Supermarket,E01029604,Newcastle-under-Lyme 011E,Suspect charged
792576d044c321cdb1ca7a015676077db66f98dcb94359831c83091ef777da7d,2019-12,Staffordshire Police,Staffordshire Police,-2.020820,53.093358,On or near BIRCHALL PARK AVENUE,E01029805,Staffordshire Moorlands 006C,Suspect charged
bcc0253af683760a2d3ca06cce8d28579ce32324d6872884c0e4eecc887f11f0,2019-12,Staffordshire Police,Staffordshire Police,-2.124046,52.999008,On or near BYWATER GROVE,E01014296,Stoke-on-Trent 022A,Suspect charged
8a540cb65bae2b6f0cbf422b09e9fd34dc533d1e5145123371c81a8380638378,2019-12,Staffordshire Police,Staffordshire Police,-2.124046,52.999008,On or near BYWATER GROVE,E01014296,Stoke-on-Trent 022A,Suspect charged
9dd7df8f227cdfe4524fdb2e2b75c910b20a7661ffc62331eb0b2714ab322a7b,2019-12,Staffordshire Police,Staffordshire Police,-2.124046,52.999008,On or near BYWATER GROVE,E01014296,Stoke-on-Trent 022A,Suspect charged
2f7b84f0a14a10ba8904a7bc5b2aed5941f3729a32e7bdc2c2fe622f7f086f04,2019-12,Staffordshire Police,Staffordshire Police,-2.190843,53.059543,On or near Supermarket,E01014243,Stoke-on-Trent 006C,Suspect charged
fa22a500186ed634cdd02fe887670071ec0884558072f4be0bac33b6ca7a0322,2019-12,Staffordshire Police,Staffordshire Police,-2.192630,52.995411,On or near MUNRO STREET,E01014338,Stoke-on-Trent 023A,Suspect charged
5aee425d222dc6719bc42bdf1e6620c1f4376cbb26e1ab7b791082d423ea0253,2019-12,Staffordshire Police,Staffordshire Police,-2.192630,52.995411,On or near MUNRO STREET,E01014338,Stoke-on-Trent 023A,Suspect charged
f2bf17f41eaf859e2b890b8873753bc11599cbcc3a92354bde562aeae487911b,2019-12,Staffordshire Police,Staffordshire Police,-2.190843,53.059543,On or near Supermarket,E01014243,Stoke-on-Trent 006C,Suspect charged
4265b86a38ac1b6b4aaeda8294ca97bf9df0f50cb3c146661649250ed3e4fc53,2019-12,Staffordshire Police,Staffordshire Police,-2.194767,53.046403,On or near JACKSON STREET,E01014247,Stoke-on-Trent 009A,Suspect charged
1a4bfb5dcf7591d902a909acae5bb20c44ea37f3b5b03b956f6bfce341554479,2019-12,Staffordshire Police,Staffordshire Police,-2.194767,53.046403,On or near JACKSON STREET,E01014247,Stoke-on-Trent 009A,Suspect charged
2a8dbb97676c2bb40a4519a22b2ec597c236de50bd364e4290d6d0f9667b6dc4,2019-12,Staffordshire Police,Staffordshire Police,-2.194767,53.046403,On or near JACKSON STREET,E01014247,Stoke-on-Trent 009A,Suspect charged
b6ba66a4da77bb8f3e59470649ed533c9ce474cebd9b2cba0c6c1c9a25daf00e,2019-12,Staffordshire Police,Staffordshire Police,-2.182463,53.018538,On or near WOOD TERRACE,E01014287,Stoke-on-Trent 015D,Suspect charged
21a6c5eddd406e7c42d346d9f7c2eb9ae098a720b1a44f2747e4b22165e2d44e,2019-12,Staffordshire Police,Staffordshire Police,-2.133655,52.983977,On or near FARMER STREET,E01014306,Stoke-on-Trent 029B,Suspect charged
38b91fa9309f7c7f2749d5597491387bb2706a6fd9d28851d931d5018049b4e8,2019-12,Staffordshire Police,Staffordshire Police,-2.106851,52.968705,On or near SANDON OLD ROAD,E01014319,Stoke-on-Trent 033C,Suspect charged
425ecf8f10661782b95c82712de4aadca84792bfb6a1b03b06dae2ec64c433bc,2019-12,Staffordshire Police,Staffordshire Police,-2.106851,52.968705,On or near SANDON OLD ROAD,E01014319,Stoke-on-Trent 033C,Suspect charged
6925fb8bb79ef92432d00c1fdf272e6d2debb1e2be1b9cb22311131437600076,2019-12,Staffordshire Police,Staffordshire Police,-2.106851,52.968705,On or near SANDON OLD ROAD,E01014319,Stoke-on-Trent 033C,Suspect charged
0afa7172b0c983725bb431f875f16caf9afe1e4eae4c1bf5dc5d62c0576132eb,2019-12,Staffordshire Police,Staffordshire Police,-2.106851,52.968705,On or near SANDON OLD ROAD,E01014319,Stoke-on-Trent 033C,Suspect charged
b85c33f9a2a1db1b707f6127bd4d76c3c3941068c067f550ae3d6c8de07ba701,2019-12,Staffordshire Police,Staffordshire Police,-2.205246,52.991435,On or near ALLENBY SQUARE,E01014342,Stoke-on-Trent 023C,Suspect charged
b414025bca1782ccbec85a675ab03e1e974acc38af85ebf66059319bf03ad329,2019-12,Staffordshire Police,Staffordshire Police,-2.204242,53.037515,On or near MALKIN WAY,E01014255,Stoke-on-Trent 009E,Suspect charged
1db8d9d61b351b9eca0c2186adbf86c0d7bdd6e7e20156f42e1eb72dfaa51b1c,2019-12,Staffordshire Police,Staffordshire Police,-2.100488,52.979291,On or near PENFLEET AVENUE,E01014368,Stoke-on-Trent 028D,Suspect charged
8cd0f4472a864633522f630dc6bc500268efc690851c4fe1c1981856fd56e8cb,2019-12,Staffordshire Police,Staffordshire Police,-2.209408,53.001846,On or near GRINDLEY HILL COURT,E01014294,Stoke-on-Trent 018F,Suspect charged
905a91542f39de14c7045ba7f2040ed5ee2c94193dc6c82b49693dcd3091a2e0,2019-12,Staffordshire Police,Staffordshire Police,-2.132705,53.019036,On or near LEICESTER PLACE,E01014221,Stoke-on-Trent 017B,Suspect charged
171bd52f1352b24c9af3d5bc9a0fb4794ed93f0dbb7cbd59c7b8789956250c78,2019-12,Staffordshire Police,Staffordshire Police,-2.190843,53.059543,On or near Supermarket,E01014243,Stoke-on-Trent 006C,Suspect charged
2033e25d2a988c1c1490896b05802f57bf0a091acd7a8a8a808571b93a75d5f1,2019-12,Staffordshire Police,Staffordshire Police,-1.870836,53.183593,On or near Sports/Recreation Area,E01029817,Staffordshire Moorlands 007C,Suspect charged
aae5e29005fa3ea6a03c22a4d178be1f71aa39eaa062e64af61618e399862eec,2019-12,Staffordshire Police,Staffordshire Police,-2.174846,53.022424,On or near Parking Area,E01014287,Stoke-on-Trent 015D,Suspect charged
e360ca7ed0c65d3f8dc780fa7a3fd6e982039d0c614ec901041882e78ef799b2,2019-12,Staffordshire Police,Staffordshire Police,-2.207799,53.008240,On or near ASHLANDS AVENUE,E01014290,Stoke-on-Trent 018C,Suspect charged
434ec6de9190be5554596d888623400b2cbc58656d6043ec1983f248dabd4ce8,2019-12,Staffordshire Police,Staffordshire Police,-2.089517,53.024910,On or near HILL VILLAGE ROAD,E01029780,Staffordshire Moorlands 009B,Suspect charged
871897c0206fd968808cc9490d133d78fe2987d1a27a678cdd31c54da2168a13,2019-12,Staffordshire Police,Staffordshire Police,-2.089517,53.024910,On or near HILL VILLAGE ROAD,E01029780,Staffordshire Moorlands 009B,Suspect charged
87abd664dddf3aae04bc53ddead8d412134deb8a83676a8d1c36c67d877ae9b7,2019-12,Staffordshire Police,Staffordshire Police,-2.212819,53.062067,On or near MADISON COURT,E01014361,Stoke-on-Trent 005D,Suspect charged
fd9c865ea1701c81307dd26184a59ed877023cc1ebcafe787acf79565c60ab9d,2019-12,Staffordshire Police,Staffordshire Police,-2.087445,52.973296,On or near UTTOXETER ROAD,E01029702,Stafford 001A,Suspect charged
5fa34d103cc3582855ab332c2c1339fcba362a969f4af5b91a7f5b62bd33271b,2019-12,Staffordshire Police,Staffordshire Police,-2.171871,52.967981,On or near LORDSWOOD ROAD,E01014236,Stoke-on-Trent 032B,Suspect charged
c07af77bc589d6d5af2cd9f11d9c22f296a16441d6545ffefb6f04157b1c8535,2019-12,Staffordshire Police,Staffordshire Police,-2.189294,53.039760,On or near WARBURTON STREET,E01014249,Stoke-on-Trent 011A,Suspect charged
ffefbe622a5c28abbc768c816a4b4685c65d6991a4059fc3d86ed8b912e503b3,2019-12,Staffordshire Police,Staffordshire Police,-2.234281,53.040938,On or near Supermarket,E01029538,Newcastle-under-Lyme 006B,Suspect charged
07e38a269f207036b422025d5dffe447e8ed8f8ab1bfda4e48ff9fa6c91b0a37,2019-12,Staffordshire Police,Staffordshire Police,-2.194767,53.046403,On or near JACKSON STREET,E01014247,Stoke-on-Trent 009A,Suspect charged
a085a2693ecc7c71dc168c8f762120619b33a16f9b92423eee32f0dc796fc983,2019-12,Staffordshire Police,Staffordshire Police,-2.247367,53.083574,On or near FIRST AVENUE,E01029543,Newcastle-under-Lyme 003D,Suspect charged
703fa8ef4fb00b5004449c3862ed8c584522698502856b275cf78c5af7caf358,2019-12,Staffordshire Police,Staffordshire Police,-2.246844,53.086110,On or near THIRD AVENUE,E01029543,Newcastle-under-Lyme 003D,Suspect charged
6c44c877912b52dc392b6f75d36c9f28808b01e7e7c3bb418ddf0078e167fff8,2019-12,Staffordshire Police,Staffordshire Police,-2.173728,53.022543,On or near Parking Area,E01014287,Stoke-on-Trent 015D,Suspect charged
61d745bd0508d957651831ed67bc998defd9fa13c2369410a042223022f06757,2019-12,Staffordshire Police,Staffordshire Police,-2.126284,53.010036,On or near HOUSEFIELD ROAD,E01014224,Stoke-on-Trent 017E,Suspect charged
d4c4a6ded64575c2f4d904760dbec2643c58cfda4153ae293fad438a03df481d,2019-12,Staffordshire Police,Staffordshire Police,-2.212819,53.062067,On or near MADISON COURT,E01014361,Stoke-on-Trent 005D,Suspect charged
535e522652bb95cefe040c3720bb36ae5dd02047357b28e82bb189b7a66e1851,2019-12,Staffordshire Police,Staffordshire Police,-2.142705,53.018233,On or near ASHFIELD SQUARE,E01014226,Stoke-on-Trent 014D,Suspect charged
97d227d974a91e7c5076e526c073f474e033fda5f593477d852dc44f3f57a247,2019-12,Staffordshire Police,Staffordshire Police,-2.204242,53.037515,On or near MALKIN WAY,E01014255,Stoke-on-Trent 009E,Suspect charged
0b7592c154b2db557b7f91e2493c86484699d115056b29c47e55e46069e51da1,2019-12,Staffordshire Police,Staffordshire Police,-2.183647,53.041135,On or near SANDBACH ROAD,E01014249,Stoke-on-Trent 011A,Suspect charged
296deaec50e922655351b5739da3ba6a6e658c05a8550a05012eb6989a9640b2,2019-12,Staffordshire Police,Staffordshire Police,-2.176542,53.116366,On or near SOUTH VIEW,E01029774,Staffordshire Moorlands 003E,Suspect charged
354083b54ddc6c316b68f094173839c2a3403d0348a024207a54d4e89f686803,2019-12,Staffordshire Police,Staffordshire Police,-2.163304,53.029398,On or near KEELINGS ROAD,E01014329,Stoke-on-Trent 013D,Suspect charged
87f919f7ee594bb71eaeaccc4bfa236db0e1c268b9662cc4b8684f2622ed39ec,2019-12,Staffordshire Police,Staffordshire Police,-2.167994,53.062094,On or near MALLORIE ROAD,E01014336,Stoke-on-Trent 004D,Suspect charged
425f52d8313f3ada7d01388eba18c6cb5d3ca8bba54614bc2a6657032d26f0bc,2019-12,Staffordshire Police,Staffordshire Police,-2.204242,53.037515,On or near MALKIN WAY,E01014255,Stoke-on-Trent 009E,Suspect charged
82fa70b1fe21c794f226eae1d18dd6615644bfc48dad275d5fa778419feb3c40,2019-12,Staffordshire Police,Staffordshire Police,-2.185681,52.997391,On or near SPODE STREET,E01014340,Stoke-on-Trent 019D,Suspect charged
4cb4b93b9052ac8e3ec276fc53a0a14aa84eacaca4991f2f8e8acbc1382ad735,2019-12,Staffordshire Police,Staffordshire Police,-2.178443,53.027102,On or near NEW HALL STREET,E01014287,Stoke-on-Trent 015D,Suspect charged
368eaf3024f9fd1f26371a1f6b80690c965ba2002601060072074b4aca1b6c3f,2019-12,Staffordshire Police,Staffordshire Police,,,No location,,,Suspect charged
72e23b51cd69284c17dcd820a5c1dd8f4ffb748913c5cbeed10f90c6114daa14,2019-12,Staffordshire Police,Staffordshire Police,-2.194767,53.046403,On or near JACKSON STREET,E01014247,Stoke-on-Trent 009A,Suspect charged
59f1f79b418873d3aff8ed4ee3b214621eb374725f2f933c8d98e5cbdfe9ab2a,2019-12,Staffordshire Police,Staffordshire Police,-2.203540,53.008886,On or near HULME STREET,E01014290,Stoke-on-Trent 018C,Suspect charged
23531fd1ded0fd9a6bef47aa43d3be8a1d5fd30db96c085155cfbc44f676f114,2019-12,Staffordshire Police,Staffordshire Police,-2.185681,52.997391,On or near SPODE STREET,E01014340,Stoke-on-Trent 019D,Suspect charged
1f3218056f7855855214055ffd3364999b45831930eae268afdc051db8a18101,2019-12,Staffordshire Police,Staffordshire Police,-2.231205,53.023604,On or near REEVES AVENUE,E01029552,Newcastle-under-Lyme 006D,Suspect charged
3a5cc658964d1baa3b364556add42914366a3afcfa96e197422c8ae780291da8,2019-12,Staffordshire Police,Staffordshire Police,-2.137863,52.990876,On or near KING STREET,E01014302,Stoke-on-Trent 022D,Suspect charged
d28adc2518da2a075de7475b95ba8000bc993a82924f669afe3b8776d4aeaac9,2019-12,Staffordshire Police,Staffordshire Police,-2.129765,52.993096,On or near HEBER STREET,E01014300,Stoke-on-Trent 022C,Suspect charged
ea72c2cbf4634d0f9a326134197e8f1aad833f1fa167c5bb0c8e6a43b15dfb40,2019-12,Staffordshire Police,Staffordshire Police,-2.207083,53.060954,On or near STANLEY STREET,E01014355,Stoke-on-Trent 005B,Suspect charged
16d34be60b202fb445f83dd3dd1ad4a7c33e5ed03f55bb65abdbdeb11074ea69,2019-12,Staffordshire Police,Staffordshire Police,-2.207083,53.060954,On or near STANLEY STREET,E01014355,Stoke-on-Trent 005B,Suspect charged
e4645d104dde1b41eecbf653ab0ed674e7e94fef1c1437a337d6d9a40053898e,2019-12,Staffordshire Police,Staffordshire Police,-2.234281,53.040938,On or near Supermarket,E01029538,Newcastle-under-Lyme 006B,Suspect charged
e4645d104dde1b41eecbf653ab0ed674e7e94fef1c1437a337d6d9a40053898e,2019-12,Staffordshire Police,Staffordshire Police,-2.234281,53.040938,On or near Supermarket,E01029538,Newcastle-under-Lyme 006B,Suspect charged
aa4c417a8b68e0a1e7d099786dcbcc61e9a565594576906f771e66d071f4b722,2019-12,Staffordshire Police,Staffordshire Police,-2.231892,53.048746,On or near PRIAM CLOSE,E01029536,Newcastle-under-Lyme 004A,Suspect charged
a15e73cc260fd7a65a9a3a16e5f1fb4dcfbe754d1cdcaade1cdd1cace88be203,2019-12,Staffordshire Police,Staffordshire Police,-2.192256,53.058731,On or near NORTON AVENUE,E01014243,Stoke-on-Trent 006C,Suspect charged
69e5c5964449c7eec7d55acbba3e2702d43783bc41da82a95239323d8b1d5c1d,2019-12,Staffordshire Police,Staffordshire Police,,,No location,,,Suspect charged
328a659405613f176c7df0de23d47e7f799d5486134b73ac73ca1295391ce846,2019-12,Staffordshire Police,Staffordshire Police,-2.185474,53.028934,On or near CENTURY STREET,E01014254,Stoke-on-Trent 011C,Suspect charged
2540d025ca57a162a5cc01f225bf51678108836f6fc75e5ae51399d0626602f3,2019-12,Staffordshire Police,Staffordshire Police,-2.127687,52.995499,On or near CLEWLOW PLACE,E01014300,Stoke-on-Trent 022C,Suspect charged
cc2ccf6cc15a59f343c8e9ba5942ff68947b0cac656e4af6054c5655295c4dd1,2019-12,Staffordshire Police,Staffordshire Police,-2.234281,53.040938,On or near Supermarket,E01029538,Newcastle-under-Lyme 006B,Suspect charged
d16e1a63d9da3c8f0fa5c4e94bc5088407b2c1afec8a5de156761c2e52a5ecbf,2019-12,Staffordshire Police,Staffordshire Police,,,No location,,,Suspect charged
d527b54fda1386ae8acccd448266a14a3dec057ff6f020ea1e948844d53cd3ee,2019-12,Staffordshire Police,Staffordshire Police,-2.214846,53.028651,On or near BARBER'S SQUARE,E01029611,Newcastle-under-Lyme 008E,Suspect charged
a462f10621f22cd45d9bb3aaadeb56e7495c9fd175e3e5ec98ef39cfcfd2ebb1,2019-12,Staffordshire Police,Staffordshire Police,-2.234281,53.040938,On or near Supermarket,E01029538,Newcastle-under-Lyme 006B,Suspect charged
e5bb0cce953e35463c6cc87bcf1e392a3fa4e17734a92af3c04f7cd0c6b1073a,2019-12,Staffordshire Police,Staffordshire Police,,,No location,,,Suspect charged
e5bb0cce953e35463c6cc87bcf1e392a3fa4e17734a92af3c04f7cd0c6b1073a,2019-12,Staffordshire Police,Staffordshire Police,,,No location,,,Suspect charged
1bed13ae167467604cae1f312a3a642900b3f4482a2bc916363e1350c61a15b9,2019-12,Staffordshire Police,Staffordshire Police,-2.136869,52.987506,On or near THE STRAND,E01014302,Stoke-on-Trent 022D,Suspect charged
85c01660f17972d72e1453e7a62096928fc580c50fc588fdd38838c30e6c3043,2019-12,Staffordshire Police,Staffordshire Police,-2.098289,52.981387,On or near WESTWOOD ROAD,E01014367,Stoke-on-Trent 028C,Suspect charged
abff8a1dbd6a74e5fc49770e9b203f4fdd88062cf2aa5fb9d73016b73c5ad540,2019-12,Staffordshire Police,Staffordshire Police,-2.098289,52.981387,On or near WESTWOOD ROAD,E01014367,Stoke-on-Trent 028C,Suspect charged
568a3dc7649e04cb9406f00840442ce5206ef3813bda829ccc71dd61a7e037b8,2019-12,Staffordshire Police,Staffordshire Police,-2.197772,53.041427,On or near PLEASANT STREET,E01014251,Stoke-on-Trent 009C,Suspect charged
3a5d789d456b34bed210b88e31fe619f686d11b8b927fcc22e7ac0de9f4fcca8,2019-12,Staffordshire Police,Staffordshire Police,,,No location,,,Suspect charged
5d17f2020f0c5043b224aa8c5e214fbc2c590746a4e0d81969d4926afe89e0f6,2019-12,Staffordshire Police,Staffordshire Police,-2.233527,53.036697,On or near OAKDENE AVENUE,E01029539,Newcastle-under-Lyme 006C,Suspect charged
21d1dd7bde1240c53814bf0d5af3ffd7b740a9be297e06126a80f2c919505243,2019-12,Staffordshire Police,Staffordshire Police,-2.029295,53.018540,On or near LEEK ROAD,E01029786,Staffordshire Moorlands 011C,Suspect charged
6baa9c5b72f76b5412625657e09ac7a6d1a31a6770a84eafcaac41c7727a9195,2019-12,Staffordshire Police,Staffordshire Police,-2.180343,53.032025,On or near WHITEHAVEN DRIVE,E01014256,Stoke-on-Trent 011D,Suspect charged
d6b8d077fc3fb6a94769fa690b7792391931461a0893d506b66944a6395f1fa7,2019-12,Staffordshire Police,Staffordshire Police,-2.089517,53.024910,On or near HILL VILLAGE ROAD,E01029780,Staffordshire Moorlands 009B,Suspect charged
2dcaeb9193ffa6ac45cd7b3b5036faa95a341392ebfea7053222e8e0455d2a6b,2019-12,Staffordshire Police,Staffordshire Police,-2.188647,53.038575,On or near RUSHTON GROVE,E01014249,Stoke-on-Trent 011A,Suspect charged
069d912583278dea8502c7d58e08b9cb3c27637c28a2324ae176df6f19e4323a,2019-12,Staffordshire Police,Staffordshire Police,-2.145325,52.994921,On or near BERDMORE STREET,E01014273,Stoke-on-Trent 021A,Suspect charged
b248e89071a65f652ff5b82c7f79c69d0d1666f6d593b93835c67641d41ec0ad,2019-12,Staffordshire Police,Staffordshire Police,-2.174869,53.024330,On or near ALBION SQUARE,E01014287,Stoke-on-Trent 015D,Suspect charged
0a0e6629ff9e2ba052fe4ee51b61b078cd85de875733495e78bae38f8d42a0a4,2019-12,Staffordshire Police,Staffordshire Police,-2.174962,53.025229,On or near PERCY STREET,E01014287,Stoke-on-Trent 015D,Suspect charged
a06a72be1ff94a6f8dbc2ad13167f37eec1d79b0d95782c5d588d06f9e2211b7,2019-12,Staffordshire Police,Staffordshire Police,-2.201128,53.025277,On or near FORGE LANE,E01014285,Stoke-on-Trent 015B,Suspect charged
e2f6ab2b51e6c031d064b1830787aa44018d1858dbe7fe154c5722d5021e0708,2019-12,Staffordshire Police,Staffordshire Police,-2.174869,53.024330,On or near ALBION SQUARE,E01014287,Stoke-on-Trent 015D,Suspect charged
93860d175269091006b9955e24fd3c3413683b0c444ffa1f827bdf1614dcabd4,2019-12,Staffordshire Police,Staffordshire Police,-2.134232,52.987473,On or near Bus/Coach Station,E01014302,Stoke-on-Trent 022D,Suspect charged
9e488734331bea085c71e5e48ec713bfcee5e2807467e6b78ad8d9d30f834d95,2019-12,Staffordshire Police,Staffordshire Police,-2.215249,53.034682,On or near WESTWOOD ROAD,E01029609,Newcastle-under-Lyme 008D,Suspect charged
50da218deddb8df961d2bcad170a6e4cbab5b79191263fe2c1e74e551dce60fe,2019-12,Staffordshire Police,Staffordshire Police,-2.199160,53.044697,On or near ST JOHN'S SQUARE,E01014251,Stoke-on-Trent 009C,Suspect charged
36a25be16be77ab1ecc00e9aa186202e2a051a35522fc5bd8c1bf75fc7e5d998,2019-12,Staffordshire Police,Staffordshire Police,-2.137054,52.989681,On or near MOULTON ROAD,E01014302,Stoke-on-Trent 022D,Suspect charged
9bc61aaf12c80b7d38910c297a22510ab08960a2adef671d5a81e226f1e9868e,2019-12,Staffordshire Police,Staffordshire Police,-2.098739,53.022125,On or near Parking Area,E01029818,Staffordshire Moorlands 009D,Suspect charged
0bab2d525e341080d6d3cb9772b60a485cea149ba5405d15ea54dc83aa784140,2019-12,Staffordshire Police,Staffordshire Police,-2.209280,53.003150,On or near HILTON ROAD,E01014294,Stoke-on-Trent 018F,Suspect charged
9fabd009c59197083f475fb4babec152e2027056441ebe74bfdf1957ad5dbb12,2019-12,Staffordshire Police,Staffordshire Police,-2.155514,52.973667,On or near FALLOW FIELD,E01014235,Stoke-on-Trent 032A,Suspect charged
842909854c1d2e7a687ab681ec72a2522e86f520b669ee5e0ff7962f8589be23,2019-12,Staffordshire Police,Staffordshire Police,,,No location,,,Suspect charged
802ec34dd1a904e1d29eb65b5475ac0b8bbeccb6fa8e1bdf87d7791a81afcb4f,2019-12,Staffordshire Police,Staffordshire Police,-2.244803,53.089512,On or near Supermarket,E01029564,Newcastle-under-Lyme 002C,Suspect charged
86da71f777a7fbbd5f61074dbd76a9125df1217d4f7a47ce06f294d37870d759,2019-12,Staffordshire Police,Staffordshire Police,-2.039800,53.109731,On or near Sports/Recreation Area,E01029814,Staffordshire Moorlands 005E,Suspect charged
087c8cbc4ebd91916f1852ab969c8fdf97f2932687814f1b18da2d7bda4b824d,2019-12,Staffordshire Police,Staffordshire Police,-2.132322,52.986379,On or near CHADWICK STREET,E01014302,Stoke-on-Trent 022D,Suspect charged
c510a02384603cac889ac2c6371028361e289f86b05ed29f7520d4a0bc2b6d90,2019-12,Staffordshire Police,Staffordshire Police,,,No location,,,Suspect charged
10b592aba947413331e17f588e8e7e8f050c5c94e55b044eff0390b27f37a1ba,2019-12,Staffordshire Police,Staffordshire Police,-2.196170,52.990776,On or near NEVILLE STREET,E01014343,Stoke-on-Trent 023D,Suspect charged
542d42561c564ff3813b05a65c29db565fccac6c77b9c11d3fc7263d5087e189,2019-12,Staffordshire Police,Staffordshire Police,-2.196170,52.990776,On or near NEVILLE STREET,E01014343,Stoke-on-Trent 023D,Suspect charged
26107013d2e62e61174ccbefa7cb224ddfa53876d0d696eaa75e111ecf3064ce,2019-12,Staffordshire Police,Staffordshire Police,-2.174928,53.016842,On or near THE PARKWAY,E01014287,Stoke-on-Trent 015D,Suspect charged
ba5fe9291c78e511479c30bb5ccb0cbf2ffabfe3c40355a1ba0661f9188f0edd,2019-12,Staffordshire Police,Staffordshire Police,-2.174396,53.025418,On or near Shopping Area,E01014287,Stoke-on-Trent 015D,Suspect charged
2a4157ccc075d242e98d13e533d2249988d08680f8533ee2ea5e4b85f732617c,2019-12,Staffordshire Police,Staffordshire Police,-2.174962,53.025229,On or near PERCY STREET,E01014287,Stoke-on-Trent 015D,Suspect charged
bb22143c6766f65d1065b389f3b4c9fffdd1f5e7bc2cd3f931639014489b6b87,2019-12,Staffordshire Police,Staffordshire Police,-2.210879,53.028550,On or near Shopping Area,E01029611,Newcastle-under-Lyme 008E,Suspect charged
c0519d161d435235aaa53424809af6cbba3f189e8712ef67df12de889fc7f8c3,2019-12,Staffordshire Police,Staffordshire Police,-2.136943,53.053136,On or near FIELD AVENUE,E01014216,Stoke-on-Trent 007C,Suspect charged
a10c755b9b8609b34477344d46930d655ae3ae8459c2f9ca5a6530d0c11215b3,2019-12,Staffordshire Police,Staffordshire Police,-2.176159,53.026395,On or near Shopping Area,E01014287,Stoke-on-Trent 015D,Suspect charged
a1e53f74283e4522bbf86800ca69b1cd4be2e1edc3ffbaa8eba12fb823e98de6,2019-12,Staffordshire Police,Staffordshire Police,-2.224496,53.006349,On or near LYME VALLEY ROAD,E01029602,Newcastle-under-Lyme 011C,Suspect charged
e509a5c8cd80fcfecb8906b1b171410930bce0111e29df5232b3c8221deb4035,2019-12,Staffordshire Police,Staffordshire Police,-2.095636,52.966997,On or near CONSTABLE CLOSE,E01014318,Stoke-on-Trent 033B,Suspect charged
cc5532af72250f92cee60415dd31f90985bc24f952f241dfe573b4c474227daa,2019-12,Staffordshire Police,Staffordshire Police,-2.142940,53.026188,On or near CENTRAL AVENUE,E01014219,Stoke-on-Trent 014B,Suspect charged
03cd26babbea5a67bbf563e515f0a7a78ad578fed5d1b7884c2adf0e6eabdc74,2019-12,Staffordshire Police,Staffordshire Police,-2.101876,52.986795,On or near COYNEY GROVE,E01014365,Stoke-on-Trent 024C,Suspect charged
9cdd960bf74d5f41df2f6906fe5d0df4cae798fd1a7dd591e9f6f83e70f99835,2019-12,Staffordshire Police,Staffordshire Police,-2.155372,52.971564,On or near RIPON ROAD,E01014235,Stoke-on-Trent 032A,Suspect charged
ddf538b6432aacfcdf60db5d3a91215baadffb0040ff24275ac0bdf6a4271ee9,2019-12,Staffordshire Police,Staffordshire Police,-2.140196,53.030354,On or near WALLIS PLACE,E01014213,Stoke-on-Trent 012D,Suspect charged
63ff6a192f2e3ce6b9fca2bc12665ea5ee6d508bade8881b9bf53e052ec67011,2019-12,Staffordshire Police,Staffordshire Police,-2.128143,53.018933,On or near RUTHIN ROAD,E01014220,Stoke-on-Trent 017A,Suspect charged
208d01720fc3ea813266777901a8b1604236c7a8bec1371ff778f083327d6283,2019-12,Staffordshire Police,Staffordshire Police,,,No location,,,Suspect charged
f866621de5191c4157269a7ad1ba9b19de9e439dc09db78861740c492c1b020e,2019-12,Staffordshire Police,Staffordshire Police,-2.146078,53.023910,On or near WINSTON PLACE,E01014219,Stoke-on-Trent 014B,Suspect charged
c824369af3e8fe19b933f36cbc96debb631b2fbb53655221197c7548a0e65bf7,2019-12,Staffordshire Police,Staffordshire Police,-2.186063,53.003089,On or near LONDON ROAD,E01014345,Stoke-on-Trent 019E,Suspect charged
0a09d7aff0bb5056c5c6f700378517bb549a9772137bb62bc462ca3f3888f5a7,2019-12,Staffordshire Police,Staffordshire Police,-2.209998,53.061973,On or near MEIR STREET,E01014355,Stoke-on-Trent 005B,Suspect charged
b817e276791fd09b43fdceaf7fd2f6c2f3ee8b0c3f5a4d6760e20852fe71d9ed,2019-12,Staffordshire Police,Staffordshire Police,-2.192901,53.056132,On or near CROSSLEY ROAD,E01014244,Stoke-on-Trent 006D,Suspect charged
52f9171496eb7ea919055d77a7656473e94cce3a7f7fe20b3414dfce61e2fab3,2019-12,Staffordshire Police,Staffordshire Police,-2.301737,53.053344,On or near Supermarket,E01029532,Newcastle-under-Lyme 005A,Suspect charged
2b78f9081a38091b74cc758d6558107aa2db901a2729e6166793c9dce32e7a2d,2019-12,Staffordshire Police,Staffordshire Police,-2.197645,53.049473,On or near CAULTON STREET,E01014247,Stoke-on-Trent 009A,Suspect charged
99e4d056f3d3995be49bc0730a0f8734cf76ca918ee099647775a6c831df8bb3,2019-12,Staffordshire Police,Staffordshire Police,-2.118027,52.987994,On or near WINTERBOURNE GROVE,E01014303,Stoke-on-Trent 025C,Suspect charged
06305d7968ece95bae91c3fba5b55ce98b6568e8c985365b95c2e8edefd74fe8,2019-12,Staffordshire Police,Staffordshire Police,-2.149496,53.020571,On or near TRENTWAY CLOSE,E01014230,Stoke-on-Trent 014F,Suspect charged
d7c9531ba2a613d6f42226869a49a6b5243262044d8e27c91b4489661c9667c6,2019-12,Staffordshire Police,Staffordshire Police,,,No location,,,Suspect charged
63ba2355a56efa4651b330e377ae764264d3255a4fe4c5e4940f728b3ffbf1e0,2019-12,Staffordshire Police,Staffordshire Police,-2.201128,53.025277,On or near FORGE LANE,E01014285,Stoke-on-Trent 015B,Suspect charged
d8ad2d868e5add8e9b31f38a844104b651a821e8605605985b4eaa24491c93c5,2019-12,Staffordshire Police,Staffordshire Police,,,No location,,,Suspect charged
fabee4c0a334a21956a758f3bd0b104f603cc46bbd4c41ceea8e8181ea93ff0d,2019-12,Staffordshire Police,Staffordshire Police,,,No location,,,Suspect charged
f1057c49947cafb8d8744d0ad94a69937864d4ecfae1782df082208d6a7eb9d7,2019-12,Staffordshire Police,Staffordshire Police,,,No location,,,Suspect charged
966392a1bdb59f18f49d7ac18f1d0fd7b8e550ace99392b9190d07254dbd9490,2019-12,Staffordshire Police,Staffordshire Police,,,No location,,,Suspect charged
02d6b95311252ea81a6ca1afd116bbabfa971f161611962e019c8b47f469e359,2019-12,Staffordshire Police,Staffordshire Police,-2.192404,53.028195,On or near RIDGEHOUSE DRIVE,E01014285,Stoke-on-Trent 015B,Suspect charged
bcf377d3146a3d09737f02c7a12ab39990c2e24f39a6b4feba0938c48210b0a9,2019-12,Staffordshire Police,Staffordshire Police,-2.099202,52.989791,On or near NEW KINGSWAY,E01014365,Stoke-on-Trent 024C,Suspect charged
db0f396ff387038b6b67904416c0e2a86c625f87d7b42d8184169bffa46446d2,2019-12,Staffordshire Police,Staffordshire Police,-2.178593,53.066915,On or near BENTLEY ROAD,E01014263,Stoke-on-Trent 003C,Suspect charged
88ee8d890a8679299e3e438c44e7ed417c8a17e8579fd857111a63cd8aa0ef05,2019-12,Staffordshire Police,Staffordshire Police,-2.235314,53.014373,On or near KNUTTON LANE,E01029604,Newcastle-under-Lyme 011E,Suspect charged
88ee8d890a8679299e3e438c44e7ed417c8a17e8579fd857111a63cd8aa0ef05,2019-12,Staffordshire Police,Staffordshire Police,-2.235314,53.014373,On or near KNUTTON LANE,E01029604,Newcastle-under-Lyme 011E,Suspect charged
88ee8d890a8679299e3e438c44e7ed417c8a17e8579fd857111a63cd8aa0ef05,2019-12,Staffordshire Police,Staffordshire Police,-2.235314,53.014373,On or near KNUTTON LANE,E01029604,Newcastle-under-Lyme 011E,Suspect charged
ec2acc63fe9d31d0a82b4d1809f4086611316686d8e088dc7324ed62b0ff5877,2019-12,Staffordshire Police,Staffordshire Police,-2.244218,53.086385,On or near Parking Area,E01029588,Newcastle-under-Lyme 002D,Suspect charged
ec2acc63fe9d31d0a82b4d1809f4086611316686d8e088dc7324ed62b0ff5877,2019-12,Staffordshire Police,Staffordshire Police,-2.244218,53.086385,On or near Parking Area,E01029588,Newcastle-under-Lyme 002D,Suspect charged
ec2acc63fe9d31d0a82b4d1809f4086611316686d8e088dc7324ed62b0ff5877,2019-12,Staffordshire Police,Staffordshire Police,-2.244218,53.086385,On or near Parking Area,E01029588,Newcastle-under-Lyme 002D,Suspect charged
6cd2875b7fe67a349f69c83b23e4b49bee8c0460e328384b8cb368776407d99e,2019-12,Staffordshire Police,Staffordshire Police,-2.247367,53.083574,On or near FIRST AVENUE,E01029543,Newcastle-under-Lyme 003D,Suspect charged
6cd2875b7fe67a349f69c83b23e4b49bee8c0460e328384b8cb368776407d99e,2019-12,Staffordshire Police,Staffordshire Police,-2.247367,53.083574,On or near FIRST AVENUE,E01029543,Newcastle-under-Lyme 003D,Suspect charged
6cd2875b7fe67a349f69c83b23e4b49bee8c0460e328384b8cb368776407d99e,2019-12,Staffordshire Police,Staffordshire Police,-2.247367,53.083574,On or near FIRST AVENUE,E01029543,Newcastle-under-Lyme 003D,Suspect charged
6cd2875b7fe67a349f69c83b23e4b49bee8c0460e328384b8cb368776407d99e,2019-12,Staffordshire Police,Staffordshire Police,-2.247367,53.083574,On or near FIRST AVENUE,E01029543,Newcastle-under-Lyme 003D,Suspect charged
6cd2875b7fe67a349f69c83b23e4b49bee8c0460e328384b8cb368776407d99e,2019-12,Staffordshire Police,Staffordshire Police,-2.247367,53.083574,On or near FIRST AVENUE,E01029543,Newcastle-under-Lyme 003D,Suspect charged
f528e9d54d084e45d2178d530a4d611f8340d25ec4b78efd7d8addbc388c82e6,2019-12,Staffordshire Police,Staffordshire Police,-2.258936,53.080898,On or near FOX GARDENS,E01029540,Newcastle-under-Lyme 003A,Suspect charged
f528e9d54d084e45d2178d530a4d611f8340d25ec4b78efd7d8addbc388c82e6,2019-12,Staffordshire Police,Staffordshire Police,-2.258936,53.080898,On or near FOX GARDENS,E01029540,Newcastle-under-Lyme 003A,Suspect charged
f528e9d54d084e45d2178d530a4d611f8340d25ec4b78efd7d8addbc388c82e6,2019-12,Staffordshire Police,Staffordshire Police,-2.258936,53.080898,On or near FOX GARDENS,E01029540,Newcastle-under-Lyme 003A,Suspect charged
f528e9d54d084e45d2178d530a4d611f8340d25ec4b78efd7d8addbc388c82e6,2019-12,Staffordshire Police,Staffordshire Police,-2.258936,53.080898,On or near FOX GARDENS,E01029540,Newcastle-under-Lyme 003A,Suspect charged
f528e9d54d084e45d2178d530a4d611f8340d25ec4b78efd7d8addbc388c82e6,2019-12,Staffordshire Police,Staffordshire Police,-2.258936,53.080898,On or near FOX GARDENS,E01029540,Newcastle-under-Lyme 003A,Suspect charged
963a91d5046e20a6fc95ec1c456060c9268eac74f00a594dc09826e6af658d1a,2019-12,Staffordshire Police,Staffordshire Police,,,No location,,,Suspect charged
36c444f2dd694d46dfc514d885dd716c80cabda32751fe645d232b4f05cf2120,2019-12,Staffordshire Police,Staffordshire Police,-2.122954,52.997410,On or near ASHRIDGE GROVE,E01014301,Stoke-on-Trent 025B,Suspect charged
fdc3737a41e5e0979deb88fe7994104f9806605224b415068f86d74af65695b7,2019-12,Staffordshire Police,Staffordshire Police,,,No location,,,Suspect charged
404ab1ceb50d26cbfe37007bd571eccc2742d57f9a374fc5dc4098b7583f7d75,2019-12,Staffordshire Police,Staffordshire Police,-2.137960,52.988692,On or near Parking Area,E01014302,Stoke-on-Trent 022D,Suspect charged
bcea3c8a1fe3ac8fb177ec674c28987f24d31273c2800f2b5a05d1a9a3451aea,2019-12,Staffordshire Police,Staffordshire Police,,,No location,,,Suspect charged
606246b163dbd62e338bfbc6baa9b7511000591247b7fc246a07797c58274a31,2019-12,Staffordshire Police,Staffordshire Police,-2.193254,53.064905,On or near GOWAN AVENUE,E01014242,Stoke-on-Trent 006B,Suspect charged
028289e2d716877011ef2a0f7ad863ae87f976d88dd09e0897baec426485112c,2019-12,Staffordshire Police,Staffordshire Police,,,No location,,,Suspect charged
3a6e58c826cc6a0e9ddc87159fd254c1b1bf00b8b42bf07d52669b2b0f30d28d,2019-12,Staffordshire Police,Staffordshire Police,-2.134232,52.987473,On or near Bus/Coach Station,E01014302,Stoke-on-Trent 022D,Suspect charged
fff62f956d298754cd90aa58fc07af09f797b6c2b5b055624cc8053ab13a127a,2019-12,Staffordshire Police,Staffordshire Police,-2.134232,52.987473,On or near Bus/Coach Station,E01014302,Stoke-on-Trent 022D,Suspect charged
1bc958353f227f930f7681a34564640b325213e990b839076f45ce36f4b20523,2019-12,Staffordshire Police,Staffordshire Police,-2.186521,53.029840,On or near EASTBANK ROAD,E01014254,Stoke-on-Trent 011C,Suspect charged
5d92592f3d9e2f0b7598510981be52a5e42c9def059b05ae28eaf5e160183e7c,2019-12,Staffordshire Police,Staffordshire Police,-2.174869,53.024330,On or near ALBION SQUARE,E01014287,Stoke-on-Trent 015D,Suspect charged
21cc85fe7f7b81450e54def56d8c6cbd9df1015e531d91028305fbd398a4eb12,2019-12,Staffordshire Police,Staffordshire Police,-2.186521,53.029840,On or near EASTBANK ROAD,E01014254,Stoke-on-Trent 011C,Suspect charged
891028dc4be110cf5ddb7329563379dc9f08a2f9071aaf7359388e0815816a69,2019-12,Staffordshire Police,Staffordshire Police,-2.195856,53.006957,On or near WEST AVENUE,E01014292,Stoke-on-Trent 018E,Suspect charged
c1be9da7f7637104e9efa4985f74932045331e294989cb832a5e15de8a01ddef,2019-12,Staffordshire Police,Staffordshire Police,,,No location,,,Suspect charged
ca40f12020d37795b53912ea10d896693ff684bb51b239313fbf0c58eb3829b9,2019-12,Staffordshire Police,Staffordshire Police,-2.166780,53.026121,On or near ST ANN STREET,E01014328,Stoke-on-Trent 013C,Suspect charged
ee4ec887915135db1eee18cfcc3adb140d4317ba3ea7c70363c76896ce3cde00,2019-12,Staffordshire Police,Staffordshire Police,-2.202743,52.991376,On or near KEELINGS DRIVE,E01014342,Stoke-on-Trent 023C,Suspect charged
b234f623075ed61f8df9dff54b3cc36a778ad82dfada3c81b8fd863606cfc3e8,2019-12,Staffordshire Police,Staffordshire Police,-2.158477,53.042655,On or near FITZHERBERT ROAD,E01014269,Stoke-on-Trent 010A,Suspect charged
32bd17bdd12d9c546463b4ac671c5e8a0b84db83e7150e2755f15ab9fe846117,2019-12,Staffordshire Police,Staffordshire Police,-2.194976,53.043176,On or near BAPTIST STREET,E01014251,Stoke-on-Trent 009C,Suspect charged
8f5245acbff5da5fed3c26c5cc2250be59ff1fbc96f3d9078e7d86ef8f317394,2019-12,Staffordshire Police,Staffordshire Police,,,No location,,,Suspect charged
36881d6d5dba54ec4c40151d75a5e4d0a9a2806716ebeabf95dce5a98b014a5b,2019-12,Staffordshire Police,Staffordshire Police,-2.172897,53.023299,On or near BIRCH TERRACE,E01014287,Stoke-on-Trent 015D,Suspect charged
7cf8c636daf7e42db1e8d8646e13ef1956526239483008e457572aa327b9c86d,2019-12,Staffordshire Police,Staffordshire Police,-2.209635,53.011869,On or near STOKE OLD ROAD,E01014288,Stoke-on-Trent 018A,Suspect charged
b45a4ac84c0582e8143eedb6b3eae171a5821b4233bfd961776f4eacf7c0b726,2019-12,Staffordshire Police,Staffordshire Police,,,No location,,,Suspect charged
11fed4ea1b3dc7e15d612a96d34e3ec6f8e3a08799143727c7362f7d79de071e,2019-12,Staffordshire Police,Staffordshire Police,-2.122954,52.997410,On or near ASHRIDGE GROVE,E01014301,Stoke-on-Trent 025B,Suspect charged
0eb8fa46f46ea13d5afc478eb636026724c1b5125d9fbf33eb18387eb0094bcf,2019-12,Staffordshire Police,Staffordshire Police,-2.122954,52.997410,On or near ASHRIDGE GROVE,E01014301,Stoke-on-Trent 025B,Suspect charged
09eb01909c3c8254276686a92c9ba40fa75a048a2663466e14b5b724db872383,2019-12,Staffordshire Police,Staffordshire Police,-2.133414,52.988005,On or near Further/Higher Educational Building,E01014302,Stoke-on-Trent 022D,Suspect charged
79ee3afc61dcfe1593f57f243f951d18dc3cc2eb181f2950f969caa5f3b8f59d,2019-12,Staffordshire Police,Staffordshire Police,-2.228409,53.010782,On or near Supermarket,E01029604,Newcastle-under-Lyme 011E,Suspect charged
587059243744ece5b6457e103f01c5884502bedb2b838a8a9a0d0eb4ddfc94e0,2019-12,Staffordshire Police,Staffordshire Police,,,No location,,,Suspect charged
bb1599780a81bbb06502f634209ebac9cda05e1cafacb1c7a05c201c29957b48,2019-12,Staffordshire Police,Staffordshire Police,,,No location,,,Suspect charged
e581849bc3d877ed4e0ecf6d1fcfb697b6d6a48b93dd6f30f4d4a5439ff7aa1d,2019-12,Staffordshire Police,Staffordshire Police,,,No location,,,Suspect charged
7217571dddeddf840997ae2db827c7fe7624ffbec3401f29d3dd1bd1526a727c,2019-12,Staffordshire Police,Staffordshire Police,-2.215264,53.073641,On or near MAUREEN AVENUE,E01014360,Stoke-on-Trent 002D,Suspect charged
c8f7d4016752060822e92c0c0e286bb3a6f925b5901e2ee35c3cf9ea2ad27b5d,2019-12,Staffordshire Police,Staffordshire Police,-2.262748,53.015709,On or near BRIDGE STREET,E01029567,Newcastle-under-Lyme 010D,Suspect charged
8670c358dab8c70b3b1921da9a96df776cffcdc821d49cb93a9c3b4fcf69ab8e,2019-12,Staffordshire Police,Staffordshire Police,,,No location,,,Suspect charged
87287e45a8d5e740dd6c5762735ceefc97841c7bb91cb5fd688cbfdbd5ba4561,2019-12,Staffordshire Police,Staffordshire Police,,,No location,,,Suspect charged
26b43df3844002d03d25ae17e29717dc4e09b1246ef345f0e40033f8bfe36788,2019-12,Staffordshire Police,Staffordshire Police,,,No location,,,Suspect charged
563e0fa380766b10ef52ebd16e00d4781215dfce3eadc84537839ea1bf24b417,2019-12,Staffordshire Police,Staffordshire Police,-2.235314,53.014373,On or near KNUTTON LANE,E01029604,Newcastle-under-Lyme 011E,Suspect charged
563e0fa380766b10ef52ebd16e00d4781215dfce3eadc84537839ea1bf24b417,2019-12,Staffordshire Police,Staffordshire Police,-2.235314,53.014373,On or near KNUTTON LANE,E01029604,Newcastle-under-Lyme 011E,Suspect charged
563e0fa380766b10ef52ebd16e00d4781215dfce3eadc84537839ea1bf24b417,2019-12,Staffordshire Police,Staffordshire Police,-2.235314,53.014373,On or near KNUTTON LANE,E01029604,Newcastle-under-Lyme 011E,Suspect charged
27ec4078dd0989e6540b9e69de3256ea1f5f0bc799cc35fb3e21c9b67005c7cd,2019-12,Staffordshire Police,Staffordshire Police,-2.235314,53.014373,On or near KNUTTON LANE,E01029604,Newcastle-under-Lyme 011E,Suspect charged
27ec4078dd0989e6540b9e69de3256ea1f5f0bc799cc35fb3e21c9b67005c7cd,2019-12,Staffordshire Police,Staffordshire Police,-2.235314,53.014373,On or near KNUTTON LANE,E01029604,Newcastle-under-Lyme 011E,Suspect charged
27ec4078dd0989e6540b9e69de3256ea1f5f0bc799cc35fb3e21c9b67005c7cd,2019-12,Staffordshire Police,Staffordshire Police,-2.235314,53.014373,On or near KNUTTON LANE,E01029604,Newcastle-under-Lyme 011E,Suspect charged
a4f701a8e22dae5e65c0375f2d6d54aa3d2ad1b08e34f056e71f1688f04744ba,2019-12,Staffordshire Police,Staffordshire Police,-2.235314,53.014373,On or near KNUTTON LANE,E01029604,Newcastle-under-Lyme 011E,Suspect charged
a4f701a8e22dae5e65c0375f2d6d54aa3d2ad1b08e34f056e71f1688f04744ba,2019-12,Staffordshire Police,Staffordshire Police,-2.235314,53.014373,On or near KNUTTON LANE,E01029604,Newcastle-under-Lyme 011E,Suspect charged
a4f701a8e22dae5e65c0375f2d6d54aa3d2ad1b08e34f056e71f1688f04744ba,2019-12,Staffordshire Police,Staffordshire Police,-2.235314,53.014373,On or near KNUTTON LANE,E01029604,Newcastle-under-Lyme 011E,Suspect charged
753b056155ff3be44bce1802bbbf4161c389d6bf16162795ec13c957c2e2c899,2019-12,Staffordshire Police,Staffordshire Police,,,No location,,,Suspect charged
753b056155ff3be44bce1802bbbf4161c389d6bf16162795ec13c957c2e2c899,2019-12,Staffordshire Police,Staffordshire Police,,,No location,,,Suspect charged
01bfb052b2bea7c8a0be7ea1ef493c3a9321797090d1183be3b060e8a6c2dbd9,2019-12,Staffordshire Police,Staffordshire Police,-2.145325,52.994921,On or near BERDMORE STREET,E01014273,Stoke-on-Trent 021A,Suspect charged
991ef47143b65967eb0e4ce7fc832f271497db95287474c6a0083a597dade8aa,2019-12,Staffordshire Police,Staffordshire Police,-2.126640,53.009460,On or near MIDDLEFIELD ROAD,E01014224,Stoke-on-Trent 017E,Suspect charged
28b7fcf4a9627c0bd9f779d4a1045791a03cd2f7bf960c696ff9075df485b425,2019-12,Staffordshire Police,Staffordshire Police,-2.258936,53.080898,On or near FOX GARDENS,E01029540,Newcastle-under-Lyme 003A,Suspect charged
28b7fcf4a9627c0bd9f779d4a1045791a03cd2f7bf960c696ff9075df485b425,2019-12,Staffordshire Police,Staffordshire Police,-2.258936,53.080898,On or near FOX GARDENS,E01029540,Newcastle-under-Lyme 003A,Suspect charged
28b7fcf4a9627c0bd9f779d4a1045791a03cd2f7bf960c696ff9075df485b425,2019-12,Staffordshire Police,Staffordshire Police,-2.258936,53.080898,On or near FOX GARDENS,E01029540,Newcastle-under-Lyme 003A,Suspect charged
28b7fcf4a9627c0bd9f779d4a1045791a03cd2f7bf960c696ff9075df485b425,2019-12,Staffordshire Police,Staffordshire Police,-2.258936,53.080898,On or near FOX GARDENS,E01029540,Newcastle-under-Lyme 003A,Suspect charged
024e202469a166632e7e5faca446911474547d0fd33ca6413601e912b47759f4,2019-12,Staffordshire Police,Staffordshire Police,-2.239675,53.037395,On or near TALKE ROAD,E01029558,Newcastle-under-Lyme 006E,Suspect charged
fb02749dce430a2e9adfb98d3267704a80efc4a0f63cd0eb9292ea0ba75ff17d,2019-12,Staffordshire Police,Staffordshire Police,-2.174396,53.025418,On or near Shopping Area,E01014287,Stoke-on-Trent 015D,Suspect charged
eca0bfbead4bb5f05da9c46c5bdb6bc0a5ad04e99f0341415e0d83439d4b04d8,2019-12,Staffordshire Police,Staffordshire Police,-2.229500,53.011337,On or near CHURCH STREET,E01029604,Newcastle-under-Lyme 011E,Suspect charged
477a06f486c0fd77e494d6d6eeaa377f3fd04164f0ba3affa6485a673670b1e2,2019-12,Staffordshire Police,Staffordshire Police,-2.123495,53.009472,On or near NETHERCOTE PLACE,E01014224,Stoke-on-Trent 017E,Suspect charged
7d16a52f09a210c909dd73e8ef5c1bded7091c3297d4bf7abed7b2cd04b1df9d,2019-12,Staffordshire Police,Staffordshire Police,-2.172140,53.024271,On or near Supermarket,E01014287,Stoke-on-Trent 015D,Suspect charged
dbc0304dc0ffc880b6ded3b0495d039b134d7e11d02e1109f723fc07d29f1906,2019-12,Staffordshire Police,Staffordshire Police,-2.175289,53.025021,On or near STAFFORD LANE,E01014287,Stoke-on-Trent 015D,Suspect charged
dbc0304dc0ffc880b6ded3b0495d039b134d7e11d02e1109f723fc07d29f1906,2019-12,Staffordshire Police,Staffordshire Police,-2.175289,53.025021,On or near STAFFORD LANE,E01014287,Stoke-on-Trent 015D,Suspect charged
6508e4d525afe91e1bbb95963befee12ac83396233b5f145534783ba1e0ab190,2019-12,Staffordshire Police,Staffordshire Police,-2.177807,53.024640,On or near Nightclub,E01014287,Stoke-on-Trent 015D,Suspect charged
e195cbe98aa10279837e1f7c63ac6d5830551a8f649515f69895e5fd2c4b73a9,2019-12,Staffordshire Police,Staffordshire Police,-2.101578,52.974157,On or near MOLLISON ROAD,E01014317,Stoke-on-Trent 031D,Suspect charged
2ebced7e064d5041466a7e8b9aaa7d3bc5ac335929ba867fcd8ef1b19cfe17a4,2019-12,Staffordshire Police,Staffordshire Police,-2.158792,52.974292,On or near ELLERBY ROAD,E01014237,Stoke-on-Trent 032C,Suspect charged
d00efe3379541757fb6d53a4d35d9a0633c1402b45b8e9b720f0232f3bdf6bde,2019-12,Staffordshire Police,Staffordshire Police,-2.184400,53.032334,On or near BOWNESS STREET,E01014256,Stoke-on-Trent 011D,Suspect charged
f68249e15f22954cc21255d26caefb1b038b892b6223c334e55141794d188cfe,2019-12,Staffordshire Police,Staffordshire Police,-2.173475,53.026139,On or near Shopping Area,E01014287,Stoke-on-Trent 015D,Suspect charged
e61e7cf7c29b91df0878aa6720b3aa848a3ff24f5fc1657a1f0ae4cf7ec30c77,2019-12,Staffordshire Police,Staffordshire Police,-2.193715,53.057902,On or near FAIRCLOUGH PLACE,E01014244,Stoke-on-Trent 006D,Suspect charged
8ebae0d81cccd220c1e4691e658147f498d5ccf31f3fc8f6cd1727c5f3104447,2019-12,Staffordshire Police,Staffordshire Police,-2.137489,53.013970,On or near WYNFORD PLACE,E01014226,Stoke-on-Trent 014D,Suspect charged
2a9bdf7b3a3922a9cc7a58aae16056682d7a95b3fef376b578337311696a6c6d,2019-12,Staffordshire Police,Staffordshire Police,,,No location,,,Suspect charged
8ca5981f0c162970495344f1de0aab870ef6eb68d72f81d62a0180d728187c2b,2019-12,Staffordshire Police,Staffordshire Police,-2.209280,53.003150,On or near HILTON ROAD,E01014294,Stoke-on-Trent 018F,Suspect charged
e16a33a873417e0440f962a46d0ea0f839745ac1e4fe32fbe1144d45776edaaa,2019-12,Staffordshire Police,Staffordshire Police,-2.178153,53.025323,On or near GITANA STREET,E01014287,Stoke-on-Trent 015D,Suspect charged
df33007e0156b1a89803b8cd6ac1d5c23c510ce77a7e768197d7c4a07d583faa,2019-12,Staffordshire Police,Staffordshire Police,-2.175805,53.027304,On or near Shopping Area,E01014287,Stoke-on-Trent 015D,Suspect charged
a8a54375e7828687985edbf14ce8d81c96be5480ca25fe294e12809fefad3924,2019-12,Staffordshire Police,Staffordshire Police,,,No location,,,Suspect charged
b85b320b058109560a5aa44f9bb23cd3553a45c23c1f5e04b1f952f1179d9162,2019-12,Staffordshire Police,Staffordshire Police,-2.202064,52.986451,On or near WALTON ROAD,E01014343,Stoke-on-Trent 023D,Suspect charged
5d0143eb4b01829e465dcba8b90374d01129d518f9c83500aef2639826e77186,2019-12,Staffordshire Police,Staffordshire Police,,,No location,,,Suspect charged
c9b40d006d27298a02085267cd458aca18c1867ab5a3c928185d5dada04f6705,2019-12,Staffordshire Police,Staffordshire Police,-2.209635,53.011869,On or near STOKE OLD ROAD,E01014288,Stoke-on-Trent 018A,Suspect charged
f533380f4019fd3f53bc24f374eb89e79169925d29c74e82d8212290c1f1d734,2019-12,Staffordshire Police,Staffordshire Police,,,No location,,,Suspect charged
05788912db3db21ba0db0b67a6adcd9cf1ddac0cf76d5e72da03c3b38b30f2b1,2019-12,Staffordshire Police,Staffordshire Police,,,No location,,,Suspect charged
1f9184546ec8a62ef817e5b80879d2e265cd1851b05ed929a1b78c65ad860ecf,2019-12,Staffordshire Police,Staffordshire Police,-2.186255,53.006038,On or near BERRY STREET,E01014293,Stoke-on-Trent 019A,Suspect charged
503e2066ec7c5776824df0352bdaa444d35cec34cbd9d4547d0a61c571e4c706,2019-12,Staffordshire Police,Staffordshire Police,-2.207699,53.055505,On or near WILLIAMSON STREET,E01014356,Stoke-on-Trent 005C,Suspect charged
1b8d99947cad43013ff20663ab389a894bae8867472b946ac80c635a89df3954,2019-12,Staffordshire Police,Staffordshire Police,-2.160751,52.988420,On or near HOLLYBUSH CRESCENT,E01014239,Stoke-on-Trent 026C,Suspect charged
f8d636c1f4b899239ff0d5d328ffa3d514900f1804babbf30a89d5ddacc2b276,2019-12,Staffordshire Police,Staffordshire Police,-2.160751,52.988420,On or near HOLLYBUSH CRESCENT,E01014239,Stoke-on-Trent 026C,Suspect charged
507d653eb3859190618bd260b32205fe6bd3c1b7134b94f82bce5bc938049c29,2019-12,Staffordshire Police,Staffordshire Police,-2.205246,52.991435,On or near ALLENBY SQUARE,E01014342,Stoke-on-Trent 023C,Suspect charged
712cb77b331fc772e788d5c5b052c713b39472518605db7bd062e147c236c956,2019-12,Staffordshire Police,Staffordshire Police,-2.178061,53.028361,On or near HOPE STREET,E01014287,Stoke-on-Trent 015D,Suspect charged
bbc3fc4e6cdbdf221597bca08288a73513c2d5d4033058dfa17c236c0d355fa9,2019-12,Staffordshire Police,Staffordshire Police,-2.174396,53.025418,On or near Shopping Area,E01014287,Stoke-on-Trent 015D,Suspect charged
f0645676c0e89af24a0affd1ea835c6898178292a32fe56bcaa86bb85e7f3235,2019-12,Staffordshire Police,Staffordshire Police,-2.200648,52.999084,On or near THISTLEY HOUGH,E01014341,Stoke-on-Trent 023B,Suspect charged
53447517d03d965c5fbf85da79a68a2c0fb67bdb9fdfff79430a19cb838c1258,2019-12,Staffordshire Police,Staffordshire Police,-2.175289,53.025021,On or near STAFFORD LANE,E01014287,Stoke-on-Trent 015D,Suspect charged
53447517d03d965c5fbf85da79a68a2c0fb67bdb9fdfff79430a19cb838c1258,2019-12,Staffordshire Police,Staffordshire Police,-2.175289,53.025021,On or near STAFFORD LANE,E01014287,Stoke-on-Trent 015D,Suspect charged
3fa3284493da2a3b8c7a2e2161b7cd35c751e97d79cb5fdde4f15f44f3163b87,2019-12,Staffordshire Police,Staffordshire Police,,,No location,,,Suspect charged
24d33fc29cce0444729db74c3319b088d89a711c2719ee6f20a136c28d068b3c,2019-12,Staffordshire Police,Staffordshire Police,-2.176143,53.110102,On or near VILLA CLOSE,E01029763,Staffordshire Moorlands 003A,Suspect charged
621184a0c065d3f99de9c25b3991f14f787d5ae1cab4918c9c28f66bf683db4f,2019-12,Staffordshire Police,Staffordshire Police,-2.177807,53.024640,On or near Nightclub,E01014287,Stoke-on-Trent 015D,Suspect charged
9438778b9b068582e1a566d89f47a40dd51bb2b8d4ca2057bbdfbc76474c39ef,2019-12,Staffordshire Police,Staffordshire Police,-2.239317,53.010518,On or near POOLFIELD AVENUE NORTH,E01029599,Newcastle-under-Lyme 010F,Suspect charged
da0b9e0a6280855007d7d6d05bbeb391421d39b1422f09cac9f0b528232c96d2,2019-12,Staffordshire Police,Staffordshire Police,,,No location,,,Suspect charged
3b5ae076d3e4dda12f509b980637e8835c7d3492775d203042bba138577c05f0,2019-12,Staffordshire Police,Staffordshire Police,-2.174962,53.025229,On or near PERCY STREET,E01014287,Stoke-on-Trent 015D,Suspect charged
6b56ec702685cbfb6620a5e7d5a7effd0a8e909e7ae1f1946d1f6ee49467a08e,2019-12,Staffordshire Police,Staffordshire Police,-2.137260,53.040299,On or near ABBOTS ROAD,E01014217,Stoke-on-Trent 012E,Suspect charged
b33e58558f35430933d6d20045eb581c77f11cfb1fc5a937b2ed8027dc97928f,2019-12,Staffordshire Police,Staffordshire Police,-2.173475,53.026139,On or near Shopping Area,E01014287,Stoke-on-Trent 015D,Suspect charged
0e84a7a628ece5cbde933132533192b293ac8cf06c3a8f5b330d92aff178c451,2019-12,Staffordshire Police,Staffordshire Police,-2.187504,53.019232,On or near RECTORY STREET,E01014286,Stoke-on-Trent 015C,Suspect charged
e5b53a16801cc1310190d5dcc4fce2eb579778ac9fde6cb7286c8c1ed2c442d2,2019-12,Staffordshire Police,Staffordshire Police,-2.135084,52.988380,On or near Supermarket,E01014302,Stoke-on-Trent 022D,Suspect charged
8d491ba135a1992860f3476aa53f4eb774b955d6c1fe7e50b27c83b98ce68e26,2019-12,Staffordshire Police,Staffordshire Police,-2.134232,52.987473,On or near Bus/Coach Station,E01014302,Stoke-on-Trent 022D,Suspect charged
90ca7e8edbaa722af9bc5ad0a7bad737b62421eaa5310efe0dce98ea230ee371,2019-12,Staffordshire Police,Staffordshire Police,-2.247837,53.087510,On or near HARDINGS MEADOW,E01029542,Newcastle-under-Lyme 003C,Suspect charged
14ed36b61dc64aff4e04d29c5fac9d708a2e0afa04b6c3225c281de28440c608,2019-12,Staffordshire Police,Staffordshire Police,-2.192404,53.028195,On or near RIDGEHOUSE DRIVE,E01014285,Stoke-on-Trent 015B,Suspect charged
c8b04c24f78367de1b68dd978b7f5c32632abf2467246a0a9539e81e4317b5e4,2019-12,Staffordshire Police,Staffordshire Police,,,No location,,,Suspect charged
4f53856a2e19d6e0df5470f674413ba02ecabb19596682d72147d0ae589c225b,2019-12,Staffordshire Police,Staffordshire Police,-2.233595,53.013442,On or near FLETCHER BANK,E01029604,Newcastle-under-Lyme 011E,Suspect charged
4f53856a2e19d6e0df5470f674413ba02ecabb19596682d72147d0ae589c225b,2019-12,Staffordshire Police,Staffordshire Police,-2.233595,53.013442,On or near FLETCHER BANK,E01029604,Newcastle-under-Lyme 011E,Suspect charged
99d4899c704feaf9fd0439cc62c67fca7f0de698bfd0186a55fe2defd8bc8843,2019-12,Staffordshire Police,Staffordshire Police,,,No location,,,Suspect charged
370d6afd0e0a85c6522b4adf3fd1f3b999a63a24214e75f05b7650bf959ef4f6,2019-12,Staffordshire Police,Staffordshire Police,-2.167128,53.023505,On or near WATERLOO STREET,E01014231,Stoke-on-Trent 016B,Suspect charged
8f1bc74ed7ca024795b4a1f3ed8403b0fe5bcff3943616ee13bc5a6381bb0ec1,2019-12,Staffordshire Police,Staffordshire Police,-2.169001,53.048807,On or near BROWNLEY ROAD,E01014268,Stoke-on-Trent 008C,Suspect charged
c4ef066f07d6ce4828780c50de41f604201a6ffd16c3b7645d39684f2a53d4ad,2019-12,Staffordshire Police,Staffordshire Police,-2.133587,52.995663,On or near LONGLEY ROAD,E01014298,Stoke-on-Trent 022B,Suspect charged
ba68f71870ebdaf6572513abdee72c7118ad4a65dc576fd313f606876aa48036,2019-12,Staffordshire Police,Staffordshire Police,-2.226342,53.011721,On or near Nightclub,E01029604,Newcastle-under-Lyme 011E,Suspect charged
b6cad407da584c0a6ddcffb0b07f25fb46e2bdc5a395b0d93ab7cec477290bc9,2019-12,Staffordshire Police,Staffordshire Police,-2.174396,53.025418,On or near Shopping Area,E01014287,Stoke-on-Trent 015D,Suspect charged
19c73b98fdc8734a4513337a0be2e21d2c1113565915a68f2fd4ccc4a637b3c2,2019-12,Staffordshire Police,Staffordshire Police,-2.244803,53.089512,On or near Supermarket,E01029564,Newcastle-under-Lyme 002C,Suspect charged
f014352324307d74a8bdfb776ceea5ba49c98e2c133da9be1c7830d336144c2d,2019-12,Staffordshire Police,Staffordshire Police,-2.172897,53.023299,On or near BIRCH TERRACE,E01014287,Stoke-on-Trent 015D,Suspect charged
fd5070814023873313945c53cfe860d67dccc2a27b57d64a0813ae98d171a7db,2019-12,Staffordshire Police,Staffordshire Police,-2.137054,52.989681,On or near MOULTON ROAD,E01014302,Stoke-on-Trent 022D,Suspect charged
19819793ad15b1664874b197aa98979703c2205fd0ff8b1de67f88bc411ae1de,2019-12,Staffordshire Police,Staffordshire Police,-2.186063,53.003089,On or near LONDON ROAD,E01014345,Stoke-on-Trent 019E,Suspect charged
19819793ad15b1664874b197aa98979703c2205fd0ff8b1de67f88bc411ae1de,2019-12,Staffordshire Police,Staffordshire Police,-2.186063,53.003089,On or near LONDON ROAD,E01014345,Stoke-on-Trent 019E,Suspect charged
0c703a6955d4b89a3dc02d2fc2fd3624f7ca8157e68a7869d8a9e4765199e17a,2019-12,Staffordshire Police,Staffordshire Police,-2.215197,53.072185,On or near WIGNALL ROAD,E01014360,Stoke-on-Trent 002D,Suspect charged
8f571ca1fd7d2695ace7deb0cd8ad5644466d3fca76707e68fe3858c4f3429ab,2019-12,Staffordshire Police,Staffordshire Police,-2.097448,52.985136,On or near MACDONALD CRESCENT,E01014364,Stoke-on-Trent 024B,Suspect charged
7b5dc2c7f90191dbab35ec24d3eddc3ad26ea208196b8b731e418e0c941beccc,2019-12,Staffordshire Police,Staffordshire Police,-2.169589,53.027502,On or near WINDMILL STREET,E01014330,Stoke-on-Trent 013E,Suspect charged
019b1029ff4b8ddacc5d9bf0a529c0fd59b39ccd4f0daf9a2ca0ca884685ab14,2019-12,Staffordshire Police,Staffordshire Police,-2.245360,53.019432,On or near VIGGARS PLACE,E01029566,Newcastle-under-Lyme 010C,Suspect charged
4a51e5d6e2ce2e1c90791fa0f75eeb4058ed752dbb0e67c0433b8971f4409c86,2019-12,Staffordshire Police,Staffordshire Police,-2.089517,53.024910,On or near HILL VILLAGE ROAD,E01029780,Staffordshire Moorlands 009B,Suspect charged
a1123b5aa2ae31ea64b47644d9ea48946c3308df37fdc2c8b98bb8adcdb742cb,2019-12,Staffordshire Police,Staffordshire Police,-2.089517,53.024910,On or near HILL VILLAGE ROAD,E01029780,Staffordshire Moorlands 009B,Suspect charged
ac139f45b735faf4359b386ab1353e8a076dce472336a956999021af8fca4e9f,2019-12,Staffordshire Police,Staffordshire Police,-2.137260,53.040299,On or near ABBOTS ROAD,E01014217,Stoke-on-Trent 012E,Suspect charged
a5da9a2e680826b9f0cce5ee81a2bc8fe0e3a212fb2da277df2520d84336da55,2019-12,Staffordshire Police,Staffordshire Police,-2.185474,53.028934,On or near CENTURY STREET,E01014254,Stoke-on-Trent 011C,Suspect charged
9abeb703c3c337e5636e4fc26d15591a347372b12827f956cef1a9f9d3426cfe,2019-12,Staffordshire Police,Staffordshire Police,-2.185474,53.028934,On or near CENTURY STREET,E01014254,Stoke-on-Trent 011C,Suspect charged
844197ff8ba2d5f339bda6d3d2fb91085237bcb1c6df96f4b854689b38d2f846,2019-12,Staffordshire Police,Staffordshire Police,-2.160751,52.988420,On or near HOLLYBUSH CRESCENT,E01014239,Stoke-on-Trent 026C,Suspect charged
459df0e350d6fffd14c88c63cdb84ecb37d2535495dd15c5064c209dd8dda7a1,2019-12,Staffordshire Police,Staffordshire Police,-2.160751,52.988420,On or near HOLLYBUSH CRESCENT,E01014239,Stoke-on-Trent 026C,Suspect charged
5cb39afaee22f94fbbab835220c7e29bf2a7c75311a8bcb6c5b6fb4adaa410cf,2019-12,Staffordshire Police,Staffordshire Police,-2.153949,53.023640,On or near WESTACRE,E01014230,Stoke-on-Trent 014F,Suspect charged
af4e87d5c843214a15fb62f6d2a5eaed231451c5d1e362b3ab34a1d5982b9e63,2019-12,Staffordshire Police,Staffordshire Police,,,No location,,,Suspect charged
35067d2f9e14a47622efd8ad34a444ce3962a1ff425e7eca3c84cf2531e66087,2019-12,Staffordshire Police,Staffordshire Police,,,No location,,,Suspect charged
c5bba5ba9b2767a3b43c3b46e6eb86e778a2d926cab23e2a147721b0fdc889b6,2019-12,Staffordshire Police,Staffordshire Police,,,No location,,,Suspect charged
179fa5a11e656311200b96e282b91259f8dd7121026afdc12762210d02d66c97,2019-12,Staffordshire Police,Staffordshire Police,-2.213588,53.063702,On or near Petrol Station,E01014361,Stoke-on-Trent 005D,Suspect charged
792ca2232a2dc35078ca3b97d6c5d6162e750e66ae21cf1e177a987d7cd44792,2019-12,Staffordshire Police,Staffordshire Police,,,No location,,,Offender given a caution
5eb5dc89ee6692da1132a6965395334597e622f35f798ebe9cee9ce853a31945,2019-12,Staffordshire Police,Staffordshire Police,-2.136555,52.788905,On or near CAPE AVENUE,E01029715,Stafford 013A,Offender given a caution
3356a0ba57ab07b9835a37dcfa0a9f59d95dca8877e2802738319aac5ddc2fc7,2019-12,Staffordshire Police,Staffordshire Police,-2.029473,52.690616,On or near RINGWAY,E01029367,Cannock Chase 011E,Offender given a caution
71beeb8eb9db5432342c50e0411808db9a583c7d92843ab287183838e8f6f269,2019-12,Staffordshire Police,Staffordshire Police,-1.821687,52.685093,On or near Supermarket,E01029526,Lichfield 004E,Offender given a caution
71beeb8eb9db5432342c50e0411808db9a583c7d92843ab287183838e8f6f269,2019-12,Staffordshire Police,Staffordshire Police,-1.821687,52.685093,On or near Supermarket,E01029526,Lichfield 004E,Offender given a caution
9f67a943512b0679595fa1c6ae6b923baa06bd37248bba8c8a44d1964972e399,2019-12,Staffordshire Police,Staffordshire Police,-2.250817,53.037615,On or near COOPER STREET,E01029559,Newcastle-under-Lyme 007C,Offender given a caution
5dd22e2469a5470ccfe8681ea1e29e0cfd783f890fe19161945426d5a6d0daa7,2019-12,Staffordshire Police,Staffordshire Police,,,No location,,,Offender given a caution
366e606e08712d7811f3491d6268ead950e908869ba19550ed27c4ca6ee151f0,2019-12,Staffordshire Police,Staffordshire Police,-2.239879,53.087491,On or near KING STREET,E01029588,Newcastle-under-Lyme 002D,Offender given a caution
7208340b7fc1860486453b7f11e88b271034d3af3ab3c9a1b2f201721e3562e9,2019-12,Staffordshire Police,Staffordshire Police,-2.174616,53.020816,On or near BRUNSWICK PLACE,E01014287,Stoke-on-Trent 015D,Offender given a caution
296deaec50e922655351b5739da3ba6a6e658c05a8550a05012eb6989a9640b2,2019-12,Staffordshire Police,Staffordshire Police,-2.176542,53.116366,On or near SOUTH VIEW,E01029774,Staffordshire Moorlands 003E,Offender given a caution
d8e066810b17145c640f31da75f289b98de8f9111ed46e3f34573c0ae9f2499a,2019-12,Staffordshire Police,Staffordshire Police,-2.174396,53.025418,On or near Shopping Area,E01014287,Stoke-on-Trent 015D,Offender given a caution
bf46344ea4d015ff0607ec595e3f61f0aea373b3ccdd2c3ba859d2f4408f481f,2019-12,Staffordshire Police,Staffordshire Police,-2.257339,53.083463,On or near MITCHELL DRIVE,E01029541,Newcastle-under-Lyme 003B,Offender given a caution
2385a82403ad13395deaea37a1da4afba0d9ac8b345d727d3178ccee93fad2a8,2019-12,Staffordshire Police,Staffordshire Police,-1.945103,53.194536,On or near WICKENLOW LANE,E01029797,Staffordshire Moorlands 001A,Offender given a caution
6a50c2ef6e0c8a12aa4c467008aee746aceac5fe6d1dfc1fb50b8abf471414f0,2019-12,Staffordshire Police,Staffordshire Police,-1.630384,52.804204,On or near WORTHINGTON WAY,E01032896,East Staffordshire 011F,Offender given a caution
9f8f9b839957a8e527254402576ca6f301f3409c40347e47830c27edafef60e3,2019-12,Staffordshire Police,Staffordshire Police,-1.842404,52.679198,On or near ANGORFA CLOSE,E01029512,Lichfield 007C,Offender given a caution
5558a8398a61f0bb1445f1949ab1b8fdd381effa7e306df51c395b67c91bc83c,2019-12,Staffordshire Police,Staffordshire Police,-1.625952,52.807318,On or near WETMORE ROAD,E01032896,East Staffordshire 011F,Offender given a caution
9ac88a992acb2a48d285efb858fc33828789c8746f821991f00a606a7476916b,2019-12,Staffordshire Police,Staffordshire Police,-2.153454,52.947115,On or near BEECHCROFT,E01029682,Stafford 002B,Offender given a caution
482597587479e25dec1a93b591ded3153a02ebb07a3bad83450031651771e7d0,2019-12,Staffordshire Police,Staffordshire Police,-2.153454,52.947115,On or near BEECHCROFT,E01029682,Stafford 002B,Offender given a caution
bbaf0b7a19a2cdda275dc08e07e98b30ddb213a0fc9e2e99a8fb2722e84dd466,2019-12,Staffordshire Police,Staffordshire Police,-1.615628,52.787023,On or near BLUESTONE LANE,E01029449,East Staffordshire 014A,Offender given a caution
d4ead010098014e6a72f3643c94fbecde7b77868f5353f5582ee17e267f2a54a,2019-12,Staffordshire Police,Staffordshire Police,-2.030533,52.703957,On or near MASEFIELD GROVE,E01029354,Cannock Chase 007A,Offender given a caution
55b9327ba0a7534b4bb792641b675faf26c5ef6f6f5573004795f5310f8c4fbe,2019-12,Staffordshire Police,Staffordshire Police,-1.627017,52.821462,On or near Sports/Recreation Area,E01029428,East Staffordshire 008C,Offender given a caution
3ff054fd4a3f6150817db4ce75d43c4e654fd5474cc52fea86a81e7562e5b114,2019-12,Staffordshire Police,Staffordshire Police,-2.118812,52.780339,On or near MANOR FARM CRESCENT,E01029726,Stafford 016A,Offender given a caution
5d3bb2b30e9178545d4d14949b8c8c07dd73ac11d382428f9dc3f882bce15260,2019-12,Staffordshire Police,Staffordshire Police,-1.630101,52.807817,On or near Police Station,E01032897,East Staffordshire 011G,Offender given a caution
3ce44ba639b42234ab4949c972e6d29be9e5fc887afaf84fc4c89b7e59f95949,2019-12,Staffordshire Police,Staffordshire Police,-2.076473,52.966643,On or near A50,E01029705,Stafford 001D,Offender given a caution
48cb82433683dcb9ff290249b62a43437409fc045cd88d15eb93918c5cd51e40,2019-12,Staffordshire Police,Staffordshire Police,-1.935702,52.762403,On or near ANSON STREET,E01029404,Cannock Chase 002E,Offender given a caution
907df8a30ed825fd0ddc40a461deb0d36699cb9ed0415b49a7bea9ab3f821a12,2019-12,Staffordshire Police,Staffordshire Police,-1.686878,52.856712,On or near SILK MILL LANE,E01029464,East Staffordshire 004D,Offender given a caution
d77e61aa0ce2b28e3792d055c72d8a8ca1fb4748862380b51120be6bacbd9b2f,2019-12,Staffordshire Police,Staffordshire Police,-2.134000,52.898228,On or near CHERRY ORCHARD,E01029740,Stafford 003A,Offender given a caution
a66fd2465d5c53a7f3c50edaa9f6a7b6f64c3b51b4bd157af3fa0e2845f4410a,2019-12,Staffordshire Police,Staffordshire Police,-1.917186,52.750121,On or near WHEELHOUSE ROAD,E01029345,Cannock Chase 003A,Offender given a caution
93ae324e8130568e832daeea0bf21d13ebd9298d44646d92e27a66c511a5d24b,2019-12,Staffordshire Police,Staffordshire Police,-1.637321,52.801187,On or near ORDISH STREET,E01032898,East Staffordshire 011H,Offender given a caution
7e2b71ec79bf097e261661712975026c8a94a2cc8c71a90b19bcb5f030131e49,2019-12,Staffordshire Police,Staffordshire Police,-1.934266,52.682152,On or near Shopping Area,E01029494,Lichfield 006C,Offender given a caution
7e2b71ec79bf097e261661712975026c8a94a2cc8c71a90b19bcb5f030131e49,2019-12,Staffordshire Police,Staffordshire Police,-1.934266,52.682152,On or near Shopping Area,E01029494,Lichfield 006C,Offender given a caution
21125b9fc069f75f7e64968e82cef599c022b0744c375094810d5577eaddf9cb,2019-12,Staffordshire Police,Staffordshire Police,-2.018388,52.683148,On or near YORK ROAD,E01029362,Cannock Chase 012D,Offender given a caution
3f6f2bc317078b82dc4906d34cd9209d9c8e6efccd3f6fc79819306c8f8e77d8,2019-12,Staffordshire Police,Staffordshire Police,-1.864460,52.893436,On or near WEST HILL,E01029460,East Staffordshire 003B,Offender given a caution
dd51ab2b6b878d2f5c9458c97d7e89a63c0e2295db0c9a74a2e3ea29964b4e83,2019-12,Staffordshire Police,Staffordshire Police,-1.691830,52.633046,On or near BOLEBRIDGE STREET,E01029838,Tamworth 005C,Offender given a caution
99d58865aa6f392f4e01be1d2adc20aa717b9532b7fb8231a005da6ff0b5b6f7,2019-12,Staffordshire Police,Staffordshire Police,-2.033345,52.685347,On or near ST JOHN'S CLOSE,E01029360,Cannock Chase 012B,Offender given a caution
91ec6f5da028b000be89422521e25e2f626d97171fd96163a5de0b84a73b46d8,2019-12,Staffordshire Police,Staffordshire Police,-2.175850,52.619821,On or near PALMERS CLOSE,E01029631,South Staffordshire 009E,Offender given a caution
e97616ce8342cb1058cd0e6ccec9664dd38b289c8a30db0ea0dff4015475f366,2019-12,Staffordshire Police,Staffordshire Police,-1.618234,52.828086,On or near Supermarket,E01029428,East Staffordshire 008C,Offender given a caution
fc9e5966597a9cf5ad0bab5e9f7120e0af55ae54356d2d55e38c47e7349ba244,2019-12,Staffordshire Police,Staffordshire Police,-1.989939,52.832771,On or near SWANSMOOR DRIVE,E01029712,Stafford 008D,Offender given a caution
eb8fc0c941d10a85f29d952655350975baad20f477e045429a83a65b294ade22,2019-12,Staffordshire Police,Staffordshire Police,-2.126030,52.789834,On or near JONES CLOSE,E01029717,Stafford 013C,Offender given a caution
067b5893beb0adbbf1020378a153f796667c31911db3334a55739b56fd14a535,2019-12,Staffordshire Police,Staffordshire Police,-1.828163,52.682252,On or near Shopping Area,E01029526,Lichfield 004E,Offender given a caution
d9cf046719c1a68405b3668d2ae23385ba48fb64bf6b606d89246ecde0b8b19b,2019-12,Staffordshire Police,Staffordshire Police,-1.625075,52.783331,On or near SANDALWOOD ROAD,E01029453,East Staffordshire 014E,Offender given a caution
54919af1a51e530ceae7feff3d9fd3e745da644bb508180876bda8632d5fd097,2019-12,Staffordshire Police,Staffordshire Police,-2.148793,52.902948,On or near NEWCASTLE STREET,E01029745,Stafford 003C,Offender given a caution
0061f27b58aa2a69567f53145974c9b85109fc66e15fb8b9980290c8c3f7eb62,2019-12,Staffordshire Police,Staffordshire Police,,,No location,,,Offender given a caution
da6d79b31cdb0703b611d97b1ba992318bcf7e67939df46cb33f6995116057a6,2019-12,Staffordshire Police,Staffordshire Police,-1.819005,52.686185,On or near ST MICHAEL ROAD,E01029526,Lichfield 004E,Offender given a caution
debaf9c33d973d1f01a829719767962672edbbef5bf59b84f18e5b07809f3d35,2019-12,Staffordshire Police,Staffordshire Police,-1.627017,52.821462,On or near Sports/Recreation Area,E01029428,East Staffordshire 008C,Offender given a caution
4ab8f3dd6c7546604c56e875b10eff437a0154d03f550955eeb73fb1fafea689,2019-12,Staffordshire Police,Staffordshire Police,-2.134766,52.790660,On or near MELROSE AVENUE,E01029715,Stafford 013A,Offender given a caution
97a5bbb90b979c23d12da70a66bf2f6580e6baeb5423056da5873e7b2a243708,2019-12,Staffordshire Police,Staffordshire Police,-2.117426,52.805224,On or near MILL STREET,E01029701,Stafford 010E,Offender given a caution
e1d888dd2ccc412a793e991508a33510ee15166f17085578d59797d1eb91d7a1,2019-12,Staffordshire Police,Staffordshire Police,-2.186255,53.006038,On or near BERRY STREET,E01014293,Stoke-on-Trent 019A,Offender given a caution
784d7563d8c858ff5c82ec17d0722289a1b0fb0f9af94ab51b0d9cf445cbbcc3,2019-12,Staffordshire Police,Staffordshire Police,-2.133414,52.988005,On or near Further/Higher Educational Building,E01014302,Stoke-on-Trent 022D,Offender given a caution
8572b00403f2f80ae7543af107e945196556f2702d0aafc5bab972a42c1992c2,2019-12,Staffordshire Police,Staffordshire Police,-2.186255,53.006038,On or near BERRY STREET,E01014293,Stoke-on-Trent 019A,Offender given a caution
39fa7ac94eabfa328b2259c7fe015d8ef7658617ad2b3d52bc6bce36309849ec,2019-12,Staffordshire Police,Staffordshire Police,-2.133456,52.991780,On or near BLANDFORD CLOSE,E01014302,Stoke-on-Trent 022D,Offender given a caution
416550f89995bd2e55d220d84ec3a46127b95f493e6fb3094094f447f7e9139b,2019-12,Staffordshire Police,Staffordshire Police,-2.158636,52.992558,On or near CAMDEN STREET,E01014279,Stoke-on-Trent 020E,Offender given a caution
0b40c984c3c5c61ed683002b17637857801dc645f906185a5abb6cdfe1a2f842,2019-12,Staffordshire Police,Staffordshire Police,-2.178061,53.028361,On or near HOPE STREET,E01014287,Stoke-on-Trent 015D,Offender given a caution
0b40c984c3c5c61ed683002b17637857801dc645f906185a5abb6cdfe1a2f842,2019-12,Staffordshire Police,Staffordshire Police,-2.178061,53.028361,On or near HOPE STREET,E01014287,Stoke-on-Trent 015D,Offender given a caution
db28f6b4448cc844cf6957444905357a4ab1aa0221d0d4ece72cf2947a5bde2c,2019-12,Staffordshire Police,Staffordshire Police,-2.168375,53.109951,On or near CHURCH ROAD,E01029765,Staffordshire Moorlands 003C,Offender given a caution
e07ad0d1c9ded9c9024c3c3bd387bf12b763cdb38ef0f141f3eb7ace820c121e,2019-12,Staffordshire Police,Staffordshire Police,-2.178153,53.025323,On or near GITANA STREET,E01014287,Stoke-on-Trent 015D,Offender given a caution
c9d3b6b44ae388f7b403db5e49aee5388fb7824ed56e6e1810ddce43037c09dd,2019-12,Staffordshire Police,Staffordshire Police,-2.231245,53.039488,On or near LONGSHAW AVENUE,E01029538,Newcastle-under-Lyme 006B,Offender given a caution
3f5c5bde9aaacd5d339b0f51cccaa2015417b375422900419f60466a51d142f3,2019-12,Staffordshire Police,Staffordshire Police,,,No location,,,Offender given a caution
d75f665451f542d765c1922d2bab209babb04bb8eb79f9a9717e95a29b1a400d,2019-12,Staffordshire Police,Staffordshire Police,-2.177734,53.025054,On or near BRUNSWICK STREET,E01014287,Stoke-on-Trent 015D,Offender given a caution
8fd524c1a3cfebd564e39cf050d317cfbe17d982176ce34b0ce4ec2c03422234,2019-12,Staffordshire Police,Staffordshire Police,-2.011374,53.115706,On or near HAREGATE ROAD,E01029809,Staffordshire Moorlands 001D,Offender given a caution
02aea909065c8d24a8c51e7136be348869e1aa07d4476db1d9894d0026355dde,2019-12,Staffordshire Police,Staffordshire Police,-2.203903,52.997280,On or near WAIN DRIVE,E01014338,Stoke-on-Trent 023A,Offender given a caution
02aea909065c8d24a8c51e7136be348869e1aa07d4476db1d9894d0026355dde,2019-12,Staffordshire Police,Staffordshire Police,-2.203903,52.997280,On or near WAIN DRIVE,E01014338,Stoke-on-Trent 023A,Offender given a caution
cfde367605de0e491db5b515227520c5510a0e62663b92fe2e42477b485faff2,2019-12,Staffordshire Police,Staffordshire Police,-2.005187,52.983441,On or near Petrol Station,E01029785,Staffordshire Moorlands 013B,Offender given a caution
4b534267be947cd182306f37c9c96f65925450867ecf5d699638693485bb7558,2019-12,Staffordshire Police,Staffordshire Police,-2.118619,52.992200,On or near AMBLECOTE DRIVE,E01014301,Stoke-on-Trent 025B,Offender given a caution
c5f15b20a5354da44a99ad44b39c8840de427eca804b958b004bf309465733f4,2019-12,Staffordshire Police,Staffordshire Police,-2.156740,52.966806,On or near URMSTON PLACE,E01014238,Stoke-on-Trent 032D,Offender given a caution
96db47e4327a367cb221354a9bac77d8fe5eb37e4486a3140e030b753c3fda6f,2019-12,Staffordshire Police,Staffordshire Police,-2.195642,53.065072,On or near SCOTT ROAD,E01014241,Stoke-on-Trent 006A,Offender given a caution
d7c9531ba2a613d6f42226869a49a6b5243262044d8e27c91b4489661c9667c6,2019-12,Staffordshire Police,Staffordshire Police,,,No location,,,Offender given a caution
904efdc1dfd78f05e2b518ff4e5431b893bdb20bb157332b3053aec11bab07b2,2019-12,Staffordshire Police,Staffordshire Police,-2.171069,53.047366,On or near LARKSFIELD ROAD,E01014266,Stoke-on-Trent 008B,Offender given a caution
0f30ee06f7402366416aaf7e492553eaa8242cb500ed167d7235ca8037e3852e,2019-12,Staffordshire Police,Staffordshire Police,-2.186521,53.029840,On or near EASTBANK ROAD,E01014254,Stoke-on-Trent 011C,Offender given a caution
32e1a6908d79aeb592b0bdb49ad82c3f16f5bef774a90924d5a2766bda1171f8,2019-12,Staffordshire Police,Staffordshire Police,-2.176351,53.025811,On or near STAFFORD STREET,E01014287,Stoke-on-Trent 015D,Offender given a caution
0d8850368a58855aef2cfe3b73d33e3fc08bfe32fa66694619290935fbe4e2ba,2019-12,Staffordshire Police,Staffordshire Police,,,No location,,,Offender given a caution
99be23248d15e10fb55b3a128c6b532123280d20f8472fd780225f6bdd6e7a91,2019-12,Staffordshire Police,Staffordshire Police,,,No location,,,Offender given a caution
9221a43dec69dd482ac98ec613dfc36a45a47b96c1d450e2f090d05818b35119,2019-12,Staffordshire Police,Staffordshire Police,-2.157962,52.987669,On or near WHITAKER ROAD,E01014239,Stoke-on-Trent 026C,Offender given a caution
453943997e6cf43414b079bda2d114e209e3ac689378860ad6a7400295a1007f,2019-12,Staffordshire Police,Staffordshire Police,-2.181228,53.008616,On or near STATION ROAD,E01014284,Stoke-on-Trent 016F,Offender given a caution
aa5fd025e8c0c83e3edff3b208dd80e2456fb70f966654684262c4abdc13640a,2019-12,Staffordshire Police,Staffordshire Police,-2.192054,53.006460,On or near RICHMOND STREET,E01014293,Stoke-on-Trent 019A,Offender given a caution
aa5fd025e8c0c83e3edff3b208dd80e2456fb70f966654684262c4abdc13640a,2019-12,Staffordshire Police,Staffordshire Police,-2.192054,53.006460,On or near RICHMOND STREET,E01014293,Stoke-on-Trent 019A,Offender given a caution
dffc0b9a81cccc8146dcdf790505f9119419ae392557aa3b2aefc0badc943b46,2019-12,Staffordshire Police,Staffordshire Police,-2.225027,53.011076,On or near Shopping Area,E01029604,Newcastle-under-Lyme 011E,Offender given a caution
e5b53a16801cc1310190d5dcc4fce2eb579778ac9fde6cb7286c8c1ed2c442d2,2019-12,Staffordshire Police,Staffordshire Police,-2.135084,52.988380,On or near Supermarket,E01014302,Stoke-on-Trent 022D,Offender given a caution
8d491ba135a1992860f3476aa53f4eb774b955d6c1fe7e50b27c83b98ce68e26,2019-12,Staffordshire Police,Staffordshire Police,-2.134232,52.987473,On or near Bus/Coach Station,E01014302,Stoke-on-Trent 022D,Offender given a caution
78939e5d635aec9e341dad5cbfb3b9e487765c1ff7bbc46c2d9c4d50887c5c62,2019-12,Staffordshire Police,Staffordshire Police,-2.167361,53.049007,On or near MIRANDA GROVE,E01014268,Stoke-on-Trent 008C,Offender given a caution
7d859d5e6f99cc2cc34e4abc7c877316e72ab18b9672ee6ce6c3608f6a4fbe86,2019-12,Staffordshire Police,Staffordshire Police,,,No location,,,Offender given a caution
c7a41c3bd5a20b01cdb43a8ed7682dea8ec6c189f0167084f5ab96040b352db5,2019-12,Staffordshire Police,Staffordshire Police,-2.124046,52.999008,On or near BYWATER GROVE,E01014296,Stoke-on-Trent 022A,Offender given a caution
d096e69736911cb4091221a6a90438870b57ca42cdc06680524e64ebea5be88d,2019-12,Staffordshire Police,Staffordshire Police,-2.185927,53.071830,On or near JOHNSON PLACE,E01014261,Stoke-on-Trent 003A,Offender given a caution
9a697eec0e9cbd42147906339f06342ea3a317ff00763c706843fdd9765ce670,2019-12,Staffordshire Police,Staffordshire Police,,,No location,,,Offender given a caution
e6aa7e9018aa3aa8d7ec564394a016ea042c3ed9fe3833c4bca103dfb1c77b05,2019-12,Staffordshire Police,Staffordshire Police,-2.196075,53.045430,On or near SWAN SQUARE,E01014251,Stoke-on-Trent 009C,Offender given a caution
bc4f5b09c55bf6b1f493fc27aeba61c65ef8308632ecae05f6ae35e236251a73,2019-12,Staffordshire Police,Staffordshire Police,,,No location,,,Offender given a caution
c8eb168b0a26732da7b3366eec6598e5e57b7a660dbd34cb7781e93fad627785,2019-12,Staffordshire Police,Staffordshire Police,-2.190843,53.059543,On or near Supermarket,E01014243,Stoke-on-Trent 006C,Suspect charged as part of another case
76c6c607305bfedd0901d9ab818083b9bf2d6acb681c0e1681d62e7ea842e902,2019-12,Staffordshire Police,Staffordshire Police,-2.239484,53.021700,On or near Supermarket,E01029554,Newcastle-under-Lyme 010B,Suspect charged as part of another case
8584c097873cef8252c629de207fb9615e4fa26f56c5298e85fee0511db9cce9,2019-12,Staffordshire Police,Staffordshire Police,-2.126071,52.977972,On or near Petrol Station,E01014312,Stoke-on-Trent 029D,Suspect charged as part of another case
80026b7015b38cf2ebe61b2a897034afe96040bd607a92c4c0f3901a5f2c39ca,2019-12,Staffordshire Police,Staffordshire Police,-2.225624,52.991263,On or near Supermarket,E01029591,Newcastle-under-Lyme 014C,Suspect charged as part of another case
ece900ead6181fc21f0639f17973ab21feb0f0fb024e14af3b071eb805ea9f3e,2019-12,Staffordshire Police,Staffordshire Police,-2.174396,53.025418,On or near Shopping Area,E01014287,Stoke-on-Trent 015D,Suspect charged as part of another case
b6698e11cf5c5122f4939ea114b2b2e63705c79ecebda77b8f1eda9b86e3dee5,2019-12,Staffordshire Police,Staffordshire Police,-2.268321,53.015292,On or near Supermarket,E01029567,Newcastle-under-Lyme 010D,Suspect charged as part of another case
498f4170470752c072444df8e8e1b22cdebe4abc9b1d2e4c5e3025a92c59d63a,2019-12,Staffordshire Police,Staffordshire Police,-2.103287,52.978866,On or near Supermarket,E01014321,Stoke-on-Trent 028A,Suspect charged as part of another case
bdd4fad9411260a05fc3907fb6b2ad48635f99211c6050bac0411c7c942919cf,2019-12,Staffordshire Police,Staffordshire Police,-2.189582,53.023948,On or near JOSIAH WEDGWOOD STREET,E01014285,Stoke-on-Trent 015B,Suspect charged as part of another case
2ad5519cbfe7e9f23fd4ee101884e3dfc05d1dc0401113d9111ad1a2a1f5e249,2019-12,Staffordshire Police,Staffordshire Police,-2.103287,52.978866,On or near Supermarket,E01014321,Stoke-on-Trent 028A,Suspect charged as part of another case
d5b5731eba47efc02f5e5b8ea25ba9eb956a64a8692ac13a278f575539566b13,2019-12,Staffordshire Police,Staffordshire Police,-2.246917,53.002457,On or near OSTEND PLACE,E01029601,Newcastle-under-Lyme 015E,Suspect charged as part of another case
885fa04c7a7614adcb081f4bf7bb34246f7fde6df5c9313d6ed10e2f2ead46e2,2019-12,Staffordshire Police,Staffordshire Police,-2.209755,53.015042,On or near SACKVILLE STREET,E01014288,Stoke-on-Trent 018A,Suspect charged as part of another case
1b9df1388ee8fdcf715225a5709772c4995bd2295a85fa9a7345cdd28e220f11,2019-12,Staffordshire Police,Staffordshire Police,-2.207050,53.016592,On or near NEWTON STREET,E01014291,Stoke-on-Trent 018D,Suspect charged as part of another case
bbf61f6e097970e184664e29b2b61441f66863fb0fdc0eb1f0ae16cb64b530bf,2019-12,Staffordshire Police,Staffordshire Police,,,No location,,,Suspect charged as part of another case
27ac446a7b33aeab9b6f1c5448d4b2e60a7b2fc9fd0d0af5e3c45a4fa3b9a2f6,2019-12,Staffordshire Police,Staffordshire Police,-2.233313,52.997046,On or near SANDON AVENUE,E01029606,Newcastle-under-Lyme 015F,Suspect charged as part of another case
3196b929191ddc8a3eb2cb4224766de85e376111b696ffa3353c1250d47fc7fc,2019-12,Staffordshire Police,Staffordshire Police,-2.233034,53.014333,On or near BAILEY STREET,E01029604,Newcastle-under-Lyme 011E,Suspect charged as part of another case
453285ea5c86560d1ba2d7c7c1933b7997ab0bc0b307d213be6ca601b874a324,2019-12,Staffordshire Police,Staffordshire Police,-2.233034,53.014333,On or near BAILEY STREET,E01029604,Newcastle-under-Lyme 011E,Suspect charged as part of another case
69befc3ebde2ac7fca93453e2a4052353c3a071f9ed74606bbe0a144d9f73c8e,2019-12,Staffordshire Police,Staffordshire Police,-2.221407,53.008332,On or near BELGRAVE ROAD,E01029602,Newcastle-under-Lyme 011C,Suspect charged as part of another case
59d78375055036282d2bd318cc0e22a3e428a8385b6afc8d19bcb87c4a9349a1,2019-12,Staffordshire Police,Staffordshire Police,-2.221407,53.008332,On or near BELGRAVE ROAD,E01029602,Newcastle-under-Lyme 011C,Suspect charged as part of another case
db4064a8400290ae177548d1cd790bd1ba4233a142a3ffc4e77a6750d0d9fe72,2019-12,Staffordshire Police,Staffordshire Police,-2.190626,53.024027,On or near SANDON STREET,E01014285,Stoke-on-Trent 015B,Suspect charged as part of another case
0f72537064dbc7fdd7ee0e9de5dd293a81c2f26bc6e9fca9ec226da79d321d12,2019-12,Staffordshire Police,Staffordshire Police,-2.190607,53.023173,On or near SEFTON STREET,E01014285,Stoke-on-Trent 015B,Suspect charged as part of another case
009109eea19ff77183461b17483de6869c3e467d01738d673bc0efd184623af6,2019-12,Staffordshire Police,Staffordshire Police,-2.190607,53.023173,On or near SEFTON STREET,E01014285,Stoke-on-Trent 015B,Suspect charged as part of another case
f04f9ba31e1cf293b5e3be917b64cfe3d54d30048ad13a7b31eef19eaa5b9178,2019-12,Staffordshire Police,Staffordshire Police,-1.795016,52.763996,On or near LIGHTWOOD ROAD,E01029474,East Staffordshire 006F,Offender given penalty notice
a86bc9a7e44c501445a6f5eb6757f6663dd1d143ef407855c07302ae68e70641,2019-12,Staffordshire Police,Staffordshire Police,-1.634329,52.804198,On or near STATION STREET,E01032896,East Staffordshire 011F,Offender given penalty notice
e354d5104b0b4ee9e698e6c22f4accaa2347351f9f6a9e062b5f1eb5870755f6,2019-12,Staffordshire Police,Staffordshire Police,-2.103311,52.807808,On or near BEDFORD AVENUE,E01029722,Stafford 009C,Offender given penalty notice
b9f8a4ded4823461e77d8cdc9a5bd5ce9fc47bc583670469dc9643ffdcd62c35,2019-12,Staffordshire Police,Staffordshire Police,,,No location,,,Offender given penalty notice
dd05dd651e0539aff5157dd5552f8985350c8a32f73047ae49329f57f2097660,2019-12,Staffordshire Police,Staffordshire Police,-1.634207,52.788745,On or near WATERSIDE ROAD,E01029450,East Staffordshire 014B,Offender given penalty notice
5d8560624641ab06eaa7db87af1c0927fce9a874a11a302585429e10dbf7bebe,2019-12,Staffordshire Police,Staffordshire Police,-1.638666,52.816149,On or near HORNINGLOW ROAD,E01029426,East Staffordshire 008A,Offender given penalty notice
89109b9cc787472af651aec9995fff3103ceb6b5f6cac9ff40f33cd0031748f7,2019-12,Staffordshire Police,Staffordshire Police,-1.719188,52.638651,On or near LINCOLN AVENUE,E01029836,Tamworth 002B,Offender given penalty notice
661ac40dfad5c1c84350ec978f6501d6f20fb22af84da9e66f41b914efa743c3,2019-12,Staffordshire Police,Staffordshire Police,-2.103579,52.814469,On or near SHELLEY CLOSE,E01029693,Stafford 009B,Offender given penalty notice
3f2d79a55df07fbcc26d20905b7b32b7ebc1e8621875b35327abb28a9d6d891a,2019-12,Staffordshire Police,Staffordshire Police,-2.201808,52.592091,On or near CHERITON GROVE,E01029664,South Staffordshire 011B,Offender given penalty notice
4dbefc51638b331976bb0edf746251117ae343cb4c9d6ee53d01053ec6fc7a11,2019-12,Staffordshire Police,Staffordshire Police,-2.192840,52.972309,On or near DEANSBERRY CLOSE,E01014348,Stoke-on-Trent 030B,Offender given penalty notice
722de0fcd1670db2ffdc572c1df274e64790ef0bfa53d4958e05c42985a1de9a,2019-12,Staffordshire Police,Staffordshire Police,-2.248478,52.981060,On or near NURSERY GARDENS,E01029570,Newcastle-under-Lyme 016B,Offender given penalty notice
d46c95d6c46bb200f31729690fd77072a306c8e28d06de765beebba04ee9b720,2019-12,Staffordshire Police,Staffordshire Police,-1.927553,52.680790,On or near BRIDGE CROSS ROAD,E01029497,Lichfield 006E,Local resolution
d006cc90ad71c96f413fa6260ddddcd17d7f611285b329f6aec36358da0e59ea,2019-12,Staffordshire Police,Staffordshire Police,-1.792781,52.766402,On or near FERRERS ROAD,E01029474,East Staffordshire 006F,Local resolution
dfaea6861bf0ea6afed4cc18c45e0474f1c499bedcbc5e5ec176c8bf366e01e8,2019-12,Staffordshire Police,Staffordshire Police,-2.080252,52.813048,On or near WESTON ROAD,E01029732,Stafford 011E,Local resolution
dfaea6861bf0ea6afed4cc18c45e0474f1c499bedcbc5e5ec176c8bf366e01e8,2019-12,Staffordshire Police,Staffordshire Police,-2.080252,52.813048,On or near WESTON ROAD,E01029732,Stafford 011E,Local resolution
5ab78957fde46bc97aa370ab4d9857952123e6b14fb1305002b795314b788b41,2019-12,Staffordshire Police,Staffordshire Police,-1.871021,52.896454,On or near Park/Open Space,E01029462,East Staffordshire 003D,Local resolution
2f12577e32d7f09fc70df96af33630e322db6793df67f96ec4b4892bee0aef97,2019-12,Staffordshire Police,Staffordshire Police,-2.186982,52.559680,On or near SPRINGHILL LANE,E01029672,South Staffordshire 013C,Local resolution
21a42f81a1b99ab9bf51dd19faeb560450de9f2dc57f1a6d11aa32b6052a7ebb,2019-12,Staffordshire Police,Staffordshire Police,-1.641965,52.813714,On or near DALLOW STREET,E01029426,East Staffordshire 008A,Local resolution
e99b1d67e76dd7a451a77adfa4774768a5265b630282351c61be75b4824a9e3f,2019-12,Staffordshire Police,Staffordshire Police,,,No location,,,Local resolution
eb9d94ae096b0b9f18b27fbe2b1ad90bd419a72087d16c0f2f1514400c50ecf3,2019-12,Staffordshire Police,Staffordshire Police,-1.930070,52.679309,On or near SYCAMORE ROAD,E01029497,Lichfield 006E,Local resolution
252709f61bada8e3f36829160c610a8ddb43957b3d5beff6cff348d7326a419b,2019-12,Staffordshire Police,Staffordshire Police,-2.376942,52.853136,On or near Park/Open Space,E01029696,Stafford 005B,Local resolution
1d4a702524cdf347e8c26d9f097e26b549c1a2026d6532c788a0e0b42c83d666,2019-12,Staffordshire Police,Staffordshire Police,-2.109594,52.805159,On or near Supermarket,E01029701,Stafford 010E,Local resolution
97298a0588a840b037ccc988c136dbed78601dd0322d9b251e534dcd017f9aa8,2019-12,Staffordshire Police,Staffordshire Police,-2.131119,52.800678,On or near DEANSHILL CLOSE,E01029737,Stafford 012C,Local resolution
64bf59c9c414f897bc23614cc1c3e58c8dcb48607b4bf38e16812d4b00abbe77,2019-12,Staffordshire Police,Staffordshire Police,-2.186259,52.625846,On or near FORSYTHIA GROVE,E01029614,South Staffordshire 008B,Local resolution
2259ca35d9408bff6d3b8a0265df3076fc0411c5c041c8c19017ebf6455b9e53,2019-12,Staffordshire Police,Staffordshire Police,-2.026321,52.689260,On or near PRICE STREET,E01029360,Cannock Chase 012B,Local resolution
f7996ea59670f968111c0af502cb38c354245d6855f526c45686a73a12f03dc7,2019-12,Staffordshire Police,Staffordshire Police,-1.694341,52.635273,On or near Parking Area,E01029835,Tamworth 002A,Local resolution
67a83e9a85ff9316f924834d2c326de9609c1eb0fc4d56e58de8bc296e132c2e,2019-12,Staffordshire Police,Staffordshire Police,-1.938061,52.760166,On or near CROSSLEY STONE,E01029404,Cannock Chase 002E,Local resolution
f3b8502bed5076a281c2e1ba8e9e3d0b30ae766a2fe5cf3678324973cd20d4aa,2019-12,Staffordshire Police,Staffordshire Police,-1.653963,52.617677,On or near CROWDEN ROAD,E01029856,Tamworth 008B,Local resolution
e5adfd43b5bad75a8c3207a68ee998544b6f0897058926e2d221d90157251ac1,2019-12,Staffordshire Police,Staffordshire Police,-2.185636,52.534358,On or near MAYPOLE COURT,E01029676,South Staffordshire 012C,Local resolution
9c749d0b6d4d60d22c3c7fdc01d26c11ac3b856dee89fa00ef44794bfd6c45e1,2019-12,Staffordshire Police,Staffordshire Police,-2.029753,52.688971,On or near Nightclub,E01029360,Cannock Chase 012B,Local resolution
01a4531e563ff0ed77d3275b356a905d0818401e91482b60d20d8da142e57534,2019-12,Staffordshire Police,Staffordshire Police,-2.217343,52.712436,On or near YEW TREE DRIVE,E01029669,South Staffordshire 003D,Local resolution
d6102fb720c5e21297cacf2adf7f25473f337b8e6468a2c2a8051a5a6e972ff2,2019-12,Staffordshire Police,Staffordshire Police,-1.918936,52.669260,On or near HILLCREST RISE,E01029506,Lichfield 009F,Local resolution
b9b8130dd8dd147e73bdc3c83e9a9979adc7f152348554d3a4e88dc3e7ee2d6e,2019-12,Staffordshire Police,Staffordshire Police,-1.875721,52.900675,On or near SUMMERFIELD DRIVE,E01029462,East Staffordshire 003D,Local resolution
91ab9768a73234092e4e0ff6bd0e3bb7a52bb8c23327063860e693fd1dbf741f,2019-12,Staffordshire Police,Staffordshire Police,-2.116788,52.799597,On or near TELEGRAPH STREET,E01029701,Stafford 010E,Local resolution
4e3fda774a5cf953b20b38879e65e18eb2a05c5263d0c202349608bade06da82,2019-12,Staffordshire Police,Staffordshire Police,-1.673854,52.787179,On or near COURT FARM LANE,E01029416,East Staffordshire 013D,Local resolution
6c4d1707b7ab3f9cb8440ee3cde53ca482fc234743e8cf5691338b9c33409d7c,2019-12,Staffordshire Police,Staffordshire Police,-1.878276,52.603070,On or near ALDRIDGE ROAD,E01029514,Lichfield 011B,Local resolution
48da4757abb5a722c6028b4b10937195cf2b47d7e6703cabc4e4b12acdf7e402,2019-12,Staffordshire Police,Staffordshire Police,-1.644128,52.612020,On or near MOSSDALE,E01029855,Tamworth 008A,Local resolution
bbcc2496f0dd688721506882a4549a34246dd24b652965859a3c061d302a9f41,2019-12,Staffordshire Police,Staffordshire Police,-1.935389,52.763490,On or near MARKET STREET,E01029404,Cannock Chase 002E,Local resolution
7538d59ec1062869438f9cbf3dc5639b0380cc67b03d6c81d30034bab49ee09e,2019-12,Staffordshire Police,Staffordshire Police,-2.226301,52.446734,On or near THE BURGESSES,E01029649,South Staffordshire 014A,Local resolution
67802fec46785cc3aa1058a94b4d925b290f0b721298d1f8e25a8704744559b7,2019-12,Staffordshire Police,Staffordshire Police,,,No location,,,Local resolution
c80efba535a7a68873bd232bf3db7921223edb8a5e01ef90924ce074ef962694,2019-12,Staffordshire Police,Staffordshire Police,-2.131254,52.692920,On or near WAITLING STREET,E01029658,South Staffordshire 001D,Local resolution
b320ac5c233ff0a119f05fb0ee92b3af95bf44a45e9f600f02069e35f486febe,2019-12,Staffordshire Police,Staffordshire Police,,,No location,,,Local resolution
6146ea19a3efd55b094519da07465b17cb826ccd8357193d8343dbee5a1b6643,2019-12,Staffordshire Police,Staffordshire Police,,,No location,,,Local resolution
7acd3368f2d2b6c43b2ef2c1eb42a2f6f991f3f526b648c373351c506f6bd9b3,2019-12,Staffordshire Police,Staffordshire Police,-2.028672,52.687021,On or near HALLCOURT LANE,E01029360,Cannock Chase 012B,Local resolution
6f9ca16dacb9b1457a060a1fa48295b67c1593af523ba6a9ebd3714603183d68,2019-12,Staffordshire Police,Staffordshire Police,-2.119847,52.811667,On or near SASH STREET,E01029701,Stafford 010E,Local resolution
3905ffe0c6fc8948149f14d44d5cc651d0d9289a80aee2218e070f13cb2176fc,2019-12,Staffordshire Police,Staffordshire Police,-1.766582,52.710249,On or near Petrol Station,E01029479,Lichfield 002C,Local resolution
9c98e147ecd842438990b0bf998b21b51ac9ecbd4e761ff9cd4f82dfeedcbad6,2019-12,Staffordshire Police,Staffordshire Police,-1.868025,52.756665,On or near PIPE LANE,E01029498,Lichfield 001D,Local resolution
0578635156dd0596ac798142b73379aae1f28f4a427329cc134b42649a147944,2019-12,Staffordshire Police,Staffordshire Police,-2.217343,52.712436,On or near YEW TREE DRIVE,E01029669,South Staffordshire 003D,Local resolution
495126de1f70a21fa401608cfb33873490e7b38f62d2cb0c86785ef34a3cacaa,2019-12,Staffordshire Police,Staffordshire Police,-1.916265,52.743566,On or near ARMITAGE LANE,E01029347,Cannock Chase 003C,Local resolution
edded2ea5cbe6a94a2b75aec76968f614a4656718216e5f03be85811f583ec49,2019-12,Staffordshire Police,Staffordshire Police,-2.087561,52.640704,On or near CANNOCK ROAD,E01029635,South Staffordshire 007D,Local resolution
83b5e0eb385694ebd8c1f54e885c382cf50296245613bd1a3b735416fdd47dab,2019-12,Staffordshire Police,Staffordshire Police,,,No location,,,Local resolution
79b159410d08866e266aaa578284792b2a116f36e491725597560ede33451ac8,2019-12,Staffordshire Police,Staffordshire Police,-2.109594,52.805159,On or near Supermarket,E01029701,Stafford 010E,Local resolution
e9acc2d0d7921300757cf028c3d045ccd3190068746176a5225bc56f5ce456cd,2019-12,Staffordshire Police,Staffordshire Police,-1.930745,52.672828,On or near COTTAGE CLOSE,E01029496,Lichfield 010A,Local resolution
51263c6185a81c90f756aff9cd209660977dbe1d01ea15b7fc6480f1b2882b61,2019-12,Staffordshire Police,Staffordshire Police,-2.115672,52.725569,On or near CROWN BRIDGE,E01029660,South Staffordshire 001F,Local resolution
7999c3b7f597211e73eec983374f83999ea1d8e130fff63066786e4fa17e4add,2019-12,Staffordshire Police,Staffordshire Police,,,No location,,,Local resolution
7941b4b84e502814bdaa4d564ed7d09c1768834c6f7f5ab058ca2a4f58617186,2019-12,Staffordshire Police,Staffordshire Police,-2.122678,52.815979,On or near NORTH PLACE,E01029689,Stafford 010A,Local resolution
94957624b4f1a36f421f9ecb83f6b42ba2039dd85abc902bffdc5c834848b481,2019-12,Staffordshire Police,Staffordshire Police,-2.193193,52.657129,On or near CHILLINGTON STREET,E01029617,South Staffordshire 003A,Local resolution
02fed80763182a52064af68bee5bdf8387fcb9931ef423ef2bf70d8fdb552be0,2019-12,Staffordshire Police,Staffordshire Police,-2.176468,52.520294,On or near CHERRY LANE,E01029645,South Staffordshire 013A,Local resolution
f7664eb30f7f0c4bf3f9aea1d6bd011a1b4fee4755d73bdfb3a1b2f5f7e0fb35,2019-12,Staffordshire Police,Staffordshire Police,-1.826831,52.678502,On or near WILTELL ROAD,E01029519,Lichfield 007E,Local resolution
1c2d11569cd55b70e4a0c7e52c212c804baca4d4d1da1cb1974bf907d2419d06,2019-12,Staffordshire Police,Staffordshire Police,-1.738382,52.807367,On or near WILMORE LANE,E01029440,East Staffordshire 015B,Local resolution
210c17da021d87f3ba6006a3ccc74c60c96621e50089e461af635bbb6aee6b0e,2019-12,Staffordshire Police,Staffordshire Police,,,No location,,,Local resolution
7bbcb3e48afd3dd8ea82aea7465dfe750671a3c39d85087e447380fa8b45c7eb,2019-12,Staffordshire Police,Staffordshire Police,-2.175160,52.661580,On or near PARK LANE,E01029617,South Staffordshire 003A,Local resolution
3fbefdffcced067ee0966a8cb7182aaf48c7e5829971458aed51b08a2b785358,2019-12,Staffordshire Police,Staffordshire Police,-2.109594,52.805159,On or near Supermarket,E01029701,Stafford 010E,Local resolution
3d6bdffa0868d98ae201b912385eeec942b5df96d17b3ebe78d357d14de9f1b2,2019-12,Staffordshire Police,Staffordshire Police,-1.961055,52.764535,On or near Parking Area,E01029368,Cannock Chase 001A,Local resolution
e97f8ca713d1d91be00dfd043572aa75dd4d1fd89ee89aa8134723114330a0a5,2019-12,Staffordshire Police,Staffordshire Police,-2.129041,52.639938,On or near CLUB LANE,E01029616,South Staffordshire 006A,Local resolution
620cc044d4913f58d756f07eccea2267b7344b146a4fcb64e4ef7b85a4f3420b,2019-12,Staffordshire Police,Staffordshire Police,-2.175160,52.661580,On or near PARK LANE,E01029617,South Staffordshire 003A,Local resolution
41425e2ecb5385e4045ba24edcca5cef02c4f63136f7123a1c20458d33714632,2019-12,Staffordshire Police,Staffordshire Police,-1.658343,52.607162,On or near SANDSTONE COURT,E01029865,Tamworth 008E,Local resolution
0c783f4bfba978ee4e05030d57c23c17f00fd999b08b1629ade614f2ca5dc3d7,2019-12,Staffordshire Police,Staffordshire Police,-1.650725,52.805452,On or near SHOBNALL ROAD,E01029448,East Staffordshire 009D,Local resolution
f046cf3e324a7fd006f4fef1615e66f8563eeeebbdc5f7a3e8cf755a84f78151,2019-12,Staffordshire Police,Staffordshire Police,-2.249377,52.787912,On or near SHARMAN WAY,E01029709,Stafford 015E,Local resolution
dfa6b85e340633a83bc365a4e07a5931af793aac3beb003264cd2459c4a0bfe5,2019-12,Staffordshire Police,Staffordshire Police,-1.622601,52.695549,On or near ST DAVIDS ROAD,E01029516,Lichfield 008A,Local resolution
541e0bafda2a3aa0547d280b4e1f2d13dc869f6aea51e8461f189c9570eabea7,2019-12,Staffordshire Police,Staffordshire Police,-1.768931,52.713912,On or near OAKLANDS CLOSE,E01029479,Lichfield 002C,Local resolution
dcb1b23188b89ccbf075fd477949c56404937a0a2603dce52737f054d2e2a26c,2019-12,Staffordshire Police,Staffordshire Police,-2.024368,52.689997,On or near A5190,E01029367,Cannock Chase 011E,Local resolution
8fa584f6f8b235ecd019a701435900cd8c63c7ced646e3d7282d0609f1dc6574,2019-12,Staffordshire Police,Staffordshire Police,-1.975895,52.701387,On or near SYCAMORE ROAD,E01029379,Cannock Chase 006A,Local resolution
7b62d81292cf46c35ed0c97b961a6da1a6fe575ce73d03fd5352ca95decf498f,2019-12,Staffordshire Police,Staffordshire Police,,,No location,,,Local resolution
78bce14edf61776fe299bdfeebb514c3734b23179f7ab6e1b4e68017081a51dd,2019-12,Staffordshire Police,Staffordshire Police,-1.644043,52.808111,On or near WATERLOO STREET,E01029445,East Staffordshire 009A,Local resolution
67e843c59ed8d09457d56b21bea69dbb28502d19c426e2763ab6d68749717a7e,2019-12,Staffordshire Police,Staffordshire Police,-1.942665,52.661732,On or near Park/Open Space,E01029497,Lichfield 006E,Local resolution
3e086f821c4fa2b525df5f58641d2c54b7275ff0b9f66f64172ffbd91e180c44,2019-12,Staffordshire Police,Staffordshire Police,-2.029487,52.689906,On or near Parking Area,E01029360,Cannock Chase 012B,Local resolution
d67c211e5c2a6c2d663e6e02454ca8f4fe93ce6dd84754017428b50b2b78d203,2019-12,Staffordshire Police,Staffordshire Police,-1.721884,52.639997,On or near LICHFIELD ROAD,E01029847,Tamworth 001B,Local resolution
9d546d0744977f1a580a0aa0e2398867576190bf8400f56c7928a98a0da60edc,2019-12,Staffordshire Police,Staffordshire Police,-1.672866,52.790449,On or near FIRST AVENUE,E01029416,East Staffordshire 013D,Local resolution
cda554936c5465c6d46449a671a9650ad746f0827352f724da013465d3743401,2019-12,Staffordshire Police,Staffordshire Police,,,No location,,,Local resolution
e39531321849e0b8f93b2e775a26bc1f9b6fecf7207c31fc62888d96d8960cd1,2019-12,Staffordshire Police,Staffordshire Police,-2.128154,52.897003,On or near PEMBROKE DRIVE,E01029739,Stafford 004B,Local resolution
9a9fa9968e5002ef63b0066e4abb234b040ebb8193096376f8bffb6159acb38d,2019-12,Staffordshire Police,Staffordshire Police,-2.226128,53.093181,On or near CASTLEVIEW ROAD,E01029563,Newcastle-under-Lyme 002B,Local resolution
dc31cf876bb730be9f3441837ae271fff74d935f6bdccc57a648f6ded275b629,2019-12,Staffordshire Police,Staffordshire Police,-2.166015,52.997627,On or near NELSON STREET,E01014276,Stoke-on-Trent 020C,Local resolution
ff013873f852b81ef725bf8472f80d1ce359d7ed7695502226609e197cddee2a,2019-12,Staffordshire Police,Staffordshire Police,-2.116067,52.979537,On or near MEIR ROAD,E01014307,Stoke-on-Trent 029C,Local resolution
ff013873f852b81ef725bf8472f80d1ce359d7ed7695502226609e197cddee2a,2019-12,Staffordshire Police,Staffordshire Police,-2.116067,52.979537,On or near MEIR ROAD,E01014307,Stoke-on-Trent 029C,Local resolution
db7a47ce84bfe93064c09984648d89834461bccd9fce5ace6f2500508d25f9bb,2019-12,Staffordshire Police,Staffordshire Police,-2.225244,53.009773,On or near Nightclub,E01029604,Newcastle-under-Lyme 011E,Local resolution
7a0378ee5a6827d45b8a97e55a53a9ca7524224d321c0bc0061d87802c71f90b,2019-12,Staffordshire Police,Staffordshire Police,-2.215160,53.070791,On or near SHELFORD ROAD,E01014360,Stoke-on-Trent 002D,Local resolution
a3c921f0470a3ee3c9ab737761839264d9132d959fe1ee8f490397b213ddff0c,2019-12,Staffordshire Police,Staffordshire Police,-2.246186,53.083424,On or near FOURTH AVENUE,E01029543,Newcastle-under-Lyme 003D,Local resolution
b542ed7b4e41f0ace056b80fb0ab173f9ed31c8c0634261f1ef4e030b2fd82a1,2019-12,Staffordshire Police,Staffordshire Police,-2.129020,53.013062,On or near DAWLISH DRIVE,E01014222,Stoke-on-Trent 017C,Local resolution
c93f89f0c6279aff33478a7f2fb94b0422a3d3ac28ce31d2e7032be483c51f40,2019-12,Staffordshire Police,Staffordshire Police,-2.137259,53.026060,On or near CHAPEL STREET,E01014225,Stoke-on-Trent 014C,Local resolution
3fbe373ac90c8091d0a3743fb96bee0a18de00c791819877a087804a541dbc54,2019-12,Staffordshire Police,Staffordshire Police,-2.187587,52.997055,On or near FLETCHER ROAD,E01014340,Stoke-on-Trent 019D,Local resolution
e3aa7733a8d715b7b9cad808197a9ae11bb5fcb914d15474744c47e42ea0c65f,2019-12,Staffordshire Police,Staffordshire Police,-2.209099,53.058217,On or near Parking Area,E01014356,Stoke-on-Trent 005C,Local resolution
b86e834f561d76b298557b0e77df32c62c2100e6052bd1b54e50f72f77e8be42,2019-12,Staffordshire Police,Staffordshire Police,-2.142890,53.020040,On or near FOUNDRY LANE,E01014219,Stoke-on-Trent 014B,Local resolution
b3c5ab2ce0e5cbd929361d9b86e5af36cb90ef6c5bf6b76e513c1962e8400345,2019-12,Staffordshire Police,Staffordshire Police,,,No location,,,Local resolution
6033bfa5e048337aa15818f9478eea62ae249fd887e2cc647cc21078224af8b9,2019-12,Staffordshire Police,Staffordshire Police,,,No location,,,Local resolution
d1ddea088e6016c998a635978cfc0c73c7158610e0dee05a0a236b59dcb87c9b,2019-12,Staffordshire Police,Staffordshire Police,-2.258106,53.086994,On or near Supermarket,E01029541,Newcastle-under-Lyme 003B,Local resolution
892fb7dc2eff32b3204238bf9d44b442ed7e4769ac66ddbeee02eeb4a862dd3b,2019-12,Staffordshire Police,Staffordshire Police,-2.129020,53.013062,On or near DAWLISH DRIVE,E01014222,Stoke-on-Trent 017C,Local resolution
5086e15e1f31a8ccffacbf6e2090a8aaf682418a63290a3d9653d41f7e46db48,2019-12,Staffordshire Police,Staffordshire Police,-2.254450,53.072008,On or near BEVAN AVENUE,E01029597,Newcastle-under-Lyme 003F,Local resolution
c4a2f7b3ad3f1a6523cc0dcaf9108bf3a0e334bc08cad3ca6e149212193d49ee,2019-12,Staffordshire Police,Staffordshire Police,-2.176253,53.009217,On or near LEEK ROAD,E01014282,Stoke-on-Trent 016D,Local resolution
54ba398b3b5d1df839699c87999a44737d5f17fe43f9906e1e9036a4a418e943,2019-12,Staffordshire Police,Staffordshire Police,-2.184096,53.069513,On or near DEAKIN ROAD,E01014261,Stoke-on-Trent 003A,Local resolution
887c7748f017a1a588dbb63c18da4e6f91fb1f5d7f4bdc98a71b59db5907338c,2019-12,Staffordshire Police,Staffordshire Police,-2.258211,53.047109,On or near CHERRY CLOSE,E01029548,Newcastle-under-Lyme 007B,Local resolution
51a0b280335986f36dc6716597786c052e5c6cdd51b6218e140ea0150c8c0e62,2019-12,Staffordshire Police,Staffordshire Police,-2.189178,53.037252,On or near WATERLOO ROAD,E01014254,Stoke-on-Trent 011C,Local resolution
63caf47aa35f9d93fd17b8a10fc70cfb35b1718e676614b5f834908c075db16d,2019-12,Staffordshire Police,Staffordshire Police,,,No location,,,Local resolution
12ddd871b25c595e55967254a3fad137bae0bf8412fc832e5c0bfc2528f34186,2019-12,Staffordshire Police,Staffordshire Police,-2.143479,52.995445,On or near HOLLINGS STREET,E01014278,Stoke-on-Trent 021B,Local resolution
f8a3d922af1bdbf80b5f76e5d8cfc3dd40322407b8a3354300bd0ff80e6f5b0e,2019-12,Staffordshire Police,Staffordshire Police,-2.190041,52.996117,On or near NURSERY STREET,E01014340,Stoke-on-Trent 019D,Local resolution
99328b252bfa3096de020b834094ce61c08d5d23bb8b738664436f49d948ffa2,2019-12,Staffordshire Police,Staffordshire Police,-2.074463,53.027168,On or near SOUTHLOWE AVENUE,E01029779,Staffordshire Moorlands 009A,Local resolution
f766d24060d911e50d0d7acf3a90049990265c279a7c00c06906c68c5ce486be,2019-12,Staffordshire Police,Staffordshire Police,-2.137489,53.013970,On or near WYNFORD PLACE,E01014226,Stoke-on-Trent 014D,Local resolution
d507bc0b9a149d93ea5570ba5df2d5e930acf0708802ecebdbb9f073285a31ab,2019-12,Staffordshire Police,Staffordshire Police,-2.063826,52.962371,On or near CLEMATIS AVENUE,E01029800,Staffordshire Moorlands 012E,Local resolution
0e2d19bb66ed3968a87967ccae40244a7fca8361399963843c8adaf33f46baef,2019-12,Staffordshire Police,Staffordshire Police,-2.065077,52.962649,On or near FERNDALE CLOSE,E01029800,Staffordshire Moorlands 012E,Local resolution
f823929af629d434b65340798894db608d641cc6a866e6135e59cfe0c0977962,2019-12,Staffordshire Police,Staffordshire Police,-2.217661,53.031046,On or near NELSON STREET,E01029612,Newcastle-under-Lyme 009E,Local resolution
2780f97c3478b865c8b9b5072fe4b23f687f786d09a35805df6642cdb1a6cd03,2019-12,Staffordshire Police,Staffordshire Police,,,No location,,,Local resolution
d75f665451f542d765c1922d2bab209babb04bb8eb79f9a9717e95a29b1a400d,2019-12,Staffordshire Police,Staffordshire Police,-2.177734,53.025054,On or near BRUNSWICK STREET,E01014287,Stoke-on-Trent 015D,Local resolution
3f1ba76b5bb8da3ef70d5612f3c2d901e229cb4191592b78f98ff46d7bf3417b,2019-12,Staffordshire Police,Staffordshire Police,-2.178094,53.112247,On or near WEST STREET,E01029774,Staffordshire Moorlands 003E,Local resolution
26107013d2e62e61174ccbefa7cb224ddfa53876d0d696eaa75e111ecf3064ce,2019-12,Staffordshire Police,Staffordshire Police,-2.174928,53.016842,On or near THE PARKWAY,E01014287,Stoke-on-Trent 015D,Local resolution
2d5afa9a9cb8b94df1a57607e1a7ca6e0b7db9c33c02b0b5fba59ec22d82b20f,2019-12,Staffordshire Police,Staffordshire Police,,,No location,,,Local resolution
a8813a85ba02d82ed56dea23448544be3d40ec23044eeee7021f033ce5301924,2019-12,Staffordshire Police,Staffordshire Police,,,No location,,,Local resolution
bf46344ea4d015ff0607ec595e3f61f0aea373b3ccdd2c3ba859d2f4408f481f,2019-12,Staffordshire Police,Staffordshire Police,-2.257339,53.083463,On or near MITCHELL DRIVE,E01029541,Newcastle-under-Lyme 003B,Local resolution
81a5c505526855fb986053196649ec99e54dde4ab1676557abf38db5f6bcd9fe,2019-12,Staffordshire Police,Staffordshire Police,-2.167766,53.022767,On or near PICTON STREET,E01033216,Stoke-on-Trent 016G,Local resolution
3bd9bc2e13453a98c7900a63b27e96312948a588f6673c47bf6aafd65ad5c703,2019-12,Staffordshire Police,Staffordshire Police,-2.250662,53.036644,On or near REYNOLDS AVENUE,E01029560,Newcastle-under-Lyme 007D,Local resolution
ac044979bf1c1b3fe8a0cbc5299c8001451e4abed74ca521f95c5dce5f85d3f5,2019-12,Staffordshire Police,Staffordshire Police,-2.225027,53.011076,On or near Shopping Area,E01029604,Newcastle-under-Lyme 011E,Local resolution
5fe0338e3eb47d8480ee9ef420d9f1c27427dbcc0f36891c2f3ef4c39b439931,2019-12,Staffordshire Police,Staffordshire Police,-2.172023,53.043517,On or near HANLEY ROAD,E01014270,Stoke-on-Trent 008D,Local resolution
3dc1deeb953956fb327cb153a564aec85720c3919c2a1c31aa44c3cd646b7d6f,2019-12,Staffordshire Police,Staffordshire Police,-2.188647,53.038575,On or near RUSHTON GROVE,E01014249,Stoke-on-Trent 011A,Local resolution
6b1fde857976c10e3e2a820dda1f340b25e6a73d3ba3dec543fdd2d1ab602868,2019-12,Staffordshire Police,Staffordshire Police,-2.172580,53.123177,On or near BROOK GARDENS,E01029773,Staffordshire Moorlands 004D,Local resolution
833e42b6cfed199ba3726e0ed4ecc529b062f4fed7cf3678470318a0f1cc2745,2019-12,Staffordshire Police,Staffordshire Police,-2.151102,53.023823,On or near Sports/Recreation Area,E01014230,Stoke-on-Trent 014F,Local resolution
22a6ac572e701747e601beed007084334a20a2e320a1877bcb65aa933eb31e85,2019-12,Staffordshire Police,Staffordshire Police,,,No location,,,Local resolution
a3792bd5c2cb441705baa6a38a3dac01b54ce3af8a1068a95a61f2187acf8da4,2019-12,Staffordshire Police,Staffordshire Police,,,No location,,,Local resolution
fcd4ecc05a9385782fbf779abe187a2a3f540d8c2e74724be01fc517e8d980a1,2019-12,Staffordshire Police,Staffordshire Police,,,No location,,,Local resolution
dbfee1e3fec73cf643d1c326605eaac2da70520fa6a84d45ef92d289abfc4454,2019-12,Staffordshire Police,Staffordshire Police,-2.178153,53.025323,On or near GITANA STREET,E01014287,Stoke-on-Trent 015D,Local resolution
ad2648878f988c8cf5cdb5dc1fc61ffc741189cc8fbdb95ee9b9a6b43b137612,2019-12,Staffordshire Police,Staffordshire Police,-2.254450,53.072008,On or near BEVAN AVENUE,E01029597,Newcastle-under-Lyme 003F,Local resolution
6d2741a1d687adfe610add89580112602720038fb6d1a9a004bfaf1f5ba01ec4,2019-12,Staffordshire Police,Staffordshire Police,-2.194004,53.075763,On or near LOWHURST DRIVE,E01014260,Stoke-on-Trent 001D,Local resolution
3e43089a239a5c53e334f6116ac2579c14e076693652332a8bdf5be9bdb4d50c,2019-12,Staffordshire Police,Staffordshire Police,-2.012016,53.116236,On or near CHURNET VIEW,E01029809,Staffordshire Moorlands 001D,Local resolution
460975693c5e0c3eda0eebe35160ef582a482d2103f9b4ad30d6e530826ce19a,2019-12,Staffordshire Police,Staffordshire Police,,,No location,,,Local resolution
80960217ca178e982f268b607ff3cb5dfd62765f3bf082dd31c2987161c210e7,2019-12,Staffordshire Police,Staffordshire Police,-2.150547,52.984137,On or near LONGTON HALL ROAD,E01014308,Stoke-on-Trent 027A,Local resolution
8b1d30a39976fe7530c71ee899a1b44b9e247a745f162c4d60dc7baf441a2768,2019-12,Staffordshire Police,Staffordshire Police,-2.247367,53.083574,On or near FIRST AVENUE,E01029543,Newcastle-under-Lyme 003D,Local resolution
c7f27a235e4be31ad7f0e35784de6c22e9a0490f9253870061ca71f3564d4e24,2019-12,Staffordshire Police,Staffordshire Police,,,No location,,,Local resolution
249f82d7d6309b3eb2b030bdc98d4728e10635a13073f3206db37e5fddd27532,2019-12,Staffordshire Police,Staffordshire Police,,,No location,,,Local resolution
db5ac3088ee2763a9afbb2c5b700a9af1b309df482077dcd28ae1d0cd5130958,2019-12,Staffordshire Police,Staffordshire Police,-2.198149,53.045454,On or near MARKET PLACE,E01014251,Stoke-on-Trent 009C,Local resolution
26163c1085d9b4419a1839654b0ffd2bcdd26d26d94fdd3b064ebbff2ddf2918,2019-12,Staffordshire Police,Staffordshire Police,,,No location,,,Local resolution
26163c1085d9b4419a1839654b0ffd2bcdd26d26d94fdd3b064ebbff2ddf2918,2019-12,Staffordshire Police,Staffordshire Police,,,No location,,,Local resolution
07cf28efb8243d3864780efdf8e2e3d68aa613961e059841c0f008440c7e92dc,2019-12,Staffordshire Police,Staffordshire Police,-2.170876,53.047555,On or near ALANLEY CLOSE,E01014268,Stoke-on-Trent 008C,Local resolution
ab3b8650c240e5869db4e4cab29d5bfccaa8063f8e101841801f64e75991cbd3,2019-12,Staffordshire Police,Staffordshire Police,-2.226342,53.011721,On or near Nightclub,E01029604,Newcastle-under-Lyme 011E,Local resolution
532d39dff314392d6aef07828fef7c6e3858dd7bf83738c4fad2e9fdb8a52721,2019-12,Staffordshire Police,Staffordshire Police,,,No location,,,Local resolution
e47fc33f42b80c0644fcc35211eeed7a0930ffbaaf46987cdc066266747eb1cd,2019-12,Staffordshire Police,Staffordshire Police,-2.169716,53.025713,On or near LINDOP STREET,E01014330,Stoke-on-Trent 013E,Local resolution
46cdb807f1dc574332c69af5be657b25da54f7227ce49d539e9d6c7e644b47c3,2019-12,Staffordshire Police,Staffordshire Police,-2.063826,52.962371,On or near CLEMATIS AVENUE,E01029800,Staffordshire Moorlands 012E,Local resolution
967041c2db3e70ef7bbc9bd048a7ee9dfdf3e78c2a0d2c24cf87a706d1636202,2019-12,Staffordshire Police,Staffordshire Police,-2.210879,53.028550,On or near Shopping Area,E01029611,Newcastle-under-Lyme 008E,Local resolution
8a5adc6c8e24d44b4fdc3cef00db2a6efe9bb90a7cf6ac6d3c44455c6ff7a226,2019-12,Staffordshire Police,Staffordshire Police,-2.134267,53.012985,On or near DIVIDY ROAD,E01014229,Stoke-on-Trent 017F,Local resolution
88a10555ef56671e58ca62b5a17d316d7c06c2c9e79deaba6690badba20bc455,2019-12,Staffordshire Police,Staffordshire Police,-2.192630,52.995411,On or near MUNRO STREET,E01014338,Stoke-on-Trent 023A,Local resolution
bf4ad57d84fe0ac420b7faec532c942b7f0c3d08050536b8548a5a95b76b42ca,2019-12,Staffordshire Police,Staffordshire Police,-2.226342,53.011721,On or near Nightclub,E01029604,Newcastle-under-Lyme 011E,Local resolution
d32233babe84050d1c349061a171ab8267cfd9cbdf684bae6b561339c1ff13cc,2019-12,Staffordshire Police,Staffordshire Police,-1.933517,52.688192,On or near Sports/Recreation Area,E01029487,Lichfield 006A,Formal action is not in the public interest
58b5cf17bdcc6b187242ab8b3e078f824ebe3857fe731ea2d970ae160643b01d,2019-12,Staffordshire Police,Staffordshire Police,-1.926345,52.748356,On or near THE GREEN,E01029346,Cannock Chase 003B,Formal action is not in the public interest
b7c9ae170a53d88bf49bb79d230f8e505b6203df40b5935fdd8caee52a29ce4c,2019-12,Staffordshire Police,Staffordshire Police,-2.114466,52.785360,On or near Supermarket,E01029729,Stafford 016B,Formal action is not in the public interest
2bbf73db75dc04693bb8b134d344c8ff15e910562027450f52e5def8809da6ff,2019-12,Staffordshire Police,Staffordshire Police,-1.894397,52.622647,On or near GRAVELLY LANE,E01010255,Walsall 007C,Formal action is not in the public interest
b569a35bfcc2c58200efd18914b821f1dfe4dbd6469e323566d9297330ae75e6,2019-12,Staffordshire Police,Staffordshire Police,-1.694212,52.636855,On or near Petrol Station,E01029851,Tamworth 002E,Formal action is not in the public interest
41dec75e5e30f8913750d8fffd94dbd7162fe18e522090ba98415018adf172a8,2019-12,Staffordshire Police,Staffordshire Police,-1.919979,52.681028,On or near Supermarket,E01029489,Lichfield 009C,Formal action is not in the public interest
e9661023d4ae8eac96be31d1708cc3399b45f39be5be9a20fa87c1fa0a33beff,2019-12,Staffordshire Police,Staffordshire Police,-1.630343,52.803718,On or near Parking Area,E01032896,East Staffordshire 011F,Formal action is not in the public interest
2b6dbdac0217d52da352fa51c2cd4f4003ee4a4d8a52227db4095a245654e58c,2019-12,Staffordshire Police,Staffordshire Police,-1.679433,52.629084,On or near ROSEWOOD COURT,E01029830,Tamworth 006E,Formal action is not in the public interest
2bada83427b9dc55210fa1abbe53ad75832059a914ec95cdc6a6cf96e05c1bf9,2019-12,Staffordshire Police,Staffordshire Police,,,No location,,,Formal action is not in the public interest
aa127f80b9408ec6790c90edd27b84a2197e136826274db8c6488e2a13a0a860,2019-12,Staffordshire Police,Staffordshire Police,-2.222439,53.000438,On or near HIGHFIELD COURT,E01029605,Newcastle-under-Lyme 014E,Formal action is not in the public interest
e8ab70735cd4950034e046773d939be2efc0a320af4f6ce5930a661cde1941bc,2019-12,Staffordshire Police,Staffordshire Police,,,No location,,,Formal action is not in the public interest
39efbf011d0c8f2a305b8f599eab5c607b1c31c70c8434ccc4f094167ecfd28e,2019-12,Staffordshire Police,Staffordshire Police,-2.221519,53.024405,On or near MAUREEN GROVE,E01029577,Newcastle-under-Lyme 009A,Formal action is not in the public interest
a59f055f9d493196e3202fc0e97f5a8d2c800054f72cf30ba1e4aebb257a9b3d,2019-12,Staffordshire Police,Staffordshire Police,-1.986108,52.978272,On or near MACKENZIE CRESCENT,E01029783,Staffordshire Moorlands 011B,Formal action is not in the public interest
8f182cff1c9e4bdd5237ea55cff75cab2f3bc694a7fc8a29b77205e85337c4f3,2019-12,Staffordshire Police,Staffordshire Police,-2.123300,52.982793,On or near BELL AVENUE,E01014302,Stoke-on-Trent 022D,Formal action is not in the public interest
821ca75a6c828a40b51dd013684de385f09f49ef65ebc2a0f7edc80c950b6f69,2019-12,Staffordshire Police,Staffordshire Police,-2.244803,53.089512,On or near Supermarket,E01029564,Newcastle-under-Lyme 002C,Formal action is not in the public interest
5fc1776c792dac20a79a23960d86cbedba6e727947a9da09c948f650aa154320,2019-12,Staffordshire Police,Staffordshire Police,-2.215546,52.992585,On or near SUFFOLK CLOSE,E01029549,Newcastle-under-Lyme 014A,Formal action is not in the public interest
5f5fa2d762556e6ae088e89bfc7e743930fabca17f91a6d090a9484e11f5bda0,2019-12,Staffordshire Police,Staffordshire Police,-2.174869,53.024330,On or near ALBION SQUARE,E01014287,Stoke-on-Trent 015D,Formal action is not in the public interest
63cc51160dea9108c93a4ff227e807d9c0adb4a8f62d0ba044da2c9fa5f0372a,2019-12,Staffordshire Police,Staffordshire Police,-2.172897,53.023299,On or near BIRCH TERRACE,E01014287,Stoke-on-Trent 015D,Formal action is not in the public interest
323f756deac2357fea1c819a634fc1f5dc5324bc25b652ab0deec3a7d06ae1e8,2019-12,Staffordshire Police,Staffordshire Police,-2.137054,52.989681,On or near MOULTON ROAD,E01014302,Stoke-on-Trent 022D,Formal action is not in the public interest
04d43b2145201481725fba3bf0174db727e3afece0679520d309795aa8dec295,2019-12,Staffordshire Police,Staffordshire Police,-2.002829,52.717490,On or near MARY STREET,E01029387,Cannock Chase 005C,Unable to prosecute suspect
f424001433220803a7fdd728765054c506633a8a3870f4e65fe95fe4d89c80e1,2019-12,Staffordshire Police,Staffordshire Police,-1.718171,52.762427,On or near MEADOW RISE,E01029442,East Staffordshire 015D,Unable to prosecute suspect
421bd18c225cc0c7c8c5a057f217b1986605f65d35aa3b5e0f95f2cf3044ddc8,2019-12,Staffordshire Police,Staffordshire Police,-1.718171,52.762427,On or near MEADOW RISE,E01029442,East Staffordshire 015D,Unable to prosecute suspect
44fb3d646c5c4febf21c76256a34a08255b2df3fad1b2344e903650aa6ba5386,2019-12,Staffordshire Police,Staffordshire Police,-1.941509,52.763673,On or near JOHN TILL CLOSE,E01029403,Cannock Chase 002D,Unable to prosecute suspect
47a3b5266e99526d7afe3c9e7551c4ab011deedcaf3f3342b19d4a6b134a5ab3,2019-12,Staffordshire Police,Staffordshire Police,-1.863832,52.894577,On or near BALANCE HILL,E01029460,East Staffordshire 003B,Unable to prosecute suspect
5881309d80946cd2342255d2235fb79fb80d63e8e14fc23cce72582d1c952181,2019-12,Staffordshire Police,Staffordshire Police,-1.944627,52.747377,On or near DURHAM DRIVE,E01029374,Cannock Chase 003E,Unable to prosecute suspect
e8b6e807dfd2762391ca8eb874fedf5a61b00747a1fc9d95c73d636e945a039c,2019-12,Staffordshire Police,Staffordshire Police,,,No location,,,Unable to prosecute suspect
ed937f83d301f65804a0749229c4298a98496504ec76e3ea843bce989b02dcf7,2019-12,Staffordshire Police,Staffordshire Police,-2.354211,52.928393,On or near CHURCH ROAD,E01029571,Newcastle-under-Lyme 016C,Unable to prosecute suspect
861c8058adbb47086461517481694cbffd51a261c5102f2198fc9577559295ef,2019-12,Staffordshire Police,Staffordshire Police,,,No location,,,Unable to prosecute suspect
594d2483cef79e5cbd3e26edf738bbff355aacd43c188e7ab8fd89093206c241,2019-12,Staffordshire Police,Staffordshire Police,,,No location,,,Unable to prosecute suspect
257228df044e9525b45deccde3f75ef6f4a2b7c9ccef51f642ce2f71f8c1103c,2019-12,Staffordshire Police,Staffordshire Police,-2.178153,53.025323,On or near GITANA STREET,E01014287,Stoke-on-Trent 015D,Unable to prosecute suspect
5992dc74a0ca5994c4c34fca2d3345a88b006fbce2f6cc14a7dd4a290acaccef,2019-12,Staffordshire Police,Staffordshire Police,-2.235757,53.005347,On or near PENARTH PLACE,E01029600,Newcastle-under-Lyme 014D,Unable to prosecute suspect
0d5447b6acacf9fd612a729a75203ef278da5fa16d36b494daa9d9a8ef782617,2019-12,Staffordshire Police,Staffordshire Police,-2.209408,53.001846,On or near GRINDLEY HILL COURT,E01014294,Stoke-on-Trent 018F,Unable to prosecute suspect
c51ae11949f88e980bad7058399b4631b554c75f1bd96c3c2d43ced6c459bf62,2019-12,Staffordshire Police,Staffordshire Police,-2.171579,53.025566,On or near OLD HALL STREET,E01014231,Stoke-on-Trent 016B,Unable to prosecute suspect
ccd500b0586b6346ca62b8593e5f2d430ea5beef8c8059b0c0f6577831e90b21,2019-12,Staffordshire Police,Staffordshire Police,,,No location,,,Unable to prosecute suspect
a0a1efd2dcf76dadef07e115f6a922c3c35db0333c643031e9000c0322cc08a3,2019-12,Staffordshire Police,Staffordshire Police,-2.160604,52.977031,On or near BEDALE PLACE,E01014236,Stoke-on-Trent 032B,Unable to prosecute suspect
4997bcaf46edcd453ce4f7a74e3751e1b9ecff9a0513ba9aaae3233e28e61877,2019-12,Staffordshire Police,Staffordshire Police,-2.219748,53.022215,On or near THE CROSSWAY,E01029578,Newcastle-under-Lyme 011B,Unable to prosecute suspect
ef877e5f400c778ab66ebad20a871a582b73f75f89607aef5e89b4d45fea5a96,2019-12,Staffordshire Police,Staffordshire Police,-2.198879,52.590874,On or near HOPTON CLOSE,E01029664,South Staffordshire 011B,Unable to prosecute suspect
cec41352cd2d8469ee39248178fcf9cca3b33883a5319d575d5b00a04d1762ae,2019-12,Staffordshire Police,Staffordshire Police,-2.174396,53.025418,On or near Shopping Area,E01014287,Stoke-on-Trent 015D,Unable to prosecute suspect
79c5a76aaf4e8455b1e35ba4435d7deed3c721bf1965bde5d05cfa12974c438f,2019-12,Staffordshire Police,Staffordshire Police,-2.147170,52.994245,On or near BARON STREET,E01014279,Stoke-on-Trent 020E,Unable to prosecute suspect
251bef549348f58ebc955a6948e2b3e5a95b4546e42ef7b6e18e1bc3c1fde019,2019-12,Staffordshire Police,Staffordshire Police,-2.254530,53.083038,On or near BRINDLEY CLOSE,E01029543,Newcastle-under-Lyme 003D,Unable to prosecute suspect
1175a797822a7da4e31e8d3280ec5b173a6fb7af06aecfed113d6adb9db2e8a5,2019-12,Staffordshire Police,Staffordshire Police,,,No location,,,Unable to prosecute suspect
275e111c683deea911320e2da1154c640bcc1a294b08c9858a109b42756c0c7e,2019-12,Staffordshire Police,Staffordshire Police,-2.202087,52.595102,On or near Supermarket,E01029666,South Staffordshire 011C,Unable to prosecute suspect
ca6035113adf7f07a58852edce4e6be2642ad5ef422c10ae79cb309b8c565f22,2019-12,Staffordshire Police,Staffordshire Police,-2.195611,52.529874,On or near WOOD HILL DRIVE,E01029679,South Staffordshire 012D,Unable to prosecute suspect
904ca2339696fc40fe23da5ad7652f279f2a6d196a493e644a5698cbf027802d,2019-12,Staffordshire Police,Staffordshire Police,-1.642991,52.797051,On or near UXBRIDGE STREET,E01029408,East Staffordshire 011B,Unable to prosecute suspect
d1326473d62ebfe0d6d9449c2b6d8827e2ae4fb397c4e1588dd2bd6f29b67494,2019-12,Staffordshire Police,Staffordshire Police,-1.658054,52.623442,On or near PULLMAN CLOSE,E01029841,Tamworth 003E,Unable to prosecute suspect
a9d1d8dc73f22d6d0742aadfd3a5e2e78b7c318e00c7d1181138613ed80eb6c0,2019-12,Staffordshire Police,Staffordshire Police,-2.114936,52.800488,On or near WOLVERHAMPTON ROAD,E01029701,Stafford 010E,Unable to prosecute suspect
f640901d8a0001c1e4f35cec625acf67497f8951ba289ef6f1be440b544656dc,2019-12,Staffordshire Police,Staffordshire Police,-1.999410,52.696670,On or near CUCKOO CLOSE,E01029376,Cannock Chase 010B,Unable to prosecute suspect
01a9149949cc5aac85138e92cf81c53ba58e3076299df087721c07a0e331f430,2019-12,Staffordshire Police,Staffordshire Police,-1.653037,52.630188,On or near NEMESIA,E01029820,Tamworth 003A,Unable to prosecute suspect
49e5989df3ca059ee214c75fcdbb9a68fb8dabb41cf524afbccd5b0b0ae586de,2019-12,Staffordshire Police,Staffordshire Police,-2.202925,52.594292,On or near TAMAR GROVE,E01029666,South Staffordshire 011C,Unable to prosecute suspect
45aea169af85a645193473e126e42a3efabba6a67288315f7358b65fc759424f,2019-12,Staffordshire Police,Staffordshire Police,-1.833934,52.650230,On or near BIRMINGHAM ROAD,E01029521,Lichfield 011C,Unable to prosecute suspect
5360afb1f15415c5f553a064dc8c706c65e29fc651e762c268d3ffa9e2131c69,2019-12,Staffordshire Police,Staffordshire Police,-1.833934,52.650230,On or near BIRMINGHAM ROAD,E01029521,Lichfield 011C,Unable to prosecute suspect
eb314c5fccfd5c56e3eb222d7f4bd4e4e6970fe78573021ebd55eb052729ace5,2019-12,Staffordshire Police,Staffordshire Police,-1.801030,52.650575,On or near Prison,E01029488,Lichfield 012A,Unable to prosecute suspect
6fbb936f95dd453a2bffee5646bb9e2bb0a7ce6f31875fb1ea34b2699c434a29,2019-12,Staffordshire Police,Staffordshire Police,-1.801030,52.650575,On or near Prison,E01029488,Lichfield 012A,Unable to prosecute suspect
b3c30043cd3ab02fd6aa3a617119721a457ef12375657a549ee28e4659fcde4e,2019-12,Staffordshire Police,Staffordshire Police,-1.642991,52.797051,On or near UXBRIDGE STREET,E01029408,East Staffordshire 011B,Unable to prosecute suspect
c2a9311ee76e3e5f0dfd03d9359ef141f7bdff9b6242cff29bd1dc64d93b0ed7,2019-12,Staffordshire Police,Staffordshire Police,-2.074015,52.966006,On or near MEADOW CLOSE,E01029702,Stafford 001A,Unable to prosecute suspect
81074faea2423f5784e1cb944ca2cc238acda3bb5eb1cc801d6f31947c52153d,2019-12,Staffordshire Police,Staffordshire Police,,,No location,,,Unable to prosecute suspect
9569d66f3714ceea59d9b802752d62e806da03eec5890e891326f562094fa4b7,2019-12,Staffordshire Police,Staffordshire Police,-2.020141,52.666454,On or near STATION ROAD,E01029641,South Staffordshire 004F,Unable to prosecute suspect
fbb2c495b7ecb545da476b8e47c86b220f651aeb7e6b1efe781458eecb2558ad,2019-12,Staffordshire Police,Staffordshire Police,-2.242853,52.550859,On or near FOX CLOSE,E01029667,South Staffordshire 013B,Unable to prosecute suspect
a06175536b293e2efddefecd0b00609410d0b880a5b3e49f2e800c543c25c0b7,2019-12,Staffordshire Police,Staffordshire Police,-1.660268,52.598924,On or near OVERWOODS ROAD,E01029869,Tamworth 010E,Unable to prosecute suspect
39de01f0f0c7f71c7afaeab3f08adf3758b475d9ff154c74b9ef8051e609bd9c,2019-12,Staffordshire Police,Staffordshire Police,-1.718005,52.638810,On or near LICHFIELD ROAD,E01029836,Tamworth 002B,Unable to prosecute suspect
d8bf01992e0179d3b8e2e8c4525dcaffecacf78430c1efcd9f0c8cb5ec66b4d6,2019-12,Staffordshire Police,Staffordshire Police,-1.806296,52.686435,On or near WITLEY DRIVE,E01029484,Lichfield 005B,Unable to prosecute suspect
c67b223c201024bbac72fb345cd15c03ea31dfcf97eefa21e07731bd2126f68d,2019-12,Staffordshire Police,Staffordshire Police,-2.113404,52.815808,On or near FREEMEN STREET,E01029694,Stafford 010C,Unable to prosecute suspect
2a9670978cebf5270e09e3613f18aa6725091fa8e8cc941896295d69425ef3d4,2019-12,Staffordshire Police,Staffordshire Police,-2.023584,52.690339,On or near HEDNESFORD ROAD,E01029367,Cannock Chase 011E,Unable to prosecute suspect
48fbb77fc80fa36c57af5b18caa843331e466c12a748c31aa7863c71a524b40a,2019-12,Staffordshire Police,Staffordshire Police,,,No location,,,Unable to prosecute suspect
73637ecb13fbb60b78a03f9443b22a6fb0447f8984589c437cb6110cb9e1e116,2019-12,Staffordshire Police,Staffordshire Police,-2.128937,52.800132,On or near BEECHCROFT AVENUE,E01029736,Stafford 012B,Unable to prosecute suspect
500f6ec9517b2eec383a8e7aac24d8a332bf17913ac2180dccc59595441939f1,2019-12,Staffordshire Police,Staffordshire Police,-1.831359,52.682032,On or near SANDFORD STREET,E01032899,Lichfield 004F,Unable to prosecute suspect
d688effba05c269e72e773266d26c4553a1a4965ac0869b87a6a140a4e061bad,2019-12,Staffordshire Police,Staffordshire Police,-1.831359,52.682032,On or near SANDFORD STREET,E01032899,Lichfield 004F,Unable to prosecute suspect
a192b5f9e9ef8dc09030d52cf9efb1d68ca104cb050c42aa33ff1beab3b01025,2019-12,Staffordshire Police,Staffordshire Police,-1.831359,52.682032,On or near SANDFORD STREET,E01032899,Lichfield 004F,Unable to prosecute suspect
82c1ea2aa39c49a91d984b91c52bdc3b04bffda8818a83ae4e62d02804196600,2019-12,Staffordshire Police,Staffordshire Police,-2.118131,52.802607,On or near Sports/Recreation Area,E01029701,Stafford 010E,Unable to prosecute suspect
64a5d44e30afe743af1a7bd6291a51251e72e2a235a64811722cce7e979a5654,2019-12,Staffordshire Police,Staffordshire Police,-2.110048,52.802893,On or near THE OVAL,E01029701,Stafford 010E,Unable to prosecute suspect
99317febdd86937f7c3031e3bf53d00e44eb0915379493823216b7392122b9ac,2019-12,Staffordshire Police,Staffordshire Police,-1.696242,52.633893,On or near CHURCH STREET,E01029835,Tamworth 002A,Unable to prosecute suspect
24767624f7a1bc3fa66e1cdcd041ebc055649d060dc2ea6fa3990d7dbdfc06ca,2019-12,Staffordshire Police,Staffordshire Police,-1.696242,52.633893,On or near CHURCH STREET,E01029835,Tamworth 002A,Unable to prosecute suspect
d0f53441b3963d18569763dc970684b1ec5edc7df2d7623b825e4e6299e04f27,2019-12,Staffordshire Police,Staffordshire Police,-2.105654,52.807608,On or near CORPORATION STREET,E01029725,Stafford 009D,Unable to prosecute suspect
0c17074bd7bb772b88a8f87aaa6f1d2b94dc8760a22cd9b47c5de09f4c6fac49,2019-12,Staffordshire Police,Staffordshire Police,-1.934967,52.758258,On or near WELLINGTON DRIVE,E01029404,Cannock Chase 002E,Unable to prosecute suspect
3b35e268603aab520d27811d81c86e6b9b034796b0ddcb86ba495ff8a80cdc44,2019-12,Staffordshire Police,Staffordshire Police,-2.032477,52.690957,On or near PARK ROAD,E01029364,Cannock Chase 011B,Unable to prosecute suspect
86d1a0c0557897f979493afd9eb28d44ce5a7b5a8afe9bf0d3cf3df8ee620bea,2019-12,Staffordshire Police,Staffordshire Police,-1.647098,52.795472,On or near ALL SAINTS ROAD,E01029407,East Staffordshire 011A,Unable to prosecute suspect
4b8a15eda01fa676e192c946be45a7a9764c7b0b5a2a0e897f6a51a7135ead1c,2019-12,Staffordshire Police,Staffordshire Police,-1.832116,52.696705,On or near FRANCIS ROAD,E01029499,Lichfield 004B,Unable to prosecute suspect
16b9bc7d6e698a1bf22b042418ef454c02caa9f297f90095ec2d1f24797310ad,2019-12,Staffordshire Police,Staffordshire Police,-1.806296,52.686435,On or near WITLEY DRIVE,E01029484,Lichfield 005B,Unable to prosecute suspect
fcd857d7d11f9f1f4982f42df3c9a2d91b6e2097e364d2a44dcfd7644077e8b1,2019-12,Staffordshire Police,Staffordshire Police,-1.832116,52.696705,On or near FRANCIS ROAD,E01029499,Lichfield 004B,Unable to prosecute suspect
c2ba78df0ea6373fd4be76af6bd45aea2baced08c46b81e06ee821e5411c55e4,2019-12,Staffordshire Police,Staffordshire Police,,,No location,,,Unable to prosecute suspect
45f38d520bc5b2d4d7ceaad14c533f849baaf3c140fc02b3979fdf0e3bbcc05f,2019-12,Staffordshire Police,Staffordshire Police,-1.696242,52.633893,On or near CHURCH STREET,E01029835,Tamworth 002A,Unable to prosecute suspect
46e654ebf1dd378bc3726cbce35cde02d2337aed2adb30fb9312cb6371e36675,2019-12,Staffordshire Police,Staffordshire Police,-1.696242,52.633893,On or near CHURCH STREET,E01029835,Tamworth 002A,Unable to prosecute suspect
116bf1a0562d786e8a60c68b216e841ac816c2ae7e4c8ed006e853f11c71a607,2019-12,Staffordshire Police,Staffordshire Police,-1.655915,52.636309,On or near REPINGTON ROAD SOUTH,E01029821,Tamworth 003B,Unable to prosecute suspect
67c66b73b567951e46f27eb2b95fd3b46ea8d77212aaf5f6b6afb27b41822fc6,2019-12,Staffordshire Police,Staffordshire Police,-1.982686,52.705452,On or near LITTLEWORTH ROAD,E01029391,Cannock Chase 009D,Unable to prosecute suspect
10433baa53ac217291bcda987622f02b3d43b4b2128a7c3cd3ad4575512b4906,2019-12,Staffordshire Police,Staffordshire Police,,,No location,,,Unable to prosecute suspect
af4fdbe7b6c2a76746c2f5b3b45ddf1dde4e1ca6451264982558ba8dffe180e5,2019-12,Staffordshire Police,Staffordshire Police,-1.630468,52.785497,On or near KENT ROAD,E01029453,East Staffordshire 014E,Unable to prosecute suspect
b6bdd006c31a4a484ce563e28fea0bcc35d709fc5efc23cb4885a4202aa1971f,2019-12,Staffordshire Police,Staffordshire Police,-1.829291,52.730501,On or near A515,E01029509,Lichfield 002D,Unable to prosecute suspect
e0e76b96a6bfe0944e349d3f0e7ded12fc74f6eff6ba969c3d7f95a04967c342,2019-12,Staffordshire Police,Staffordshire Police,-1.638637,52.826802,On or near ST CHAD'S CLOSE,E01029437,East Staffordshire 007D,Unable to prosecute suspect
5f1d6a54659b8347874906f37d7cce7fa4dcc5abf202be9c1f10cdf363bf4bfb,2019-12,Staffordshire Police,Staffordshire Police,-1.982322,52.690403,On or near Parking Area,E01029381,Cannock Chase 009B,Unable to prosecute suspect
e67c9dfc53453aad7726f500628a4da2dd3a6b0b56c73b8465fa2c8e71246913,2019-12,Staffordshire Police,Staffordshire Police,-2.048132,52.679616,On or near Petrol Station,E01029361,Cannock Chase 012C,Unable to prosecute suspect
4fdf4eb82fb3ecc58f6b001cef2dbc9b8dce6ec8c587d1c24b5f54b2b882f5cb,2019-12,Staffordshire Police,Staffordshire Police,-2.044338,52.715567,On or near LITTLETON DRIVE,E01029647,South Staffordshire 002C,Unable to prosecute suspect
32e5141a8e167a3a7f8c78916f4bebdd3e8c878fcc1a6e3a700e276165b82616,2019-12,Staffordshire Police,Staffordshire Police,-1.640128,52.798993,On or near SHEFFIELD STREET,E01032898,East Staffordshire 011H,Unable to prosecute suspect
709a05118574ebd3b3eeb678cafa3f5a0fe328c4352593caeaeb0825f4fc24d4,2019-12,Staffordshire Police,Staffordshire Police,-2.033887,52.658972,On or near COLLIER CLOSE,E01029623,South Staffordshire 004C,Unable to prosecute suspect
ab3156a17859073b24605d02a5c505675955809680f034722d752801fd6eb4be,2019-12,Staffordshire Police,Staffordshire Police,-1.663059,52.829498,On or near BEAMHILL ROAD,E01029463,East Staffordshire 004C,Unable to prosecute suspect
9a94d43b8415bbb4064c240b367747acc635d829edf8628a8a95f4297425494b,2019-12,Staffordshire Police,Staffordshire Police,,,No location,,,Unable to prosecute suspect
27b0b9aa509157b467a56235f7a9fc989c0ca78ef19d2564790833616f6d7a64,2019-12,Staffordshire Police,Staffordshire Police,-1.680240,52.617670,On or near DERWENT,E01029826,Tamworth 006B,Unable to prosecute suspect
d458053611d9aa0b86a8ed95f63f0d884411102ee7546950d2b588283a2d842c,2019-12,Staffordshire Police,Staffordshire Police,-2.010849,52.700643,On or near SHERWOOD DRIVE,E01029351,Cannock Chase 008C,Unable to prosecute suspect
ae15daced67b78164fbe658cfef78832d92f1f1952a048ee02e83cbfe2b76d58,2019-12,Staffordshire Police,Staffordshire Police,-2.120926,52.783591,On or near MORTON ROAD,E01029728,Stafford 013E,Unable to prosecute suspect
2e390253735939ac66c7979e03298cedee610d22c44640734867ed0b8a1eacdd,2019-12,Staffordshire Police,Staffordshire Police,-1.833367,52.678997,On or near THE FRIARY,E01032899,Lichfield 004F,Unable to prosecute suspect
82df06656370a222ca7e64f766cbe89f4da87903fa27219eb629e9fba305c0ec,2019-12,Staffordshire Police,Staffordshire Police,-1.983372,52.652287,On or near GROVE LANE,E01029395,Cannock Chase 013B,Unable to prosecute suspect
bc1245c6278c94ff880c96e6f2bc993613840584c5efb52a08ad2680af61e200,2019-12,Staffordshire Police,Staffordshire Police,-1.838430,52.637579,On or near CHURCH CLOSE,E01029522,Lichfield 011D,Unable to prosecute suspect
dc8decbbda684f389c08fbc1f6787cf9ff1139d146bd1aeb04ef3e226d4b4c93,2019-12,Staffordshire Police,Staffordshire Police,-1.679008,52.620426,On or near Pedestrian Subway,E01029828,Tamworth 006D,Unable to prosecute suspect
2a2bfc7c5de1ecc6371c2f4cb278afad9c1bd526b95eb86e903b22c349c3b4ef,2019-12,Staffordshire Police,Staffordshire Police,-1.693384,52.632645,On or near Shopping Area,E01029835,Tamworth 002A,Unable to prosecute suspect
1b051dd8f34c3454a67beaedd09f61ef380fcb71502f88787918cc61bbff2d06,2019-12,Staffordshire Police,Staffordshire Police,-2.106350,52.813190,On or near BLAKISTON STREET,E01029692,Stafford 009A,Unable to prosecute suspect
ec0fda58cd16b39f6fd5f3eee809db852c037b5474b440753243c110104d61ab,2019-12,Staffordshire Police,Staffordshire Police,-2.233038,52.552191,On or near EBSTREE MEADOW,E01029667,South Staffordshire 013B,Unable to prosecute suspect
2538308db72d74b14b9d408bb5f52b35cf860ff5e068806b57f89d42cfcb84a5,2019-12,Staffordshire Police,Staffordshire Police,-2.115672,52.725569,On or near CROWN BRIDGE,E01029660,South Staffordshire 001F,Unable to prosecute suspect
50502e04ed1f21028c5070976b4514b6e861304eb4cc01e4e558410f144bc6f8,2019-12,Staffordshire Police,Staffordshire Police,-2.115807,52.804524,On or near BRIDGE STREET,E01029701,Stafford 010E,Unable to prosecute suspect
75538181b12463fa39e3bf8efd004c502ba37390212abf85b2ba108830259663,2019-12,Staffordshire Police,Staffordshire Police,-1.693384,52.632645,On or near Shopping Area,E01029835,Tamworth 002A,Unable to prosecute suspect
56512f55c927f2559195b5eb5749f624d8f6f378f209cb2a960dd00efd1cd53a,2019-12,Staffordshire Police,Staffordshire Police,-2.175585,52.465151,On or near CHANTRY ROAD,E01029652,South Staffordshire 014D,Unable to prosecute suspect
4a1f778cce46e900021a9d0b54d9e9e70ccd4d96ab60985c49b96826630278f3,2019-12,Staffordshire Police,Staffordshire Police,-1.693115,52.637382,On or near Supermarket,E01029851,Tamworth 002E,Unable to prosecute suspect
72804347c342d8d9e341433f93f2d893aa79e5287cbc4103039c7bab1494145f,2019-12,Staffordshire Police,Staffordshire Police,-1.830158,52.694194,On or near WILLOWTREE CLOSE,E01029499,Lichfield 004B,Unable to prosecute suspect
ac8f6cc991a04b1e1fc4a453fa410e77bd565e5ba08888769406671f73bc6f90,2019-12,Staffordshire Police,Staffordshire Police,-1.704347,52.608518,On or near COLESHILL ROAD,E01029504,Lichfield 012D,Unable to prosecute suspect
ebcd75670fec3989bbb4cb62937723105cb13311e4c0aeab43217cfa8a697bc3,2019-12,Staffordshire Police,Staffordshire Police,-1.629251,52.803050,On or near Nightclub,E01032896,East Staffordshire 011F,Unable to prosecute suspect
07a361973b3562b41725454a9e6a1e36a42361e1d6e11fbe151994a15eb96e6e,2019-12,Staffordshire Police,Staffordshire Police,,,No location,,,Unable to prosecute suspect
5e03f69cc9f1eeb5eb885f440b33d653ff955bb11429595a160b6d532687ea32,2019-12,Staffordshire Police,Staffordshire Police,,,No location,,,Unable to prosecute suspect
310a70d6e21d84bdffcc5666b84a249398fbd76f925f6e80bd94f050ced009e6,2019-12,Staffordshire Police,Staffordshire Police,-1.825681,52.677565,On or near BARNFIELD CLOSE,E01029519,Lichfield 007E,Unable to prosecute suspect
f9ed322f0b8cc640411abdec1edc0c7dae32493364187a3219eac9db58385c9e,2019-12,Staffordshire Police,Staffordshire Police,-1.629251,52.803050,On or near Nightclub,E01032896,East Staffordshire 011F,Unable to prosecute suspect
68eab5a9b0bbabbece75053c6f6ff1b8bd70b9b3c868b30280431d288432b157,2019-12,Staffordshire Police,Staffordshire Police,-1.934845,52.760712,On or near Supermarket,E01029404,Cannock Chase 002E,Unable to prosecute suspect
108f58e485d9621b4a8a3c0c7848a1e5b290d7968bd2cb63403696dc25834ca6,2019-12,Staffordshire Police,Staffordshire Police,-1.962527,52.672842,On or near POOL AVENUE,E01029397,Cannock Chase 013D,Unable to prosecute suspect
d290d1d74aaa5238376e5fa7674fa50dabbf886fab78cec93e124d9f3f5a7e1e,2019-12,Staffordshire Police,Staffordshire Police,-1.923822,52.690973,On or near SHAW DRIVE,E01029486,Lichfield 003A,Unable to prosecute suspect
412dd7ec270cf28ba3a13217cbb194cc3b327c1595eace93919b61b23f773ca0,2019-12,Staffordshire Police,Staffordshire Police,-1.637321,52.801187,On or near ORDISH STREET,E01032898,East Staffordshire 011H,Unable to prosecute suspect
94b6f14e4c51f8f9b70306febebe36b7185e9bb19be5b005661af37c7209d8d9,2019-12,Staffordshire Police,Staffordshire Police,,,No location,,,Unable to prosecute suspect
b27f485a69dec49812502ed890b9baaf8dabe226f3e59b8d506d7601c8c10aae,2019-12,Staffordshire Police,Staffordshire Police,,,No location,,,Unable to prosecute suspect
2ae8455541afb81eb7595024c39b666f89bd2c10f834d0e2cd8a8edea0af4ad9,2019-12,Staffordshire Police,Staffordshire Police,-2.025669,52.687983,On or near MILL STREET,E01029360,Cannock Chase 012B,Unable to prosecute suspect
e50667a755bd16d5848d182f475c6d4ee888397d105ab084c958cb06728b6f46,2019-12,Staffordshire Police,Staffordshire Police,-1.936982,52.758592,On or near A460,E01029404,Cannock Chase 002E,Unable to prosecute suspect
3e6e786c6e4437f97d256f748208b7978930b6aa326bb33e2cd15299b6c4277c,2019-12,Staffordshire Police,Staffordshire Police,,,No location,,,Unable to prosecute suspect
a02848876bc5be4a555832cd8d9223a183d3b75802e6c8a3321a2a14d2411e3a,2019-12,Staffordshire Police,Staffordshire Police,-1.622624,52.831867,On or near Parking Area,E01029428,East Staffordshire 008C,Unable to prosecute suspect
06ac30db1bb4f41f17da331cf699f3609fe173362488be36e69084d89720a0a3,2019-12,Staffordshire Police,Staffordshire Police,-1.672866,52.790449,On or near FIRST AVENUE,E01029416,East Staffordshire 013D,Unable to prosecute suspect
2f7dbcf299da4bce58b6057ffb5d985bc5422430b16c4cccffdc92edeebaa3c8,2019-12,Staffordshire Police,Staffordshire Police,-1.865482,52.899280,On or near HIGH STREET,E01029460,East Staffordshire 003B,Unable to prosecute suspect
fa5626c20fa9fec25ac60ec4aad0bfad994e979efb36fa6088c60c427ebd88ed,2019-12,Staffordshire Police,Staffordshire Police,-2.116562,52.803849,On or near PILGRIM STREET,E01029701,Stafford 010E,Unable to prosecute suspect
1850a16c7b167d317de5dcbb8e754481552efabed8de97fb90cac47ba511d0b5,2019-12,Staffordshire Police,Staffordshire Police,-2.233325,52.450550,On or near FOSTER CRESCENT,E01029649,South Staffordshire 014A,Unable to prosecute suspect
d3c3b7c7b58dc481722abcafe6eeb66091128dea604415384b5a7560ad3cc13e,2019-12,Staffordshire Police,Staffordshire Police,-1.827389,52.672228,On or near SHORTBUTTS LANE,E01029518,Lichfield 007D,Unable to prosecute suspect
69aa6d033e55873897d95354836073f5291eb736156a96c2d2d705c9308bbcac,2019-12,Staffordshire Police,Staffordshire Police,-1.962158,52.671322,On or near HIGH STREET,E01029397,Cannock Chase 013D,Unable to prosecute suspect
21d1d86460070c8cd418b4f841d00c449cb3c247ce2b0b76c20968257d40e12d,2019-12,Staffordshire Police,Staffordshire Police,,,No location,,,Unable to prosecute suspect
de503a5f9df71bdba1fdc9ba7103f06b63de4770583c59236a91cb48ce534373,2019-12,Staffordshire Police,Staffordshire Police,-1.691959,52.635734,On or near Police Station,E01029835,Tamworth 002A,Unable to prosecute suspect
4eb3ed15e30f0e105666c148f5f3c1abc15d212561a0c764f80abbfae670f263,2019-12,Staffordshire Police,Staffordshire Police,-2.179352,52.566129,On or near Sports/Recreation Area,E01010491,Wolverhampton 028C,Unable to prosecute suspect
653433beadc146b90a2639ff8a1b8554d0a317c10da73f4c74858c9c7ebe0e44,2019-12,Staffordshire Police,Staffordshire Police,-2.126274,52.807507,On or near JERNINGHAM STREET,E01029701,Stafford 010E,Unable to prosecute suspect
6da48bddd99b213d3d3438f2896c8b5a040076c79c287634845116bb90248082,2019-12,Staffordshire Police,Staffordshire Police,-1.692507,52.635493,On or near SPINNING SCHOOL LANE,E01029835,Tamworth 002A,Unable to prosecute suspect
1f5261677efddca50a92a9db086509429c05b5f9ee2e4a932c986bef682567c6,2019-12,Staffordshire Police,Staffordshire Police,-1.703769,52.762132,On or near BARTON TURN,E01029441,East Staffordshire 015C,Unable to prosecute suspect
8cd39ce32295ff79b52f03d5d61611d248dcf9a89cf567a3e200a82e2a66afaa,2019-12,Staffordshire Police,Staffordshire Police,-1.597987,52.804215,On or near DELHI CLOSE,E01029468,East Staffordshire 010A,Unable to prosecute suspect
60a598544060d24ea2740ad38ace2f24878cabb7911247956b38ce490f679d5d,2019-12,Staffordshire Police,Staffordshire Police,-2.118131,52.802607,On or near Sports/Recreation Area,E01029701,Stafford 010E,Unable to prosecute suspect
8d379a05d94e7c42cef8ca991265fc89bdaa0ffd8c8027e0dc6bf374327158c7,2019-12,Staffordshire Police,Staffordshire Police,-2.240075,52.487692,On or near ENVILLE COMMON ROAD,E01029667,South Staffordshire 013B,Unable to prosecute suspect
397453d2d8630472660cc520ed3989e13fa79bda5df80db044e11c3b566b76a5,2019-12,Staffordshire Police,Staffordshire Police,-1.999306,52.709292,On or near MARKET STREET,E01029389,Cannock Chase 005D,Unable to prosecute suspect
b75d746ccea8f409573dc7fcd4c57ca9d083e350b73b91709df0113d22d6bccd,2019-12,Staffordshire Police,Staffordshire Police,-1.612986,52.837463,On or near A5121,E01029458,East Staffordshire 005E,Unable to prosecute suspect
9f7401954c249ffe9deb1062aa19ef9d0035bf91cb8529133f697ecf1eef19e3,2019-12,Staffordshire Police,Staffordshire Police,-2.014238,52.701946,On or near CHURCH STREET,E01029351,Cannock Chase 008C,Unable to prosecute suspect
a1ac467e227b622e831193db3b6d943c3490497239ccb867a6c72c477ac78b5a,2019-12,Staffordshire Police,Staffordshire Police,-2.214664,52.974159,On or near EVA GROVE,E01029748,Stafford 002D,Unable to prosecute suspect
0fcf487e98ddbce25f469a14dd504e3090a0815007bb3aebbd0e9510c67bf884,2019-12,Staffordshire Police,Staffordshire Police,-1.829032,52.683207,On or near Supermarket,E01029526,Lichfield 004E,Unable to prosecute suspect
ec8ad5ced71d1df1df8f456942b4e7f36663e30a230f6acaffc86900a9d97df9,2019-12,Staffordshire Police,Staffordshire Police,-1.698473,52.812307,On or near B5017,E01029417,East Staffordshire 013E,Unable to prosecute suspect
d804e644262689ebe6ebb48224247cc452ab1dc88bdef87323791dc6782685d5,2019-12,Staffordshire Police,Staffordshire Police,-2.004426,52.693506,On or near HURON CLOSE,E01029377,Cannock Chase 010C,Unable to prosecute suspect
87a18dae1d060c3140f1ec20ce7d780689d2c5f4a408b8c1361ba44bb6598261,2019-12,Staffordshire Police,Staffordshire Police,-1.649402,52.608053,On or near WAINRIGG,E01029857,Tamworth 008C,Unable to prosecute suspect
42edc512e931401c114552ecc40262b5d149226523c1ff47fecde19f9e5dc558,2019-12,Staffordshire Police,Staffordshire Police,-1.846641,52.677163,On or near ORMONDS CLOSE,E01029512,Lichfield 007C,Unable to prosecute suspect
b9f96fed90457f036539cd514855a529be2d828aca627856080f55de67686b43,2019-12,Staffordshire Police,Staffordshire Police,,,No location,,,Unable to prosecute suspect
9606594abd9d7a2511c706dffd8797d4ebf9933458de9413ee2942eb0bbd1286,2019-12,Staffordshire Police,Staffordshire Police,-2.087561,52.640704,On or near CANNOCK ROAD,E01029635,South Staffordshire 007D,Unable to prosecute suspect
5942da71a8d51a64fa45596e67589b1b62d6b3c47afb46768ab0c6a63bdfd658,2019-12,Staffordshire Police,Staffordshire Police,,,No location,,,Unable to prosecute suspect
818c0fcb8e9d5ee0c65b2e5bcd81186d1e488cbc3d66c6ff77bbbaf6bdba7de3,2019-12,Staffordshire Police,Staffordshire Police,-1.888053,52.683124,On or near SELWYN ROAD,E01029508,Lichfield 003C,Unable to prosecute suspect
d6e4bf5398737cb0ef73966d7b6f133f4ea9718f599a5886c94d12285bfbcb08,2019-12,Staffordshire Police,Staffordshire Police,-1.967201,52.711633,On or near VALLEY ROAD,E01029400,Cannock Chase 006D,Unable to prosecute suspect
f82a93d8e40dc652346388cc460a5819429acb0fd2d23056619d5f18d1679a6a,2019-12,Staffordshire Police,Staffordshire Police,,,No location,,,Unable to prosecute suspect
d2be3f64baed6192a5b59c50983aa622850f1685e02f4f307b72cee31d1cf7e7,2019-12,Staffordshire Police,Staffordshire Police,-1.640039,52.802615,On or near MOOR STREET,E01032896,East Staffordshire 011F,Unable to prosecute suspect
361210704d94f25bee87d22dc6e988c76647a060dbffff0e31b082d699cab13b,2019-12,Staffordshire Police,Staffordshire Police,-1.640039,52.802615,On or near MOOR STREET,E01032896,East Staffordshire 011F,Unable to prosecute suspect
190628c8153b25157cd8867eb4eacc59d8c3cc3fd725b3a9ef7c3632a3f14d3a,2019-12,Staffordshire Police,Staffordshire Police,-1.741550,52.635502,On or near PLANTATION LANE,E01029517,Lichfield 008B,Unable to prosecute suspect
0dd371ca49133fd0c3a13cacaba949b605e7164709e8cc51e59d1d83db6c7667,2019-12,Staffordshire Police,Staffordshire Police,-2.048132,52.679616,On or near Petrol Station,E01029361,Cannock Chase 012C,Unable to prosecute suspect
ade27c287d53c70b65cece2b7829c3d26339519c0be2efe0d97cf99b66d94d1f,2019-12,Staffordshire Police,Staffordshire Police,-2.018649,52.704121,On or near TAPLOW PLACE,E01029350,Cannock Chase 008B,Unable to prosecute suspect
c4df6eba4c7306e61c130df53f99b04fe926116de9ffafe940f994facba7a2e8,2019-12,Staffordshire Police,Staffordshire Police,-2.014283,52.703412,On or near CANNOCK ROAD,E01029350,Cannock Chase 008B,Unable to prosecute suspect
3ce1d85e333121e68ba909df05edccd5a4bbc9678b6680264b9097a7a9f23670,2019-12,Staffordshire Police,Staffordshire Police,-2.082018,52.970001,On or near ADAMTHWAITE CLOSE,E01029702,Stafford 001A,Unable to prosecute suspect
f1757339d596c890cc8b3f4649d87e8b83412f1dfb8d0efd5bcefe23f1b88b10,2019-12,Staffordshire Police,Staffordshire Police,-1.825222,52.681610,On or near Bus/Coach Station,E01029526,Lichfield 004E,Unable to prosecute suspect
7156dbc5100f96e51af644b82d4b331b6bac010462ea5986d465182082003eb5,2019-12,Staffordshire Police,Staffordshire Police,-2.106483,52.782895,On or near HINTON CLOSE,E01029735,Stafford 016D,Unable to prosecute suspect
80d6efc87b8b08f8a8f3f71c94a8e93308f6824e427640051279f25f6c0a015a,2019-12,Staffordshire Police,Staffordshire Police,-2.080252,52.813048,On or near WESTON ROAD,E01029732,Stafford 011E,Unable to prosecute suspect
14de059fd1128c6a97faa4774b507031e3d2a5c76b99200349fb59e8ec913340,2019-12,Staffordshire Police,Staffordshire Police,-1.687841,52.637153,On or near Parking Area,E01029851,Tamworth 002E,Unable to prosecute suspect
a4bf67d76726599d758f45db7890e4c4f1ffbadeb41e218175afca1a0eacab07,2019-12,Staffordshire Police,Staffordshire Police,,,No location,,,Unable to prosecute suspect
292f50a780b2a0a591a519aca3752b081e1538a392fce0f4ec11629b295f2ef4,2019-12,Staffordshire Police,Staffordshire Police,-2.167427,52.680748,On or near MARYSGATE,E01029617,South Staffordshire 003A,Unable to prosecute suspect
1cb8c20a063b2c92575b7b5b5f35727bd0d9ea874c010b399c5f1a1ccd11ae0d,2019-12,Staffordshire Police,Staffordshire Police,-1.680239,52.615701,On or near CRINGLEBROOK,E01029826,Tamworth 006B,Unable to prosecute suspect
9bba6785714b88ff823929f302f774bccbac07652fd31c1b7f4ca8ea3cc17a0a,2019-12,Staffordshire Police,Staffordshire Police,-1.926221,52.689734,On or near OAK LANE,E01029487,Lichfield 006A,Unable to prosecute suspect
052451b7a88955fe12e5376520459a112f34a089164368f1e118b9c30cf20171,2019-12,Staffordshire Police,Staffordshire Police,-2.134711,52.791883,On or near MILTON GROVE,E01029716,Stafford 013B,Unable to prosecute suspect
ec0102cd9bf9c76ebe6aba4bdd854482c40ebf356bd81b355ac7d019d49a5470,2019-12,Staffordshire Police,Staffordshire Police,-2.218697,52.447270,On or near OAK CLOSE,E01029649,South Staffordshire 014A,Unable to prosecute suspect
fa4ce6c4697c4cd0577b87ab66ab1a8ae092875518c3e0af07009e3dcac0bcc1,2019-12,Staffordshire Police,Staffordshire Police,-1.629251,52.803050,On or near Nightclub,E01032896,East Staffordshire 011F,Unable to prosecute suspect
85df2f3342c1c2281aae73cf613139319b193b41079709321bb689d6253e3ecb,2019-12,Staffordshire Police,Staffordshire Police,-1.970794,52.672404,On or near YEW TREE CLOSE,E01029396,Cannock Chase 013C,Unable to prosecute suspect
a30b8b0cfc09b6635d8c9be756b47ba69cd35acd1fb5d45d9a0354a17bed0900,2019-12,Staffordshire Police,Staffordshire Police,-1.970794,52.672404,On or near YEW TREE CLOSE,E01029396,Cannock Chase 013C,Unable to prosecute suspect
3e3cd46ea62fd02f6f0d5adecbba402aec1da38241984d8469b7093ca20ef7a4,2019-12,Staffordshire Police,Staffordshire Police,-1.934967,52.758258,On or near WELLINGTON DRIVE,E01029404,Cannock Chase 002E,Unable to prosecute suspect
2b6210112fe335f83111b1b6ad321bd82ad2f3d71bfa6e784711ddc2ee286040,2019-12,Staffordshire Police,Staffordshire Police,-1.625027,52.790631,On or near HILL STREET,E01029451,East Staffordshire 014C,Unable to prosecute suspect
ce7565a71d6fa9bbe25ec183a1012b19d3d03bfd160085969622342472491a86,2019-12,Staffordshire Police,Staffordshire Police,,,No location,,,Unable to prosecute suspect
f1bd7497e73d5a8faf8c19519c77759aaf588e713ebcbefefef700b34f539a37,2019-12,Staffordshire Police,Staffordshire Police,-1.675731,52.610241,On or near WATLING STREET,E01032902,Tamworth 010G,Unable to prosecute suspect
02a4273997272587fc3e85dc3dc42b83ea5bbb79f419888f191c03c13de602a0,2019-12,Staffordshire Police,Staffordshire Police,-1.638541,52.795428,On or near TRENT STREET,E01029409,East Staffordshire 011C,Unable to prosecute suspect
49570610b7d77e6f8beae1a7fc39a953a946849af991d4d2e85232a1e294dd39,2019-12,Staffordshire Police,Staffordshire Police,-1.693384,52.632645,On or near Shopping Area,E01029835,Tamworth 002A,Unable to prosecute suspect
53dd555cb4cc2a9a10af9806fdea551bb18a75cd8ac03fa6b917ff8b4ed9f845,2019-12,Staffordshire Police,Staffordshire Police,-2.002251,52.708321,On or near ANGLESEY STREET,E01029389,Cannock Chase 005D,Unable to prosecute suspect
792831fa29076371a6766284f70a3c5f510d080d12fbcb25facb009686c68328,2019-12,Staffordshire Police,Staffordshire Police,-2.036451,52.702220,On or near STAFFORD ROAD,E01029356,Cannock Chase 007C,Unable to prosecute suspect
b95febadf66d772ac61bb44651b360208a1f7b12d01d05a789e7cc8ddb5b3da0,2019-12,Staffordshire Police,Staffordshire Police,-2.007342,52.701443,On or near CHAFFINCH CLOSE,E01029393,Cannock Chase 008E,Unable to prosecute suspect
343da74d8dda542e0e17cfc784f70ee71effdfc746c4c1cc15fdb364d3e23b35,2019-12,Staffordshire Police,Staffordshire Police,-2.080589,52.970299,On or near FIELDWAY,E01029702,Stafford 001A,Unable to prosecute suspect
d35166231de06f3bfeea9d4bbcf02cadd6ae1ede4e8e3cc00b1b981b3c3cc7c6,2019-12,Staffordshire Police,Staffordshire Police,-1.659938,52.607158,On or near Parking Area,E01029867,Tamworth 010C,Unable to prosecute suspect
0170aa700248be98701de63ecbf97572914034244137cb5f2c26d8ff5008bef6,2019-12,Staffordshire Police,Staffordshire Police,-2.128766,52.792617,On or near TURNEY GROVE,E01029737,Stafford 012C,Unable to prosecute suspect
9039ea3a06790ea79e4ddbddb11172a7dae11e41b68aed82d10fb3a11bd9c22b,2019-12,Staffordshire Police,Staffordshire Police,-1.878490,52.904517,On or near OLD LODGE CLOSE,E01029431,East Staffordshire 002B,Unable to prosecute suspect
ca5d7130c48378f542697e397034604891edafab92d1554bc31d2e1fdedb72a0,2019-12,Staffordshire Police,Staffordshire Police,-2.260443,52.587464,On or near LETCHMERE LANE,E01029654,South Staffordshire 010A,Unable to prosecute suspect
6b6ce440677db4c71e38cdb56d7dbe405af2f8f847ecbd12dacb005832747a1f,2019-12,Staffordshire Police,Staffordshire Police,-1.699054,52.633181,On or near BALFOUR,E01029835,Tamworth 002A,Unable to prosecute suspect
ba1ad39c7b31535894495abb7797d8f3825882791c072ceb2966fbf3aa6be385,2019-12,Staffordshire Police,Staffordshire Police,-1.975452,52.672333,On or near GROVE CLOSE,E01029396,Cannock Chase 013C,Unable to prosecute suspect
8f68f48231b3ef381dd7a127defd278f76ee2a1d912ed4808a37530fef0c471f,2019-12,Staffordshire Police,Staffordshire Police,-1.702481,52.635572,On or near EDWARD STREET,E01029851,Tamworth 002E,Unable to prosecute suspect
00dc7a96ad83de084db69ba0b9214e5c2839fd3b455dc079c951b3493044940f,2019-12,Staffordshire Police,Staffordshire Police,-2.105470,52.805055,On or near RIVERWAY,E01029722,Stafford 009C,Unable to prosecute suspect
b587e34901de7b9ae55e89e2ebd38d66975a5f7f8ac5a94a4c18077917ca46a3,2019-12,Staffordshire Police,Staffordshire Police,-1.939773,52.765551,On or near OLD CHANCEL ROAD,E01029402,Cannock Chase 001E,Unable to prosecute suspect
b4cee7540f96132d1712dcb4ac00567ca127c66aac4199f335aef59a2ca6e3d4,2019-12,Staffordshire Police,Staffordshire Police,-1.934909,52.757197,On or near HORSE FAIR,E01029373,Cannock Chase 002B,Unable to prosecute suspect
1ac815bf3bcf7c9381ceaf7c0a18361019410ebede836c6a222c525b1bc19824,2019-12,Staffordshire Police,Staffordshire Police,,,No location,,,Unable to prosecute suspect
47d60c7a6bdfc1eec996d635f18a0e5aac5476c3a61b8cbdd351a9b70693c3a7,2019-12,Staffordshire Police,Staffordshire Police,-1.863776,52.898118,On or near MARKET PLACE,E01029460,East Staffordshire 003B,Unable to prosecute suspect
a223426f7451ef1909cbe53e80dd85684a6028dfebf3c5cd5bdddd392709f2bb,2019-12,Staffordshire Police,Staffordshire Police,-2.151303,52.906612,On or near TUNLEY STREET,E01029744,Stafford 003B,Unable to prosecute suspect
816cfa978d3b959bba41e467f5cf1cb192ace818a9eb2634f4dedda76089a4c1,2019-12,Staffordshire Police,Staffordshire Police,,,No location,,,Unable to prosecute suspect
353422ff14388aeaba027bb4e34257d6aa63d26e51f53194ec33cf6e4dd95a8d,2019-12,Staffordshire Police,Staffordshire Police,-1.667866,52.628918,On or near MACGREGOR CRESCENT,E01029832,Tamworth 004C,Unable to prosecute suspect
321978e5e31a40f008e5ae367dce93c740a7d3cc272701adf90ce0820e584b21,2019-12,Staffordshire Police,Staffordshire Police,-1.687574,52.626958,On or near CROSS STREET,E01029838,Tamworth 005C,Unable to prosecute suspect
f0fdeae977cf40fd062fdde2fa345cca410d2a8e48580ffde01ada2001f09e6d,2019-12,Staffordshire Police,Staffordshire Police,,,No location,,,Unable to prosecute suspect
c4f7a849a20fcc745576020209d169481288f35c584a03fff34c0c6166d22bf6,2019-12,Staffordshire Police,Staffordshire Police,,,No location,,,Unable to prosecute suspect
3b12da166f0b0741590e427d23fe042f413409f790827c75000b1864307579d4,2019-12,Staffordshire Police,Staffordshire Police,-2.263193,52.858513,On or near KERRY LANE,E01029698,Stafford 005D,Unable to prosecute suspect
8f798119d911703a3269c5e680bb7945a637ce1492697faedcfe45f08833d0fb,2019-12,Staffordshire Police,Staffordshire Police,-2.032016,52.687730,On or near QUEEN STREET,E01029360,Cannock Chase 012B,Unable to prosecute suspect
a99a672c1749e7ae01583aa8b655a265c7da54aa6a4a8b3f3004b52cedf098e1,2019-12,Staffordshire Police,Staffordshire Police,-2.030542,52.696073,On or near BALTIC CLOSE,E01029367,Cannock Chase 011E,Unable to prosecute suspect
921d7f9d6c61183c4ccb780d36defdb0aa3e08578cf64bef7f31fb3b52c17266,2019-12,Staffordshire Police,Staffordshire Police,-2.102724,52.722776,On or near ATHELSTAN CLOSE,E01029657,South Staffordshire 001C,Unable to prosecute suspect
bcb66983376dde9af50adf7e220a367832709627e7c8f2eab1e212bdf5104897,2019-12,Staffordshire Police,Staffordshire Police,-1.921045,52.688769,On or near OGLEY HAY ROAD,E01029486,Lichfield 003A,Unable to prosecute suspect
85513797539611f63e640d1e0084ff6e208a97ff778b9f7fb7b395a7774abd46,2019-12,Staffordshire Police,Staffordshire Police,-2.109594,52.805159,On or near Supermarket,E01029701,Stafford 010E,Unable to prosecute suspect
665f3a9fcf62d035968bf6ed3b7f32a1521b3c12192a73e2e7d99820f339ae58,2019-12,Staffordshire Police,Staffordshire Police,-1.682032,52.631240,On or near ARGYLE AVENUE,E01029831,Tamworth 004B,Unable to prosecute suspect
5c99912115d8b5060868c4b509eff8a0b5fb9172623de4257941e045c41f8a58,2019-12,Staffordshire Police,Staffordshire Police,-2.116516,52.803373,On or near Further/Higher Educational Building,E01029701,Stafford 010E,Unable to prosecute suspect
b719bef5abb6d8c6c5867b31b8efbdecba54eb33f86a4f9ea9fdad7ecd1a0e86,2019-12,Staffordshire Police,Staffordshire Police,-2.146618,52.813686,On or near FERN DRIVE,E01029752,Stafford 007E,Unable to prosecute suspect
82529bc97d601cc7c05a79ed77148dbcb92e42400fc0062ed76886c13bd2368f,2019-12,Staffordshire Police,Staffordshire Police,,,No location,,,Unable to prosecute suspect
bc8fc1832227ca965e19c6f688d5dcddee83665db935e2cef1e1cdbf44d28eca,2019-12,Staffordshire Police,Staffordshire Police,-1.814100,52.747433,On or near VICARAGE CROFT,E01029509,Lichfield 002D,Unable to prosecute suspect
2202f3a9995a336f8a4b9d2fdf4cac42c6120746aa5db9ff65a65ecf43012806,2019-12,Staffordshire Police,Staffordshire Police,-1.663351,52.606952,On or near SHELTON STREET,E01029867,Tamworth 010C,Unable to prosecute suspect
f1ba99c2900f5d2cf7f4d61e5b33933a0b830aee00fd45b746657c0b6db20f75,2019-12,Staffordshire Police,Staffordshire Police,-2.016956,52.651082,On or near TOWER VIEW ROAD,E01029638,South Staffordshire 005A,Unable to prosecute suspect
799c01e55d836edd64d108252e4c668ee2322c45a83e0ca7f9516c6d7512c81e,2019-12,Staffordshire Police,Staffordshire Police,-1.723675,52.620655,On or near Hospital,E01029503,Lichfield 012C,Unable to prosecute suspect
0bb8d12a98d5f0792ab135e82dcc8b1def87e2fcb508f6b8cb37aba2a1b47721,2019-12,Staffordshire Police,Staffordshire Police,-2.102724,52.722776,On or near ATHELSTAN CLOSE,E01029657,South Staffordshire 001C,Unable to prosecute suspect
49599a1d40361297264fe4bab2c666b9dfff763ad76a3ec5e9f7e1bf9c6e2b6e,2019-12,Staffordshire Police,Staffordshire Police,-1.704347,52.608518,On or near COLESHILL ROAD,E01029504,Lichfield 012D,Unable to prosecute suspect
cecdf33f1c11dd1998dfc8335a5bb5c2fdaeb488b51424a71dba12616d725405,2019-12,Staffordshire Police,Staffordshire Police,-1.826944,52.683752,On or near CONDUIT STREET,E01029526,Lichfield 004E,Unable to prosecute suspect
e2f85ca84542dd54e30fdcd21b9e50bc1582f906b346629cef13860f880121af,2019-12,Staffordshire Police,Staffordshire Police,-1.999721,52.709265,On or near ANGLESEY CRESCENT,E01029389,Cannock Chase 005D,Unable to prosecute suspect
4445f02b87b4e9cb90a33e49cd60768875d61b60face1f741a652fc7eab7c398,2019-12,Staffordshire Police,Staffordshire Police,-2.143989,52.893641,On or near MAPLE GARDENS,E01029754,Stafford 004D,Unable to prosecute suspect
5e4eefc34ad0edfa4e0837907faad8cbb33c274311b8afa1954512e42c41b2ea,2019-12,Staffordshire Police,Staffordshire Police,,,No location,,,Unable to prosecute suspect
94658eb01c924b86fe40c4e54e6c867d795a9c55f9db9719afcf6d98b23de7cd,2019-12,Staffordshire Police,Staffordshire Police,-1.626731,52.785584,On or near WEIR BANK,E01029449,East Staffordshire 014A,Unable to prosecute suspect
05c47ae3398b4cb72f1727e85774ec60ae5ce057766d960afc80bbdde6140456,2019-12,Staffordshire Police,Staffordshire Police,-1.683307,52.599950,On or near EAST STREET,E01029861,Tamworth 009B,Unable to prosecute suspect
a7a7652e10e75fd38fd4efca391a90c4a4e1885c1c908924f85b057c24102eb5,2019-12,Staffordshire Police,Staffordshire Police,-1.643860,52.821424,On or near ROWTON STREET,E01029434,East Staffordshire 007A,Unable to prosecute suspect
ed7f4d1603c49998e5cc0d2df2e658a86ce2ba09951fb86a87b26a276ff708ae,2019-12,Staffordshire Police,Staffordshire Police,-1.630343,52.803718,On or near Parking Area,E01032896,East Staffordshire 011F,Unable to prosecute suspect
a646b25a656d1c353757383c86e825be4f033d7632ae4d16e34e1fb4466244e7,2019-12,Staffordshire Police,Staffordshire Police,-2.133587,52.657696,On or near CHURCHFIELD CLOSE,E01029619,South Staffordshire 006B,Unable to prosecute suspect
f665292d936ff08fefa0d2182dc5c0f1064ac68ecfefac3dc5d508fe6076995e,2019-12,Staffordshire Police,Staffordshire Police,-1.783149,52.589854,On or near A38,E01029488,Lichfield 012A,Unable to prosecute suspect
524361e71d42b248f92e9884412a739763f410aced9acfca1a8434dd073dfbc7,2019-12,Staffordshire Police,Staffordshire Police,-1.992395,52.789631,On or near HAWKESMORE DRIVE,E01029710,Stafford 008B,Unable to prosecute suspect
cd06f83c83f7e4d9ea8cfe465af16ffd5530d4947d123e37c86632ce416f2566,2019-12,Staffordshire Police,Staffordshire Police,-1.822861,52.683710,On or near GREENHILL,E01029526,Lichfield 004E,Unable to prosecute suspect
ae78a2935ee0caf70b48f22ef900e0c907bbbaaee4bf55d513022711927ec589,2019-12,Staffordshire Police,Staffordshire Police,-1.783149,52.589854,On or near A38,E01029488,Lichfield 012A,Unable to prosecute suspect
ff13d82c9212c893243b3c648a345cc7bbce45fcba167faf29a3f17dca974cf0,2019-12,Staffordshire Police,Staffordshire Police,-1.720602,52.764537,On or near PALMER CLOSE,E01029441,East Staffordshire 015C,Unable to prosecute suspect
248a3727f2e4dae9c937d16b1ae0ddc9bdade49f5e1613006c1312e69e8acf25,2019-12,Staffordshire Police,Staffordshire Police,-1.942239,52.749749,On or near PYRUS GROVE,E01029374,Cannock Chase 003E,Unable to prosecute suspect
d1350e0ac151201b72592b70c0c196d9db3d65bdd27c3f0cf525c49d9dd4632e,2019-12,Staffordshire Police,Staffordshire Police,-2.012317,52.659192,On or near BROAD MEADOW LANE,E01029643,South Staffordshire 005D,Unable to prosecute suspect
be87015430c528555fa52b64d11df51ebda9856c21bcd86dd5fd742feb763010,2019-12,Staffordshire Police,Staffordshire Police,,,No location,,,Unable to prosecute suspect
b2c1e9283b929568be2d984aa564b89977afe8091fee118c14e88f852f3d9e63,2019-12,Staffordshire Police,Staffordshire Police,-1.619524,52.789067,On or near STANTON ROAD,E01029449,East Staffordshire 014A,Unable to prosecute suspect
410d21c08241ded6791efc6462a58beec3c1597ff8fedb044bae3f5c0097d067,2019-12,Staffordshire Police,Staffordshire Police,-1.972459,52.657742,On or near Petrol Station,E01029395,Cannock Chase 013B,Unable to prosecute suspect
6512ec7d8e517e50eb76df796b81d3ec36a42681cff15aba7834b223fb1030d1,2019-12,Staffordshire Police,Staffordshire Police,-2.103976,52.713938,On or near HERON DRIVE,E01029657,South Staffordshire 001C,Unable to prosecute suspect
cf4ce3d7f64464b1d215fd2e6ce1cc26266ec432d23d30f1242709c3c0fc3e57,2019-12,Staffordshire Police,Staffordshire Police,-1.825759,52.684056,On or near Nightclub,E01029526,Lichfield 004E,Unable to prosecute suspect
84234f38d043afd2428468c3844bb39eec3c1334274cb4b4e0a4a02a30893766,2019-12,Staffordshire Police,Staffordshire Police,-2.123045,52.672837,On or near DEEPMORE CLOSE,E01029619,South Staffordshire 006B,Unable to prosecute suspect
5ae866ea00cf90d2e2b3afe520d6d3f47d3575fa36a06904c75e2603908b36e2,2019-12,Staffordshire Police,Staffordshire Police,-2.017106,52.657591,On or near Parking Area,E01029644,South Staffordshire 005E,Unable to prosecute suspect
1d69df299e02d97a71be5ed614e731509e82f0ec1036deddf5dcc0d9d735976b,2019-12,Staffordshire Police,Staffordshire Police,-1.866260,52.737947,On or near LICHFIELD ROAD,E01029482,Lichfield 001C,Unable to prosecute suspect
b2eaecf89452d16c848ff3f4da578f636ce137c04889bad8a872aa0f3c6c0950,2019-12,Staffordshire Police,Staffordshire Police,-2.115960,52.806277,On or near ST CHAD'S PLACE,E01029701,Stafford 010E,Unable to prosecute suspect
1e6c8a5c4b81a95621dbf27e5c839591729a0997f2002af80b793d9c9a0c0f60,2019-12,Staffordshire Police,Staffordshire Police,-1.700257,52.643199,On or near GOLDSMITH PLACE,E01029849,Tamworth 002C,Unable to prosecute suspect
54a379abf881c490eaa05fd3017cee23cecd59e85a6b5912a28692d96f528bcf,2019-12,Staffordshire Police,Staffordshire Police,-2.114798,52.798808,On or near TALBOT ROAD,E01029699,Stafford 010D,Unable to prosecute suspect
93a8bdbffa0f43f2efa7a3388f1e4aea19a7097b3d45c70994b1adc5bd65648f,2019-12,Staffordshire Police,Staffordshire Police,-2.017234,52.719080,On or near HEDGEROW CLOSE,E01029385,Cannock Chase 004B,Unable to prosecute suspect
10b6694cf5b1ac401b6a267f19cdc14fedd89048c7f9fa3b1877333bf96e0c45,2019-12,Staffordshire Police,Staffordshire Police,-1.701757,52.626769,On or near Shopping Area,E01029835,Tamworth 002A,Unable to prosecute suspect
37c0bd0efcf81a98dfa5ac075519b1775820ba6b023b19b952f04aa28a4ba5e1,2019-12,Staffordshire Police,Staffordshire Police,,,No location,,,Unable to prosecute suspect
af55368d1207b73410bd6fc79c5df5e13334eaea9d524c20d854cbe885629ca9,2019-12,Staffordshire Police,Staffordshire Police,,,No location,,,Unable to prosecute suspect
8544053382ca8806a37d509d7c4625e75ee1ed29aa8f1e76bc7ae7fbd05c0d3c,2019-12,Staffordshire Police,Staffordshire Police,,,No location,,,Unable to prosecute suspect
730a8a81ab70f0a5082550e81018e241edc20c6a2e3e3bb448b20e6adef2479b,2019-12,Staffordshire Police,Staffordshire Police,-1.639097,52.799844,On or near JAMES STREET,E01032898,East Staffordshire 011H,Unable to prosecute suspect
b58682fb224a776e2944ee5ee803ae8efcdfe85084456df7d1fa1284f91e2f78,2019-12,Staffordshire Police,Staffordshire Police,-2.054992,52.642405,On or near Petrol Station,E01029635,South Staffordshire 007D,Unable to prosecute suspect
4cb75e529202a6ec1f498703c9cd00f96b2992dc6a7a6dd94e998367585aba9c,2019-12,Staffordshire Police,Staffordshire Police,-1.696643,52.633580,On or near KING STREET,E01029835,Tamworth 002A,Unable to prosecute suspect
697f7a59f1bcdd8051ea02124c33ece40eaae8ba4bc0193322aa34ba5f4e41bc,2019-12,Staffordshire Police,Staffordshire Police,-1.824434,52.682427,On or near Shopping Area,E01029526,Lichfield 004E,Unable to prosecute suspect
388b546672e8083a4b42ba8e8ce7451d4d4e65de8b3d84bdd2256f228fff011d,2019-12,Staffordshire Police,Staffordshire Police,-1.628670,52.803416,On or near Further/Higher Educational Building,E01032896,East Staffordshire 011F,Unable to prosecute suspect
866aaf9d4df40e4353696ba7834b9fe85d4746519ee8dc00aa2365cdf4b48122,2019-12,Staffordshire Police,Staffordshire Police,-1.993756,52.704563,On or near GEORGE STREET,E01029391,Cannock Chase 009D,Unable to prosecute suspect
c54d429ccba5fb1d217c988490f6f4385c285eaf01b6713825c2d8f4911af94a,2019-12,Staffordshire Police,Staffordshire Police,,,No location,,,Unable to prosecute suspect
3e0cbbb929a777d738bd9eb34fec4e567601c078ed63a3551a77e17971c3a98d,2019-12,Staffordshire Police,Staffordshire Police,-2.086343,52.817125,On or near HARGREAVES COURT,E01029732,Stafford 011E,Unable to prosecute suspect
ee19b7e73cbeba860c567b6962ec6e0458b0445afa1d71df0e459c9581d969c7,2019-12,Staffordshire Police,Staffordshire Police,-2.117805,52.720659,On or near MAYFIELD AVENUE,E01029660,South Staffordshire 001F,Unable to prosecute suspect
32c7b09cf724c813d7eea6ccdd2923a8ea3c882d40270dca3a5b3e545ef4bc9c,2019-12,Staffordshire Police,Staffordshire Police,-1.670730,52.627209,On or near CAMDEN DRIVE,E01029832,Tamworth 004C,Unable to prosecute suspect
46f0ff01e801028d8331a1ef96908406a5bdadfd2b8a385d5f62ba62d5707a70,2019-12,Staffordshire Police,Staffordshire Police,-1.690059,52.634794,On or near VICTORIA ROAD,E01029835,Tamworth 002A,Unable to prosecute suspect
0d536003d912eb73810d965c75f97bf649027917cae859c0bfa47f25539fb738,2019-12,Staffordshire Police,Staffordshire Police,-1.837490,52.683992,On or near Sports/Recreation Area,E01032899,Lichfield 004F,Unable to prosecute suspect
cf9e33fcbe216713b368702e50f91c3fc3e015c8c35968181f0b04b3acef4f2c,2019-12,Staffordshire Police,Staffordshire Police,-2.184633,52.481679,On or near LAWNSWOOD,E01029652,South Staffordshire 014D,Unable to prosecute suspect
28b766e2005cc7523a15e3edaa2ac5a521a9c8dccb491f4b6a16b24bca9fd3e6,2019-12,Staffordshire Police,Staffordshire Police,,,No location,,,Unable to prosecute suspect
60d02560a2395c7249c6dc71f70ac6c0a9d5f61b356e40017f3b2495fd91be11,2019-12,Staffordshire Police,Staffordshire Police,-1.670279,52.606576,On or near BELMONT ROAD,E01032902,Tamworth 010G,Unable to prosecute suspect
c42106759bb72691f0c0c9b7dad3386d18adf3e211b148a0e7b5831e8ec06ae3,2019-12,Staffordshire Police,Staffordshire Police,-2.106483,52.782895,On or near HINTON CLOSE,E01029735,Stafford 016D,Unable to prosecute suspect
a3071ade0472f3b20dc88969b86b818f791cbc152df766d6a0a49485892a0b6a,2019-12,Staffordshire Police,Staffordshire Police,-1.829032,52.683207,On or near Supermarket,E01029526,Lichfield 004E,Unable to prosecute suspect
0d156460de7e2f5b4f5437130bf202b84ae38ac57371810d46323e144d2ae15d,2019-12,Staffordshire Police,Staffordshire Police,-1.597316,52.806290,On or near CANTERBURY ROAD,E01029468,East Staffordshire 010A,Unable to prosecute suspect
392dbbb674da62b8e507e6f39b91d5c4bd9fa6075c7b6330c4b838f8de10adcb,2019-12,Staffordshire Police,Staffordshire Police,,,No location,,,Unable to prosecute suspect
7efae64223233dc3cdcc9ed6931eaaf614b7977235430249d91546720cc560fb,2019-12,Staffordshire Police,Staffordshire Police,-2.279963,52.780401,On or near NEWPORT ROAD,E01029706,Stafford 015B,Unable to prosecute suspect
a3f2f2a2732affd4f567f5425d61a0cc0438739b7d38001e77920ce62165b176,2019-12,Staffordshire Police,Staffordshire Police,-1.660233,52.637787,On or near BRANCASTER CLOSE,E01029822,Tamworth 003C,Unable to prosecute suspect
7de7db1f12e8989f86e0d39956a3ce2d5e319a7484d0f41d6073730269600309,2019-12,Staffordshire Police,Staffordshire Police,-2.005965,52.694557,On or near MILL CRESCENT,E01029377,Cannock Chase 010C,Unable to prosecute suspect
1ca979bf0dae6666e637ed701065dc945b166c0c326d4862b9e34fbcc3ce4dac,2019-12,Staffordshire Police,Staffordshire Police,-2.032016,52.687730,On or near QUEEN STREET,E01029360,Cannock Chase 012B,Unable to prosecute suspect
ba23195c9e92e5c440b5ed642f177c53114d660ea9d113445e5c950b44aaa079,2019-12,Staffordshire Police,Staffordshire Police,-2.027518,52.710286,On or near WELLS CLOSE,E01029357,Cannock Chase 007D,Unable to prosecute suspect
943a56a21bfa2e90a9877694e75bf9ee3d6d7bc11cf086efd83ea100adcfb4e9,2019-12,Staffordshire Police,Staffordshire Police,-1.872369,52.907980,On or near ASHBOURNE ROAD,E01029433,East Staffordshire 002D,Unable to prosecute suspect
bf05ce9fe9ecfdd95db8fa2fcbbf54c84334d59b1142c22f9731382186358361,2019-12,Staffordshire Police,Staffordshire Police,-2.081643,52.795122,On or near SALCOMBE AVENUE,E01029684,Stafford 014A,Unable to prosecute suspect
9deb84e5a0135f5d7a83f28f1a8a0f93d8594b2a8d55faaf72b85b5e2501b799,2019-12,Staffordshire Police,Staffordshire Police,-2.033112,52.689941,On or near HIGH GREEN,E01029365,Cannock Chase 011C,Unable to prosecute suspect
a0597567d07651f89cbdc02c056616e05630e304a7160b438da9f1bf090d64d7,2019-12,Staffordshire Police,Staffordshire Police,-2.033112,52.689941,On or near HIGH GREEN,E01029365,Cannock Chase 011C,Unable to prosecute suspect
c726df9a50e1bddedf6ba3af7f0d44b9eb4b359fd024c4a72e1859738467cb49,2019-12,Staffordshire Police,Staffordshire Police,-2.016827,52.662643,On or near TELFORD AVENUE,E01029643,South Staffordshire 005D,Unable to prosecute suspect
c3f36711926f06c7cc932f25c7edf5c542c1ffa03ec5d8823de824c7c4073737,2019-12,Staffordshire Police,Staffordshire Police,-2.160685,52.906699,On or near CAULDON WAY,E01029756,Stafford 003F,Unable to prosecute suspect
049cc07909113cce8c75851127ec88ffbd639f23af6bc42b466093580b300df0,2019-12,Staffordshire Police,Staffordshire Police,-1.633566,52.828000,On or near CONWAY CLOSE,E01029457,East Staffordshire 005D,Unable to prosecute suspect
903b8ac8d2098970b6301dcd8a5830b6e5d4efa9f58e99b137b9484d317935e4,2019-12,Staffordshire Police,Staffordshire Police,-1.820735,52.686404,On or near PARTRIDGE CROFT,E01029526,Lichfield 004E,Unable to prosecute suspect
814b2eabb101307165b185ac399e9d740ac686c217f683493ef752684445a31b,2019-12,Staffordshire Police,Staffordshire Police,-1.691506,52.630842,On or near ANKERDRIVE,E01029838,Tamworth 005C,Unable to prosecute suspect
9bbb181e46cba7d098561346fb8d9d62f269ad52cdd906b2a95ae91cac6a190a,2019-12,Staffordshire Police,Staffordshire Police,-2.030308,52.678300,On or near WATERBROOK WAY,E01029359,Cannock Chase 012A,Unable to prosecute suspect
44dc645a1ac1e337b99e621c34f6a17c6407dca46877115c6c80cde8cd95cea5,2019-12,Staffordshire Police,Staffordshire Police,-1.679008,52.620426,On or near Pedestrian Subway,E01029828,Tamworth 006D,Unable to prosecute suspect
8e79ca9ac7e7a718c0b7555313a12daf096ef5390b63378a429275d6a85c407c,2019-12,Staffordshire Police,Staffordshire Police,-1.972459,52.657742,On or near Petrol Station,E01029395,Cannock Chase 013B,Unable to prosecute suspect
4a1acd6686926f9c7fe329bf1227a6a94f2474453de546f81baf41e67b451d1d,2019-12,Staffordshire Police,Staffordshire Police,-1.657612,52.613831,On or near GRINDSBROOK,E01029856,Tamworth 008B,Unable to prosecute suspect
84f9f6daff28ca2b6256c7434c8240108f327d38c6e1583171a2c65c9fbd04c9,2019-12,Staffordshire Police,Staffordshire Police,-1.630049,52.787707,On or near SHORT STREET,E01029450,East Staffordshire 014B,Unable to prosecute suspect
7960499473c263f6f3977bf3b551206a6769584efc52b009008255e0874d9bba,2019-12,Staffordshire Police,Staffordshire Police,,,No location,,,Unable to prosecute suspect
a49d9772b45d38b97bde223ccbf8fafe4baa3c3294d579a04b4673dff4805e4e,2019-12,Staffordshire Police,Staffordshire Police,-1.666028,52.621909,On or near IVATT,E01029840,Tamworth 007A,Unable to prosecute suspect
50d1c2e647ade41e8611ef08854ddc9384f5180fecd2e14232b298280b14ee64,2019-12,Staffordshire Police,Staffordshire Police,-2.186023,52.712804,On or near PARK LANE,E01029668,South Staffordshire 003C,Unable to prosecute suspect
ac16dad4f3338d7e6b041f86a63cdecf79d391484e92d8fbe0e7f1cddad937a8,2019-12,Staffordshire Police,Staffordshire Police,-2.002251,52.708321,On or near ANGLESEY STREET,E01029389,Cannock Chase 005D,Unable to prosecute suspect
2c04203941ce5872a02b18ae3fdbf7b87d1ef4f3414d93e1169ecf8387cf8c40,2019-12,Staffordshire Police,Staffordshire Police,-2.199212,52.527612,On or near THE WILLOWS,E01029680,South Staffordshire 012E,Unable to prosecute suspect
7af036d9dab7d9c63398718b2e14a10da2c096742069485d86f90e39cc0ec42a,2019-12,Staffordshire Police,Staffordshire Police,-1.700378,52.610297,On or near MAYFAIR DRIVE,E01029504,Lichfield 012D,Unable to prosecute suspect
1628f8640637293e8fc292ed1d639096bd1a085307ee1118feaa042a3fe4df91,2019-12,Staffordshire Police,Staffordshire Police,-1.668850,52.629640,On or near HOPLEYS CLOSE,E01029832,Tamworth 004C,Unable to prosecute suspect
3005fe1254e6cec646423185847252f5e43e4057e5a56cda15c728d364b90238,2019-12,Staffordshire Police,Staffordshire Police,-2.009759,52.722695,On or near HEATHER MEWS,E01029390,Cannock Chase 004D,Unable to prosecute suspect
08b243799d75b615c6df3ab9b3c3aa14b181cc6df9b14e0364d515044bd99c69,2019-12,Staffordshire Police,Staffordshire Police,-1.678171,52.631922,On or near FERRERS ROAD,E01029831,Tamworth 004B,Unable to prosecute suspect
89765092d3f116a2c16047c3905c4656c695eab9f4ffe0dfc526b207b1d4ef12,2019-12,Staffordshire Police,Staffordshire Police,-1.978646,52.705505,On or near HAMILTON CLOSE,E01029399,Cannock Chase 006C,Unable to prosecute suspect
028cf056594dce5016ec12c5502df4d000adb7278830db6a94c89325dc757910,2019-12,Staffordshire Police,Staffordshire Police,-1.939773,52.765551,On or near OLD CHANCEL ROAD,E01029402,Cannock Chase 001E,Unable to prosecute suspect
1791f691c0196fa4e8d5a63af01af66caaf762902e0665364e04ef351f7d5f12,2019-12,Staffordshire Police,Staffordshire Police,-1.939124,52.688474,On or near ST JOHNS CLOSE,E01029495,Lichfield 006D,Unable to prosecute suspect
8056a8b95d8657043bd43c7eef54f71e366c8adebc4908b0340d02c2e625a91c,2019-12,Staffordshire Police,Staffordshire Police,-2.016551,52.673907,On or near Supermarket,E01029395,Cannock Chase 013B,Unable to prosecute suspect
30bb157acfad9f5c3f815c525ce2720e4bc0ed2418e4650dcf346f53641f2ed4,2019-12,Staffordshire Police,Staffordshire Police,,,No location,,,Unable to prosecute suspect
c52504abd7031249ed40c1fa084c45da2f8a0923f9163a7718de8d53b6faa2eb,2019-12,Staffordshire Police,Staffordshire Police,-1.945605,52.759270,On or near OVERPOOL CLOSE,E01029403,Cannock Chase 002D,Unable to prosecute suspect
41fd829b706f7d831e2232af504d6328db10c08be2289f895c5167ff2059de8a,2019-12,Staffordshire Police,Staffordshire Police,-2.263193,52.858513,On or near KERRY LANE,E01029698,Stafford 005D,Unable to prosecute suspect
3063a515e2b8343cf3376134b44d70676c6387e302a6867c15024d5e8126a5a3,2019-12,Staffordshire Police,Staffordshire Police,-1.623744,52.789755,On or near IVY LODGE CLOSE,E01029449,East Staffordshire 014A,Unable to prosecute suspect
395307bcbfd4a43254dcbba827b66d749bb27dbdf4e44cf6e71a43274cfa2003,2019-12,Staffordshire Police,Staffordshire Police,-2.264206,52.562725,On or near Park/Open Space,E01028859,Shropshire 034E,Unable to prosecute suspect
b52d637d639e445395ef3168cf7f00c34e9ef242353ad464f40781057cade630,2019-12,Staffordshire Police,Staffordshire Police,-1.666169,52.793594,On or near SPINNEY ROAD,E01029413,East Staffordshire 013A,Unable to prosecute suspect
ec3b5d0a1a20ad22c4f68f0c8a145097b9f6a568148bcb08cadc56b31df1fd7e,2019-12,Staffordshire Police,Staffordshire Police,-2.116562,52.803849,On or near PILGRIM STREET,E01029701,Stafford 010E,Unable to prosecute suspect
9775b6fe3f31536973ac0d6d71fefbc7c22ff832e8f7f6d1693d6dee283e4422,2019-12,Staffordshire Police,Staffordshire Police,-1.691506,52.630842,On or near ANKERDRIVE,E01029838,Tamworth 005C,Unable to prosecute suspect
c8bef11568946ca76e0874b5046f6fb436db73dabda62ee7803adaf2ee00481b,2019-12,Staffordshire Police,Staffordshire Police,-2.084271,52.788972,On or near BROOKWILLOWS,E01029759,Stafford 014G,Unable to prosecute suspect
521ad71ed4c6a2aea117ee7ee849ae52a08fda3cb4e2d5449af572432fa36ede,2019-12,Staffordshire Police,Staffordshire Police,-1.684170,52.596878,On or near Sports/Recreation Area,E01029862,Tamworth 009C,Unable to prosecute suspect
bfc036c536927304900b1485a1904aed1fae5844fb6a4b663bc90cdc875fb549,2019-12,Staffordshire Police,Staffordshire Police,-1.684170,52.596878,On or near Sports/Recreation Area,E01029862,Tamworth 009C,Unable to prosecute suspect
db193c262e39a00cade5c32455533e89a52dd5ddd6680a8de5effdb2a6f531bd,2019-12,Staffordshire Police,Staffordshire Police,-2.128749,52.821851,On or near YOUNG AVENUE,E01029720,Stafford 007B,Unable to prosecute suspect
36146a3edfb4d23f461ecf79c11595eb4800fb6c64791e742c8d3649c9c3141f,2019-12,Staffordshire Police,Staffordshire Police,-2.147170,52.994245,On or near BARON STREET,E01014279,Stoke-on-Trent 020E,Unable to prosecute suspect
4300906a64b799ae8867174cf7c6de75d8f13a1801ca41dc8c03dd35ed9fef14,2019-12,Staffordshire Police,Staffordshire Police,-2.131651,53.010605,On or near TIVERTON ROAD,E01014229,Stoke-on-Trent 017F,Unable to prosecute suspect
7dee9d3b50a18c5f98f4e6cf77f07223126d1ec40cbcb4fd1353a3359fb1b054,2019-12,Staffordshire Police,Staffordshire Police,-2.226915,53.010003,On or near FRIARS' STREET,E01029604,Newcastle-under-Lyme 011E,Unable to prosecute suspect
d9f444ef33d98a74370993f1be80b859387e152319def598e17bf44bb7b5d516,2019-12,Staffordshire Police,Staffordshire Police,-2.156830,53.045102,On or near AVELING ROAD,E01014271,Stoke-on-Trent 008E,Unable to prosecute suspect
f54e7f3a0eb4eea5e5f53f192633223a1afcf12cabee00b387ce7111d5cf9626,2019-12,Staffordshire Police,Staffordshire Police,-2.100673,52.962606,On or near CHESHAM GROVE,E01014320,Stoke-on-Trent 033D,Unable to prosecute suspect
c29e69770639aadbdcfc570fd8722357cdf56d6311e4039389a8c9f8fe4ef93b,2019-12,Staffordshire Police,Staffordshire Police,-2.174396,53.025418,On or near Shopping Area,E01014287,Stoke-on-Trent 015D,Unable to prosecute suspect
6622e51c391896ba7b9913feec485bbcb7fe5f3943f76e35c17bec1ee8d8e9be,2019-12,Staffordshire Police,Staffordshire Police,-2.189261,53.079833,On or near BLADON CLOSE,E01014260,Stoke-on-Trent 001D,Unable to prosecute suspect
e8a645b0ed00c2f51788e580aa5bdb308a5a2c63f7705443cc41be8921401369,2019-12,Staffordshire Police,Staffordshire Police,-2.178153,53.025323,On or near GITANA STREET,E01014287,Stoke-on-Trent 015D,Unable to prosecute suspect
8f490dfcccd4d05ba9770b723840f540f725d172ee47c141eaa2c4e8b11a1712,2019-12,Staffordshire Police,Staffordshire Police,-2.175364,53.116755,On or near Police Station,E01029774,Staffordshire Moorlands 003E,Unable to prosecute suspect
5e799f49a6df5b2859201378c312a76261205479840b8768de414f22bf9366b3,2019-12,Staffordshire Police,Staffordshire Police,-2.168844,53.122868,On or near Petrol Station,E01029770,Staffordshire Moorlands 002C,Unable to prosecute suspect
5dbd1f621fefa458600716632cbdf80d7831665fd33b8548103f6f95b3a0d61e,2019-12,Staffordshire Police,Staffordshire Police,-2.175203,53.047998,On or near CLIFF STREET,E01014266,Stoke-on-Trent 008B,Unable to prosecute suspect
6e3a456d9aa6766371f71eeb8309eeb9c8c8a6d1239113d324eaffc035493b45,2019-12,Staffordshire Police,Staffordshire Police,-2.168532,53.028016,On or near MYNORS STREET,E01014328,Stoke-on-Trent 013C,Unable to prosecute suspect
3b57d2dfbdef732cb78766e43f3805ace0f8ebc18fed4b5be3b5a9ac97cce6a3,2019-12,Staffordshire Police,Staffordshire Police,-2.142153,53.018054,On or near ARCLID WAY,E01014226,Stoke-on-Trent 014D,Unable to prosecute suspect
f0ef2d4ec2b274d0acff88c64340d344f737d1939c7a25d64d8098d44688b66a,2019-12,Staffordshire Police,Staffordshire Police,-2.142171,52.982880,On or near GOMS MILL ROAD,E01014311,Stoke-on-Trent 027C,Unable to prosecute suspect
b5001286d38d4974a56dba798f6b44533f10a191077e544e2ba8dd62ccd9ac73,2019-12,Staffordshire Police,Staffordshire Police,-2.198895,53.045506,On or near STEVENTON PLACE,E01014251,Stoke-on-Trent 009C,Unable to prosecute suspect
d0880d1c113d7cb72d5f2c4d6cba30a30ab031a90ebcc458ad91dad0f0be5d1e,2019-12,Staffordshire Police,Staffordshire Police,-2.178589,53.011838,On or near CAULDON ROAD,E01014282,Stoke-on-Trent 016D,Unable to prosecute suspect
9c1b995cf2b5f02292172aaf150ab743aff770bc736ac1f15576765c182db126,2019-12,Staffordshire Police,Staffordshire Police,-2.172734,53.045988,On or near Parking Area,E01014270,Stoke-on-Trent 008D,Unable to prosecute suspect
52f24fe3ee2e7a129acc8955cf495d1df714e2f052e406e327272b68f5ee74c7,2019-12,Staffordshire Police,Staffordshire Police,-2.131664,52.975817,On or near PARKFIELD ROAD,E01014312,Stoke-on-Trent 029D,Unable to prosecute suspect
77961f5cb554adc50252b61449f8a29e9af29d901635bd99e5a0283b164c66e8,2019-12,Staffordshire Police,Staffordshire Police,-2.176351,53.025811,On or near STAFFORD STREET,E01014287,Stoke-on-Trent 015D,Unable to prosecute suspect
0d8afa5b20e562aee6e22b7dec7554d25386ca34f8ffee077bd1c8266b3ed852,2019-12,Staffordshire Police,Staffordshire Police,-2.106452,52.976004,On or near CHARNWOOD ROAD,E01014316,Stoke-on-Trent 031C,Unable to prosecute suspect
934c1b3ddc5eea2a0ab1769226ce6872696b7b575013521c845f4f6a91e5cd88,2019-12,Staffordshire Police,Staffordshire Police,-2.140664,53.000365,On or near ROGATE CLOSE,E01014280,Stoke-on-Trent 021C,Unable to prosecute suspect
d30657a155735243b21200620d8b4671e098a1a2835528f536d53e98a845e1e8,2019-12,Staffordshire Police,Staffordshire Police,-2.187251,53.050245,On or near MINSTER STREET,E01014247,Stoke-on-Trent 009A,Unable to prosecute suspect
5a4e3c26ecd575dd9b6c98f4e2d55ca3f00847b04ce03aeb66b2f0d6489a0e88,2019-12,Staffordshire Police,Staffordshire Police,-2.152530,52.997546,On or near PAYNTER STREET,E01014274,Stoke-on-Trent 020A,Unable to prosecute suspect
5a2e92cb5d97b20b61ec03d4e31affc987f089062381f8d0c7a0c550a6511649,2019-12,Staffordshire Police,Staffordshire Police,-2.195642,53.065072,On or near SCOTT ROAD,E01014241,Stoke-on-Trent 006A,Unable to prosecute suspect
e28bd929c2cf8306bb4ec252dc6f435d0d424dfbf0380630631b7f35473cbc92,2019-12,Staffordshire Police,Staffordshire Police,-2.204957,53.002861,On or near LODGE ROAD,E01014294,Stoke-on-Trent 018F,Unable to prosecute suspect
b73fa6afd9359cfcb12539cb33f23f604814e0adb26669966f6dfe44d0652542,2019-12,Staffordshire Police,Staffordshire Police,-2.121333,52.982660,On or near UPPER NORMACOT ROAD,E01014302,Stoke-on-Trent 022D,Unable to prosecute suspect
7bff528c3477ca17b29f7df922a598b394a5e0caa5ace5edf8ec3896b5947872,2019-12,Staffordshire Police,Staffordshire Police,-2.177097,53.026053,On or near Nightclub,E01014287,Stoke-on-Trent 015D,Unable to prosecute suspect
a555188e99eb0ab04d2d04ab7ba98b2081f3ceb58ece5633ce302cff8f6758c5,2019-12,Staffordshire Police,Staffordshire Police,-2.106851,52.968705,On or near SANDON OLD ROAD,E01014319,Stoke-on-Trent 033C,Unable to prosecute suspect
57a63701a558a6746fa76989f4e0a28e9f5f55073f7d0f504518b40143ea727d,2019-12,Staffordshire Police,Staffordshire Police,-2.096160,52.981901,On or near WOOD PLACE,E01014367,Stoke-on-Trent 028C,Unable to prosecute suspect
3d19c3db1a2c62ea8803586ad799463f616248d5190196a2bd207356f134ee2c,2019-12,Staffordshire Police,Staffordshire Police,-2.153552,52.970739,On or near Sports/Recreation Area,E01014235,Stoke-on-Trent 032A,Unable to prosecute suspect
4dc6811d9da643fd6a37ffd7f2ac91b13db5f89d1a6a0afc1bb6a1910fa7e663,2019-12,Staffordshire Police,Staffordshire Police,-2.238419,53.009837,On or near ST MARY'S DRIVE,E01029598,Newcastle-under-Lyme 010E,Unable to prosecute suspect
b9e8fd6c0117500a4a4aa6d5de02942a7534739203439bd2b5e161778236517d,2019-12,Staffordshire Police,Staffordshire Police,-2.187960,53.004093,On or near EPWORTH STREET,E01014345,Stoke-on-Trent 019E,Unable to prosecute suspect
1f3c13a8379087f86cbb2f389cc75e4398cd3125ccb51e587b58914d017ca995,2019-12,Staffordshire Police,Staffordshire Police,-2.135084,52.988380,On or near Supermarket,E01014302,Stoke-on-Trent 022D,Unable to prosecute suspect
c26294c4ec9a8694061fd7523dd7ff00fa2ba15531c207ac977c1385db3fc243,2019-12,Staffordshire Police,Staffordshire Police,-2.185271,53.068621,On or near FORD AVENUE,E01014261,Stoke-on-Trent 003A,Unable to prosecute suspect
8bcd7c55e1152ae3cac534bbb5a64c527f14a5650b2b9840d391f2345e6df351,2019-12,Staffordshire Police,Staffordshire Police,-2.250817,53.037615,On or near COOPER STREET,E01029559,Newcastle-under-Lyme 007C,Unable to prosecute suspect
14c76ea70dca8a55c6595b4e4380425b9dc56c78e36b2af29421820751f8bbfc,2019-12,Staffordshire Police,Staffordshire Police,,,No location,,,Unable to prosecute suspect
650b0d7edc22bbbd2a01786db7e8323e5cc0afd015e67b11cf477579410479bc,2019-12,Staffordshire Police,Staffordshire Police,-2.188647,53.038575,On or near RUSHTON GROVE,E01014249,Stoke-on-Trent 011A,Unable to prosecute suspect
de47236b9c9b2d7a69060fa713a2c026c2230b99b3eeed95c1400c5ae7285c81,2019-12,Staffordshire Police,Staffordshire Police,-2.161427,53.002047,On or near ADRIAN STREET,E01014275,Stoke-on-Trent 020B,Unable to prosecute suspect
5d5641ebc460b04e97ee10f8410a7c4ac88efa909771d22dbca25b1547f310c7,2019-12,Staffordshire Police,Staffordshire Police,-2.192384,53.003583,On or near LION STREET,E01014295,Stoke-on-Trent 019B,Unable to prosecute suspect
5a11dffb344054e84c0463779f6868d6eeb07a4b972fad334ebb8bb7e2426e31,2019-12,Staffordshire Police,Staffordshire Police,-2.155369,52.966673,On or near ULVERSTON ROAD,E01014238,Stoke-on-Trent 032D,Unable to prosecute suspect
7e40687ff9c810eb5c5f216d5234019853233cc33ce502be8e172898d4c4742a,2019-12,Staffordshire Police,Staffordshire Police,-2.183580,53.071069,On or near RICHARDSON PLACE,E01014261,Stoke-on-Trent 003A,Unable to prosecute suspect
0525c5cdbd1729cbb48669514ae5bf338b2a71e49329c7ff49585426c1184e53,2019-12,Staffordshire Police,Staffordshire Police,-2.134394,53.054047,On or near MALSTONE AVENUE,E01014215,Stoke-on-Trent 007B,Unable to prosecute suspect
476509cf6e6b193afa1e371f6a0430218e0482850126ce0d08f725b9152b5f4a,2019-12,Staffordshire Police,Staffordshire Police,-2.134394,53.054047,On or near MALSTONE AVENUE,E01014215,Stoke-on-Trent 007B,Unable to prosecute suspect
91261d8e9e242f5f45e9103ddd07536b15b8cecd31f394250f3e764b429405f0,2019-12,Staffordshire Police,Staffordshire Police,-2.208682,53.015142,On or near GLADSTONE STREET,E01014288,Stoke-on-Trent 018A,Unable to prosecute suspect
d049cb681b77f6396cfb8ea374f754fd972593a1b1b5d09fe28fd4fc2420a33f,2019-12,Staffordshire Police,Staffordshire Police,-2.183519,52.996954,On or near NICHOLLS STREET,E01014339,Stoke-on-Trent 019C,Unable to prosecute suspect
d21307b6d925b6e777e0bbd1876ee66e6d89cf30dfc79d3b5764fcfa87815cf9,2019-12,Staffordshire Police,Staffordshire Police,,,No location,,,Unable to prosecute suspect
2113657b5564c063865429a8ff57278ed0ead2de61dca12e4477d411068321bb,2019-12,Staffordshire Police,Staffordshire Police,-2.257422,53.082357,On or near HIGHER ASH ROAD,E01029541,Newcastle-under-Lyme 003B,Unable to prosecute suspect
5ab28ae681081f6b748aafb2b43d685e192c7d777facd79973f24b8146c2da91,2019-12,Staffordshire Police,Staffordshire Police,-2.194022,52.993512,On or near HOLLYBANK CRESCENT,E01014338,Stoke-on-Trent 023A,Unable to prosecute suspect
90a3e780f680518f0638b37017e12bdd4e70bce287def93bfcbdeb8959eb5289,2019-12,Staffordshire Police,Staffordshire Police,-2.118088,53.005028,On or near WAVERTON ROAD,E01014223,Stoke-on-Trent 017D,Unable to prosecute suspect
fe5f0d5ffec729a4c2a2af646cc8fad255685f5de9828a8b0dc81f06d0456568,2019-12,Staffordshire Police,Staffordshire Police,-2.186737,53.007376,On or near LEWIS STREET,E01014293,Stoke-on-Trent 019A,Unable to prosecute suspect
acd6c05714bfcd10adba48f2b47268f0554bc406306743119d8ee0d35ddda784,2019-12,Staffordshire Police,Staffordshire Police,-2.094861,53.020960,On or near HARDEWICK CLOSE,E01029818,Staffordshire Moorlands 009D,Unable to prosecute suspect
c3893e53450cc881e2192179c367443adfbae3374caccc17006f27a2dd85cabe,2019-12,Staffordshire Police,Staffordshire Police,-2.236119,53.038858,On or near HANBRIDGE AVENUE,E01029539,Newcastle-under-Lyme 006C,Unable to prosecute suspect
e02a48f62b894bb4ac10e3f67af2e35c98729cf4eb94bcd07389022a4b00320b,2019-12,Staffordshire Police,Staffordshire Police,-2.204628,53.040310,On or near EYRE STREET,E01014251,Stoke-on-Trent 009C,Unable to prosecute suspect
d29f0e5bd04a6bd97e7e513fef987069e85240f1857c0cb719c0479cef2e9715,2019-12,Staffordshire Police,Staffordshire Police,-2.178153,53.025323,On or near GITANA STREET,E01014287,Stoke-on-Trent 015D,Unable to prosecute suspect
51075e49338df4e286d69051e3a57308b16abefc837be24b15e0860c9b777402,2019-12,Staffordshire Police,Staffordshire Police,-2.225090,53.008847,On or near Pedestrian Subway,E01029604,Newcastle-under-Lyme 011E,Unable to prosecute suspect
9ae1345228d6b9b8fac130170dfdd0dee1bf7a828a3be30afc621bdaae912a5e,2019-12,Staffordshire Police,Staffordshire Police,-2.225439,52.995623,On or near EASDALE PLACE,E01029607,Newcastle-under-Lyme 014F,Unable to prosecute suspect
522f6a9ebddf288036fbaa4d9e98b98db1ccc92f8eb22f71ced23cf27cc48861,2019-12,Staffordshire Police,Staffordshire Police,-2.177117,53.023580,On or near ALBION STREET,E01014287,Stoke-on-Trent 015D,Unable to prosecute suspect
9b2eafa6e5460a2d29c4546b16470c347c856a749f73f230eccddcbc81c01b27,2019-12,Staffordshire Police,Staffordshire Police,-2.175587,53.017614,On or near HARDING ROAD,E01014287,Stoke-on-Trent 015D,Unable to prosecute suspect
3ca023d196c0641d07ebfdff4ee8381fcf3bd147da4a1ec13bb6ca948e99499c,2019-12,Staffordshire Police,Staffordshire Police,-2.178484,53.033269,On or near ASHBOURNE GROVE,E01014256,Stoke-on-Trent 011D,Unable to prosecute suspect
f1ee07d391a0d784d7e055b7053dc4c73fc7922febf950e5a4523cf4395e8cd9,2019-12,Staffordshire Police,Staffordshire Police,-2.125251,53.024051,On or near CRANFORD WAY,E01014225,Stoke-on-Trent 014C,Unable to prosecute suspect
4c41eb4fc31c7787fc044b579e3c818f6e8a22412e09fc47fc97419e90c45033,2019-12,Staffordshire Police,Staffordshire Police,-2.092604,52.997338,On or near LONGWALL STREET,E01014369,Stoke-on-Trent 024D,Unable to prosecute suspect
9b2579c4b6ce3c3aada8fda87e7f750f6d8461f0f77635d21def13df3c224a2d,2019-12,Staffordshire Police,Staffordshire Police,-2.092604,52.997338,On or near LONGWALL STREET,E01014369,Stoke-on-Trent 024D,Unable to prosecute suspect
b0386c3d4e61cbb8d5b64eee79a291be4b11342941c9509f277ac522e8f44d0d,2019-12,Staffordshire Police,Staffordshire Police,-2.207699,53.055505,On or near WILLIAMSON STREET,E01014356,Stoke-on-Trent 005C,Unable to prosecute suspect
ff0eb5b6ada48724e5f519ca59bfd3958d0dc5acbeedd290deb83653557877b9,2019-12,Staffordshire Police,Staffordshire Police,-2.168777,53.071558,On or near WHITLEY ROAD,E01014337,Stoke-on-Trent 004E,Unable to prosecute suspect
81a8be691ea872e580256271dc554352e8c7398d6c3c97c51b162df5688e2cd0,2019-12,Staffordshire Police,Staffordshire Police,-2.197250,53.044529,On or near Further/Higher Educational Building,E01014251,Stoke-on-Trent 009C,Unable to prosecute suspect
0e4f7d69e31e99a3b229caf13414d6a5a8039dbe63eb5e8578df3b7d46cc2a03,2019-12,Staffordshire Police,Staffordshire Police,-2.097404,52.978862,On or near COLCLOUGH ROAD,E01014368,Stoke-on-Trent 028D,Unable to prosecute suspect
f17b5e982340f6e051f884fba677a3a2aa4dc55072b40233257a0d0f074d3272,2019-12,Staffordshire Police,Staffordshire Police,-2.200648,52.999084,On or near THISTLEY HOUGH,E01014341,Stoke-on-Trent 023B,Unable to prosecute suspect
11fea1ee803855122ae82a884ab136db66d85600169a80df1778d8756f65e029,2019-12,Staffordshire Police,Staffordshire Police,-2.130063,53.012791,On or near BRACKENFIELD AVENUE,E01014222,Stoke-on-Trent 017C,Unable to prosecute suspect
13fd716d4140e6de4717e64b3c44344fdf725c7785b0e454db9871342a66fca0,2019-12,Staffordshire Police,Staffordshire Police,-2.153984,53.041708,On or near BOUVERIE PARADE,E01014269,Stoke-on-Trent 010A,Unable to prosecute suspect
de2ceb7b63012875b925a5ede71a9ed3eea1cf82f30b434c56d293b38f3f6d9d,2019-12,Staffordshire Police,Staffordshire Police,-2.177778,53.017539,On or near CLEVELAND ROAD,E01014287,Stoke-on-Trent 015D,Unable to prosecute suspect
a679d26e38af278c3844165aabbcb9bf72b71a159e280f6eb8b1ca121ac64a36,2019-12,Staffordshire Police,Staffordshire Police,-2.257766,53.090015,On or near CONGLETON ROAD SOUTH,E01029542,Newcastle-under-Lyme 003C,Unable to prosecute suspect
dcc80a1c24dac5e15dd46e8709d5b6a3072c9b786248b0abbb2a091878ad0683,2019-12,Staffordshire Police,Staffordshire Police,-2.154121,52.975637,On or near CHILWORTH GROVE,E01014236,Stoke-on-Trent 032B,Unable to prosecute suspect
477b0ae398dcbfc845de2edff5316094d8c148cd20f528f9e71d3e0c33b97db6,2019-12,Staffordshire Police,Staffordshire Police,-2.212832,53.058660,On or near OLDCOURT STREET,E01014354,Stoke-on-Trent 005A,Unable to prosecute suspect
df9a9336ad2bbbb7b5c42392f538332e58c711832cbd0080dd5f732d593559d9,2019-12,Staffordshire Police,Staffordshire Police,-2.227526,53.063793,On or near LOWLANDS ROAD,E01014358,Stoke-on-Trent 002B,Unable to prosecute suspect
e263c38d1cb83e60617e65baddc423816afe8955c1baa708faf7fbad70057249,2019-12,Staffordshire Police,Staffordshire Police,-2.240487,53.046661,On or near WINPENNY ROAD,E01029538,Newcastle-under-Lyme 006B,Unable to prosecute suspect
959142ec67e8c77dcb101df0b10b5abea0393670a8adabc84af25434baea6088,2019-12,Staffordshire Police,Staffordshire Police,-2.368517,52.968118,On or near SCHOOL LANE,E01029570,Newcastle-under-Lyme 016B,Unable to prosecute suspect
890c8c67a25e7eda44b7b2d78b84824f85d9877c6e4dbdc649be31b203554cc9,2019-12,Staffordshire Police,Staffordshire Police,-2.164017,52.985476,On or near MEAFORD DRIVE,E01014234,Stoke-on-Trent 026B,Unable to prosecute suspect
8a70eb325cf98d5b131331dfc35e0bb4f74c896e65b383a749a29ebff259c924,2019-12,Staffordshire Police,Staffordshire Police,-2.188362,52.997171,On or near FODEN STREET,E01014340,Stoke-on-Trent 019D,Unable to prosecute suspect
7c3d9b482dfef908b01e6dc4a2476e5038f95683ee144fdce738a17dfcdc77c1,2019-12,Staffordshire Police,Staffordshire Police,-2.180510,53.000824,On or near MACLAGAN STREET,E01014345,Stoke-on-Trent 019E,Unable to prosecute suspect
e87c2133722158f0e40da749096ed01e8107d93ced3f5d3547cf0a50fe2b5ca4,2019-12,Staffordshire Police,Staffordshire Police,,,No location,,,Unable to prosecute suspect
a4938f55b2815abc16e98545f85e7982a6441a9c281dd0f363f87d09a2f17293,2019-12,Staffordshire Police,Staffordshire Police,-2.284819,53.055732,On or near TIBB STREET,E01029534,Newcastle-under-Lyme 005C,Unable to prosecute suspect
3665610c4802fcce50475637636c101e94a0066eda7a439f8b1ecfd11246ace5,2019-12,Staffordshire Police,Staffordshire Police,-2.182463,53.018538,On or near WOOD TERRACE,E01014287,Stoke-on-Trent 015D,Unable to prosecute suspect
cd5fa97e96376401152072ba46d29b8fbe276dc1aa6343c36c5ec04944ddf94e,2019-12,Staffordshire Police,Staffordshire Police,-2.178264,53.048694,On or near A5272,E01014266,Stoke-on-Trent 008B,Unable to prosecute suspect
a7c13bf4bb2c51ccee32afcb7ddc6d4ec53d7a856250a2c82ea85f52273ac8e9,2019-12,Staffordshire Police,Staffordshire Police,-2.163391,53.005199,On or near DEWSBURY ROAD,E01014275,Stoke-on-Trent 020B,Unable to prosecute suspect
942436b5e6c3bd7faa9b42f1dd863c66c0b6f90d6f257d6dc30df6e7df1c3385,2019-12,Staffordshire Police,Staffordshire Police,-2.026038,53.103191,On or near KING STREET,E01029812,Staffordshire Moorlands 005D,Unable to prosecute suspect
405cee061614eab17446faec5a5befacbb5a7d20594cc1f9259d9d212a5f2447,2019-12,Staffordshire Police,Staffordshire Police,-2.179527,52.968653,On or near MEADOW LANE,E01014350,Stoke-on-Trent 034B,Unable to prosecute suspect
1b5388b83a334a52abde0fba51899150ea497a6fbf474145e0f8b1049c52fead,2019-12,Staffordshire Police,Staffordshire Police,-2.184133,53.018662,On or near GROVE PLACE,E01014286,Stoke-on-Trent 015C,Unable to prosecute suspect
e8d50ecf52826d10ff5fa0eabce97cfee69a2da8544f0e64deae38194b6035b9,2019-12,Staffordshire Police,Staffordshire Police,-2.254244,53.016878,On or near BROCK WAY,E01029567,Newcastle-under-Lyme 010D,Unable to prosecute suspect
fe1c4eb076f24a7de7e40941cc222463a61f4bc64dfc7e4e80746edd4cc99d56,2019-12,Staffordshire Police,Staffordshire Police,-2.191385,53.043928,On or near BROWN STREET,E01014249,Stoke-on-Trent 011A,Unable to prosecute suspect
1b36ca45bd49c18b30575bd8878f2b7b091c247485bd7080495840b8f9239c25,2019-12,Staffordshire Police,Staffordshire Police,-2.177969,53.060237,On or near HARTLAND AVENUE,E01014333,Stoke-on-Trent 003D,Unable to prosecute suspect
c99bf82e36e885512118ff7c9758dab7a2b83af474c7d6b89aad2bf3645d93b2,2019-12,Staffordshire Police,Staffordshire Police,-2.136009,52.979345,On or near Parking Area,E01014309,Stoke-on-Trent 027B,Unable to prosecute suspect
e79f333369df314458ee770eeacd8d8572e84b172b7b3b6c9d5a9a79db5d742b,2019-12,Staffordshire Police,Staffordshire Police,-2.023592,53.083299,On or near LEEKBROOK WAY,E01029813,Staffordshire Moorlands 006D,Unable to prosecute suspect
2b2d7720fc7c0e44662ce05dc2d2cad5531547016f78299c46aa72b28bee3606,2019-12,Staffordshire Police,Staffordshire Police,-2.167143,53.015792,On or near CORNES STREET,E01033216,Stoke-on-Trent 016G,Unable to prosecute suspect
c0545f17fa4099c0ff70d48c0adfdcaeaad42c5e59cdae652eef5a947ccc0a11,2019-12,Staffordshire Police,Staffordshire Police,-2.124046,52.999008,On or near BYWATER GROVE,E01014296,Stoke-on-Trent 022A,Unable to prosecute suspect
5ad885472dab1ec96b814e434c06449f208b6d1a8d6f5401e2865048329cff74,2019-12,Staffordshire Police,Staffordshire Police,,,No location,,,Unable to prosecute suspect
85e5d7d598b03b0917d4be592f0ca982cd2724e14ce66ed6e2fc1ee298a75389,2019-12,Staffordshire Police,Staffordshire Police,-2.194892,53.024434,On or near LAKEWOOD GROVE,E01014285,Stoke-on-Trent 015B,Unable to prosecute suspect
754e3d70015d57c2601a1b44c49ccfd05edd7609144ee53b277fd015b429cd59,2019-12,Staffordshire Police,Staffordshire Police,-2.191863,53.037356,On or near STONOR STREET,E01014255,Stoke-on-Trent 009E,Unable to prosecute suspect
0ba9a206a91ab8a8bce14737016f5c61eb76b565c5bfb58835ce43ff38cfee72,2019-12,Staffordshire Police,Staffordshire Police,-2.209318,53.060231,On or near ARTHUR STREET,E01014355,Stoke-on-Trent 005B,Unable to prosecute suspect
c5479e6188b22eae11bb9502451f8e96bc2210a542db165c004132eaca8855ef,2019-12,Staffordshire Police,Staffordshire Police,-2.229408,53.013693,On or near Pedestrian Subway,E01029604,Newcastle-under-Lyme 011E,Unable to prosecute suspect
ee27f2d3f4f00a30cf155a338aee26ca39632141c94dbf48370a0f6838baa391,2019-12,Staffordshire Police,Staffordshire Police,-2.240469,53.016664,On or near Sports/Recreation Area,E01029555,Newcastle-under-Lyme 011A,Unable to prosecute suspect
2b4e7908a822ec4d854096599223748f75c51e89d5b02fe1e6fa1e6696983437,2019-12,Staffordshire Police,Staffordshire Police,-2.140246,52.976976,On or near QUEENS PARK AVENUE,E01014309,Stoke-on-Trent 027B,Unable to prosecute suspect
6ccdd02f1ce6bffc44cc9cc7f602ff6a7d13a44b02d5f35327b21e7a5c6f5e1b,2019-12,Staffordshire Police,Staffordshire Police,-2.226342,53.011721,On or near Nightclub,E01029604,Newcastle-under-Lyme 011E,Unable to prosecute suspect
9801c491c8133f4ab5c99b04eb09cb2846a99631f79633b959852e4a455239bd,2019-12,Staffordshire Police,Staffordshire Police,-2.173284,53.026894,On or near HUNTBACH STREET,E01014287,Stoke-on-Trent 015D,Unable to prosecute suspect
86e3123fab23960f91ef9b9da53f188e32f19b018c8b2c3e44c18d6d20cf3e66,2019-12,Staffordshire Police,Staffordshire Police,-2.221462,53.068649,On or near BIRCHALL AVENUE,E01014358,Stoke-on-Trent 002B,Unable to prosecute suspect
810864efdd9c0398e92d5b852d02cc2c55f4c0a2d20bd79d4150d5486ebb289a,2019-12,Staffordshire Police,Staffordshire Police,-2.101578,52.974157,On or near MOLLISON ROAD,E01014317,Stoke-on-Trent 031D,Unable to prosecute suspect
1b499bb2f6e9dab5ce6c776919399d7d283b6edb84ef0f0eaab121bd305a44a6,2019-12,Staffordshire Police,Staffordshire Police,-2.177603,53.025710,On or near TRINITY STREET,E01014287,Stoke-on-Trent 015D,Unable to prosecute suspect
5db27a3f00cb503ddb602df26a5767d8cc8240dd0353cb705a51f320687b10fc,2019-12,Staffordshire Police,Staffordshire Police,-2.190843,53.059543,On or near Supermarket,E01014243,Stoke-on-Trent 006C,Unable to prosecute suspect
4b9c954241c4fe2999fd5a6fbe4e26fc72d7bc9c764dd6a04d1108d3ac9caa99,2019-12,Staffordshire Police,Staffordshire Police,-2.225027,53.011076,On or near Shopping Area,E01029604,Newcastle-under-Lyme 011E,Unable to prosecute suspect
a2b2761366d7b22e2f8f9c58c19bcc0217973a942d6fc7beff88047d0629da2e,2019-12,Staffordshire Police,Staffordshire Police,-2.137465,52.987775,On or near GOLD STREET,E01014302,Stoke-on-Trent 022D,Unable to prosecute suspect
c0ec5f418ca402e1f5d6481d70af6269d903a3744f1767c053c6a7bd685f70c3,2019-12,Staffordshire Police,Staffordshire Police,-2.175479,53.024149,On or near Shopping Area,E01014287,Stoke-on-Trent 015D,Unable to prosecute suspect
03f627fab0a7448738f540ed73013bf0cf56aca3cf8204a79af5ac57a716e665,2019-12,Staffordshire Police,Staffordshire Police,-2.241068,53.089223,On or near BOURNE ROAD,E01029564,Newcastle-under-Lyme 002C,Unable to prosecute suspect
b5de7406d0d6716b22162b56062d2f17eb5ff6331c5a0b214bae640c98120656,2019-12,Staffordshire Police,Staffordshire Police,-2.177734,53.025054,On or near BRUNSWICK STREET,E01014287,Stoke-on-Trent 015D,Unable to prosecute suspect
ee6ea527a099e85fef601484d289940800aa69eb7c2192fff3a3475fdfc578ba,2019-12,Staffordshire Police,Staffordshire Police,-2.122826,52.978362,On or near UPPER BELGRAVE ROAD,E01014307,Stoke-on-Trent 029C,Unable to prosecute suspect
4b3b9f61937adaaf70ce88a2d9484947f5a680b70bd1b489749a782fd98b59bb,2019-12,Staffordshire Police,Staffordshire Police,-2.122826,52.978362,On or near UPPER BELGRAVE ROAD,E01014307,Stoke-on-Trent 029C,Unable to prosecute suspect
b718383aabd4236294de669b7433fbc56d316b89a129e09602b0287f1a226c1b,2019-12,Staffordshire Police,Staffordshire Police,-2.184753,53.031264,On or near STANSGATE PLACE,E01014256,Stoke-on-Trent 011D,Unable to prosecute suspect
83addaf3754f2dc1c47118c40413d36f2614e4132d60e76b8fca112be6fa7944,2019-12,Staffordshire Police,Staffordshire Police,-2.174012,53.115076,On or near MOORFIELD AVENUE,E01029766,Staffordshire Moorlands 003D,Unable to prosecute suspect
b67fb499a0417c51cfd107b6019ea726007e272f409ed95a1afadb2ead2e89f7,2019-12,Staffordshire Police,Staffordshire Police,-2.284969,53.017393,On or near MALVERN AVENUE,E01029593,Newcastle-under-Lyme 012B,Unable to prosecute suspect
14aabefa944b0cb7515b0b3874e62334d76a5805f694044b31ec3834c3877c61,2019-12,Staffordshire Police,Staffordshire Police,,,No location,,,Unable to prosecute suspect
52c35ff83da14ef5daff7ba7b91a9a6ba3fed2ed0f30130ebdca8fb39bf8cf3c,2019-12,Staffordshire Police,Staffordshire Police,-2.151537,52.998950,On or near COLVILLE STREET,E01014274,Stoke-on-Trent 020A,Unable to prosecute suspect
3e0cff45bfabe892aaaf545d75e053a4fa897733d65f240b218adbb78ccf80e8,2019-12,Staffordshire Police,Staffordshire Police,-2.176253,53.009217,On or near LEEK ROAD,E01014282,Stoke-on-Trent 016D,Unable to prosecute suspect
ec7be3c2590560a59d7031557a47eb4c75a1d33962fb915217e87e7791e4e0a1,2019-12,Staffordshire Police,Staffordshire Police,-2.235314,53.014373,On or near KNUTTON LANE,E01029604,Newcastle-under-Lyme 011E,Unable to prosecute suspect
d1b163c667f854c5d521c12f29be9cce638c7f54f262dcafd7c959e2985058a8,2019-12,Staffordshire Police,Staffordshire Police,-2.188619,52.994600,On or near WATER STREET,E01014340,Stoke-on-Trent 019D,Unable to prosecute suspect
d1612ad72c2677a34b64e540039265612d91bcc8c4cbd5960f90e6de650627e1,2019-12,Staffordshire Police,Staffordshire Police,-2.115910,52.998477,On or near PARK HALL ROAD,E01014296,Stoke-on-Trent 022A,Unable to prosecute suspect
fe40f473affce84622df6e9f8ef3a86c324aa491fd79efdd874dcfb664ba9833,2019-12,Staffordshire Police,Staffordshire Police,-2.159337,52.968574,On or near SELBY WALK,E01014238,Stoke-on-Trent 032D,Unable to prosecute suspect
e2e2660c9d96f8d4941f45d20207c890dfbf213efc9261ea8dd4e05382142efe,2019-12,Staffordshire Police,Staffordshire Police,-2.141406,52.994818,On or near CARRON STREET,E01014278,Stoke-on-Trent 021B,Unable to prosecute suspect
73889da142785bfc3494cda241e7bb32c7f90137839f5be0a963dfbe935ebc67,2019-12,Staffordshire Police,Staffordshire Police,-2.146349,52.993904,On or near PERTH STREET,E01014273,Stoke-on-Trent 021A,Unable to prosecute suspect
334646a50f57bf8918740fa32d0f8805f1bfcd3f20dc4814cc9516ec1f437d78,2019-12,Staffordshire Police,Staffordshire Police,-2.216236,53.011470,On or near LOCKWOOD STREET,E01029603,Newcastle-under-Lyme 011D,Unable to prosecute suspect
b93e1b578d957348517f489ead2a188b794fd1514d0b045e92f27cff71deb3b1,2019-12,Staffordshire Police,Staffordshire Police,-2.192404,53.028195,On or near RIDGEHOUSE DRIVE,E01014285,Stoke-on-Trent 015B,Unable to prosecute suspect
65345529e3051db31a7d324afd9ec0add52f8bc44b498ba764c03ea9128a15e9,2019-12,Staffordshire Police,Staffordshire Police,-2.217124,52.989517,On or near DENBIGH CLOSE,E01029549,Newcastle-under-Lyme 014A,Unable to prosecute suspect
26db8283b6aaaffd514a1970ac3d27d900b3d45719858c03b59a0a970b56906b,2019-12,Staffordshire Police,Staffordshire Police,-2.192840,52.972309,On or near DEANSBERRY CLOSE,E01014348,Stoke-on-Trent 030B,Unable to prosecute suspect
fa86ea7ad64b04f8a423512b73660bae425718c1de094503c1f71a44b056f504,2019-12,Staffordshire Police,Staffordshire Police,-2.201873,52.993283,On or near COLLIN ROAD,E01014342,Stoke-on-Trent 023C,Unable to prosecute suspect
0f5813c609cf06934d5f60892286485a90cc11bdd6dba6dce0f6508f1e492231,2019-12,Staffordshire Police,Staffordshire Police,,,No location,,,Unable to prosecute suspect
78644a8110b62cf2dfc1bec5019749ed54a2e8714bf4d3e55d9124f8ec02165a,2019-12,Staffordshire Police,Staffordshire Police,-2.197953,53.044996,On or near KEATES STREET,E01014251,Stoke-on-Trent 009C,Unable to prosecute suspect
ad39073f56297843bb4cd21fb792c818c35119f55c5a916f0530de609702231d,2019-12,Staffordshire Police,Staffordshire Police,-2.214897,53.059834,On or near HOOVER STREET,E01014354,Stoke-on-Trent 005A,Unable to prosecute suspect
a9d5c6fe88f7dd8f9a3452b088f56cf7896d999dba23c2e62b26f9d5b7f2cca5,2019-12,Staffordshire Police,Staffordshire Police,-2.209382,53.042675,On or near NEPHEW STREET,E01014250,Stoke-on-Trent 009B,Unable to prosecute suspect
1566a94e25d55541d6a6710cf82985b46e698af8fba7a5c64cb5ddc1ea6309c6,2019-12,Staffordshire Police,Staffordshire Police,-2.225935,53.010850,On or near SCARLETT STREET,E01029604,Newcastle-under-Lyme 011E,Unable to prosecute suspect
dcb7efe561f5cf40cb2921c89bd1532e20d369c6db1ae310a5e0ac51194638f7,2019-12,Staffordshire Police,Staffordshire Police,-2.186455,53.004222,On or near TRADE STREET,E01014345,Stoke-on-Trent 019E,Unable to prosecute suspect
4412341f7e9997c8e53153fd3ed37e62a94366cf515c5a4c12e9333fce59db52,2019-12,Staffordshire Police,Staffordshire Police,-2.178153,53.025323,On or near GITANA STREET,E01014287,Stoke-on-Trent 015D,Unable to prosecute suspect
ce973b47ed96dd7e4a1be3329bc58e32696de86c4c60e5bb9499451484189249,2019-12,Staffordshire Police,Staffordshire Police,-2.190520,53.050752,On or near LORNE STREET,E01014247,Stoke-on-Trent 009A,Unable to prosecute suspect
ffb557d57ad3f654330b75f60285aa0b4858a31c2a03acc63c67cc90fe428856,2019-12,Staffordshire Police,Staffordshire Police,-2.168779,53.034110,On or near FAIRFAX STREET,E01014323,Stoke-on-Trent 013A,Unable to prosecute suspect
e842db7723d95fb861d987e77ca8fd65904057063442c3bd0eac193bbdb438a7,2019-12,Staffordshire Police,Staffordshire Police,,,No location,,,Unable to prosecute suspect
0162ae94df4a0fe132fa98e0a33cb508a5c1a34307ce3943776d4fb539f34632,2019-12,Staffordshire Police,Staffordshire Police,-2.176351,53.025811,On or near STAFFORD STREET,E01014287,Stoke-on-Trent 015D,Unable to prosecute suspect
bb14aa151bfc9cc52939d420ac9f7264fca80bd6f386e5a0441e3baeff37caa1,2019-12,Staffordshire Police,Staffordshire Police,-2.131476,52.997032,On or near BEESTON STREET,E01014300,Stoke-on-Trent 022C,Unable to prosecute suspect
e35490d0fe66f070c77f7148e3714f55137216323ff55184716d5c86efc23f3d,2019-12,Staffordshire Police,Staffordshire Police,-2.138849,53.029070,On or near NEWHOUSE ROAD,E01014212,Stoke-on-Trent 012C,Unable to prosecute suspect
245ea81fc0cb707352204cee4f7ade2ec578266ed39b1e8893cd13ddfaffb896,2019-12,Staffordshire Police,Staffordshire Police,-2.212076,53.065745,On or near MALTON GROVE,E01014359,Stoke-on-Trent 002C,Unable to prosecute suspect
56cb7073511558e833c68f7b76c121df1cc704a3b41ffd90b6384c925809d0f2,2019-12,Staffordshire Police,Staffordshire Police,-2.164729,52.984909,On or near SYCAMORE GROVE,E01014234,Stoke-on-Trent 026B,Unable to prosecute suspect
2ef7dcbd0e851b19be1ac5d798c8e34f3ad919bf73dd08ea858d27d2a714e4b5,2019-12,Staffordshire Police,Staffordshire Police,-2.164729,52.984909,On or near SYCAMORE GROVE,E01014234,Stoke-on-Trent 026B,Unable to prosecute suspect
3b42ff0a30c9f64f5a389f97161d9fe820fd4a1586a735852f7f05e075e5897c,2019-12,Staffordshire Police,Staffordshire Police,-2.183519,52.996954,On or near NICHOLLS STREET,E01014339,Stoke-on-Trent 019C,Unable to prosecute suspect
1756752cd4511796515c83a5687cc77d144b466584d917593adf0feb36602d16,2019-12,Staffordshire Police,Staffordshire Police,-2.229500,53.011337,On or near CHURCH STREET,E01029604,Newcastle-under-Lyme 011E,Unable to prosecute suspect
89568a4bcc21bf18ec3d5ff72828201aeedb8bab7dd47367ad92c3cc1371e741,2019-12,Staffordshire Police,Staffordshire Police,-2.215040,53.061722,On or near HENRY STREET,E01014361,Stoke-on-Trent 005D,Unable to prosecute suspect
0c5c3105c2bc626570c358d3676a068daf495f9fb7e0a0e946350f778f2d3068,2019-12,Staffordshire Police,Staffordshire Police,-2.266314,53.079066,On or near BARRIE GARDENS,E01029595,Newcastle-under-Lyme 003E,Unable to prosecute suspect
0deac51a87eae160ac36acd0629d11de838fc15d126f999467fc12b8d52e735c,2019-12,Staffordshire Police,Staffordshire Police,-2.105857,52.988401,On or near COPPICE GROVE,E01014364,Stoke-on-Trent 024B,Unable to prosecute suspect
872c049e79256b36a273d25c55505b7c319351e4422999e81442c5f98ded85a3,2019-12,Staffordshire Police,Staffordshire Police,-2.137465,52.987775,On or near GOLD STREET,E01014302,Stoke-on-Trent 022D,Unable to prosecute suspect
c6d1937c0811bb30b2a4192202e153efebbd988ca3fdec09482f765905f39e5e,2019-12,Staffordshire Police,Staffordshire Police,-2.178373,53.049818,On or near FELL STREET,E01014246,Stoke-on-Trent 008A,Unable to prosecute suspect
9cbc2c035bcf32268a2c8cca033de4995dfd12f0ea25d7d3aa9d6e03f16bd1e7,2019-12,Staffordshire Police,Staffordshire Police,-2.178373,53.049818,On or near FELL STREET,E01014246,Stoke-on-Trent 008A,Unable to prosecute suspect
faed33905eadb6bdd44ce921ee5301c009b9571495c9e84e2223b7db14bb23e5,2019-12,Staffordshire Police,Staffordshire Police,-2.211491,53.056092,On or near LASCELLES STREET,E01014356,Stoke-on-Trent 005C,Unable to prosecute suspect
99f68782762232d66521d9652c5fcdfdb4e5c1bf4535a21953720003e396b0ac,2019-12,Staffordshire Police,Staffordshire Police,-2.129305,53.008711,On or near TILBROOK CLOSE,E01014229,Stoke-on-Trent 017F,Unable to prosecute suspect
aac8f07d5279ece0263ea6fb050d54cc8d7f1b6505357ced4e0563ded8779a7c,2019-12,Staffordshire Police,Staffordshire Police,-2.170978,53.054575,On or near STATION CRESCENT,E01014331,Stoke-on-Trent 004A,Unable to prosecute suspect
16f717530b80ecbcec7c2cf9c83ad899e6a29e6f34c1839ad2950c3fa7ba0814,2019-12,Staffordshire Police,Staffordshire Police,-2.199892,53.009665,On or near Petrol Station,E01014291,Stoke-on-Trent 018D,Unable to prosecute suspect
7870ff66d5d978548b173923d70d4ceb59564ecf1d4fb609fda7896dc644a147,2019-12,Staffordshire Police,Staffordshire Police,-2.235765,53.004161,On or near BROOKSIDE CLOSE,E01029600,Newcastle-under-Lyme 014D,Unable to prosecute suspect
537c35df4cf5ae5c36fe310c029a15f28dbc544aaa1d80dcf32dcc212a9bb401,2019-12,Staffordshire Police,Staffordshire Police,-2.227970,53.012338,On or near FOGG STREET WEST,E01029604,Newcastle-under-Lyme 011E,Unable to prosecute suspect
b60dc2d5929e804cc496232bbe4747af3bc470af54de1b99da74934c85ea4aaf,2019-12,Staffordshire Police,Staffordshire Police,-2.229091,53.027015,On or near BENTLEY AVENUE,E01029552,Newcastle-under-Lyme 006D,Unable to prosecute suspect
1de130b905ee37844717a659f3ec5cd0168bd663bbb87a491b78b7ffd6c15463,2019-12,Staffordshire Police,Staffordshire Police,-2.137257,52.997097,On or near ROBIN HILL GROVE,E01014278,Stoke-on-Trent 021B,Unable to prosecute suspect
8d3e81af109695fc11c78e6b5ea790d4b9931452a84403308a23cd05becf8b71,2019-12,Staffordshire Police,Staffordshire Police,-2.169301,53.030316,On or near FREE TRADE STREET,E01014330,Stoke-on-Trent 013E,Unable to prosecute suspect
9025c8df5205a0c2b1943d942438266fe2f84c09fd85f2f21d86aa132ec1d2da,2019-12,Staffordshire Police,Staffordshire Police,-2.094244,52.984366,On or near HENDERSON GROVE,E01014366,Stoke-on-Trent 028B,Unable to prosecute suspect
bea72ee073ad0af423ae4e2a9286e3f03e2fccb94639032df63b6ebfbf688fb6,2019-12,Staffordshire Police,Staffordshire Police,,,No location,,,Unable to prosecute suspect
7c348aa4473ae6c1209cb70148ac9931994d58594a03c5cbb0fb771bb566fb19,2019-12,Staffordshire Police,Staffordshire Police,,,No location,,,Unable to prosecute suspect
fe67160a4ea3ae4b0cfb90bfc558299b67cf86170ca2870018cfb02eb4667bad,2019-12,Staffordshire Police,Staffordshire Police,-2.187452,53.007105,On or near FLOYD STREET,E01014293,Stoke-on-Trent 019A,Unable to prosecute suspect
202f0a0ddc0abc6b9a812ea6332e7b5245865c9362637fc618ccff00607bf410,2019-12,Staffordshire Police,Staffordshire Police,-2.192840,52.972309,On or near DEANSBERRY CLOSE,E01014348,Stoke-on-Trent 030B,Unable to prosecute suspect
296e229cc01283e78ac875c1a1db8de907b52312a047cca04bcebf2de15e22d8,2019-12,Staffordshire Police,Staffordshire Police,-2.175194,53.019907,On or near REGENT ROAD,E01014287,Stoke-on-Trent 015D,Unable to prosecute suspect
3032860f20629e300e9eecae999016591cfe9fa0230aaa6e42d2b3b961522c0d,2019-12,Staffordshire Police,Staffordshire Police,-2.025666,53.105349,On or near Parking Area,E01029804,Staffordshire Moorlands 005A,Unable to prosecute suspect
72cda3952fbae7ff0f3b3c83c8413b7f5c414e185e6b26de5d16b440011e9fdb,2019-12,Staffordshire Police,Staffordshire Police,,,No location,,,Unable to prosecute suspect
16b9664301b704b500e0f2084d97e840840d86b43a4609796b869bf5f3b45ee1,2019-12,Staffordshire Police,Staffordshire Police,-2.008983,53.114960,On or near RAMSHAW VIEW,E01029809,Staffordshire Moorlands 001D,Unable to prosecute suspect
df8868c48738e8499938ac6159402ecbbaed636fb76a27629be23dd955af5b02,2019-12,Staffordshire Police,Staffordshire Police,-2.192089,53.007799,On or near DOMINIC STREET,E01014293,Stoke-on-Trent 019A,Unable to prosecute suspect
df87ac62e98f2963bec9dc62d29ae5d3bf2a3862c632558428da68b817673a7b,2019-12,Staffordshire Police,Staffordshire Police,-2.169805,53.029371,On or near ST JOHN STREET,E01014328,Stoke-on-Trent 013C,Unable to prosecute suspect
a2b72a368ee03510a70946beba2e19c050bf34829c1de1012c8a4de22fa7a419,2019-12,Staffordshire Police,Staffordshire Police,,,No location,,,Unable to prosecute suspect
ad1b86f304646295367925dffff402db302a49bd9e54512faa81e3b84e2f0f5a,2019-12,Staffordshire Police,Staffordshire Police,-1.984850,52.998362,On or near FOXFIELD CLOSE,E01029782,Staffordshire Moorlands 010B,Unable to prosecute suspect
32330cfd6b82b2a6260a4b9d3a2fc9ae77fd57e1a77064db431d7fea0f13f9c3,2019-12,Staffordshire Police,Staffordshire Police,-2.157359,52.989746,On or near DORCAS DRIVE,E01014239,Stoke-on-Trent 026C,Unable to prosecute suspect
de0a201f64505e37176349bc8085525df872a03494787e6da3a83a43f5b85f42,2019-12,Staffordshire Police,Staffordshire Police,-2.174962,53.025229,On or near PERCY STREET,E01014287,Stoke-on-Trent 015D,Unable to prosecute suspect
b535ca72a7a4d2334500f2444f6e14a4ef41756b638e32f72977b3a26162eb69,2019-12,Staffordshire Police,Staffordshire Police,-2.187977,53.079889,On or near HOLLINGTON DRIVE,E01014257,Stoke-on-Trent 001A,Unable to prosecute suspect
4287e855431cc774aaf8928650711fed2d34ec3f612ac96f17d0b45f275c8268,2019-12,Staffordshire Police,Staffordshire Police,-2.196462,53.064756,On or near SPROSTON ROAD,E01014241,Stoke-on-Trent 006A,Unable to prosecute suspect
bd63b3c1b7fa9ffc04fb89f96ee9ee9dfb2d7697795c853a00dd1a560b84f39e,2019-12,Staffordshire Police,Staffordshire Police,-2.177305,53.116509,On or near WHARF ROAD,E01029774,Staffordshire Moorlands 003E,Unable to prosecute suspect
b221a01f395c5f012da6ef1a26515c6c7f66fdd2f90f47c58d58844ad20add9c,2019-12,Staffordshire Police,Staffordshire Police,,,No location,,,Unable to prosecute suspect
9864744116c2942648a22542e1fe96865a200bbc1bc430ca7aea74a68b81d431,2019-12,Staffordshire Police,Staffordshire Police,-2.136317,53.048759,On or near ROSEVALE STREET,E01014217,Stoke-on-Trent 012E,Unable to prosecute suspect
be844c0675822ed18bd1b295b4a45f1cf501e1e571ac0a1bb05b7288e5bdaaa2,2019-12,Staffordshire Police,Staffordshire Police,-2.136317,53.048759,On or near ROSEVALE STREET,E01014217,Stoke-on-Trent 012E,Unable to prosecute suspect
1ca98c1c21f074c9ede0d65617a2412e374db911a60866cd07d2056e570627e5,2019-12,Staffordshire Police,Staffordshire Police,-2.210879,53.028550,On or near Shopping Area,E01029611,Newcastle-under-Lyme 008E,Unable to prosecute suspect
f78c8b9bdf97abfd2fb7c93a9122a55012d8ba50690da47799cb2ac193902a31,2019-12,Staffordshire Police,Staffordshire Police,-2.192404,53.028195,On or near RIDGEHOUSE DRIVE,E01014285,Stoke-on-Trent 015B,Unable to prosecute suspect
fb3e6b49a99da84949eb38d2b2e8873131272f368bfc3cd335abbb368b15f1a2,2019-12,Staffordshire Police,Staffordshire Police,-2.163304,53.029398,On or near KEELINGS ROAD,E01014329,Stoke-on-Trent 013D,Unable to prosecute suspect
f7272e1d6d13d0f75b248b92a0a3358b68ff2781a2cbc989fa27dada0cc95d7b,2019-12,Staffordshire Police,Staffordshire Police,-2.207821,53.003539,On or near OLIVER ROAD,E01014294,Stoke-on-Trent 018F,Unable to prosecute suspect
adebd681eec763e1dfc6cadd4db2c1c5160be1748032665c9152a2972781ae6f,2019-12,Staffordshire Police,Staffordshire Police,-2.198977,53.008228,On or near YOXALL AVENUE,E01014292,Stoke-on-Trent 018E,Unable to prosecute suspect
337463ad8a583d0911e2f4c10e05f6e50b3f7bc6a7050249bdf3c45a3a945bb9,2019-12,Staffordshire Police,Staffordshire Police,-2.207212,52.994434,On or near Supermarket,E01014341,Stoke-on-Trent 023B,Unable to prosecute suspect
f5c2b530bb2a5db9c96ed5287195b10096814f556d9eb8762b747089ae8a5bb2,2019-12,Staffordshire Police,Staffordshire Police,-2.226416,53.037196,On or near TEMPLAR TERRACE,E01029583,Newcastle-under-Lyme 008A,Unable to prosecute suspect
19eb981901367f2f46fe38e6b41d510e48ef1841a5a0525d941b684269c68a4b,2019-12,Staffordshire Police,Staffordshire Police,-2.189626,53.050978,On or near STANFIELD ROAD,E01014247,Stoke-on-Trent 009A,Unable to prosecute suspect
9ae03a34bc54feae7ee134f22a131aa765a33b44d6245974ff93665179f042fc,2019-12,Staffordshire Police,Staffordshire Police,-2.212832,53.058660,On or near OLDCOURT STREET,E01014354,Stoke-on-Trent 005A,Unable to prosecute suspect
b58a5b297bfb5d611635c62bfc6132928302d98973d03e782d1b4d118dcd7e2a,2019-12,Staffordshire Police,Staffordshire Police,-2.141735,52.981487,On or near KIMBERLEY STREET,E01014311,Stoke-on-Trent 027C,Unable to prosecute suspect
5c334306fc02b2c2c00e066e62a73692408c4f77ca82a48e137949ff43468008,2019-12,Staffordshire Police,Staffordshire Police,-2.134928,53.124475,On or near HOT LANE,E01029767,Staffordshire Moorlands 002A,Unable to prosecute suspect
be887914444f7f50e4cfa9552d0b7c8528d2e8f9c2e42c0b0fdaa420a78f6d7e,2019-12,Staffordshire Police,Staffordshire Police,-2.094244,52.984366,On or near HENDERSON GROVE,E01014366,Stoke-on-Trent 028B,Unable to prosecute suspect
f466b374a102e3d02d940db75e0097eac037d53d605049012dcfa4fe4c31cce3,2019-12,Staffordshire Police,Staffordshire Police,-2.209579,53.110937,On or near CHURCH LANE,E01029582,Newcastle-under-Lyme 001D,Unable to prosecute suspect
78df8c9aa4a3d44bd05b0eb67d9c1bfa9eec99a23fab02d2fba1cbf8e2949e7d,2019-12,Staffordshire Police,Staffordshire Police,-2.215160,53.070791,On or near SHELFORD ROAD,E01014360,Stoke-on-Trent 002D,Unable to prosecute suspect
f3413079c131e3829b4c0063cc93bb2fb745fc171b2e4f92583d648bc7366b44,2019-12,Staffordshire Police,Staffordshire Police,-2.177778,53.017539,On or near CLEVELAND ROAD,E01014287,Stoke-on-Trent 015D,Unable to prosecute suspect
4407f7f477b5500210c776378ea5cc3570ce1e60a1a44bf4c3953e77d66d00ec,2019-12,Staffordshire Police,Staffordshire Police,-2.166140,53.111429,On or near DUKE STREET,E01029764,Staffordshire Moorlands 003B,Unable to prosecute suspect
f4336f391c3033856599baced2bd95b2cab9b42882c33d001c7d54471511f38a,2019-12,Staffordshire Police,Staffordshire Police,-2.136670,53.037675,On or near ELMSMERE ROAD,E01014217,Stoke-on-Trent 012E,Unable to prosecute suspect
be998e1d087b8d6e9d73e7710de09e9b81028d08f1026e355ccd011a97979ec6,2019-12,Staffordshire Police,Staffordshire Police,-2.196075,53.045430,On or near SWAN SQUARE,E01014251,Stoke-on-Trent 009C,Unable to prosecute suspect
5977960fe5bf8db6306e55a50d04230bc345bfdacae3af587e156db3520c849e,2019-12,Staffordshire Police,Staffordshire Police,-2.307125,53.051559,On or near MEADOWSIDE AVENUE,E01029535,Newcastle-under-Lyme 005D,Unable to prosecute suspect
56b175658f0a2b375db139622906af5dc3f32dec8cfa35d8a7b4ad3ef628410f,2019-12,Staffordshire Police,Staffordshire Police,,,No location,,,Unable to prosecute suspect
d27edd1fcde82de868c47854f83128ef7f5da25efa75bc2c52e750b6d55b8d33,2019-12,Staffordshire Police,Staffordshire Police,-2.177734,53.025054,On or near BRUNSWICK STREET,E01014287,Stoke-on-Trent 015D,Unable to prosecute suspect
246525a7f83df8932455fda2c7e195df062cf6a3554dea5f59f2c2dfafd1471f,2019-12,Staffordshire Police,Staffordshire Police,-2.175587,53.017614,On or near HARDING ROAD,E01014287,Stoke-on-Trent 015D,Unable to prosecute suspect
f565fc115316f5f70e69c106ae607f2c8f34c45c033fb1fc51156b3da95b5efe,2019-12,Staffordshire Police,Staffordshire Police,-2.166845,53.031398,On or near DOVER STREET,E01014329,Stoke-on-Trent 013D,Unable to prosecute suspect
184ff984c281e5d2c35812be7b7797c35879e9a33cb48f15895ebc5d97a39b84,2019-12,Staffordshire Police,Staffordshire Police,-2.160307,53.001356,On or near FREDERICK STREET,E01014275,Stoke-on-Trent 020B,Unable to prosecute suspect
7da303f65cb3d35039977665bbab00ea664c2c04998efdee1cb5aec79cadf40a,2019-12,Staffordshire Police,Staffordshire Police,-2.178593,53.066915,On or near BENTLEY ROAD,E01014263,Stoke-on-Trent 003C,Unable to prosecute suspect
ab677b312797fd2a9f02b217eceade6ba637122c5ad31cb5b6eed807544d31a0,2019-12,Staffordshire Police,Staffordshire Police,-2.095930,52.978800,On or near SOUTH WALK,E01014368,Stoke-on-Trent 028D,Unable to prosecute suspect
3c6e2677f810935be10723d998d7fdd7fe53066ce34650889190ec4217f57498,2019-12,Staffordshire Police,Staffordshire Police,-2.177734,53.025054,On or near BRUNSWICK STREET,E01014287,Stoke-on-Trent 015D,Unable to prosecute suspect
0ed36f02625aec90343fc9e61eec65b532993094b5e9d368a891291ee42cc7f4,2019-12,Staffordshire Police,Staffordshire Police,-2.188647,53.038575,On or near RUSHTON GROVE,E01014249,Stoke-on-Trent 011A,Unable to prosecute suspect
44f770dfe53c3c7ef6178f36ed33b2de02584c662c4e27ba43fd0f5a633da5da,2019-12,Staffordshire Police,Staffordshire Police,-1.892199,52.987959,On or near Park/Open Space,E01029761,Staffordshire Moorlands 010A,Unable to prosecute suspect
13f87ab103f713678f2401f87d48c5a3cbb9e0cc9e3d93c9ff062f166c080708,2019-12,Staffordshire Police,Staffordshire Police,-2.011374,53.115706,On or near HAREGATE ROAD,E01029809,Staffordshire Moorlands 001D,Unable to prosecute suspect
8373e233ce6992a77391023d65a7109d9816ae9779c633a342569eb8fb782db7,2019-12,Staffordshire Police,Staffordshire Police,-2.207611,53.009256,On or near Supermarket,E01014290,Stoke-on-Trent 018C,Unable to prosecute suspect
8358cc7bc0f4172ad71a1c694915eaa42fbdf0b53e2f727d8f39faf385be7c95,2019-12,Staffordshire Police,Staffordshire Police,-2.161061,52.991791,On or near BLURTON ROAD,E01014279,Stoke-on-Trent 020E,Unable to prosecute suspect
e595789dc377b3674ffd32a4a46864d22534c42343d86e444f4a2ce619370aa3,2019-12,Staffordshire Police,Staffordshire Police,-2.208738,53.032869,On or near A500,E01029611,Newcastle-under-Lyme 008E,Unable to prosecute suspect
92688eabab251cf92afa9fce9bb7e1197c638a4500d333000d5cec134edd22fe,2019-12,Staffordshire Police,Staffordshire Police,-2.163234,52.995123,On or near STATION BRIDGE ROAD,E01014279,Stoke-on-Trent 020E,Unable to prosecute suspect
355d9ae74df9442a2229cc15bc43d974afcffda878e049145f6dedd5722989ee,2019-12,Staffordshire Police,Staffordshire Police,-2.178373,53.049818,On or near FELL STREET,E01014246,Stoke-on-Trent 008A,Unable to prosecute suspect
618546bb80bc5b361bc5386360d8c25e34f69ce11df87fbe6bc64ca2e1c26933,2019-12,Staffordshire Police,Staffordshire Police,-2.178153,53.025323,On or near GITANA STREET,E01014287,Stoke-on-Trent 015D,Unable to prosecute suspect
31fd5cbfce005f6c244a7fea53147e5e7886a1b74218fdb61837894442058331,2019-12,Staffordshire Police,Staffordshire Police,-2.178153,53.025323,On or near GITANA STREET,E01014287,Stoke-on-Trent 015D,Unable to prosecute suspect
0cc1fde3d4aa8aac4616c84f2e3de2796525dd43f7739f1e278fd4d76005dce2,2019-12,Staffordshire Police,Staffordshire Police,-2.208632,52.998602,On or near WHEATLY AVENUE,E01014341,Stoke-on-Trent 023B,Unable to prosecute suspect
fdc5c74f06551e68b6815f8ff855c1a6fc4e7c5f0ad175d680e1ce546125364e,2019-12,Staffordshire Police,Staffordshire Police,-2.207098,53.054643,On or near RAILWAY STREET,E01014356,Stoke-on-Trent 005C,Unable to prosecute suspect
2a1d9716a62425e0d50cfaa0cfb45e4ccbe7194254ad8a196ce118db3fecbf48,2019-12,Staffordshire Police,Staffordshire Police,-2.207409,53.041878,On or near MADDOCK STREET,E01014250,Stoke-on-Trent 009B,Unable to prosecute suspect
b4dfe4c52ad80324c235399ae856d4aa18d5d8218b4d6f3479968f19956d9697,2019-12,Staffordshire Police,Staffordshire Police,-2.194445,53.057595,On or near CLIFFE PLACE,E01014244,Stoke-on-Trent 006D,Unable to prosecute suspect
f4c35859780c1ca105f394b8b52ab10547be6d7b5e2a35b95a01fa414da37fc7,2019-12,Staffordshire Police,Staffordshire Police,-2.216872,53.061017,On or near KNIGHT STREET,E01014354,Stoke-on-Trent 005A,Unable to prosecute suspect
9617b78de658959baed492168bbf645e1c499c51c29e1622a84825761c577aaf,2019-12,Staffordshire Police,Staffordshire Police,,,No location,,,Unable to prosecute suspect
16a500ae9610a5f38e3b4cd76f2c1c8d048485c84a8cab28e3af47d6c6577332,2019-12,Staffordshire Police,Staffordshire Police,-2.174962,53.025229,On or near PERCY STREET,E01014287,Stoke-on-Trent 015D,Unable to prosecute suspect
4030d1732e8d3c11093ec2a3dbc7e141587a711b31e5ddac79bb7d42b556a27b,2019-12,Staffordshire Police,Staffordshire Police,-2.201697,53.051417,On or near HERD STREET,E01014252,Stoke-on-Trent 009D,Unable to prosecute suspect
91c547b48a5d6522a3ff884a5461cb961927f916369e2a6fd855bbdcbe9d435d,2019-12,Staffordshire Police,Staffordshire Police,-2.216416,53.008728,On or near LANCASTER ROAD,E01029603,Newcastle-under-Lyme 011D,Unable to prosecute suspect
72db51d2b3daf1a727cc2028ba957eebf01d0e8f158bfb733adea7afa1d224d9,2019-12,Staffordshire Police,Staffordshire Police,-2.167128,53.023505,On or near WATERLOO STREET,E01014231,Stoke-on-Trent 016B,Unable to prosecute suspect
e65ae2daa5777b67a0d79ee38fe5d2de98aa236016138ee4639b7de3abf65e4c,2019-12,Staffordshire Police,Staffordshire Police,-2.211755,53.061206,On or near KEELE STREET,E01014361,Stoke-on-Trent 005D,Unable to prosecute suspect
71048e3896824c81b4d6e0ff5e1f0073aae2377f2f0a5ed11b69a6513666adde,2019-12,Staffordshire Police,Staffordshire Police,-2.211755,53.061206,On or near KEELE STREET,E01014361,Stoke-on-Trent 005D,Unable to prosecute suspect
e1e45745e52ba3007f6c193c5aa6485ff77bad405d80c376a172c475fc42443a,2019-12,Staffordshire Police,Staffordshire Police,-2.179255,53.014220,On or near COLLEGE ROAD,E01014281,Stoke-on-Trent 015A,Unable to prosecute suspect
5b4d7747a0647ce323d4c4184c08d87efc164bfffafad0e6cef60c8a2c7126fb,2019-12,Staffordshire Police,Staffordshire Police,-2.252283,53.043517,On or near DRAGON SQUARE,E01029547,Newcastle-under-Lyme 007A,Unable to prosecute suspect
9d4441072c82d5093ea6d261194bae3cd5d0d51a2f6610c474e6b6ec1f8a6eac,2019-12,Staffordshire Police,Staffordshire Police,,,No location,,,Unable to prosecute suspect
42dcdd175fa476fb80ea5da7446c59a0c9aeb076e9e6440b9de1683df71d5941,2019-12,Staffordshire Police,Staffordshire Police,-2.041374,53.100023,On or near WALLBRIDGE DRIVE,E01029816,Staffordshire Moorlands 006F,Unable to prosecute suspect
e2660ce2b94a96d5b7578f779479e8f03af7dc101ab03903a7454114c378048a,2019-12,Staffordshire Police,Staffordshire Police,-2.146000,53.022814,On or near PIGGOTT GROVE,E01014230,Stoke-on-Trent 014F,Unable to prosecute suspect
3457f102058004b5a217de1aa9cdeb690bebfaacbeabafd71b58d3b9cba4985a,2019-12,Staffordshire Police,Staffordshire Police,-2.133464,52.979905,On or near KILDARE STREET,E01014309,Stoke-on-Trent 027B,Unable to prosecute suspect
b506b672e2a9ace0178ae577a0e1f622f73349ae405cb7984d8ecdebebb1911f,2019-12,Staffordshire Police,Staffordshire Police,-2.209305,53.054424,On or near Supermarket,E01014356,Stoke-on-Trent 005C,Unable to prosecute suspect
d4587eb59bcc6fba66f55ab2eb171ff1ce89d9163b53cf46a2df5b5bddc994e6,2019-12,Staffordshire Police,Staffordshire Police,-2.124914,52.979645,On or near HAMILTON ROAD,E01014305,Stoke-on-Trent 029A,Unable to prosecute suspect
1d9e71a6228e7043339502d3563f880e882191f4493c588cc606d5ce92f4cd09,2019-12,Staffordshire Police,Staffordshire Police,-2.156730,52.976389,On or near BEACONSFIELD DRIVE,E01014236,Stoke-on-Trent 032B,Unable to prosecute suspect
38686f57b7a7cbb4c1705e2bf32a4977b55cc61d6ca24371e343f68b84e43639,2019-12,Staffordshire Police,Staffordshire Police,-2.026469,53.075658,On or near CHEDDLETON HEATH ROAD,E01029813,Staffordshire Moorlands 006D,Unable to prosecute suspect
aa031832b660bcf700dae3049237c87f4b69a4078ad64ec9bd14f1b4a528540a,2019-12,Staffordshire Police,Staffordshire Police,-2.242204,53.086650,On or near MEADOWS ROAD,E01029588,Newcastle-under-Lyme 002D,Unable to prosecute suspect
0ebe594de8a47bcbfde7f9c9706b290cb6936cd434267eb17867f5ebc7fc6edf,2019-12,Staffordshire Police,Staffordshire Police,-2.215725,53.067276,On or near HIGH STREET (SANDYFORD),E01014360,Stoke-on-Trent 002D,Unable to prosecute suspect
25dfd3be1877f8a5d78508119ded02da8f760a06b0bbfd3e43a8046681ad439b,2019-12,Staffordshire Police,Staffordshire Police,-2.131908,53.031307,On or near MALCOLM DRIVE,E01014212,Stoke-on-Trent 012C,Unable to prosecute suspect
df472a215c30823f823789b3585897361214fa27afddf628af2b49cc8b580b45,2019-12,Staffordshire Police,Staffordshire Police,-2.176372,52.965206,On or near CARDIGAN GROVE,E01014351,Stoke-on-Trent 034C,Unable to prosecute suspect
ea1e629d6a833b0dfd1e88164033d5afefefa30c1fc930c170693e33cde4bb74,2019-12,Staffordshire Police,Staffordshire Police,-2.226757,53.011118,On or near Shopping Area,E01029604,Newcastle-under-Lyme 011E,Unable to prosecute suspect
ccea83659986edf8262a2274c87f73de1f530b3d8b628fb57f16dab2c13ed08c,2019-12,Staffordshire Police,Staffordshire Police,-2.166047,53.025367,On or near BUCKNALL NEW ROAD,E01014328,Stoke-on-Trent 013C,Unable to prosecute suspect
0676bebe758f9047e5914aa7ec32107ccdbf57ceba1dae52dca09a14b7cfbb4b,2019-12,Staffordshire Police,Staffordshire Police,-2.224997,52.988001,On or near DENTON CLOSE,E01029589,Newcastle-under-Lyme 015B,Unable to prosecute suspect
5ac2447ac6cb77e9ee9af275426f0d279b6f18a2dfae146f590e975d3d8824e3,2019-12,Staffordshire Police,Staffordshire Police,-2.097459,52.983176,On or near BROOKHOUSE ROAD,E01014366,Stoke-on-Trent 028B,Unable to prosecute suspect
2987da83a5b5676abe723e44d129f2f53aa06091472a4e63b1585998c4d39ef6,2019-12,Staffordshire Police,Staffordshire Police,-2.198895,53.045506,On or near STEVENTON PLACE,E01014251,Stoke-on-Trent 009C,Unable to prosecute suspect
12ffe8c69034edcc38d9bdd5d84fdfbe4f8872ee57a246a1f3201bf5dc3dd5bb,2019-12,Staffordshire Police,Staffordshire Police,-2.268327,53.004370,On or near Further/Higher Educational Building,E01029576,Newcastle-under-Lyme 012A,Unable to prosecute suspect
09664ce2808164764205b77a421215dcd28679c58bced7418e8e4db2ebd4aa95,2019-12,Staffordshire Police,Staffordshire Police,-2.147189,53.030390,On or near BENEDICT PLACE,E01014210,Stoke-on-Trent 012A,Unable to prosecute suspect
12da1021a54b3b6845192db3119ed325736243c3528c34731af8692887f44d25,2019-12,Staffordshire Police,Staffordshire Police,-2.170824,53.030628,On or near BROOM STREET,E01014330,Stoke-on-Trent 013E,Unable to prosecute suspect
c9ec5e98064ce83e555e959c3134be9482e0ac66bdb1c00353d55b6abffd237b,2019-12,Staffordshire Police,Staffordshire Police,-2.209906,53.009351,On or near LINLEY ROAD,E01014289,Stoke-on-Trent 018B,Unable to prosecute suspect
d5ad9215820b9b8a9a651242c5374c37244e35882e8f370e440ff73adf7e99d5,2019-12,Staffordshire Police,Staffordshire Police,-2.221344,53.013582,On or near KING STREET,E01029604,Newcastle-under-Lyme 011E,Unable to prosecute suspect
bbd14a79f4b8889951297bee1af76969500d5f89f1658ae7482002a1e853125b,2019-12,Staffordshire Police,Staffordshire Police,-2.166740,52.996421,On or near CRAWFURD STREET,E01014279,Stoke-on-Trent 020E,Unable to prosecute suspect
d4ccd561ab024920cb1aae8569d54f48cf0787f0c96461c12e7b2b66f3c4e685,2019-12,Staffordshire Police,Staffordshire Police,-2.268045,53.016596,On or near Parking Area,E01029567,Newcastle-under-Lyme 010D,Unable to prosecute suspect
429c2fc048ceb7e38607a56e2b5919972e0ac6d4f7d86629138d9fd1c36a405c,2019-12,Staffordshire Police,Staffordshire Police,-2.177441,53.029890,On or near LOWER BRYAN STREET,E01014330,Stoke-on-Trent 013E,Unable to prosecute suspect
365b63e53c35e9df41bbd2e6a8d76ee4a9f40aad8780d77b2982f9f67fab110b,2019-12,Staffordshire Police,Staffordshire Police,-2.165577,52.976683,On or near TILERY LANE,E01014234,Stoke-on-Trent 026B,Unable to prosecute suspect
2b2465e5a2fc8e03fe545d4905c7832af8f2af0bafd38e0c314747dcfceef950,2019-12,Staffordshire Police,Staffordshire Police,-2.174096,53.047047,On or near PRESTON STREET,E01014266,Stoke-on-Trent 008B,Unable to prosecute suspect
38899f60edaf25b3582cbc1f7249ccad52e9a86a5769ca5a70e27262230f7985,2019-12,Staffordshire Police,Staffordshire Police,-2.197305,53.066355,On or near STROSS AVENUE,E01014241,Stoke-on-Trent 006A,Unable to prosecute suspect
7c52f74bd5dd732e8372106c289782fee37bf9a57d1af1c663c36d5850d69055,2019-12,Staffordshire Police,Staffordshire Police,-2.240826,53.091318,On or near SUSSEX DRIVE,E01029564,Newcastle-under-Lyme 002C,Unable to prosecute suspect
42c0f9962272d5d13a82ace3d9d82a1f78af8c8f0e35936358699f4406632623,2019-12,Staffordshire Police,Staffordshire Police,-2.247686,53.017090,On or near CAMILLUS ROAD,E01029566,Newcastle-under-Lyme 010C,Unable to prosecute suspect
971146f508649be8e169b4e96d0ac990e228149b5310195dcc7cf8b07973d2f0,2019-12,Staffordshire Police,Staffordshire Police,-2.172090,53.019111,On or near PAXTON STREET,E01014287,Stoke-on-Trent 015D,Unable to prosecute suspect
e708ec34b80a33e7ede40705567e57683aa22f90bfbbe6c992e430d4469b8ede,2019-12,Staffordshire Police,Staffordshire Police,-2.229996,53.048534,On or near CARLOS PLACE,E01029536,Newcastle-under-Lyme 004A,Unable to prosecute suspect
6dafa971add632ee24e87d47d22e755e78259182fc7e246c3b071015a147018c,2019-12,Staffordshire Police,Staffordshire Police,-2.212076,53.065745,On or near MALTON GROVE,E01014359,Stoke-on-Trent 002C,Unable to prosecute suspect
015d71c84dd8e7ef99450688866a54dc70e8a2e51af19dac7c85ebc99458d0f1,2019-12,Staffordshire Police,Staffordshire Police,,,No location,,,Unable to prosecute suspect
375bd9928b9f87f5feedabd34d3e1f1853832fd2d077e26bbfc4bcd53105fd15,2019-12,Staffordshire Police,Staffordshire Police,-2.230205,52.989879,On or near MEDWAY PLACE,E01029591,Newcastle-under-Lyme 014C,Unable to prosecute suspect
a1c02a00362cda52e6c6583d97ac2d687bc28a7e6e5cee64192feff7b7bbe674,2019-12,Staffordshire Police,Staffordshire Police,-2.172331,53.109307,On or near WOODLAND STREET,E01029763,Staffordshire Moorlands 003A,Unable to prosecute suspect
ca62fe30cfb2e2ee46b18b4fb63436a4e093940b757b28c83107c827df6a8d16,2019-12,Staffordshire Police,Staffordshire Police,-2.209998,53.061973,On or near MEIR STREET,E01014355,Stoke-on-Trent 005B,Unable to prosecute suspect
0399b585f934d5add10661dd0d056fe03cf909cfe77a9598626a4c02476b79b7,2019-12,Staffordshire Police,Staffordshire Police,-2.217336,53.010929,On or near MOUNT PLEASANT,E01029603,Newcastle-under-Lyme 011D,Unable to prosecute suspect
16daf26feba22dc47e9c8a52e64a960ca72f37ac03f22078bc1351d54e3f7609,2019-12,Staffordshire Police,Staffordshire Police,-2.217336,53.010929,On or near MOUNT PLEASANT,E01029603,Newcastle-under-Lyme 011D,Unable to prosecute suspect
8a764ba3d4440665c2301f571908383a7c412f5be0c9c7d77b3baf897235f757,2019-12,Staffordshire Police,Staffordshire Police,-2.217336,53.010929,On or near MOUNT PLEASANT,E01029603,Newcastle-under-Lyme 011D,Unable to prosecute suspect
7f2410b96467b933e5d997dc42c181ebc164c2e8ffb88700a5fdbf2674a0a287,2019-12,Staffordshire Police,Staffordshire Police,-2.217336,53.010929,On or near MOUNT PLEASANT,E01029603,Newcastle-under-Lyme 011D,Unable to prosecute suspect
78e9a933ef3fed998c5a76cb4159d4f5dd41d52e193cbddde0bf207d27d6d761,2019-12,Staffordshire Police,Staffordshire Police,-2.217336,53.010929,On or near MOUNT PLEASANT,E01029603,Newcastle-under-Lyme 011D,Unable to prosecute suspect
76ca14c63c6791db16f1fa4e1055f383f3852521feb3b435ff8ddfd437b4b310,2019-12,Staffordshire Police,Staffordshire Police,-2.174962,53.025229,On or near PERCY STREET,E01014287,Stoke-on-Trent 015D,Unable to prosecute suspect
fb7af9fdc6d8e25a72283a5ff3209a3a0ec8a12d37b67e9fd6932d7213492bd8,2019-12,Staffordshire Police,Staffordshire Police,-2.179486,53.016044,On or near SALISBURY AVENUE,E01014281,Stoke-on-Trent 015A,Unable to prosecute suspect
3dfac5cb0b709fa8102de3fc3b42d7f7a55e88d7c37b105c23b25669e34eed0f,2019-12,Staffordshire Police,Staffordshire Police,-2.177415,53.027185,On or near NEW HALL STREET,E01014287,Stoke-on-Trent 015D,Unable to prosecute suspect
8593f547d11a2ffb5161350bd03f294951a9c6ddb9bb5e670787565a2d8900eb,2019-12,Staffordshire Police,Staffordshire Police,-2.235520,52.989266,On or near DART PLACE,E01029590,Newcastle-under-Lyme 015C,Unable to prosecute suspect
63455b0547e994968b9e5f618163296490abc968837c0cd7ba68a480a0eec2c6,2019-12,Staffordshire Police,Staffordshire Police,-2.276564,53.003758,On or near THE COVERT,E01029576,Newcastle-under-Lyme 012A,Unable to prosecute suspect
dabb1b22c89d040bc33fc50d8a4a01fbc26b402df0e706c5af3f52fedd5b30c6,2019-12,Staffordshire Police,Staffordshire Police,-2.175364,53.116755,On or near Police Station,E01029774,Staffordshire Moorlands 003E,Unable to prosecute suspect
934198cf7c91e275c55c0603333e45bc65e819a4b78ffd2b2d80875a26419917,2019-12,Staffordshire Police,Staffordshire Police,-2.144112,52.993026,On or near FIFE STREET,E01014273,Stoke-on-Trent 021A,Unable to prosecute suspect
f9befb2cf50d19b5a6ea178b8a8567d616436789d3dd404eeff661c28d5d429b,2019-12,Staffordshire Police,Staffordshire Police,-2.129076,53.016793,On or near OAKHAM WAY,E01014220,Stoke-on-Trent 017A,Unable to prosecute suspect
4f58bafc75eb441fc95e388858de3d22622e3f3b01efa3dc377c44b061bcc133,2019-12,Staffordshire Police,Staffordshire Police,-2.141232,52.982674,On or near LADYSMITH STREET,E01014311,Stoke-on-Trent 027C,Unable to prosecute suspect
c5321f0cdb485900638ed19027b664d2ca612cbb31df4c5d215136045f9a3d80,2019-12,Staffordshire Police,Staffordshire Police,-2.133414,52.988005,On or near Further/Higher Educational Building,E01014302,Stoke-on-Trent 022D,Unable to prosecute suspect
edead18479596a344a982bad0e74d02dec19acde5dd1bf0d9fc5463a57faa4a0,2019-12,Staffordshire Police,Staffordshire Police,-2.261195,53.052173,On or near HATHERTON CLOSE,E01029544,Newcastle-under-Lyme 004B,Unable to prosecute suspect
8fc1cc37dbc5b8be630aa70c7878d9e1728ac2ddf5aab19cc55401fc4dab9c72,2019-12,Staffordshire Police,Staffordshire Police,-2.183519,52.996954,On or near NICHOLLS STREET,E01014339,Stoke-on-Trent 019C,Unable to prosecute suspect
1751a944bb284b5db32f804fbb2ee951665cf2ddf1510cda3cbbc8ee9669e411,2019-12,Staffordshire Police,Staffordshire Police,-2.174869,53.024330,On or near ALBION SQUARE,E01014287,Stoke-on-Trent 015D,Unable to prosecute suspect
6e48f9a48dc02a79b9fcdf9d31b983efc9cef638256be1fcc64adceb6e7a8745,2019-12,Staffordshire Police,Staffordshire Police,-2.105857,52.988401,On or near COPPICE GROVE,E01014364,Stoke-on-Trent 024B,Unable to prosecute suspect
6240b8212fdb0988ad4f81002632f18835b1e4ef19ffd2839b85789e05a7aed0,2019-12,Staffordshire Police,Staffordshire Police,-2.009384,53.101090,On or near Petrol Station,E01029806,Staffordshire Moorlands 001B,Unable to prosecute suspect
8ed903e7f474087dbe57014ab56ab5016fc6110c3d6ca810812bc1efb2368e68,2019-12,Staffordshire Police,Staffordshire Police,-2.246500,53.031142,On or near HOLDITCH ROAD,E01029559,Newcastle-under-Lyme 007C,Unable to prosecute suspect
097ad3101330bf0f41e512a8cc5172b0bdfd075846443d951700c4174b3482e8,2019-12,Staffordshire Police,Staffordshire Police,,,No location,,,Unable to prosecute suspect
fa96290aded6ff44ce3ab2cc152606206936c67be90dfec86bce8d4d47ac207f,2019-12,Staffordshire Police,Staffordshire Police,-2.181371,53.031862,On or near BAMFORD GROVE,E01014256,Stoke-on-Trent 011D,Unable to prosecute suspect
9948640074ca7c65c359c8610cfc5c592cb0f2b064742bee12935ba010186ac1,2019-12,Staffordshire Police,Staffordshire Police,,,No location,,,Unable to prosecute suspect
7a3024fb6fb84dea62409fae96c4e37df0e7d1f13fe7e2bd7fb9282061cadfea,2019-12,Staffordshire Police,Staffordshire Police,-2.305356,53.052535,On or near VERNON AVENUE,E01029535,Newcastle-under-Lyme 005D,Unable to prosecute suspect
4a4a01608651f0dc37605aa867a0858834a0d7c54b47cc7a1cc1b6690f727a56,2019-12,Staffordshire Police,Staffordshire Police,-2.195642,53.065072,On or near SCOTT ROAD,E01014241,Stoke-on-Trent 006A,Unable to prosecute suspect
996c478f019349501f89c6897e199f0d6c3bbf7322d38da29b16fd6c1b21f3ca,2019-12,Staffordshire Police,Staffordshire Police,-2.137257,52.997097,On or near ROBIN HILL GROVE,E01014278,Stoke-on-Trent 021B,Unable to prosecute suspect
45d05a83e53c87c74d71309a77e389b42817b081fa6d7835ce1f03b5cac43a90,2019-12,Staffordshire Police,Staffordshire Police,-2.299169,53.025134,On or near LEYCETT ROAD,E01029556,Newcastle-under-Lyme 005E,Unable to prosecute suspect
8eab392f6a6d6542aa7d02ade8adec0ce86137f3ae4f539f592242ef8b8e77ff,2019-12,Staffordshire Police,Staffordshire Police,-2.166308,53.062294,On or near PEASCROFT ROAD,E01014331,Stoke-on-Trent 004A,Unable to prosecute suspect
23db2d6de055de49bfeaffde80da7afbdd093b5176616e29d6e62e1e4cf29792,2019-12,Staffordshire Police,Staffordshire Police,,,No location,,,Unable to prosecute suspect
cd30653a69f775c190c396fcadfd224bfd5d30b2c331dc4f3f96303477772c22,2019-12,Staffordshire Police,Staffordshire Police,-1.984765,52.986838,On or near SUN STREET,E01029783,Staffordshire Moorlands 011B,Unable to prosecute suspect
4ca55361abcc359a08222f83dde6197fbd6acc1d6a95f502610a3ba56deb9178,2019-12,Staffordshire Police,Staffordshire Police,-2.157359,52.989746,On or near DORCAS DRIVE,E01014239,Stoke-on-Trent 026C,Unable to prosecute suspect
eddc2d589674d031d8cd340a411dc5dd305599c9092accbb8c3a7e92f9d241d5,2019-12,Staffordshire Police,Staffordshire Police,-2.157359,52.989746,On or near DORCAS DRIVE,E01014239,Stoke-on-Trent 026C,Unable to prosecute suspect
3e1c59731944a849330c73f4412f78c96ede795d87f23a52f26ddcb1ed3df8a8,2019-12,Staffordshire Police,Staffordshire Police,-2.157359,52.989746,On or near DORCAS DRIVE,E01014239,Stoke-on-Trent 026C,Unable to prosecute suspect
334307ea219e32487c1a291348b8d4347b6846c87179b7bc2faa46f50e4baad6,2019-12,Staffordshire Police,Staffordshire Police,-2.043273,53.102737,On or near EDGEHILL ROAD,E01029816,Staffordshire Moorlands 006F,Unable to prosecute suspect
da79c32cd56064d3a927433ad6fc028b3037c8d2c7ee460de7f7f7b926ca8e1c,2019-12,Staffordshire Police,Staffordshire Police,-2.192255,53.014819,On or near PENSTOCK DRIVE,E01014283,Stoke-on-Trent 016E,Unable to prosecute suspect
5f8890a0031a61c65d5a8ea8de3afcd2659a1946c71844adccdb596d14e29280,2019-12,Staffordshire Police,Staffordshire Police,-2.088691,52.971318,On or near Petrol Station,E01014315,Stoke-on-Trent 033A,Unable to prosecute suspect
bd0a060866e242a7e94b762bbe729a417e43de43186cab2d3c64263a8263379d,2019-12,Staffordshire Police,Staffordshire Police,-2.229408,53.013693,On or near Pedestrian Subway,E01029604,Newcastle-under-Lyme 011E,Unable to prosecute suspect
ccaa85481afe2c119c181a9becd57e7f15c57cd38f5831900e1a4608e2ae659d,2019-12,Staffordshire Police,Staffordshire Police,-2.209099,53.058217,On or near Parking Area,E01014356,Stoke-on-Trent 005C,Unable to prosecute suspect
3800797c1c8997aa8b37c23b395b4d4552f0ab8b3e6ec1dfb3c3614f8ce97368,2019-12,Staffordshire Police,Staffordshire Police,-2.222554,53.008357,On or near GROSVENOR ROAD,E01029602,Newcastle-under-Lyme 011C,Unable to prosecute suspect
20a3bc073e43d22bc13dabc23aa087eee0f7bc985543d04904519ea8775bdd5e,2019-12,Staffordshire Police,Staffordshire Police,-2.178593,53.066915,On or near BENTLEY ROAD,E01014263,Stoke-on-Trent 003C,Unable to prosecute suspect
a8d55ede121c0db7ef03cd746f1980ed94e61357a4364db671e62ae87c6bd76e,2019-12,Staffordshire Police,Staffordshire Police,,,No location,,,Unable to prosecute suspect
4f3c08faaa4fb968c23018c9d925f07604d4f79efb290fd38c12579fa30ccbe7,2019-12,Staffordshire Police,Staffordshire Police,-2.111526,52.974247,On or near CRESTFIELD ROAD,E01014322,Stoke-on-Trent 031E,Unable to prosecute suspect
a4b42b4260f0ae023423eb4a2f6572af8ad180f3643619c2ed9cde651b00cdd0,2019-12,Staffordshire Police,Staffordshire Police,-2.160024,52.973265,On or near HALTON GREEN,E01014235,Stoke-on-Trent 032A,Unable to prosecute suspect
8010f09abd578c8fcf9af8ebac590f71032f4d55557a86c8ce51b296eca8b2be,2019-12,Staffordshire Police,Staffordshire Police,,,No location,,,Unable to prosecute suspect
600813b252e3665fb81c52c2ac749e26d75c0e40503028c2d53b3a0dd466e052,2019-12,Staffordshire Police,Staffordshire Police,,,No location,,,Unable to prosecute suspect
2f7f0a9079a0670af64471a45d50c0884a282d687e7d90294b8851f0ba6e2af6,2019-12,Staffordshire Police,Staffordshire Police,-2.161061,52.991791,On or near BLURTON ROAD,E01014279,Stoke-on-Trent 020E,Unable to prosecute suspect
b4b8f0cd762d708bcf3877b7ed2a28a1b9ec14b316a0d3d1b8801c3e08112229,2019-12,Staffordshire Police,Staffordshire Police,-2.172387,53.026401,On or near MEIGH STREET,E01014287,Stoke-on-Trent 015D,Unable to prosecute suspect
b13dedfaa8bafae142956bfb2dafe6fbf7c11965cc523bf038de082a99d43114,2019-12,Staffordshire Police,Staffordshire Police,-2.179665,53.062679,On or near DARTFORD PLACE,E01014333,Stoke-on-Trent 003D,Unable to prosecute suspect
b4b3e79a480f4e1a56c55e60ef29ce3a42844f6a18af5cb33611bba08277de18,2019-12,Staffordshire Police,Staffordshire Police,-2.240810,53.040377,On or near BEASLEY AVENUE,E01029538,Newcastle-under-Lyme 006B,Unable to prosecute suspect
0f03be23b47a81681a8fd8933a2e492641bcf8af623f5afb21ceed20c402d029,2019-12,Staffordshire Police,Staffordshire Police,-2.202899,53.065869,On or near HAILSHAM CLOSE,E01014359,Stoke-on-Trent 002C,Unable to prosecute suspect
528036c3f9071754db26eda4707f6f916d3e6dbb5dd7c7ef146d07e77dbaaf15,2019-12,Staffordshire Police,Staffordshire Police,,,No location,,,Unable to prosecute suspect
cf9904fb9da0c5e42992a40c070e3a7c6233aebbd8d1ed10b62d5c0ac8ca0ac9,2019-12,Staffordshire Police,Staffordshire Police,-2.011782,52.703942,On or near HAWKYARD COURT,E01029351,Cannock Chase 008C,Unable to prosecute suspect
411cc99e1679b71fd35fa0538ed6e4ee7e47397f1bcbac9faac49c798b7cd3f9,2019-12,Staffordshire Police,Staffordshire Police,-2.012788,52.654292,On or near ACORN CLOSE,E01029638,South Staffordshire 005A,Unable to prosecute suspect
cc5342bf620c6a1ef6e57fa0201f9dd8ef5f64c6a78fd7f7d36849565699b588,2019-12,Staffordshire Police,Staffordshire Police,-1.631072,52.801761,On or near Shopping Area,E01032896,East Staffordshire 011F,Unable to prosecute suspect
cf5ab2b2c7e4938c4a437f225270aba83b33b1d006d97f7b291fb3fb40445c29,2019-12,Staffordshire Police,Staffordshire Police,-1.632362,52.822980,On or near TENNYSON ROAD,E01029428,East Staffordshire 008C,Unable to prosecute suspect
0357fc54288f0f148696ea5b731a9d04b590731e1cf65ebc1697e4590142f5b0,2019-12,Staffordshire Police,Staffordshire Police,-1.661242,52.639174,On or near STEPHANIE GROVE,E01029821,Tamworth 003B,Unable to prosecute suspect
72d50cc35ca04a43651b8185c20435d249f3b6ff8b4a7e9a03c590d7b9e5eeff,2019-12,Staffordshire Police,Staffordshire Police,-2.186981,52.538644,On or near HAZEL GROVE,E01029671,South Staffordshire 012A,Unable to prosecute suspect
186e47c2e5f7b6069792043905b8dd48851bfe2635b7461adda309c6c3ce403d,2019-12,Staffordshire Police,Staffordshire Police,-1.651310,52.620770,On or near CALDER,E01029842,Tamworth 007B,Unable to prosecute suspect
99c3990752d92d999b01e43697715af85392875a906921428f799b93834f6756,2019-12,Staffordshire Police,Staffordshire Police,-2.115807,52.804524,On or near BRIDGE STREET,E01029701,Stafford 010E,Unable to prosecute suspect
39b2307c3cc0e0603e2b19be70710a875522812f54a099958a85b8bf4d5ced0a,2019-12,Staffordshire Police,Staffordshire Police,,,No location,,,Unable to prosecute suspect
04714dbc4dd07b356fda68a2ecd7cf00b3162ee779a7c4306774a4311e515740,2019-12,Staffordshire Police,Staffordshire Police,-1.709247,52.646889,On or near BLOOMFIELD WAY,E01029846,Tamworth 001A,Unable to prosecute suspect
11dd8afed65e3264c34da3383b50425ee27c2a206cf3088e776795bc7b8d9ee9,2019-12,Staffordshire Police,Staffordshire Police,-2.059970,52.629439,On or near HAWTHORNE ROAD,E01029634,South Staffordshire 007C,Unable to prosecute suspect
d61a40d9edbba50c4a0a37031630e8ddee50fe0d56d6d27e4ae83e9d95b84d34,2019-12,Staffordshire Police,Staffordshire Police,-2.090049,52.643246,On or near THE AVENUE,E01029635,South Staffordshire 007D,Unable to prosecute suspect
6a3501631fc11a1247c853739eb83d1d31dce2959a540d02c0a4c918f1724adb,2019-12,Staffordshire Police,Staffordshire Police,-1.975895,52.701387,On or near SYCAMORE ROAD,E01029379,Cannock Chase 006A,Unable to prosecute suspect
5205f08002aeec813541bddc63890faa8d074501ec3990660d31b65f0538b298,2019-12,Staffordshire Police,Staffordshire Police,-2.107178,52.649363,On or near Sports/Recreation Area,E01029637,South Staffordshire 006D,Unable to prosecute suspect
12a6ed376bbe1c7af51ac62d395e93276dc936d158e578f1183873d77dec643a,2019-12,Staffordshire Police,Staffordshire Police,-1.969062,52.674651,On or near POPLAR STREET,E01029394,Cannock Chase 013A,Unable to prosecute suspect
0e69d359b61881366e9a037d88c4797dbbd5978c32273a6989c519e8254019a2,2019-12,Staffordshire Police,Staffordshire Police,-1.703623,52.619582,On or near DORSET CLOSE,E01029839,Tamworth 005D,Unable to prosecute suspect
0e69d359b61881366e9a037d88c4797dbbd5978c32273a6989c519e8254019a2,2019-12,Staffordshire Police,Staffordshire Police,-1.703623,52.619582,On or near DORSET CLOSE,E01029839,Tamworth 005D,Unable to prosecute suspect
247a17999b285d72f5ea948cf5caea97c0213fd040ecf24b6628c1aba84b225a,2019-12,Staffordshire Police,Staffordshire Police,-1.905286,52.669655,On or near OVERTON LANE,E01029505,Lichfield 009E,Unable to prosecute suspect
1613c6299ae0a15e94279c0df3eb921bc9b1b41874fd8c7d5ece5a3247ed3005,2019-12,Staffordshire Police,Staffordshire Police,-1.705396,52.621663,On or near HAMPSHIRE CLOSE,E01029837,Tamworth 005B,Unable to prosecute suspect
1613c6299ae0a15e94279c0df3eb921bc9b1b41874fd8c7d5ece5a3247ed3005,2019-12,Staffordshire Police,Staffordshire Police,-1.705396,52.621663,On or near HAMPSHIRE CLOSE,E01029837,Tamworth 005B,Unable to prosecute suspect
3b3aa1fc6078c4f38eef096a5d7aba4790d9c7b55afcbbc90cdb8d0c12f7b3dd,2019-12,Staffordshire Police,Staffordshire Police,-2.109580,52.811353,On or near CORPORATION STREET,E01029725,Stafford 009D,Unable to prosecute suspect
5ee482dfa1372e7bafc7c35f65be9bff14bf960c50ce761913226be78926bcf8,2019-12,Staffordshire Police,Staffordshire Police,-2.126274,52.807507,On or near JERNINGHAM STREET,E01029701,Stafford 010E,Unable to prosecute suspect
4d3a4200ff5aca00fd6290bd131e4f59d6dac10504d0fec0991e02c2c96f84c6,2019-12,Staffordshire Police,Staffordshire Police,-2.156043,52.909761,On or near CHESTNUT GROVE,E01029744,Stafford 003B,Unable to prosecute suspect
51a9ebd77023312c463918f44a21663df10f2751039db6a061e8f57b0e9f5535,2019-12,Staffordshire Police,Staffordshire Police,-1.608832,52.807380,On or near KEMPTON ROAD,E01029471,East Staffordshire 010D,Unable to prosecute suspect
677841d1e24d1fe61e12356fb7ca14750a86b91740f7a739ea79f21452e829ff,2019-12,Staffordshire Police,Staffordshire Police,-2.000801,52.700787,On or near LOWER ROAD,E01029393,Cannock Chase 008E,Unable to prosecute suspect
7828461328732006fb45fcbab041642441d7b9f10e963afef896a662b0b4a070,2019-12,Staffordshire Police,Staffordshire Police,-2.108173,52.770910,On or near MOSSPIT,E01029656,South Staffordshire 001B,Unable to prosecute suspect
a1994b4fdf660c5530cec5cda7b55705d126a4a58524887281212ab4717ab3a3,2019-12,Staffordshire Police,Staffordshire Police,-1.659647,52.619985,On or near CHAPELON,E01029842,Tamworth 007B,Unable to prosecute suspect
bee2a0ec3a1e669e69b63608582d2c369d610ab72c4f1782c0ce39ca1061552f,2019-12,Staffordshire Police,Staffordshire Police,-2.149932,52.897076,On or near Petrol Station,E01029756,Stafford 003F,Unable to prosecute suspect
22f082d5f663558c1c1ecad8134926954651a336918216511babbae1612119f4,2019-12,Staffordshire Police,Staffordshire Police,-2.037474,52.721925,On or near MAPLE DRIVE,E01029646,South Staffordshire 002B,Unable to prosecute suspect
075f57bafa18e0d95d317712c117d303741a045a95769f91046e4f5daeabf219,2019-12,Staffordshire Police,Staffordshire Police,-1.861575,52.739461,On or near WOODLANDS WAY,E01029480,Lichfield 001A,Unable to prosecute suspect
84dfa31c42277de4344f520afc965f42828fe36ef5f1e3b551cbe921837ffc3a,2019-12,Staffordshire Police,Staffordshire Police,-1.951412,52.760891,On or near BRAMBLE WAY,E01029369,Cannock Chase 001B,Unable to prosecute suspect
5959d861589fcb8024918aa2e23904e657bedf6249c9e878cad06f0efc28c24e,2019-12,Staffordshire Police,Staffordshire Police,-1.795016,52.763996,On or near LIGHTWOOD ROAD,E01029474,East Staffordshire 006F,Unable to prosecute suspect
1b0b3951ea2a8a06105a1fb61cd0adf4c2067b9df7499f85e8de46f88f9643c3,2019-12,Staffordshire Police,Staffordshire Police,-1.935924,52.691169,On or near VISCOUNT ROAD,E01029495,Lichfield 006D,Unable to prosecute suspect
7c25cb2afc92e130029137f44280ee149f0cc760676d2782bb97de36d407ab14,2019-12,Staffordshire Police,Staffordshire Police,-2.339886,52.768845,On or near A518,E01029708,Stafford 015D,Unable to prosecute suspect
71ea60bd828875319d1751e4ff41ab03be0b14dc93e2717b139ff70e7910606b,2019-12,Staffordshire Police,Staffordshire Police,-1.948543,52.768306,On or near ANEURIN BEVAN PLACE,E01029372,Cannock Chase 002A,Unable to prosecute suspect
541ccb7b176ddda3c1089dfc07c6c45551cc8f7e73690e48b4ec2370ce4afa3d,2019-12,Staffordshire Police,Staffordshire Police,-1.948543,52.768306,On or near ANEURIN BEVAN PLACE,E01029372,Cannock Chase 002A,Unable to prosecute suspect
842e878452c1ada5df2298ae679b394df9817e000661bb30c8022be7eab4234c,2019-12,Staffordshire Police,Staffordshire Police,-2.143189,52.813367,On or near COVENTRY COURT,E01029752,Stafford 007E,Unable to prosecute suspect
2ef5e5cf4a5b20583e3225670b6653eda5f22bad0fae66c85188a5d85f10519a,2019-12,Staffordshire Police,Staffordshire Police,-2.060902,52.630760,On or near VERNON CLOSE,E01029633,South Staffordshire 007B,Unable to prosecute suspect
2ef5e5cf4a5b20583e3225670b6653eda5f22bad0fae66c85188a5d85f10519a,2019-12,Staffordshire Police,Staffordshire Police,-2.060902,52.630760,On or near VERNON CLOSE,E01029633,South Staffordshire 007B,Unable to prosecute suspect
fe4a83996730b3eb87e9ab8cd8c7a45f2feec4a2d3a3aafd114a9c631ca6fa2e,2019-12,Staffordshire Police,Staffordshire Police,-1.643959,52.809360,On or near CASEY LANE,E01029445,East Staffordshire 009A,Unable to prosecute suspect
478155b1733f7efd88665db907dc5f19e9d81c86e2740e921f22f5b73bbff37a,2019-12,Staffordshire Police,Staffordshire Police,,,No location,,,Unable to prosecute suspect
3ef12abec6ff1e840dda792ddcb7fb889ea4b0235dd8d76ba15b0466002bf11c,2019-12,Staffordshire Police,Staffordshire Police,,,No location,,,Unable to prosecute suspect
1a6f7b3cac9cf977d59efa1a32476940117181b2dc193f03657a5ed605c87b11,2019-12,Staffordshire Police,Staffordshire Police,-2.234239,52.462083,On or near Park/Open Space,E01029651,South Staffordshire 014C,Unable to prosecute suspect
7bd94690cb091395853de7bc2811158b434a862a3034fd9ff6221d26b721dc74,2019-12,Staffordshire Police,Staffordshire Police,,,No location,,,Unable to prosecute suspect
5780350fd8ffdbd0a11b58346df2e78cc21f19ec19c52d652c827140c61ca63b,2019-12,Staffordshire Police,Staffordshire Police,-1.858121,52.603183,On or near LITTLE ASTON LANE,E01029513,Lichfield 011A,Unable to prosecute suspect
6c15bb70935437f41daf03e2f9cd145cb529164a293a87a74c663fc9f28306ae,2019-12,Staffordshire Police,Staffordshire Police,-1.723153,52.759688,On or near LINDEN ROAD,E01029439,East Staffordshire 015A,Unable to prosecute suspect
6c15bb70935437f41daf03e2f9cd145cb529164a293a87a74c663fc9f28306ae,2019-12,Staffordshire Police,Staffordshire Police,-1.723153,52.759688,On or near LINDEN ROAD,E01029439,East Staffordshire 015A,Unable to prosecute suspect
6c15bb70935437f41daf03e2f9cd145cb529164a293a87a74c663fc9f28306ae,2019-12,Staffordshire Police,Staffordshire Police,-1.723153,52.759688,On or near LINDEN ROAD,E01029439,East Staffordshire 015A,Unable to prosecute suspect
6c15bb70935437f41daf03e2f9cd145cb529164a293a87a74c663fc9f28306ae,2019-12,Staffordshire Police,Staffordshire Police,-1.723153,52.759688,On or near LINDEN ROAD,E01029439,East Staffordshire 015A,Unable to prosecute suspect
1d07c7e87bb57fe455d5c264cb0b39bac9c1d766712a40193998c6706baf45b4,2019-12,Staffordshire Police,Staffordshire Police,-1.861615,52.600238,On or near WOODSIDE DRIVE,E01029514,Lichfield 011B,Unable to prosecute suspect
1c3d39af2cae054e8db177339951dba403b3725472bfa48c77d3f65976c0fdd5,2019-12,Staffordshire Police,Staffordshire Police,-1.627105,52.790377,On or near FORD STREET,E01029451,East Staffordshire 014C,Unable to prosecute suspect
4e11acd61b4708f0aa2ed9ef81b4c906a2d8ae164c78b3fd3e203f112198966d,2019-12,Staffordshire Police,Staffordshire Police,-1.789910,52.719435,On or near Park/Open Space,E01029477,Lichfield 002A,Unable to prosecute suspect
a1ba668a29b8f53b6deb4148ed31e13a81d8afe4ecf26b57c9cd0575a04b53a7,2019-12,Staffordshire Police,Staffordshire Police,-1.789910,52.719435,On or near Park/Open Space,E01029477,Lichfield 002A,Unable to prosecute suspect
5541d1635a37266d584ee82598172f144b56435fe998cef283b8d70cf85406b2,2019-12,Staffordshire Police,Staffordshire Police,-1.789910,52.719435,On or near Park/Open Space,E01029477,Lichfield 002A,Unable to prosecute suspect
396939271a9c3eced0db6d324e174396a09a8208dee07843b3329044e216daf6,2019-12,Staffordshire Police,Staffordshire Police,-1.814427,52.687886,On or near ROCKLANDS CRESCENT,E01029524,Lichfield 005F,Unable to prosecute suspect
867167bb3af63c7c0c04b9c30207707956ed12d65de86cd480bb5cbdf8a539a6,2019-12,Staffordshire Police,Staffordshire Police,-1.814427,52.687886,On or near ROCKLANDS CRESCENT,E01029524,Lichfield 005F,Unable to prosecute suspect
962e1c891e1d7d848e43246ca32533b7a1d0bc1f166e1f6655bd86ce17d135ac,2019-12,Staffordshire Police,Staffordshire Police,-1.621841,52.800590,On or near STAPENHILL ROAD,E01029420,East Staffordshire 012C,Unable to prosecute suspect
341b26f464bc8225a7e5aed2d89224b59fb9d82dc9264ff6fad929ff20c6fc63,2019-12,Staffordshire Police,Staffordshire Police,-1.639001,52.619448,On or near DOVESTONE,E01029858,Tamworth 008D,Unable to prosecute suspect
b71e48575e0f0427e8a0630672b7480dde67128dfcaa94ad55ab740ca527464f,2019-12,Staffordshire Police,Staffordshire Police,,,No location,,,Unable to prosecute suspect
b430ccf209a06493d67ac83db08232a7c38560cbae1cf1afc3fac9c5a86dc5d5,2019-12,Staffordshire Police,Staffordshire Police,-1.634783,52.817297,On or near STAFFORD STREET,E01029429,East Staffordshire 008D,Unable to prosecute suspect
b430ccf209a06493d67ac83db08232a7c38560cbae1cf1afc3fac9c5a86dc5d5,2019-12,Staffordshire Police,Staffordshire Police,-1.634783,52.817297,On or near STAFFORD STREET,E01029429,East Staffordshire 008D,Unable to prosecute suspect
231ca693e5223c87d914c8070a21a00cc42f240bd340d6be6b9d5d012565fe0c,2019-12,Staffordshire Police,Staffordshire Police,-1.635713,52.812571,On or near LITTLE BURTON WEST,E01029426,East Staffordshire 008A,Unable to prosecute suspect
af501eaa936ac295bf55014de00dcbde7890dfb188f7b90b647eae5d53054d6b,2019-12,Staffordshire Police,Staffordshire Police,-2.011382,52.703007,On or near LARCHWOOD DRIVE,E01029351,Cannock Chase 008C,Unable to prosecute suspect
054cbc6dfb9b2ad421ccfb01660752d82345542e4093141910ad79d9533baa6a,2019-12,Staffordshire Police,Staffordshire Police,-1.635713,52.812571,On or near LITTLE BURTON WEST,E01029426,East Staffordshire 008A,Unable to prosecute suspect
a2255f33cf2e84c1d7e4821047132ac5a98cab297899274f4eb545f0c9378a28,2019-12,Staffordshire Police,Staffordshire Police,-1.622623,52.783980,On or near ROSEWOOD ROAD,E01029452,East Staffordshire 014D,Unable to prosecute suspect
b87220d728ccded2dd54fa36bd789bb24f1f687f890d2b1696f8d9854f8cd45f,2019-12,Staffordshire Police,Staffordshire Police,-1.835397,52.674028,On or near BURWAYE CLOSE,E01032900,Lichfield 004G,Unable to prosecute suspect
9716c56dd740f87cdf488345b62e6756c05f6c81bf659294840dc181913b8dd4,2019-12,Staffordshire Police,Staffordshire Police,-1.833136,52.693065,On or near WESTON ROAD,E01029492,Lichfield 004A,Unable to prosecute suspect
45781a43c24ae55e2e9b65f2ad5f6e9cf0a28be8aa905a47dc6963fc079a6bd6,2019-12,Staffordshire Police,Staffordshire Police,-1.633433,52.808528,On or near BROOK STREET,E01032896,East Staffordshire 011F,Unable to prosecute suspect
dc46fb7b53d25ee426afe29addec42a8ff6e4daf48679fc5ecb6e813e8bc4557,2019-12,Staffordshire Police,Staffordshire Police,,,No location,,,Unable to prosecute suspect
45e95211e1ee6476df066f87d8e121981383493dcd10a2912fdef9fce47861e4,2019-12,Staffordshire Police,Staffordshire Police,-2.024085,52.685251,On or near Sports/Recreation Area,E01029360,Cannock Chase 012B,Unable to prosecute suspect
c2820a7873c1d797094d19e24f5808819333e163201ce616dd97b7dee448fc37,2019-12,Staffordshire Police,Staffordshire Police,-1.628758,52.789564,On or near WILLOW PLACE,E01029451,East Staffordshire 014C,Unable to prosecute suspect
9f6c10fff2e5dd25cf2106350555bfeee478c77573e306db2d0e7980fa364208,2019-12,Staffordshire Police,Staffordshire Police,-1.831918,52.690564,On or near WOOD RIDINGS,E01029492,Lichfield 004A,Unable to prosecute suspect
0b76ce16318563ee2cf1ece00c73880333054cfc716f306f40dc6a17e3082f20,2019-12,Staffordshire Police,Staffordshire Police,-1.831918,52.690564,On or near WOOD RIDINGS,E01029492,Lichfield 004A,Unable to prosecute suspect
b3aa28f4d5b2079a8c2efcd4957a1c5c111d351524a65f5fad2ee4f85931f990,2019-12,Staffordshire Police,Staffordshire Police,-1.870571,52.897748,On or near COLNE MOUNT,E01029462,East Staffordshire 003D,Unable to prosecute suspect
95c75276ccd2b50083e821323a1b46abf7e81fd7432002b934b88767847e44b1,2019-12,Staffordshire Police,Staffordshire Police,-1.831918,52.690564,On or near WOOD RIDINGS,E01029492,Lichfield 004A,Unable to prosecute suspect
1e7c1c9459695860b9c8b3979d783be80f4db393428f676c0d7b53bdf8e26fd3,2019-12,Staffordshire Police,Staffordshire Police,-2.036004,52.680555,On or near Supermarket,E01029361,Cannock Chase 012C,Unable to prosecute suspect
51bc6907caaac3cf77c1e53b07560e0920120eb44edc034ddd1317ff365e597a,2019-12,Staffordshire Police,Staffordshire Police,-2.028063,52.684306,On or near HIGH BANK,E01029360,Cannock Chase 012B,Unable to prosecute suspect
6cd33998248bb6c6876f097a4954db95b544d4787068e012636e5bd3fb119c3d,2019-12,Staffordshire Police,Staffordshire Police,-1.760251,52.677145,On or near NODDINGTON LANE,E01029530,Lichfield 008C,Unable to prosecute suspect
dea9743043096f155ca744944c717a1cd5db515b1fa6eb1cefe0682749f49834,2019-12,Staffordshire Police,Staffordshire Police,-1.684290,52.621294,On or near BRIGHT CRESCENT,E01029827,Tamworth 006C,Unable to prosecute suspect
d3ac90d05a33169a5580a88979a3702fd8b78cc64159636ee692398888dc80f1,2019-12,Staffordshire Police,Staffordshire Police,,,No location,,,Unable to prosecute suspect
c46288dacb0a762fded3e3155218d3bf58636dd5d06fcc44a0ad9f3ca8938728,2019-12,Staffordshire Police,Staffordshire Police,-1.651903,52.819542,On or near SWANNINGTON STREET,E01029435,East Staffordshire 007B,Unable to prosecute suspect
0a685f48e419ad307f7b347a5c2830d42f1f4e8be38034544a7e8285c182cbdb,2019-12,Staffordshire Police,Staffordshire Police,-1.863776,52.898118,On or near MARKET PLACE,E01029460,East Staffordshire 003B,Unable to prosecute suspect
c0ae7cccda986c42413d2abdad40dc418ad2ca3ce55e1c57683b2ef00b084125,2019-12,Staffordshire Police,Staffordshire Police,-1.831918,52.690564,On or near WOOD RIDINGS,E01029492,Lichfield 004A,Unable to prosecute suspect
918d5594e5fa9a24fb1a043dbbf435098e2015e1cac81aae23ce7ef278ce54ac,2019-12,Staffordshire Police,Staffordshire Police,-1.831918,52.690564,On or near WOOD RIDINGS,E01029492,Lichfield 004A,Unable to prosecute suspect
5bf86577ed42954435c7bbf39eabd960092fca0e921805be146d4e282ecbe071,2019-12,Staffordshire Police,Staffordshire Police,-1.655528,52.817170,On or near Hospital,E01029435,East Staffordshire 007B,Unable to prosecute suspect
b5efa596827a8cb979e877aaba98ddd422ea61ac531af0a010024ec830a26e00,2019-12,Staffordshire Police,Staffordshire Police,-1.691830,52.633046,On or near BOLEBRIDGE STREET,E01029838,Tamworth 005C,Unable to prosecute suspect
6082b5116be564bc5b96f8c52b84a4ce5bec29abfde0712be60bda4e933d4e91,2019-12,Staffordshire Police,Staffordshire Police,-1.949327,52.769268,On or near HOLYOAKE PLACE,E01029372,Cannock Chase 002A,Unable to prosecute suspect
d74af329175c0e1f69ea93351a67429a7980bc69298298804ed3faa9ae89e39f,2019-12,Staffordshire Police,Staffordshire Police,-2.253043,52.791015,On or near HUDSON CLOSE,E01029709,Stafford 015E,Unable to prosecute suspect
e7de11e9cbcc64e6483952da563bd893322ecd191d46a7171359d0cd2d117bae,2019-12,Staffordshire Police,Staffordshire Police,-1.927683,52.673779,On or near BANK CRESCENT,E01029496,Lichfield 010A,Unable to prosecute suspect
b2e76ecacacd76b9db91fee232189b211e1672fea1e6c9cb062ddc3cc44e29c6,2019-12,Staffordshire Police,Staffordshire Police,-1.646671,52.806069,On or near WELLINGTON STREET,E01029448,East Staffordshire 009D,Unable to prosecute suspect
76032ee79c5c26996e5d6e3ef73ce26f8ae3b231d2d9b7bbf2cc4c219357ea2d,2019-12,Staffordshire Police,Staffordshire Police,,,No location,,,Unable to prosecute suspect
d62219657450d06b070e46bf44c4a07990bb652f5bd522ffb1634229d42bc2cd,2019-12,Staffordshire Police,Staffordshire Police,-1.876122,52.591939,On or near ROYSTON CHASE,E01029514,Lichfield 011B,Unable to prosecute suspect
2947f04444a3ff74d30d43163c96c3871bacc4a8b689d8f312c087faee2493c3,2019-12,Staffordshire Police,Staffordshire Police,-2.206567,52.631072,On or near OAKTREE RISE,E01029626,South Staffordshire 009A,Unable to prosecute suspect
e269223098b6eb5f2c8c8b2d7908df73a048b7f2e18edb098764a38efca24d9e,2019-12,Staffordshire Police,Staffordshire Police,,,No location,,,Unable to prosecute suspect
e6d7ea4575713244d364151025e1aa3bca7d1ce051572861c5e2e20a09d71bf3,2019-12,Staffordshire Police,Staffordshire Police,-2.253043,52.791015,On or near HUDSON CLOSE,E01029709,Stafford 015E,Unable to prosecute suspect
2653a96fc9be3680158f268f4422f09e35f13d82c502692f87713d2d58a0f985,2019-12,Staffordshire Police,Staffordshire Police,-2.120926,52.783591,On or near MORTON ROAD,E01029728,Stafford 013E,Unable to prosecute suspect
598ef8f62d6952e560e92ef4087ce4ec5af3b91c4994f947936b7b0edcdf3cd0,2019-12,Staffordshire Police,Staffordshire Police,-2.206567,52.631072,On or near OAKTREE RISE,E01029626,South Staffordshire 009A,Unable to prosecute suspect
930542f4798fc5df0928b1fa7aa2c47866da77b5d13dabccf5b2031891758ea4,2019-12,Staffordshire Police,Staffordshire Police,-1.890955,52.682345,On or near CLEGG ROAD,E01029508,Lichfield 003C,Unable to prosecute suspect
e4bb0eaf73de9030cb9eeef6e7b1a9bf8745018e90645ecb0aab332c551c1574,2019-12,Staffordshire Police,Staffordshire Police,-2.182034,52.625718,On or near HEATH GROVE,E01029615,South Staffordshire 008C,Unable to prosecute suspect
e4bb0eaf73de9030cb9eeef6e7b1a9bf8745018e90645ecb0aab332c551c1574,2019-12,Staffordshire Police,Staffordshire Police,-2.182034,52.625718,On or near HEATH GROVE,E01029615,South Staffordshire 008C,Unable to prosecute suspect
e4bb0eaf73de9030cb9eeef6e7b1a9bf8745018e90645ecb0aab332c551c1574,2019-12,Staffordshire Police,Staffordshire Police,-2.182034,52.625718,On or near HEATH GROVE,E01029615,South Staffordshire 008C,Unable to prosecute suspect
3aef70a9002d61da37edb5968a82b69ec789a55bb861cabce8559a1e34fcc5bf,2019-12,Staffordshire Police,Staffordshire Police,,,No location,,,Unable to prosecute suspect
0e7febcc96a97e0c06089464cbf3b1be8636d83e4e01e8ca7e6d42171e5e6fa4,2019-12,Staffordshire Police,Staffordshire Police,-2.090022,52.809464,On or near SNEAD CLOSE,E01029724,Stafford 011D,Unable to prosecute suspect
2e2b0c201a619751472184be424ccb33c8de33a51ec4bf86cb510abe72290466,2019-12,Staffordshire Police,Staffordshire Police,-1.658054,52.623442,On or near PULLMAN CLOSE,E01029841,Tamworth 003E,Unable to prosecute suspect
811d14ffbf49ff799e1b6dce1d47656f6303e8217615b2589284d87ea1ac3191,2019-12,Staffordshire Police,Staffordshire Police,,,No location,,,Unable to prosecute suspect
77fc6b284ff5c7c0381c690ab16192fb2ec7eda607b787466ce0ca7d44d0049c,2019-12,Staffordshire Police,Staffordshire Police,-1.951149,52.703654,On or near RUSHTON MEWS,E01029398,Cannock Chase 006B,Unable to prosecute suspect
ab0a443bbbad823fafa787f18fc954e176a9aee80a0a753104f96813821fcb24,2019-12,Staffordshire Police,Staffordshire Police,-2.237921,52.454335,On or near CHANDLER AVENUE,E01029653,South Staffordshire 014E,Unable to prosecute suspect
b27f0b8e99cf2613feca98259e113d106a27241ef92b66b7418545e90a598c3f,2019-12,Staffordshire Police,Staffordshire Police,-2.197298,52.590571,On or near BERKELEY CLOSE,E01029662,South Staffordshire 011A,Unable to prosecute suspect
55b36e3885d938f8e088b0f3936b4031608979e556fa584d3d0edcf79a8e54f6,2019-12,Staffordshire Police,Staffordshire Police,-2.099394,52.794713,On or near HAINER CLOSE,E01029735,Stafford 016D,Unable to prosecute suspect
8adfce2cff6948833c433b9a33166ce16957536fdb32fc519f9cd9c35fb45b91,2019-12,Staffordshire Police,Staffordshire Police,-2.211092,52.530603,On or near WOODFORD WAY,E01029678,South Staffordshire 013G,Unable to prosecute suspect
34576a3a799b279a8215c37ea3f7b2e77b14ddec2eb6d2683acda2436bf9d3da,2019-12,Staffordshire Police,Staffordshire Police,-1.597975,52.807164,On or near HAWFIELD LANE,E01029468,East Staffordshire 010A,Unable to prosecute suspect
24eff37b8a16c3a56b1a4e6324c8ee1357339bdb4ac79c1b9ca7dbd14dd0d55e,2019-12,Staffordshire Police,Staffordshire Police,-1.591619,52.804769,On or near EMPIRE ROAD,E01029472,East Staffordshire 010E,Unable to prosecute suspect
44749da5a307eb229fda516a67e261506d50e181fcc5d133f603bd45dfbd5aea,2019-12,Staffordshire Police,Staffordshire Police,-2.113438,52.806198,On or near Police Station,E01029701,Stafford 010E,Unable to prosecute suspect
a9ae41dbf8507e0d454499eeb7b5edced6f1564ea408cb3ac68cff1380d26b19,2019-12,Staffordshire Police,Staffordshire Police,-1.998107,52.708536,On or near CARDIGAN PLACE,E01029389,Cannock Chase 005D,Unable to prosecute suspect
2252cdcb454411f56de0c4a38e71ac9144e3c4cd22d17ec01b1de0eaedd71be6,2019-12,Staffordshire Police,Staffordshire Police,-1.937691,52.749522,On or near COPPICE ROAD,E01029374,Cannock Chase 003E,Unable to prosecute suspect
09965f362773fb4f01f50a69dc993c1ff5c1ddd9dad4e5fdfcf86f49d9fb58f4,2019-12,Staffordshire Police,Staffordshire Police,-1.947658,52.764845,On or near WETHERALL CLOSE,E01029401,Cannock Chase 002C,Unable to prosecute suspect
90cf79acb6677f48872835d1525974f03144f67ac67b34d5a50029466f049383,2019-12,Staffordshire Police,Staffordshire Police,-1.699532,52.641039,On or near COLERIDGE CLOSE,E01029850,Tamworth 002D,Unable to prosecute suspect
a0a5d2970ec43cd287028e54268b3f52dfaf98897893652506ea1c6c4bc9013b,2019-12,Staffordshire Police,Staffordshire Police,-1.827683,52.683771,On or near MARKET STREET,E01029526,Lichfield 004E,Unable to prosecute suspect
a0a5d2970ec43cd287028e54268b3f52dfaf98897893652506ea1c6c4bc9013b,2019-12,Staffordshire Police,Staffordshire Police,-1.827683,52.683771,On or near MARKET STREET,E01029526,Lichfield 004E,Unable to prosecute suspect
7339d7a71a7741e485e8b59f2646e61cd6b605976474c1872975e982386f39f2,2019-12,Staffordshire Police,Staffordshire Police,-1.597975,52.807164,On or near HAWFIELD LANE,E01029468,East Staffordshire 010A,Unable to prosecute suspect
5c4a5d6c93c45885c827872f2e04cee330a018c257ec34da5ae3ad13bb6f9c18,2019-12,Staffordshire Police,Staffordshire Police,-1.597975,52.807164,On or near HAWFIELD LANE,E01029468,East Staffordshire 010A,Unable to prosecute suspect
44a2dc30011c6ae44b86f45a097d0fc371de4e2d2fcb83cddff1ea925d35de11,2019-12,Staffordshire Police,Staffordshire Police,-2.017827,52.685036,On or near WORCESTER CLOSE,E01029362,Cannock Chase 012D,Unable to prosecute suspect
b7e45f766024ca8d9b812ae95f7e7416af6134cc472d4776db83a2990a7e70ea,2019-12,Staffordshire Police,Staffordshire Police,-1.929652,52.672467,On or near QUEEN STREET,E01029497,Lichfield 006E,Unable to prosecute suspect
9e661bb4021f9f1445d3c3dca471b357ddacb643631a6d09ab6ef04367f4b07c,2019-12,Staffordshire Police,Staffordshire Police,-1.937691,52.749522,On or near COPPICE ROAD,E01029374,Cannock Chase 003E,Unable to prosecute suspect
9e661bb4021f9f1445d3c3dca471b357ddacb643631a6d09ab6ef04367f4b07c,2019-12,Staffordshire Police,Staffordshire Police,-1.937691,52.749522,On or near COPPICE ROAD,E01029374,Cannock Chase 003E,Unable to prosecute suspect
ac7021ca0a97d0a656ac63948c0fb3b3b72be190ac3635255aea977708c7cbf0,2019-12,Staffordshire Police,Staffordshire Police,,,No location,,,Unable to prosecute suspect
086767d7bbf2d6f741289118e6a5a2e84dc02d59bac1a4cb780cd0d6d3ce6f95,2019-12,Staffordshire Police,Staffordshire Police,-2.128766,52.792617,On or near TURNEY GROVE,E01029737,Stafford 012C,Unable to prosecute suspect
30fa2322ace3af41da5eb991cbf70b0dbd72875ba5d987fb919e2c35d6cf2afc,2019-12,Staffordshire Police,Staffordshire Police,,,No location,,,Unable to prosecute suspect
2c73e6ea4d3bf2cbdbd84338b2d9ca037a61a41d30a1202ececc73618975a8e2,2019-12,Staffordshire Police,Staffordshire Police,-2.107178,52.649363,On or near Sports/Recreation Area,E01029637,South Staffordshire 006D,Unable to prosecute suspect
9b7d857d70d9a1eacb26befcdfbb9a6fd1e317501a4ebfe7a27a7d51b13d67de,2019-12,Staffordshire Police,Staffordshire Police,,,No location,,,Unable to prosecute suspect
8bf0edbe82d015de439560d69f85959909d4b00a6bbc197ba0cfb197b1783db7,2019-12,Staffordshire Police,Staffordshire Police,-2.118173,52.807129,On or near Shopping Area,E01029701,Stafford 010E,Unable to prosecute suspect
ea77bbc5b6347d61204eadda892ba99266393720851e525da15bf79de3daaa33,2019-12,Staffordshire Police,Staffordshire Police,-1.663059,52.829498,On or near BEAMHILL ROAD,E01029463,East Staffordshire 004C,Unable to prosecute suspect
b9a9451f70994f70c2478a182147baa571dbfa86958b13a23ef517c56134f915,2019-12,Staffordshire Police,Staffordshire Police,-1.939869,52.684636,On or near LORNE STREET,E01029494,Lichfield 006C,Unable to prosecute suspect
41f449562c9ffaf4e89108ef6c3182f7592d584cd4c4e7eb54f4a93772bcdd56,2019-12,Staffordshire Police,Staffordshire Police,-2.007612,52.721589,On or near ROWLEY CLOSE,E01029390,Cannock Chase 004D,Unable to prosecute suspect
8c0a6beca49333e175edf2d217f022cc89ab2760693ade91589cc0ba8ba37697,2019-12,Staffordshire Police,Staffordshire Police,-1.642454,52.806578,On or near BOROUGH ROAD,E01029445,East Staffordshire 009A,Unable to prosecute suspect
f88323b6dd361857b5397ef36b4b2417eb2cb7f15c756bb84a92e334ae43bac4,2019-12,Staffordshire Police,Staffordshire Police,-2.236253,52.456082,On or near ENVILLE ROAD,E01029651,South Staffordshire 014C,Unable to prosecute suspect
911616ac627cc6844a4884f27f2275f2169baa7167c3a873eb0e7568a42d5db4,2019-12,Staffordshire Police,Staffordshire Police,-2.011572,52.638506,On or near STAFFORD ROAD,E01029632,South Staffordshire 007A,Unable to prosecute suspect
911616ac627cc6844a4884f27f2275f2169baa7167c3a873eb0e7568a42d5db4,2019-12,Staffordshire Police,Staffordshire Police,-2.011572,52.638506,On or near STAFFORD ROAD,E01029632,South Staffordshire 007A,Unable to prosecute suspect
5d92f98e45d0c847730a6e6076df3afd5f9d9df94fd2ec994d04a26625248d8c,2019-12,Staffordshire Police,Staffordshire Police,-1.648705,52.814984,On or near PAVILION GROVE,E01029446,East Staffordshire 009B,Unable to prosecute suspect
2e91d92d2101688d78b74c3a15b85be5c5990d6160b5ebcddc13131739661d7d,2019-12,Staffordshire Police,Staffordshire Police,-2.102480,52.814191,On or near BYRON CLOSE,E01029692,Stafford 009A,Unable to prosecute suspect
772edc2ad8ed947842d505887955e13d060fe06c7dd544361dab17e38a6e6c56,2019-12,Staffordshire Police,Staffordshire Police,-1.706559,52.626700,On or near VENTURA PARK ROAD,E01029837,Tamworth 005B,Unable to prosecute suspect
7efce1d9bf645788a5ebc21879bfc506c778a0159242b272e97a29d17640ea6d,2019-12,Staffordshire Police,Staffordshire Police,-1.630101,52.807817,On or near Police Station,E01032897,East Staffordshire 011G,Unable to prosecute suspect
3f02fa1929bf30fa6523865bc0f2a79f224e8feb38cf2c3261b2c8125859626a,2019-12,Staffordshire Police,Staffordshire Police,-1.932561,52.674995,On or near BAKER CLOSE,E01029496,Lichfield 010A,Unable to prosecute suspect
b87a9c24cf3d6d74f1defca69d9dfa04ca79bdc4734e066b3d142e2c38b937c4,2019-12,Staffordshire Police,Staffordshire Police,-2.221477,52.675373,On or near FOXES LANE,E01029670,South Staffordshire 003E,Unable to prosecute suspect
3bae48aa88aa28f6efd33d68af10b91d94b55c8c711701b6f37b3f4572471d3a,2019-12,Staffordshire Police,Staffordshire Police,-2.226753,52.916596,On or near LAWRENCE DRIVE,E01029749,Stafford 002E,Unable to prosecute suspect
ffe152abdf8b16b744fcbc35bc537e9580c3bb9559e1513eeff68a30bbdd6570,2019-12,Staffordshire Police,Staffordshire Police,-2.226753,52.916596,On or near LAWRENCE DRIVE,E01029749,Stafford 002E,Unable to prosecute suspect
5236d2997d5acfdc6ac8e0cc81ac71d767caa87c6bd889838907b273370ac13e,2019-12,Staffordshire Police,Staffordshire Police,-2.159482,52.955503,On or near IVYHOUSE DRIVE,E01029681,Stafford 002A,Unable to prosecute suspect
b47763bdfb7c02bdeee543d9622ff3e72b04dc7aa64416ec2755755142a47c94,2019-12,Staffordshire Police,Staffordshire Police,-2.159482,52.955503,On or near IVYHOUSE DRIVE,E01029681,Stafford 002A,Unable to prosecute suspect
940c48b4311b9388915142ee22bd8fb146016e652b181c1479c4273126f338a7,2019-12,Staffordshire Police,Staffordshire Police,-2.022545,52.654893,On or near DOVE HOLLOW,E01029639,South Staffordshire 005B,Unable to prosecute suspect
85116166aa85da7dacdfaa337abefa13784f3445da3e0a789be8365cd8eb7381,2019-12,Staffordshire Police,Staffordshire Police,-2.055153,52.804181,On or near TIXALL ROAD,E01029732,Stafford 011E,Unable to prosecute suspect
85116166aa85da7dacdfaa337abefa13784f3445da3e0a789be8365cd8eb7381,2019-12,Staffordshire Police,Staffordshire Police,-2.055153,52.804181,On or near TIXALL ROAD,E01029732,Stafford 011E,Unable to prosecute suspect
e9a5fb5f99734c1f2073400272d1a8f09b7a877dd895a4f791fa39fb654dbbd8,2019-12,Staffordshire Police,Staffordshire Police,-2.239356,52.450259,On or near EDGE HILL,E01029653,South Staffordshire 014E,Unable to prosecute suspect
346ac2069e72463b8478a273d400b7e8498a34be9961e065126210010518cd36,2019-12,Staffordshire Police,Staffordshire Police,-1.652444,52.619290,On or near CAMHOUSES,E01029842,Tamworth 007B,Unable to prosecute suspect
8f2eee6f10fd7a97c5592468720551189452483181f066d81b074343964abe8a,2019-12,Staffordshire Police,Staffordshire Police,,,No location,,,Unable to prosecute suspect
2f9b49c68bdf4315182ce152b25843b9f197d9e1acd5239473b780c336bf0936,2019-12,Staffordshire Police,Staffordshire Police,-1.633977,52.796745,On or near Supermarket,E01032898,East Staffordshire 011H,Unable to prosecute suspect
863d62c3c13869c53c74cfd6095450701c53348bc6ddb1f1752d720d32e64249,2019-12,Staffordshire Police,Staffordshire Police,-1.826283,52.682448,On or near Theatre/Concert Hall,E01029526,Lichfield 004E,Unable to prosecute suspect
7fd0d1e86e234a0be18f610ce7baa175cfff022582e3672d82740ea3c6959fd0,2019-12,Staffordshire Police,Staffordshire Police,-1.661384,52.599709,On or near JONKEL AVENUE,E01029869,Tamworth 010E,Unable to prosecute suspect
f021d45f123641a3f232b3ee1e8e8aae9c85f91368140f66a5c69763d871072e,2019-12,Staffordshire Police,Staffordshire Police,,,No location,,,Unable to prosecute suspect
62bd65f75ad65a071dd65fa8e5d576b24d6996fdaa683dafcf19697ecd8f1684,2019-12,Staffordshire Police,Staffordshire Police,,,No location,,,Unable to prosecute suspect
cf31272492ab737868115ed656ee1bc2f6b402d37b53f9c917a8e0802bf481a4,2019-12,Staffordshire Police,Staffordshire Police,-2.251494,52.859266,On or near STAFFORD STREET,E01029695,Stafford 005A,Unable to prosecute suspect
2927019fc60f062c4149b3ffec3195d1e34b27660811171346cff7d3fe4bdb81,2019-12,Staffordshire Police,Staffordshire Police,-1.639660,52.826877,On or near ST JUDE'S WAY,E01029437,East Staffordshire 007D,Unable to prosecute suspect
da08880550ae4e8a4a19cdaa2a437f86ffcaf95c83d5df301c0a15708cd90f0d,2019-12,Staffordshire Police,Staffordshire Police,-2.022901,52.711869,On or near HOLLY STREET,E01029384,Cannock Chase 005A,Unable to prosecute suspect
7479d31829646706597c2405fbb56625ce49039b92f7e7c3b0c0edc764740a5e,2019-12,Staffordshire Police,Staffordshire Police,-2.125698,52.823949,On or near NORTH AVENUE,E01029721,Stafford 007C,Unable to prosecute suspect
e9fe2f0fb885b2c1d34c663d17c0bb571e3f9bae4e5cfef70216e08b5b2f2d48,2019-12,Staffordshire Police,Staffordshire Police,-1.826521,52.697254,On or near HARWOOD ROAD,E01029500,Lichfield 005D,Unable to prosecute suspect
e9fe2f0fb885b2c1d34c663d17c0bb571e3f9bae4e5cfef70216e08b5b2f2d48,2019-12,Staffordshire Police,Staffordshire Police,-1.826521,52.697254,On or near HARWOOD ROAD,E01029500,Lichfield 005D,Unable to prosecute suspect
e0170140da876d0463a5f72735a33adbd9d1028bcf35e398b4ae2dd91aef3bfe,2019-12,Staffordshire Police,Staffordshire Police,-1.826521,52.697254,On or near HARWOOD ROAD,E01029500,Lichfield 005D,Unable to prosecute suspect
03d32bbc143ba29db43cf0dba1feb187cdba2e2c6abcb46397fc5549a8aefd36,2019-12,Staffordshire Police,Staffordshire Police,-1.688213,52.595162,On or near MAXSTOKE CLOSE,E01029862,Tamworth 009C,Unable to prosecute suspect
90d0c6ed87a1d0304114aff20d0d5b3e2ef4146174200f33c8c9b4477c4b434b,2019-12,Staffordshire Police,Staffordshire Police,-1.683203,52.630695,On or near MANOR ROAD,E01029831,Tamworth 004B,Unable to prosecute suspect
1a82fe15edaa336c171c1542a2ddf8b41f781d2ff1c01f862a57c61da4b7a49d,2019-12,Staffordshire Police,Staffordshire Police,-2.131026,52.794674,On or near SWINBURNE CLOSE,E01029737,Stafford 012C,Unable to prosecute suspect
eed236c2bb0c99a5ebada7aa899bcd9770d09214fd2ac069267e15bf343854fb,2019-12,Staffordshire Police,Staffordshire Police,-1.949791,52.765268,On or near GLENHAVEN,E01029401,Cannock Chase 002C,Unable to prosecute suspect
294065d5842bd39b5878615f808519546f42c0677c1b3c814c41955b013c1b16,2019-12,Staffordshire Police,Staffordshire Police,,,No location,,,Unable to prosecute suspect
5608f2f85f1806d4eda261db93ab6a8f98bf5e7ea2ee7f1e2515f405c7e9b689,2019-12,Staffordshire Police,Staffordshire Police,-1.642513,52.795674,On or near BROADWAY STREET,E01029410,East Staffordshire 011D,Unable to prosecute suspect
c1311692e19ee24ee5433f0b526807540a0ede3eda3c043d9ea24bdbe9980447,2019-12,Staffordshire Police,Staffordshire Police,-2.107178,52.649363,On or near Sports/Recreation Area,E01029637,South Staffordshire 006D,Unable to prosecute suspect
bf818931a253928db4c547df6c3a1aae461a29198dba1bcafcf97b04b1604f31,2019-12,Staffordshire Police,Staffordshire Police,-1.660427,52.809220,On or near PRICE COURT,E01029446,East Staffordshire 009B,Unable to prosecute suspect
dfd316bd582e13752a38ad01357654017715bb9d6971a3883c90a1c629579910,2019-12,Staffordshire Police,Staffordshire Police,-1.660427,52.809220,On or near PRICE COURT,E01029446,East Staffordshire 009B,Unable to prosecute suspect
57917e76734885a34dd8202ba09b9e225127510dafbd8515adb434430d8ba877,2019-12,Staffordshire Police,Staffordshire Police,-1.646338,52.695101,On or near MAIN ROAD,E01029516,Lichfield 008A,Unable to prosecute suspect
30ee04d9b6de55bb6549bb1e652be6a2592cc6e2a75bafda9585b256dfcc37ed,2019-12,Staffordshire Police,Staffordshire Police,-1.625143,52.804691,On or near Sports/Recreation Area,E01032896,East Staffordshire 011F,Unable to prosecute suspect
c81f01ad8c33893af345a04805d97be17da972a48421101c2b3c80e18531d33f,2019-12,Staffordshire Police,Staffordshire Police,,,No location,,,Unable to prosecute suspect
3282ced3698172d21d7f65f533712bb46aba9dda434677e539851913e4836da9,2019-12,Staffordshire Police,Staffordshire Police,-2.001704,52.709543,On or near Parking Area,E01029389,Cannock Chase 005D,Unable to prosecute suspect
02b5e178002049a588d256fd74443870cfd82de2d124612f2051b92e6d5bc216,2019-12,Staffordshire Police,Staffordshire Police,-1.928752,52.753023,On or near SPRINGFIELD AVENUE,E01029345,Cannock Chase 003A,Unable to prosecute suspect
02b5e178002049a588d256fd74443870cfd82de2d124612f2051b92e6d5bc216,2019-12,Staffordshire Police,Staffordshire Police,-1.928752,52.753023,On or near SPRINGFIELD AVENUE,E01029345,Cannock Chase 003A,Unable to prosecute suspect
02b5e178002049a588d256fd74443870cfd82de2d124612f2051b92e6d5bc216,2019-12,Staffordshire Police,Staffordshire Police,-1.928752,52.753023,On or near SPRINGFIELD AVENUE,E01029345,Cannock Chase 003A,Unable to prosecute suspect
760d580d8959ae010a8947519305563608a95d1de48ac27a701290a35206380b,2019-12,Staffordshire Police,Staffordshire Police,-2.144898,52.903195,On or near MILL STREET,E01029745,Stafford 003C,Unable to prosecute suspect
e187697d7ead4177404dcb3d47521572141d0ded56f8d0a98c7c8ec450511913,2019-12,Staffordshire Police,Staffordshire Police,-1.703707,52.646516,On or near BYRON ROAD,E01029849,Tamworth 002C,Unable to prosecute suspect
7cace8e43c64b5f6adb3867e80db79ea627104651b622d214a749e5a772cd4f6,2019-12,Staffordshire Police,Staffordshire Police,-1.928171,52.754982,On or near BRIDGEWATER ROAD,E01029345,Cannock Chase 003A,Unable to prosecute suspect
b88380abdfc38e89b82ccc4f918b01c3bfbc805fe1c71a07f64fba2ea1d28b2a,2019-12,Staffordshire Police,Staffordshire Police,-2.113339,52.791024,On or near MAPLE GROVE,E01029727,Stafford 013D,Unable to prosecute suspect
365157d74c1a04697e456a712b3c734782dcbd3d8564da97f8882ba717feccf7,2019-12,Staffordshire Police,Staffordshire Police,-1.922245,52.746142,On or near BRERETON LODGE,E01029348,Cannock Chase 003D,Unable to prosecute suspect
77df535a3295d90baf753d6ea60ccb3d92f11aae65e4023ff56f3c769a345b65,2019-12,Staffordshire Police,Staffordshire Police,-2.064302,52.772417,On or near Petrol Station,E01029730,Stafford 014C,Unable to prosecute suspect
8404d817dcf12f186f7b774e5a3a89385e9d6695940a24e62346d0432a61f999,2019-12,Staffordshire Police,Staffordshire Police,-2.064302,52.772417,On or near Petrol Station,E01029730,Stafford 014C,Unable to prosecute suspect
63897e9d1e1462900180fa7c317ed38602931aca70f68bbc4970aeb7c8c565bf,2019-12,Staffordshire Police,Staffordshire Police,-1.656022,52.615076,On or near FOSSDALE ROAD,E01029856,Tamworth 008B,Unable to prosecute suspect
1bc4ef694186868cafb15e0f706c0826a7dd71cf71d1b55aad01a44266de8f3e,2019-12,Staffordshire Police,Staffordshire Police,-1.663802,52.810164,On or near HIGHCROFT DRIVE,E01029446,East Staffordshire 009B,Unable to prosecute suspect
6db3bdcdff78b151309612b23fa93ee14e4895ec8e89adbc72309c5fd56b1726,2019-12,Staffordshire Police,Staffordshire Police,-2.010761,52.704832,On or near KINGSWAY,E01029349,Cannock Chase 008A,Unable to prosecute suspect
82ccdbfb88f6b189f7117d16401a9df4a8436c9b563e4c4c7871c92ef5a312b8,2019-12,Staffordshire Police,Staffordshire Police,-2.220558,52.545787,On or near WHITE ROW,E01029667,South Staffordshire 013B,Unable to prosecute suspect
c765dc053bc84faf808c6c731fc7b181ae842ae63982f5162424a5769532fbb5,2019-12,Staffordshire Police,Staffordshire Police,-2.148253,52.906077,On or near STONEFIELD SQUARE,E01029744,Stafford 003B,Unable to prosecute suspect
c5901fb1e52f1ee9376c1c9ba12bb9a49b212d91c954a3688e3613d5b53cf0d8,2019-12,Staffordshire Police,Staffordshire Police,-2.182034,52.625718,On or near HEATH GROVE,E01029615,South Staffordshire 008C,Unable to prosecute suspect
498ee46fb956654aa7c2a2e4f60fa0264945ae0fc30972f3ab99f13772040344,2019-12,Staffordshire Police,Staffordshire Police,,,No location,,,Unable to prosecute suspect
d6be01afd9f6562c5077f0ea487b089770e4c832ac60bc221770d93d41044a62,2019-12,Staffordshire Police,Staffordshire Police,-1.923587,52.672967,On or near GRANGE ROAD,E01029529,Lichfield 010D,Unable to prosecute suspect
013601a8d50913b7abc4f6cb2abe292a0c5ec9468b5611d9b336d08cad870a4a,2019-12,Staffordshire Police,Staffordshire Police,-1.686528,52.851704,On or near CROMWELL CLOSE,E01029465,East Staffordshire 004E,Unable to prosecute suspect
1c0a3e229c9630b5a9ab2edcb2f58654cb8b7d787692cfdd53db432aa04627c0,2019-12,Staffordshire Police,Staffordshire Police,-1.823257,52.695703,On or near PURCELL AVENUE,E01029499,Lichfield 004B,Unable to prosecute suspect
712f004b38bdbd712d276393e07d10c123f148cc553138760cb6bb0b1c748d62,2019-12,Staffordshire Police,Staffordshire Police,,,No location,,,Unable to prosecute suspect
66507593f5b2a5a539cd094701fa58b692e0d50e24024159ee4a496d91e6d960,2019-12,Staffordshire Police,Staffordshire Police,-2.127882,52.819722,On or near PITT STREET,E01029720,Stafford 007B,Unable to prosecute suspect
66507593f5b2a5a539cd094701fa58b692e0d50e24024159ee4a496d91e6d960,2019-12,Staffordshire Police,Staffordshire Police,-2.127882,52.819722,On or near PITT STREET,E01029720,Stafford 007B,Unable to prosecute suspect
6287eae3e69498391f4e070d29880bd4335c1f6d5ada564997972561de603612,2019-12,Staffordshire Police,Staffordshire Police,-2.032259,52.697025,On or near WESTBOURNE AVENUE,E01029367,Cannock Chase 011E,Unable to prosecute suspect
38f7f7bb44d993e22b6fa2fd7e32d9a92ec1a1325ed977997e980da70bb392f7,2019-12,Staffordshire Police,Staffordshire Police,-1.935559,52.678116,On or near CHASE VALE,E01029497,Lichfield 006E,Unable to prosecute suspect
7587ae625924a74a4ed3d0de92e8f540a67cf4515ec329441038aee598728ded,2019-12,Staffordshire Police,Staffordshire Police,-1.641164,52.815492,On or near VICTORIA CRESCENT,E01029426,East Staffordshire 008A,Unable to prosecute suspect
c57574380b436891e090479dc4dce269c40807ebddb9f6ac5fe624b0879e01e8,2019-12,Staffordshire Police,Staffordshire Police,-1.633746,52.803063,On or near Parking Area,E01032896,East Staffordshire 011F,Unable to prosecute suspect
51517d09f7c7151091ee705f4d17a93d82a3a55d71c60c4ea9b4966b66625789,2019-12,Staffordshire Police,Staffordshire Police,-1.636105,52.801219,On or near ORCHARD STREET,E01032896,East Staffordshire 011F,Unable to prosecute suspect
5f7070a546e430930376dcca2d069cadc0fcccb40a50f7f416c40dcebd479971,2019-12,Staffordshire Police,Staffordshire Police,-2.012497,52.719782,On or near WHITETHORN CLOSE,E01029383,Cannock Chase 004A,Unable to prosecute suspect
9689c846042f06aa24770bd7acb6bd3d5b1f79374fd231762893ba2085e490bc,2019-12,Staffordshire Police,Staffordshire Police,-1.699508,52.614439,On or near Petrol Station,E01029504,Lichfield 012D,Unable to prosecute suspect
f0e76e3b05228f6758f832f1cccfad5a95e8bc419c009c171703a0ed5d6ca825,2019-12,Staffordshire Police,Staffordshire Police,,,No location,,,Unable to prosecute suspect
8fa6105a8420c8039c3b3b2429dc8397498434bbd6f210aeaf2836641e956626,2019-12,Staffordshire Police,Staffordshire Police,-1.691506,52.630842,On or near ANKERDRIVE,E01029838,Tamworth 005C,Unable to prosecute suspect
c4d5bc406709dd2e2a160b30fe88a98b1872a3225da6ed3bd566796eab406228,2019-12,Staffordshire Police,Staffordshire Police,,,No location,,,Unable to prosecute suspect
cd759c3a64a63883aa8b460da772c8326b63cb2311b5d6443a7ead93412be0f9,2019-12,Staffordshire Police,Staffordshire Police,,,No location,,,Unable to prosecute suspect
cd759c3a64a63883aa8b460da772c8326b63cb2311b5d6443a7ead93412be0f9,2019-12,Staffordshire Police,Staffordshire Police,,,No location,,,Unable to prosecute suspect
1759c5fe38a52c522cf6dbb6b650c38e857196916e2470ec6b52054f460b7c41,2019-12,Staffordshire Police,Staffordshire Police,-2.122825,52.815394,On or near STONE ROAD,E01029691,Stafford 010B,Unable to prosecute suspect
adccb53bcba63c77896a27ed6e2dd6f35863b23cccf4efdd99da701855108906,2019-12,Staffordshire Police,Staffordshire Police,,,No location,,,Unable to prosecute suspect
e156fa5f99236bc186612a87d150021c889ecfbaf6b39148cceaf6a073fd53e3,2019-12,Staffordshire Police,Staffordshire Police,-1.675878,52.628257,On or near Parking Area,E01029830,Tamworth 006E,Unable to prosecute suspect
e0dd8575e58c1b3a7aef1ebf71452de19930173c3e05e3f4da8c1d9eebcb7fb2,2019-12,Staffordshire Police,Staffordshire Police,-2.202021,52.513457,On or near Parking Area,E01029645,South Staffordshire 013A,Unable to prosecute suspect
c8ab036a43e1e98c7ea43c1c65a2d67f33cff63090ddc836073315cf77aabc13,2019-12,Staffordshire Police,Staffordshire Police,-1.809033,52.689793,On or near EASTERN AVENUE,E01029525,Lichfield 005G,Unable to prosecute suspect
bedfd1faf297dfc97dab6c82b1ca75b4475c41da06f096365e835f6fba44157e,2019-12,Staffordshire Police,Staffordshire Police,-2.207880,52.527767,On or near SWINFORD LEYS,E01029680,South Staffordshire 012E,Unable to prosecute suspect
25663d09c41e79b3566dd7e6ff35e823a2e67df78a37f2909071cfbb07eeb1c6,2019-12,Staffordshire Police,Staffordshire Police,,,No location,,,Unable to prosecute suspect
db0a924107c895aaa58a4eecbd2a4e5dc19d6c9d9c28930dad114089155a156a,2019-12,Staffordshire Police,Staffordshire Police,,,No location,,,Unable to prosecute suspect
db0a924107c895aaa58a4eecbd2a4e5dc19d6c9d9c28930dad114089155a156a,2019-12,Staffordshire Police,Staffordshire Police,,,No location,,,Unable to prosecute suspect
db0a924107c895aaa58a4eecbd2a4e5dc19d6c9d9c28930dad114089155a156a,2019-12,Staffordshire Police,Staffordshire Police,,,No location,,,Unable to prosecute suspect
af977c509af92a7fb107158830930546ff8ffb721830c9c75412341459dfbcd6,2019-12,Staffordshire Police,Staffordshire Police,,,No location,,,Unable to prosecute suspect
c0abb74a71332a60903f41e09dd25ae7f06bcc286655bd448f2e7e28e281211e,2019-12,Staffordshire Police,Staffordshire Police,-2.008251,52.659606,On or near Sports/Recreation Area,E01029644,South Staffordshire 005E,Unable to prosecute suspect
a940eeaf60179ebc6a37e458119a5976faa7948d42a083dca90f41785e520464,2019-12,Staffordshire Police,Staffordshire Police,-1.904482,52.678958,On or near SCHOLARS GATE,E01029507,Lichfield 003B,Unable to prosecute suspect
763c41f0d3bcc4a847efa6f0ea5d940aad6cc18c0b5758b2fd94264299638534,2019-12,Staffordshire Police,Staffordshire Police,-2.029812,52.688171,On or near Supermarket,E01029360,Cannock Chase 012B,Unable to prosecute suspect
066dea323449c28f27ecd8c4768f088708e07d90825baa597f473f4c2096362a,2019-12,Staffordshire Police,Staffordshire Police,-1.630101,52.807817,On or near Police Station,E01032897,East Staffordshire 011G,Unable to prosecute suspect
926bdc353119c10603da50c3c571caf0e8ba5be003e8f112878953a5c28c9978,2019-12,Staffordshire Police,Staffordshire Police,-1.922245,52.746142,On or near BRERETON LODGE,E01029348,Cannock Chase 003D,Unable to prosecute suspect
5dfd66306018da337e63e1f7bf666ef1abb987449168e3bdd4b19cb277904e4f,2019-12,Staffordshire Police,Staffordshire Police,-1.688189,52.633935,On or near HARDWICK COURT,E01029838,Tamworth 005C,Unable to prosecute suspect
54db019851b61bd3e2fbf934052f2db0ed80c5206e8a063a1eb3fb009e485a4f,2019-12,Staffordshire Police,Staffordshire Police,-2.240118,52.695267,On or near Hospital,E01029668,South Staffordshire 003C,Unable to prosecute suspect
bf18f5faf6b14678f0b10b2f1528e33e765c475f098b3706b345bc9856b6698a,2019-12,Staffordshire Police,Staffordshire Police,-1.880031,52.906550,On or near REDFERN ROAD,E01029431,East Staffordshire 002B,Unable to prosecute suspect
223cc468e2fa997da195c28c05e9f4f18b0abf45e1cc4e7c99f8367a7c0b7c7e,2019-12,Staffordshire Police,Staffordshire Police,-1.925038,52.672186,On or near BRANTWOOD AVENUE,E01029529,Lichfield 010D,Unable to prosecute suspect
9e63ef3ebbc4cb3f16975febd0ef8cc5d3915a61e680a8c306c6014246790503,2019-12,Staffordshire Police,Staffordshire Police,-1.649942,52.631158,On or near SORBUS,E01029820,Tamworth 003A,Unable to prosecute suspect
57148d6b67eb1ca0624da0b47a78809e3feb5915b89178036a89b33ac4ecc34c,2019-12,Staffordshire Police,Staffordshire Police,-1.865787,52.896961,On or near Police Station,E01029462,East Staffordshire 003D,Unable to prosecute suspect
b399f5cdd7c483246e354e86352392cc1eac508244630be7e2ab6eb677b7dae9,2019-12,Staffordshire Police,Staffordshire Police,-1.663494,52.622900,On or near ST CHAD COURT,E01029841,Tamworth 003E,Unable to prosecute suspect
568e68c5f1fbc98be5e8442d0b9cd7e0fb3fb7550b3e997ab65adcbce6cd64c8,2019-12,Staffordshire Police,Staffordshire Police,,,No location,,,Unable to prosecute suspect
3688a072465a0090beed68c1560ac72cbc27225377a910a11c21ed4f7edd1005,2019-12,Staffordshire Police,Staffordshire Police,-2.146548,52.902942,On or near CHRISTCHURCH WAY,E01029745,Stafford 003C,Unable to prosecute suspect
d38cafcc83cafcbb6c69c71006be20816ba5606756ea9897a7fab58cbf47c556,2019-12,Staffordshire Police,Staffordshire Police,-1.645461,52.617058,On or near LOUGHSHAW,E01029858,Tamworth 008D,Unable to prosecute suspect
33c57e06a7408cda3488eaeadfd833691649dfdcdeb28c0299d6a91cb6cd3239,2019-12,Staffordshire Police,Staffordshire Police,-1.625027,52.790631,On or near HILL STREET,E01029451,East Staffordshire 014C,Unable to prosecute suspect
1e86f7a4b79ee5203750b48749aee81d121fb0672d3c595c60832bbec5d43321,2019-12,Staffordshire Police,Staffordshire Police,-1.864841,52.899971,On or near Supermarket,E01029461,East Staffordshire 003C,Unable to prosecute suspect
fd89521ed0582226277006fdf78be6877d360768d2a439301c1f6118189fa889,2019-12,Staffordshire Police,Staffordshire Police,-1.970443,52.710996,On or near SLADE VIEW RISE,E01029400,Cannock Chase 006D,Unable to prosecute suspect
dd057bc280af2373077d0732a6cbd0001ff136b59c0abb3e209d1aa27eb959c5,2019-12,Staffordshire Police,Staffordshire Police,-1.939160,52.747967,On or near HILLARY CREST,E01029374,Cannock Chase 003E,Unable to prosecute suspect
f542661c368aeda45d9afd453358dc601a0058b1ff3a47452f14a74a6d98c7e2,2019-12,Staffordshire Police,Staffordshire Police,-1.939160,52.747967,On or near HILLARY CREST,E01029374,Cannock Chase 003E,Unable to prosecute suspect
7ea0ed371a62f0640701709f390a080ff130031c45c292af7c9ab41506965b65,2019-12,Staffordshire Police,Staffordshire Police,-1.939160,52.747967,On or near HILLARY CREST,E01029374,Cannock Chase 003E,Unable to prosecute suspect
af3215ed56dc4ffe822ac7b1e2f277ea3bb547f7246918adc28dc882f1c8cd49,2019-12,Staffordshire Police,Staffordshire Police,-2.072454,52.940594,On or near DALE VIEW COURT,E01029703,Stafford 001B,Unable to prosecute suspect
5b1454ca0283256c18ccebe5ea34b5bcc2ee855e26aaa2a85c6fe5a796fb0af0,2019-12,Staffordshire Police,Staffordshire Police,-1.670111,52.611259,On or near WANDSBECK,E01029829,Tamworth 010A,Unable to prosecute suspect
13ac2344dc6274a73edf8792d288de8422b48f8563075e2c9e3b8f4a10a7cc71,2019-12,Staffordshire Police,Staffordshire Police,-1.802761,52.676397,On or near DARNFORD MOORS,E01029483,Lichfield 005A,Unable to prosecute suspect
7977f341f118d027ae15f376a9c601d7b1260d6db855c86a3f7bc498d8492bc9,2019-12,Staffordshire Police,Staffordshire Police,-1.675900,52.633345,On or near JESSOP DRIVE,E01029834,Tamworth 004D,Unable to prosecute suspect
dc160ae79f58994d691f679960a1fa3e523df49b1f921d0b057089a284c56e3a,2019-12,Staffordshire Police,Staffordshire Police,,,No location,,,Unable to prosecute suspect
dc160ae79f58994d691f679960a1fa3e523df49b1f921d0b057089a284c56e3a,2019-12,Staffordshire Police,Staffordshire Police,,,No location,,,Unable to prosecute suspect
f2972226d71c7599b62a4f5d98eb49bb307119660755393e4e6b11e7cb3375fc,2019-12,Staffordshire Police,Staffordshire Police,,,No location,,,Unable to prosecute suspect
8bbd006e1af54279178cdf0b3ecf6fc70e76eb628cec33a94b807980fe4a7073,2019-12,Staffordshire Police,Staffordshire Police,-1.990619,52.701488,On or near SHARON WAY,E01029392,Cannock Chase 009E,Unable to prosecute suspect
a873dc499b5d616c56695360e62876cf3e52699c816194b0c06ae4f5568512eb,2019-12,Staffordshire Police,Staffordshire Police,-2.091111,52.642077,On or near SOUTH VIEW CLOSE,E01029635,South Staffordshire 007D,Unable to prosecute suspect
65ad15bac4f3ae415af4b2af382a01464ee42c3f2840713adf432debec84f411,2019-12,Staffordshire Police,Staffordshire Police,-2.102827,52.954604,On or near BIRCH GROVE,E01029705,Stafford 001D,Unable to prosecute suspect
03bd42ae5413533921410fadf2fafde324460d4881ac0e476c55f9973a896367,2019-12,Staffordshire Police,Staffordshire Police,-2.116979,52.826574,On or near COMMON ROAD,E01029690,Stafford 006A,Unable to prosecute suspect
80e133e7511ab1372fc92f17e1a640e5ba125af519add40a48e7e7816a31888f,2019-12,Staffordshire Police,Staffordshire Police,-2.102868,52.808914,On or near LITTLETON CLOSE,E01029722,Stafford 009C,Unable to prosecute suspect
bfdc80ccbecf3b3144dc5fd2244b0d10a7e4ba7ef71ef7f976f49ac93b31a702,2019-12,Staffordshire Police,Staffordshire Police,-1.865898,52.899370,On or near Shopping Area,E01029462,East Staffordshire 003D,Unable to prosecute suspect
068144a0465031793b9a03758773992c254be69e23099edf28bdd240e8a8bb07,2019-12,Staffordshire Police,Staffordshire Police,-1.642525,52.810552,On or near ALBERT STREET,E01029445,East Staffordshire 009A,Unable to prosecute suspect
9b1eb7b91b3279a5b6203caf7adec357f7a6774391551bb70c8b96813cd1476e,2019-12,Staffordshire Police,Staffordshire Police,-2.086716,52.788350,On or near LINDENBROOK VALE,E01029759,Stafford 014G,Unable to prosecute suspect
edf7e89f8dc91ca5dd3c95dd5d5641db480a2a313d710fb70b0512cc76b1a1c5,2019-12,Staffordshire Police,Staffordshire Police,-2.124522,52.822674,On or near MOORFIELDS,E01029720,Stafford 007B,Unable to prosecute suspect
ecaaacbdb49fe320e6c69cb88580f2a6f12ccccbe06c3bde424ab65b34e1a1ef,2019-12,Staffordshire Police,Staffordshire Police,-1.809861,52.679743,On or near BASKEYFIELD CLOSE,E01029485,Lichfield 005C,Unable to prosecute suspect
4e4d158952198ef6184e316d9c687f07c340ab196c4c907948bfbccdd47cd0a7,2019-12,Staffordshire Police,Staffordshire Police,-2.263218,52.513570,On or near Airport/Airfield,E01029667,South Staffordshire 013B,Unable to prosecute suspect
606d442a371a41484846ff28e87d754596c8170e4727ad8cdd17a4eed5fa6a5d,2019-12,Staffordshire Police,Staffordshire Police,,,No location,,,Unable to prosecute suspect
1dc04af5d65e26c281fa0e918f1b40b2489f758328b0867b011fed2e8ccb539e,2019-12,Staffordshire Police,Staffordshire Police,-1.643956,52.615022,On or near LOWFORCE,E01029855,Tamworth 008A,Unable to prosecute suspect
ad6392347438122e4d004f40eab89e7cdbab1b49f255a80455297995d963f9d7,2019-12,Staffordshire Police,Staffordshire Police,-1.673873,52.629716,On or near GRAYSTON AVENUE,E01029832,Tamworth 004C,Unable to prosecute suspect
eb3c8b01a223a817f7fa042bba258c3dc91892c86e776ae54da4fdb9be999210,2019-12,Staffordshire Police,Staffordshire Police,-1.641695,52.799555,On or near ALMA STREET,E01029408,East Staffordshire 011B,Unable to prosecute suspect
682b7f27391b2e621f7bb0065ea513bb73a43a9d2e4bde85b07264130da3f642,2019-12,Staffordshire Police,Staffordshire Police,-1.652125,52.616628,On or near ERINGDEN,E01029859,Tamworth 007E,Unable to prosecute suspect
dbe9b9506298470fb52a26970f62fa9fd9f52d87cd9f7e3a31e33da1ecd89221,2019-12,Staffordshire Police,Staffordshire Police,-2.100254,52.807577,On or near ST THOMAS STREET,E01029722,Stafford 009C,Unable to prosecute suspect
3f77bc6dc3d19c9e2f3a28f7368edaacd54b69a8538452a5943dc4ed48dfe1b8,2019-12,Staffordshire Police,Staffordshire Police,,,No location,,,Unable to prosecute suspect
4d9cf166c9139ce589da37a6bc4f64100c209fb102fbafc057016ff72268a005,2019-12,Staffordshire Police,Staffordshire Police,-1.713529,52.615849,On or near BOURNE AVENUE,E01029503,Lichfield 012C,Unable to prosecute suspect
9bfe14bf760a685c3a0450058fed7bc968431eb26fa6e03ef58f01c675ed866e,2019-12,Staffordshire Police,Staffordshire Police,-1.633855,52.816503,On or near GOODMAN STREET,E01029429,East Staffordshire 008D,Unable to prosecute suspect
0d8c735907ec7b17e5f25d0a3bf18deef019f4def8b460cc8caa9cb16b2c7857,2019-12,Staffordshire Police,Staffordshire Police,,,No location,,,Unable to prosecute suspect
e20e75d585d1aaa79a95cc1f5ab59a01d61ea2d857805c7d3431d995fdab9910,2019-12,Staffordshire Police,Staffordshire Police,-2.097422,52.814950,On or near NEWALL AVENUE,E01029693,Stafford 009B,Unable to prosecute suspect
32b56e663ba7a1226974e7e0022ea1a443ce2f0aa8da6703314305a66c725a6c,2019-12,Staffordshire Police,Staffordshire Police,,,No location,,,Unable to prosecute suspect
c72ec381b22efed08218000769a74741620ea17e322bb2c120667510ff6e8830,2019-12,Staffordshire Police,Staffordshire Police,-1.661678,52.848705,On or near CHURCH ROAD,E01029444,East Staffordshire 004B,Unable to prosecute suspect
d7d0102c747d959392b9bbdffc8d1a110135d756e3d808db9460349f70575f3d,2019-12,Staffordshire Police,Staffordshire Police,-2.153455,52.909810,On or near KENT GROVE,E01029746,Stafford 003D,Unable to prosecute suspect
40da0fa93cddbe53cf3aadce323dc3babce87dfbf6a47440c47f3a549095ac6b,2019-12,Staffordshire Police,Staffordshire Police,-1.935559,52.678116,On or near CHASE VALE,E01029497,Lichfield 006E,Unable to prosecute suspect
d860562d824f733d9dce0360c035e2fc397059dfd86a1d6becad0bdfdac4cb4e,2019-12,Staffordshire Police,Staffordshire Police,-1.776513,52.869724,On or near Park/Open Space,E01029425,East Staffordshire 006D,Unable to prosecute suspect
e3e3cc2932d2b8a3fe04f666eacf5b72eb7ba98bf724d12d59306992da831a30,2019-12,Staffordshire Police,Staffordshire Police,-2.106014,52.815401,On or near CLEMENT CLOSE,E01029692,Stafford 009A,Unable to prosecute suspect
ea25089368c934495cc58c591affa46997c3447a496910e97a0c1f0de2e72a6e,2019-12,Staffordshire Police,Staffordshire Police,-2.135598,52.824352,On or near Sports/Recreation Area,E01029751,Stafford 006D,Unable to prosecute suspect
35ef31d2a3418b792150751b22762de64e13d85f7899277e5b10f16206589c11,2019-12,Staffordshire Police,Staffordshire Police,-2.148589,52.904297,On or near Police Station,E01029744,Stafford 003B,Unable to prosecute suspect
95f2b022566fce6bb32d00ca5bba1ab55885b411b0a4173a8c66da3be0246669,2019-12,Staffordshire Police,Staffordshire Police,-1.980531,52.692614,On or near DARWIN CLOSE,E01029381,Cannock Chase 009B,Unable to prosecute suspect
0020eb17ed8d1b5340311becb7bb05a5b9e431dc4f2420a6cca5f4cca028e013,2019-12,Staffordshire Police,Staffordshire Police,-1.600662,52.807002,On or near EAST STREET,E01029468,East Staffordshire 010A,Unable to prosecute suspect
1ab093fcab214c6e4fca0a8605a12220fdf382ee6708833c2b3725ddf1ebcb84,2019-12,Staffordshire Police,Staffordshire Police,-2.105836,52.724086,On or near BRAMDEAN DRIVE,E01029655,South Staffordshire 001A,Unable to prosecute suspect
833eca96c387592fae90f4cd1ea9a441bd3fd6c0622d2e8edb5bb1a6019ee33d,2019-12,Staffordshire Police,Staffordshire Police,-2.143189,52.813367,On or near COVENTRY COURT,E01029752,Stafford 007E,Unable to prosecute suspect
c1872038df4ae7f0fe9c5308cf9185d4c58833afc0002f24b7c8a74ad2399e02,2019-12,Staffordshire Police,Staffordshire Police,-2.102568,52.958065,On or near PEMBERTON DRIVE,E01029704,Stafford 001C,Unable to prosecute suspect
97ddee61d235b281b6a168f2aa83f30a775aa811c7500086f48b4e5f86c42e1b,2019-12,Staffordshire Police,Staffordshire Police,-1.865787,52.896961,On or near Police Station,E01029462,East Staffordshire 003D,Unable to prosecute suspect
0e2eb83e649db6013db524a87c1bd7cf0aac8b345071e7411433161a1f0a33c5,2019-12,Staffordshire Police,Staffordshire Police,-2.094659,52.792856,On or near Petrol Station,E01029700,Stafford 011B,Unable to prosecute suspect
0e2eb83e649db6013db524a87c1bd7cf0aac8b345071e7411433161a1f0a33c5,2019-12,Staffordshire Police,Staffordshire Police,-2.094659,52.792856,On or near Petrol Station,E01029700,Stafford 011B,Unable to prosecute suspect
0e2eb83e649db6013db524a87c1bd7cf0aac8b345071e7411433161a1f0a33c5,2019-12,Staffordshire Police,Staffordshire Police,-2.094659,52.792856,On or near Petrol Station,E01029700,Stafford 011B,Unable to prosecute suspect
71352f1599176245f83d9544f39f7fd152dbf1e2ce32f337e50c95a070c1fb77,2019-12,Staffordshire Police,Staffordshire Police,,,No location,,,Unable to prosecute suspect
68067e4baa8b811cd24711c5270f55c511595658988a6d20a2973e0cd7bb27c2,2019-12,Staffordshire Police,Staffordshire Police,-1.865302,52.904718,On or near PENNYCROFT LANE,E01029461,East Staffordshire 003C,Unable to prosecute suspect
5efd5df5af26cc0fd0eaf6ce1c766f29f6ec928298c5b51d2cc8a8b347b17a8d,2019-12,Staffordshire Police,Staffordshire Police,-1.887228,52.906063,On or near HILL CLOSE,E01029430,East Staffordshire 002A,Unable to prosecute suspect
b20b7cbb1b5f3a1e0ac82988a7645e72829cabaa91375950a94f0117786f4da7,2019-12,Staffordshire Police,Staffordshire Police,-2.020032,52.655298,On or near ANSON CLOSE,E01029640,South Staffordshire 005C,Unable to prosecute suspect
c5995155ba75b4255a165c8d6561a61ee8cd5b710828bcc305d09e83d15aff08,2019-12,Staffordshire Police,Staffordshire Police,,,No location,,,Unable to prosecute suspect
aa14885c92f0ca4bbfa6c40986639d028139acc464bdbb9c2b0ad16cb7e2f6f9,2019-12,Staffordshire Police,Staffordshire Police,,,No location,,,Unable to prosecute suspect
bdd2bba2119c4f96084c2e45e92d400ac0cb8b1586752f02f533676fb2318700,2019-12,Staffordshire Police,Staffordshire Police,-2.020032,52.655298,On or near ANSON CLOSE,E01029640,South Staffordshire 005C,Unable to prosecute suspect
dbc05a5400c4d1b6802acbe93e227c80b52321a9e8ced620e07cce7421ee59f4,2019-12,Staffordshire Police,Staffordshire Police,-2.114466,52.785360,On or near Supermarket,E01029729,Stafford 016B,Unable to prosecute suspect
a15e3e46df0f0999f7e43084c4dfd84abcc5f091199266b2dc319cbcffa0f5f5,2019-12,Staffordshire Police,Staffordshire Police,-1.776513,52.869724,On or near Park/Open Space,E01029425,East Staffordshire 006D,Unable to prosecute suspect
a72e914dfaf7ecc9d042f100709e720a5dae348332ec09cd8bf87cb4194f76ed,2019-12,Staffordshire Police,Staffordshire Police,-1.622601,52.695549,On or near ST DAVIDS ROAD,E01029516,Lichfield 008A,Unable to prosecute suspect
d35aeab585ecc80dd9b42890bf1501dca9b7492d81cab05fafc6c787c3da3aa4,2019-12,Staffordshire Police,Staffordshire Police,-2.159358,52.942029,On or near Parking Area,E01029682,Stafford 002B,Unable to prosecute suspect
bd392a64506bbe1ea82805c716561f727f243ef124f44f3041dd40ac09e8812a,2019-12,Staffordshire Police,Staffordshire Police,-2.035780,52.660275,On or near HIGH STREET,E01029623,South Staffordshire 004C,Unable to prosecute suspect
60fcbfb91715b182e7e24df71f8c2ce095bd9551dfe66131e703f0750dbd9778,2019-12,Staffordshire Police,Staffordshire Police,-2.168411,52.924442,On or near MEAFORD ROAD,E01029683,Stafford 002C,Unable to prosecute suspect
ef5492bda36bc8e4e39ea6d346b54dae932046608f7638e9683206860938ee2e,2019-12,Staffordshire Police,Staffordshire Police,-2.115912,52.782464,On or near NELSON WAY,E01029726,Stafford 016A,Unable to prosecute suspect
d21725aa9e494b8a5636330cede49b3a62fcd70b5f7d173661a18aad073ed563,2019-12,Staffordshire Police,Staffordshire Police,-1.648688,52.612402,On or near RAYGILL,E01029857,Tamworth 008C,Unable to prosecute suspect
74ea14e3c728ed8b3f31f41dcca3bca65460966af9c0df4fa091235737241c70,2019-12,Staffordshire Police,Staffordshire Police,-2.140274,52.902913,On or near REDHILL GARDENS,E01029745,Stafford 003C,Unable to prosecute suspect
942d22ff44440e6626fd659910f5175fe3f46d916dab190ff40ed9cc286b20ec,2019-12,Staffordshire Police,Staffordshire Police,-2.205856,52.529893,On or near GREEN MEADOW CLOSE,E01029678,South Staffordshire 013G,Unable to prosecute suspect
5d7f1cab5db0e3d75c5ae4cb34e18b8ca14cb3082c19ff21e2658341a0bf27a2,2019-12,Staffordshire Police,Staffordshire Police,-2.115960,52.806277,On or near ST CHAD'S PLACE,E01029701,Stafford 010E,Unable to prosecute suspect
af691238b8c4308d369aaff93a63562916483578680b4a0e26f3b96688f478ef,2019-12,Staffordshire Police,Staffordshire Police,-2.114936,52.800488,On or near WOLVERHAMPTON ROAD,E01029701,Stafford 010E,Unable to prosecute suspect
2016a7ab0a60c09f45a7599f635aad5cac360820ce3b5dbd150fa590cd050050,2019-12,Staffordshire Police,Staffordshire Police,-2.107178,52.649363,On or near Sports/Recreation Area,E01029637,South Staffordshire 006D,Unable to prosecute suspect
d4ad7298ac1450aa9dd84eb802957aa26e1ccf2258937df99ef79b55fe695c09,2019-12,Staffordshire Police,Staffordshire Police,,,No location,,,Unable to prosecute suspect
10805cc877b30c04294a3bf6dc75882eb59fab14e146eb668b6f96da468a01fd,2019-12,Staffordshire Police,Staffordshire Police,-2.122671,52.782133,On or near SOUTHFIELDS ROAD,E01029728,Stafford 013E,Unable to prosecute suspect
af85bb3448d783e217b515caacc7af61a71741c78d9907fdc4911acaa30981d0,2019-12,Staffordshire Police,Staffordshire Police,-1.631603,52.784583,On or near SOMERSET ROAD,E01029450,East Staffordshire 014B,Unable to prosecute suspect
93a74886e376f032adaf4b0e329b7230f38623706f859a1bb65cc6ccfdaf1aa9,2019-12,Staffordshire Police,Staffordshire Police,-2.119201,52.787162,On or near MERRY ROAD,E01029727,Stafford 013D,Unable to prosecute suspect
b6605b504a69a062a6cd4a06e67f430e5e7fc05c235d560620973bebb2766ebf,2019-12,Staffordshire Police,Staffordshire Police,-2.198240,52.596502,On or near EPSOM CLOSE,E01029666,South Staffordshire 011C,Unable to prosecute suspect
bff37d87a01cf9f26b526f049de49fdf8a272f7502ebd5202ff3e874e9539e3f,2019-12,Staffordshire Police,Staffordshire Police,-2.127585,52.890459,On or near MEADOWBROOK COURT,E01029741,Stafford 004C,Unable to prosecute suspect
d10b37d4e153d44232c145a620808bdea8f7f73cb7c29a8a24d88a4fa5fb42b4,2019-12,Staffordshire Police,Staffordshire Police,-2.153455,52.909810,On or near KENT GROVE,E01029746,Stafford 003D,Unable to prosecute suspect
d9312d4988030a035b6b4513877ecd893eeddf89291af66ea77a63c126b3738e,2019-12,Staffordshire Police,Staffordshire Police,,,No location,,,Unable to prosecute suspect
bbcccd94e64671a5a5bdfb7c98aabab77329e1b1da1333e1460ef0b5770c4aca,2019-12,Staffordshire Police,Staffordshire Police,-2.123136,52.804858,On or near DERBY STREET,E01029701,Stafford 010E,Unable to prosecute suspect
d9f7abaf0196e58ce3ce26894342af8539483a4764f59e9b13a250c5051d0acf,2019-12,Staffordshire Police,Staffordshire Police,-2.027118,52.685960,On or near HALLCOURT CLOSE,E01029360,Cannock Chase 012B,Unable to prosecute suspect
d94b540e3d361af2c1ed3b933edf6fb5cb3ae16bc85ede58ca26ff1bd7dbb7b6,2019-12,Staffordshire Police,Staffordshire Police,-2.027118,52.685960,On or near HALLCOURT CLOSE,E01029360,Cannock Chase 012B,Unable to prosecute suspect
7f8287824a87a64bf1938ad02e7ab100aa5ab9fc64bc2194dd1634da05377688,2019-12,Staffordshire Police,Staffordshire Police,-2.091111,52.642077,On or near SOUTH VIEW CLOSE,E01029635,South Staffordshire 007D,Unable to prosecute suspect
dd15caf707758b6261bf5b47be401a806f74898478acc24c1402059d2c7b29f4,2019-12,Staffordshire Police,Staffordshire Police,-1.668515,52.605492,On or near TOWN WALL,E01032902,Tamworth 010G,Unable to prosecute suspect
c67f42c2fafb3371d56ce6933c7a7494db33eab97146eff782a77bb02f5dadb6,2019-12,Staffordshire Police,Staffordshire Police,-2.116562,52.803849,On or near PILGRIM STREET,E01029701,Stafford 010E,Unable to prosecute suspect
c67f42c2fafb3371d56ce6933c7a7494db33eab97146eff782a77bb02f5dadb6,2019-12,Staffordshire Police,Staffordshire Police,-2.116562,52.803849,On or near PILGRIM STREET,E01029701,Stafford 010E,Unable to prosecute suspect
dac622ea00979ae05177ee29db4acd86d2f370ac228b2a4e347ea68bb8a58cc1,2019-12,Staffordshire Police,Staffordshire Police,-1.689851,52.632897,On or near SAXON MILL LANE,E01029838,Tamworth 005C,Unable to prosecute suspect
cbf2196501e5cdd3ec64629e9f2aee1a8ad6299aa9ce6e9a713ee3f3a1e2a0e9,2019-12,Staffordshire Police,Staffordshire Police,-2.143794,52.812242,On or near MARSLAND ROAD,E01029750,Stafford 007D,Unable to prosecute suspect
9fb7ad335f0e0ab4b70e916e5dd5381f478455f88a99a9436dbc3a35bf7d2f8b,2019-12,Staffordshire Police,Staffordshire Police,-2.197580,52.597411,On or near LEVINGTON CLOSE,E01029661,South Staffordshire 010B,Unable to prosecute suspect
565442e5cdc745db93a54a9db2e274f181c95d25cebf53bcf08966e977bed4e1,2019-12,Staffordshire Police,Staffordshire Police,-1.833934,52.650230,On or near BIRMINGHAM ROAD,E01029521,Lichfield 011C,Unable to prosecute suspect
2d254c6b70a9259063205ef9c6b1b094d3c8ae5e5c8b20fc9e29019ab6f2769c,2019-12,Staffordshire Police,Staffordshire Police,-2.181737,52.461411,On or near Sports/Recreation Area,E01029652,South Staffordshire 014D,Unable to prosecute suspect
6080e0cfd99ff79887dd7548fd0b57c1ba68ddde8dd28494b9c7af5defe33d7f,2019-12,Staffordshire Police,Staffordshire Police,-2.122237,52.785649,On or near HAZLETON GREEN,E01029727,Stafford 013D,Unable to prosecute suspect
877d876100c7bb2ad667e693f56999bd59029ed681c03dd21e05ab78398c108a,2019-12,Staffordshire Police,Staffordshire Police,-1.676839,52.618101,On or near MEDWAY,E01029828,Tamworth 006D,Unable to prosecute suspect
69a84f10c2d53100dd81bc2f68891406b93e75c83f9d08f1a73a5c569f035554,2019-12,Staffordshire Police,Staffordshire Police,-1.698118,52.794974,On or near MAIN STREET,E01029440,East Staffordshire 015B,Unable to prosecute suspect
86df84d10df4491f8c97b0588c6a024854527845e6d21d457091886f92db7c6a,2019-12,Staffordshire Police,Staffordshire Police,-2.109503,52.786884,On or near SIDNEY AVENUE,E01029734,Stafford 016C,Unable to prosecute suspect
91d98ac516976673aa1f2f246abc4c014753114b5f1288b868bd1775de407cec,2019-12,Staffordshire Police,Staffordshire Police,-1.640431,52.790975,On or near HARROW DRIVE,E01029410,East Staffordshire 011D,Unable to prosecute suspect
0248572c9f61fca8833b7e9a159a34f03fa53897f743fd8915ef4752836c4f54,2019-12,Staffordshire Police,Staffordshire Police,-2.031517,52.694293,On or near GRAINGER COURT,E01029367,Cannock Chase 011E,Unable to prosecute suspect
6fd9d9df1024954a973a787fc8749cd3aa19b21b7177d1fea69d4f43280cc7c9,2019-12,Staffordshire Police,Staffordshire Police,-1.960695,52.670018,On or near SILVER BIRCH ROAD,E01029397,Cannock Chase 013D,Unable to prosecute suspect
f9079c735fbc48c6429e2f2c152ce3636b804bf5cb70dead3f4666140ee1bce8,2019-12,Staffordshire Police,Staffordshire Police,-1.668803,52.630017,On or near CANNING ROAD,E01029832,Tamworth 004C,Unable to prosecute suspect
56557846e931586ce1de94a0fd2abcde3eed4763edc1280563bf1ff3059d1a70,2019-12,Staffordshire Police,Staffordshire Police,-2.010716,52.703762,On or near GLENCOE DRIVE,E01029351,Cannock Chase 008C,Unable to prosecute suspect
819cca59ef9ab0da9fd1f71ca504e03ffd9ebeffc817c8f31741ea3c27b32809,2019-12,Staffordshire Police,Staffordshire Police,-2.146548,52.902942,On or near CHRISTCHURCH WAY,E01029745,Stafford 003C,Unable to prosecute suspect
9cdc629750ff4a8ac5ccc7aecc84c873c9fd070f08830edcdc6b3b931c435f2c,2019-12,Staffordshire Police,Staffordshire Police,,,No location,,,Unable to prosecute suspect
042d029a32a6f8580e59009d2b62ee72b618b7a7bbf0818db9dfe537427d903f,2019-12,Staffordshire Police,Staffordshire Police,-2.146548,52.902942,On or near CHRISTCHURCH WAY,E01029745,Stafford 003C,Unable to prosecute suspect
042d029a32a6f8580e59009d2b62ee72b618b7a7bbf0818db9dfe537427d903f,2019-12,Staffordshire Police,Staffordshire Police,-2.146548,52.902942,On or near CHRISTCHURCH WAY,E01029745,Stafford 003C,Unable to prosecute suspect
042d029a32a6f8580e59009d2b62ee72b618b7a7bbf0818db9dfe537427d903f,2019-12,Staffordshire Police,Staffordshire Police,-2.146548,52.902942,On or near CHRISTCHURCH WAY,E01029745,Stafford 003C,Unable to prosecute suspect
042d029a32a6f8580e59009d2b62ee72b618b7a7bbf0818db9dfe537427d903f,2019-12,Staffordshire Police,Staffordshire Police,-2.146548,52.902942,On or near CHRISTCHURCH WAY,E01029745,Stafford 003C,Unable to prosecute suspect
8437fcf669a6708bcf9760f23d5c94047a9e6e58a57ebb0b04556c051808cff4,2019-12,Staffordshire Police,Staffordshire Police,-1.842390,52.691172,On or near FERNDALE ROAD,E01029511,Lichfield 007B,Unable to prosecute suspect
c7b234d2efe66031a5717447cfab0e95fe72442c69156d26d5e68efd4da38e9f,2019-12,Staffordshire Police,Staffordshire Police,-2.262678,52.778130,On or near MONKS WALK,E01029707,Stafford 015C,Unable to prosecute suspect
ac3d6f040601e9d884cb266e2105304aae4e455b2673c333b7afa27de07ef5f3,2019-12,Staffordshire Police,Staffordshire Police,-2.262678,52.778130,On or near MONKS WALK,E01029707,Stafford 015C,Unable to prosecute suspect
aac15552a1daa1a6c5edff8b5a6da73b9a0ad5b0da5940c99dd1f624c2f2e6b0,2019-12,Staffordshire Police,Staffordshire Police,-2.041251,52.707549,On or near MIDLAND ROAD,E01029648,South Staffordshire 002D,Unable to prosecute suspect
090456ddfb85f84dfb23c857821f6b048b80d38b5f5899446456ee024ced2441,2019-12,Staffordshire Police,Staffordshire Police,-1.717298,52.617809,On or near BREWSTER CLOSE,E01029503,Lichfield 012C,Unable to prosecute suspect
261786cb80c294fe48cf2881704cdcf2eae100ba398efc9f7ec038a31008b959,2019-12,Staffordshire Police,Staffordshire Police,-2.195134,52.621706,On or near WAYSIDE ACRES,E01029629,South Staffordshire 009C,Unable to prosecute suspect
8ae25eef30889e13194149cf48c75ff583601cf308de2d49484dc1038e110040,2019-12,Staffordshire Police,Staffordshire Police,-1.653766,52.807376,On or near JENNINGS WAY,E01029446,East Staffordshire 009B,Unable to prosecute suspect
b4dfe440f009d70d460d34e5b5b64e74e8bf6b7233d9461161a04b6f93f30e20,2019-12,Staffordshire Police,Staffordshire Police,-1.715596,52.754978,On or near MILL LANE,E01029442,East Staffordshire 015D,Unable to prosecute suspect
d073d8594fe98911fd99ff6cadf7417d42ca120e05176d14d394a3c8fdc27adb,2019-12,Staffordshire Police,Staffordshire Police,-1.643860,52.821424,On or near ROWTON STREET,E01029434,East Staffordshire 007A,Unable to prosecute suspect
01bf42280d80e0b5e98a03d904a2159fca5bd2a9f1b41ef08a1a2de17ce34254,2019-12,Staffordshire Police,Staffordshire Police,,,No location,,,Unable to prosecute suspect
02d92486c517271b80fda45c13d08e83d266eac7809d128277a5e2239c3437dd,2019-12,Staffordshire Police,Staffordshire Police,-1.645390,52.817563,On or near WHEAT BREACH CLOSE,E01029436,East Staffordshire 007C,Unable to prosecute suspect
ae644b783deaf47bb64c360cd4fff63fcca17861a11a09c7c26fb6282caf52c7,2019-12,Staffordshire Police,Staffordshire Police,,,No location,,,Unable to prosecute suspect
2b9420187d6cdcbadfdfa439f7703aff7b407edf695cc20d3a48d0aa7343c2fd,2019-12,Staffordshire Police,Staffordshire Police,-2.084212,52.781735,On or near ALDERSLEIGH DRIVE,E01029757,Stafford 014E,Unable to prosecute suspect
c1fd0c35627b7e4c86d3123feab6491afea8be45b26f6839477a97ff96d83ea4,2019-12,Staffordshire Police,Staffordshire Police,-2.143074,52.823246,On or near WOOTTON DRIVE,E01029751,Stafford 006D,Unable to prosecute suspect
f27f4f2b6dddddfd592400ad23a092317f286d9aba9db82eed69b67e36c37a30,2019-12,Staffordshire Police,Staffordshire Police,-2.171776,52.673289,On or near HYDE MILL CROFT,E01029618,South Staffordshire 003B,Unable to prosecute suspect
d55358ce38e868228e7f7307965cb7000ddfbf4b0bdd57e8cb3bd46c11e7bbac,2019-12,Staffordshire Police,Staffordshire Police,-1.887319,52.819207,On or near COTTRELL CLOSE,E01029412,East Staffordshire 006B,Unable to prosecute suspect
58b3c6cad6ec061148cb8039e40bcfea2b6aadb0ca00cec813a8b35252cb623b,2019-12,Staffordshire Police,Staffordshire Police,-1.666929,52.602431,On or near HOCKLEY ROAD,E01032901,Tamworth 010F,Unable to prosecute suspect
ff7b11888f82a5019c96b592384206fc4119733332e174905f081dfd3e211d8d,2019-12,Staffordshire Police,Staffordshire Police,-1.646432,52.797052,On or near ASH STREET,E01029407,East Staffordshire 011A,Unable to prosecute suspect
26aca1cfbb476c427a62f1267ac2d4e355a5366ce0444dace0e33522ac976787,2019-12,Staffordshire Police,Staffordshire Police,-1.645385,52.794559,On or near SOUTH UXBRIDGE STREET,E01029407,East Staffordshire 011A,Unable to prosecute suspect
b63600cb8bd7f0cbee42ff989e5c78818f51f6e2dd9dcd0873f17df4ce17fcef,2019-12,Staffordshire Police,Staffordshire Police,-1.834743,52.694470,On or near COLLINS HILL,E01029492,Lichfield 004A,Unable to prosecute suspect
3a989e9850fd4e3350427e255ee2d17435a860c21285df8aa83fc1f56706c37b,2019-12,Staffordshire Police,Staffordshire Police,-1.887319,52.819207,On or near COTTRELL CLOSE,E01029412,East Staffordshire 006B,Unable to prosecute suspect
8fc2a69501a49cd4d9f2168960ddb4886056451a3ea19c96f9e3f348637b427a,2019-12,Staffordshire Police,Staffordshire Police,-2.034749,52.720793,On or near FIR CLOSE,E01029646,South Staffordshire 002B,Unable to prosecute suspect
4975290b45cb58ad1d786e784c9b8dcf77c3e82544bf032d9faefa2759d33f4b,2019-12,Staffordshire Police,Staffordshire Police,-2.143189,52.813367,On or near COVENTRY COURT,E01029752,Stafford 007E,Unable to prosecute suspect
ab043bfa88e3ff1844247f79c17f6c0874ebda096e071ebe931a235c1041269d,2019-12,Staffordshire Police,Staffordshire Police,-2.090034,52.621599,On or near WOOD HAYES CROFT,E01029633,South Staffordshire 007B,Unable to prosecute suspect
d13ade357f71d9148683fb1c794f25eaec8ae3c3573a33d0dd32e3e2eded4bf4,2019-12,Staffordshire Police,Staffordshire Police,-1.670111,52.611259,On or near WANDSBECK,E01029829,Tamworth 010A,Unable to prosecute suspect
05825e34b1752c8529eecc6946ae9a80a8f07f034910fe8fe8a6f4e91a738282,2019-12,Staffordshire Police,Staffordshire Police,-1.660233,52.637787,On or near BRANCASTER CLOSE,E01029822,Tamworth 003C,Unable to prosecute suspect
244dd3bccc1b3a5ad83c260090f3306d04632789a2a653b96510e73710d05b0a,2019-12,Staffordshire Police,Staffordshire Police,-1.660233,52.637787,On or near BRANCASTER CLOSE,E01029822,Tamworth 003C,Unable to prosecute suspect
a1e987fa351da64344b975ba0ce9a47af0e0f5482cfe4615160207a3fd75707b,2019-12,Staffordshire Police,Staffordshire Police,-2.041251,52.707549,On or near MIDLAND ROAD,E01029648,South Staffordshire 002D,Unable to prosecute suspect
2cbaf52276837e9f8856d6e9c8143f87bdc9649c07adea3efd9988591f03f54e,2019-12,Staffordshire Police,Staffordshire Police,-1.697580,52.632764,On or near HOLLOWAY,E01029835,Tamworth 002A,Unable to prosecute suspect
307704c30ab1cbb1bf1df8f6fe552d7dd5877a64da06c809d168cdc62dcdd716,2019-12,Staffordshire Police,Staffordshire Police,-1.916961,52.744016,On or near PRIORY ROAD,E01029347,Cannock Chase 003C,Unable to prosecute suspect
16d4ec624fa12bf328a2fbeedd7a7e41a5afc0eb6fb3e1319e4fc7d9f96a079d,2019-12,Staffordshire Police,Staffordshire Police,-2.109594,52.805159,On or near Supermarket,E01029701,Stafford 010E,Unable to prosecute suspect
6ae8a093152076c906a5c4e8dfcb62058cc10334f912848f5f82ecc5f28ef313,2019-12,Staffordshire Police,Staffordshire Police,-2.137414,52.788661,On or near EASBY CLOSE,E01029715,Stafford 013A,Unable to prosecute suspect
a3e340611a72a19221f3aa062094f2d271bfb23a648a5b5f3fe861cf8a6bdbbc,2019-12,Staffordshire Police,Staffordshire Police,,,No location,,,Unable to prosecute suspect
eb7b89abbb15d7c100c479a81262eddf5a27a7f825beba263684bbce4aaf1cab,2019-12,Staffordshire Police,Staffordshire Police,-1.851955,52.724014,On or near LYSWAYS LANE,E01029509,Lichfield 002D,Unable to prosecute suspect
344986d5220e392f5f8b24ca4c0135d91e3d5684eee61ba7074f2da978780134,2019-12,Staffordshire Police,Staffordshire Police,-2.202310,52.889394,On or near BRIAR GROVE,E01029747,Stafford 005E,Unable to prosecute suspect
426a4b20a592a6124065a9554b52fc7f21c73c2d4d39d72bc4fd91fa7961ea77,2019-12,Staffordshire Police,Staffordshire Police,-1.695455,52.806726,On or near POSTERN ROAD,E01029417,East Staffordshire 013E,Unable to prosecute suspect
ad88de64f2dcff549efcf3c59351b06dc8720bf0505967456c84a2972a5421b9,2019-12,Staffordshire Police,Staffordshire Police,-2.140473,52.789988,On or near DUNSTER CLOSE,E01029715,Stafford 013A,Unable to prosecute suspect
a133d18a25bf4430e06d5a3a956db9af65d1e0a7c69dcf910e800da2acb6da6c,2019-12,Staffordshire Police,Staffordshire Police,-2.014683,52.660872,On or near LEA LANE,E01029643,South Staffordshire 005D,Unable to prosecute suspect
63c253723b2f2f22dee6376b9ed99882aa71762c8aceacccef07b029bbf7b27c,2019-12,Staffordshire Police,Staffordshire Police,-1.639640,52.818543,On or near HORNINGLOW ROAD,E01029427,East Staffordshire 008B,Unable to prosecute suspect
e27aade2acd3b590198792ce82f66e1f780b86aec5a1dbf59ec0c3d3355ce7d4,2019-12,Staffordshire Police,Staffordshire Police,-2.198784,52.628478,On or near WILKES ROAD,E01029627,South Staffordshire 008D,Unable to prosecute suspect
ec1adfdfbe8142ed31a62b2aad44d3b808390172ebc316f42d03cae1a9c79c77,2019-12,Staffordshire Police,Staffordshire Police,-2.198784,52.628478,On or near WILKES ROAD,E01029627,South Staffordshire 008D,Unable to prosecute suspect
139231dca30a7bfc0f872b899b56b948620a8b5e71e43417d1b33608c553f7f4,2019-12,Staffordshire Police,Staffordshire Police,,,No location,,,Unable to prosecute suspect
1a7582a735b3d5f41e5150a118608c6be3bcd302882305380430f46cfb4ff5f7,2019-12,Staffordshire Police,Staffordshire Police,-1.683203,52.630695,On or near MANOR ROAD,E01029831,Tamworth 004B,Unable to prosecute suspect
a70dc5d475a2fc1f651e47851d68d57aa6287c163b9ca2559b672fd25d64e7c3,2019-12,Staffordshire Police,Staffordshire Police,-2.062552,52.627181,On or near HILL STREET,E01029634,South Staffordshire 007C,Unable to prosecute suspect
f18a39fb2f103a23fd94385b9020942acd1a531641293f6e033843fd5ca128b1,2019-12,Staffordshire Police,Staffordshire Police,,,No location,,,Unable to prosecute suspect
cb1ff4641211c258fa1ad61cf2eb7c8331c8fc67a590d7cac6c9ba09cb296de2,2019-12,Staffordshire Police,Staffordshire Police,,,No location,,,Unable to prosecute suspect
b27fa7cac25a9cb808b75c0b44ea819b9ced8a7505329481e44df93d995904f1,2019-12,Staffordshire Police,Staffordshire Police,-2.126030,52.789834,On or near JONES CLOSE,E01029717,Stafford 013C,Unable to prosecute suspect
f6dc527577b6a2d913eca461deddef3bb7bf4a92bd2abcfb2ee476e482946cad,2019-12,Staffordshire Police,Staffordshire Police,-2.001882,52.712465,On or near BLUEBELL CLOSE,E01029387,Cannock Chase 005C,Unable to prosecute suspect
24f48e15667c19557c655fbb943c4a006bcf99bb9544f076cfceb99f72ac8c00,2019-12,Staffordshire Police,Staffordshire Police,-1.699101,52.628543,On or near LADY MEADOW CLOSE,E01029835,Tamworth 002A,Unable to prosecute suspect
1ad0d6134d99d32352535290c38f7dfcb70685b807940368dc3b07ef87b344b5,2019-12,Staffordshire Police,Staffordshire Police,-1.637185,52.796179,On or near ROSE COTTAGE GARDENS,E01029409,East Staffordshire 011C,Unable to prosecute suspect
322855dadf1a076d3d8de628fcd268b7ed98a9f88720625d809b8807007313e4,2019-12,Staffordshire Police,Staffordshire Police,-1.637185,52.796179,On or near ROSE COTTAGE GARDENS,E01029409,East Staffordshire 011C,Unable to prosecute suspect
edc6a84027eab2bf14708d7bd7516206248f22c8119f97ad25cb93a26bdff9a8,2019-12,Staffordshire Police,Staffordshire Police,-1.950416,52.684371,On or near FIVES GROVE,E01029493,Lichfield 006B,Unable to prosecute suspect
397bcfcce9eef884b079a341a2d9b64627dbf265a1ba156727aabb47b216c36d,2019-12,Staffordshire Police,Staffordshire Police,-2.119480,52.791495,On or near RISING BROOK,E01029738,Stafford 012D,Unable to prosecute suspect
edc7bbcb03bca21c35928ea95aa95930c2395f055ee4e6713f2bb9498f754950,2019-12,Staffordshire Police,Staffordshire Police,-1.653848,52.632267,On or near WOODLAND ROAD,E01029824,Tamworth 003D,Unable to prosecute suspect
9547305029e04bcfd048abd32a36aa5a4aa12b81ed486ee66c11212d4af4b0ba,2019-12,Staffordshire Police,Staffordshire Police,-1.679610,52.633094,On or near AMBLERISE CLOSE,E01029834,Tamworth 004D,Unable to prosecute suspect
710c57673dbb159957688716f76de958f5260e991aff1fa6475d9d9c3a2c61a4,2019-12,Staffordshire Police,Staffordshire Police,-1.633593,52.822993,On or near BRONTE CLOSE,E01029428,East Staffordshire 008C,Unable to prosecute suspect
37fb793360d6d023adc800e0208f6964db7ddb9f14af89e56705bcad85da1c18,2019-12,Staffordshire Police,Staffordshire Police,-1.709253,52.646053,On or near DANELAGH CLOSE,E01029846,Tamworth 001A,Unable to prosecute suspect
f76338bfb0a8c3bede35c818ab3c0124ffbff360d9b8351f4b09670db5eea1f6,2019-12,Staffordshire Police,Staffordshire Police,-1.699101,52.628543,On or near LADY MEADOW CLOSE,E01029835,Tamworth 002A,Unable to prosecute suspect
7ea155b2e28118dfa06dd4bb6760a2abcfa5c7058d218fa1fbff835847f33cf9,2019-12,Staffordshire Police,Staffordshire Police,-1.996894,52.702370,On or near KINGS AVENUE,E01029393,Cannock Chase 008E,Unable to prosecute suspect
6dda2b175f3d7edd86e86fae496b23fdb50e63bd14371ed7e1087b9e3e99a78e,2019-12,Staffordshire Police,Staffordshire Police,,,No location,,,Unable to prosecute suspect
da16fe8168a0f383744bb07cb2a8133ef03bc64277c48397867a641608cf94da,2019-12,Staffordshire Police,Staffordshire Police,-2.184330,52.539368,On or near LEAR ROAD,E01029673,South Staffordshire 012B,Unable to prosecute suspect
4b51d4db2ea7c499938515465d20c0c40652c746082905732e20a5b4d1be0dbb,2019-12,Staffordshire Police,Staffordshire Police,-2.033345,52.685347,On or near ST JOHN'S CLOSE,E01029360,Cannock Chase 012B,Unable to prosecute suspect
57cf20acab00a17e8aafbdff8418801c5471e989918ebb121331341ebe29021a,2019-12,Staffordshire Police,Staffordshire Police,-1.643956,52.615022,On or near LOWFORCE,E01029855,Tamworth 008A,Unable to prosecute suspect
f81ee7ec3060a74ad52563be9a5f93abda39676acaf00dfea146dfbf105bfae4,2019-12,Staffordshire Police,Staffordshire Police,-2.109580,52.811353,On or near CORPORATION STREET,E01029725,Stafford 009D,Unable to prosecute suspect
6c216c117d84f5a2875d55c427aba6a22df9c2a85e70ac96524fecd90ea78f4c,2019-12,Staffordshire Police,Staffordshire Police,-2.109580,52.811353,On or near CORPORATION STREET,E01029725,Stafford 009D,Unable to prosecute suspect
5e0f8f8ae4cd37e7fbbcf0e23570ac902df28f87bd77f159790b2978f361932d,2019-12,Staffordshire Police,Staffordshire Police,-2.045872,52.682916,On or near SALCOMBE CLOSE,E01029363,Cannock Chase 012E,Unable to prosecute suspect
1e7900a6054fad95f612508e9d69d5492f3d33ae3bf56176de490e7266e81110,2019-12,Staffordshire Police,Staffordshire Police,-2.114999,52.779372,On or near BURTON HOUSE GARDENS,E01029726,Stafford 016A,Unable to prosecute suspect
a66221d4ced5782664d5ae6f0743ffa6caaefc260397addb9dc09a540c12d56f,2019-12,Staffordshire Police,Staffordshire Police,-2.227076,52.711060,On or near BADGER'S END,E01029669,South Staffordshire 003D,Unable to prosecute suspect
151341d28bf843ea315e2dc4dcf69a67f3e2586bddc17ac30ee060cba07f52e0,2019-12,Staffordshire Police,Staffordshire Police,-1.943961,52.769868,On or near WATSON CLOSE,E01029371,Cannock Chase 001D,Unable to prosecute suspect
b2f1384b16e8740a65fbe8f2178819d79e5ca7162101f75194037a7e3f746535,2019-12,Staffordshire Police,Staffordshire Police,-1.934492,52.759004,On or near Shopping Area,E01029404,Cannock Chase 002E,Unable to prosecute suspect
514d856e8935afb5e24e81670b7e68034163ea5ca96a9b03bde3d865d181a70c,2019-12,Staffordshire Police,Staffordshire Police,-1.935299,52.774062,On or near COLTON ROAD,E01029498,Lichfield 001D,Unable to prosecute suspect
c275fb43c2800f95d8b51932937b0147bb0900173339f65070755f56627a7ffd,2019-12,Staffordshire Police,Staffordshire Police,-1.701819,52.639463,On or near CHAUCER CLOSE,E01029850,Tamworth 002D,Unable to prosecute suspect
4e17ec3a4b1d31c25bce8885152765e849f8585af9badbb6e794cc314eb7ed9c,2019-12,Staffordshire Police,Staffordshire Police,-1.671221,52.788358,On or near B5018,E01029416,East Staffordshire 013D,Unable to prosecute suspect
95dba9b088007514e9a2194c234317642301a75757a1a4c4b3bd7283f0b46035,2019-12,Staffordshire Police,Staffordshire Police,-2.022545,52.654893,On or near DOVE HOLLOW,E01029639,South Staffordshire 005B,Unable to prosecute suspect
a13ce4fda503ddd2676fab91f878f880aad41b5b1ae620dbba27c095c2f2902d,2019-12,Staffordshire Police,Staffordshire Police,-1.642608,52.798596,On or near PEEL STREET,E01029408,East Staffordshire 011B,Unable to prosecute suspect
ecf165aa2be2e3a63e2cadaeca9cb24d462e77d5297488cee881069e86d72662,2019-12,Staffordshire Police,Staffordshire Police,-2.130907,52.917541,On or near VICAR'S CLOSE,E01029683,Stafford 002C,Unable to prosecute suspect
dde164ace0a660676d542eaadea1590dde178f96e0f9dab9cd2c619e609d8071,2019-12,Staffordshire Police,Staffordshire Police,-2.108467,52.787505,On or near PLANT CRESCENT,E01029734,Stafford 016C,Unable to prosecute suspect
10b47182fab2f62977e3470a1303ed73632b670b510855900acd179dee96b279,2019-12,Staffordshire Police,Staffordshire Police,-1.990619,52.701488,On or near SHARON WAY,E01029392,Cannock Chase 009E,Unable to prosecute suspect
fc335d0c53fd00c891560bcd0bdb2a232431eb704cfb9eb0da27dfd1b10124f7,2019-12,Staffordshire Police,Staffordshire Police,-2.133928,52.788135,On or near SUNDOWN DRIVE,E01029717,Stafford 013C,Unable to prosecute suspect
cf8222a2a891bff98a1248f2ea484d05f3c01cd3fce0bd7b2f1d3559a75b4791,2019-12,Staffordshire Police,Staffordshire Police,-2.106483,52.782895,On or near HINTON CLOSE,E01029735,Stafford 016D,Unable to prosecute suspect
9c2a6711018e68abe0dbdef269e1fcd59c8211dca494650802c87fcbc14f39ca,2019-12,Staffordshire Police,Staffordshire Police,-2.086716,52.788350,On or near LINDENBROOK VALE,E01029759,Stafford 014G,Unable to prosecute suspect
e2b63d26f6676cc7e454d671c951b4fadd9692a701285a649020df10a13a0a5b,2019-12,Staffordshire Police,Staffordshire Police,-2.184330,52.539368,On or near LEAR ROAD,E01029673,South Staffordshire 012B,Unable to prosecute suspect
a7e27bff60d23de1b74f6c43cc9f0b36b40a353813c990b52b6dbea580b4e5ed,2019-12,Staffordshire Police,Staffordshire Police,,,No location,,,Unable to prosecute suspect
a7d7f7cf242ad67aa01e66fbb844f34007ae6bfd9e39a0af4bcc7a918836f192,2019-12,Staffordshire Police,Staffordshire Police,-2.141577,52.810294,On or near THE DRIVE,E01029750,Stafford 007D,Unable to prosecute suspect
dbeb0b7453c39a694ec3c4561fb093164dc8b508ca90efafaee760200760dd23,2019-12,Staffordshire Police,Staffordshire Police,-2.107763,52.814609,On or near LISTER ROAD,E01029692,Stafford 009A,Unable to prosecute suspect
f1fd656757c58c3e8ae632415a44916461554d3173df9755dafc639f9120e68d,2019-12,Staffordshire Police,Staffordshire Police,-1.860399,52.899112,On or near TOWN MEADOWS WAY,E01029460,East Staffordshire 003B,Unable to prosecute suspect
949cea627e90d64974c8cd0474ccb6b6241ee2131718869976444bbaa18795fc,2019-12,Staffordshire Police,Staffordshire Police,-1.907377,52.680884,On or near GORSTEY LEA,E01029475,Lichfield 009A,Unable to prosecute suspect
24c25166f3bcbf2e4e6b837566f931e0309c4d68a98a513e157f4ca4627f38c6,2019-12,Staffordshire Police,Staffordshire Police,-1.918778,52.674717,On or near MOUNT ROAD,E01029528,Lichfield 010C,Unable to prosecute suspect
d89586b66a9aaff8ccc47e0315b542a2939868948240cb2ed4f1225f48414633,2019-12,Staffordshire Police,Staffordshire Police,-1.630101,52.807817,On or near Police Station,E01032897,East Staffordshire 011G,Unable to prosecute suspect
70cd00248324fb7eb8f776d6ae46c32fd0450108805b96ab4027ab7450497d96,2019-12,Staffordshire Police,Staffordshire Police,-1.800308,52.770181,On or near WEAVERLAKE DRIVE,E01029473,East Staffordshire 006E,Unable to prosecute suspect
3d39eebe440bdc3471080c13d10bbd93c0b6f5e2503723d3bda09b42f46b3d21,2019-12,Staffordshire Police,Staffordshire Police,-1.918778,52.674717,On or near MOUNT ROAD,E01029528,Lichfield 010C,Unable to prosecute suspect
8b247b5fb56c0ac7a34f4e344b02278ee3d62724a3537d75910f661a537f2969,2019-12,Staffordshire Police,Staffordshire Police,-2.153455,52.909810,On or near KENT GROVE,E01029746,Stafford 003D,Unable to prosecute suspect
7356bbbdbbc1ed09f3b05ebd9555386ddd75164045a030d8dcb1abb93230afab,2019-12,Staffordshire Police,Staffordshire Police,-2.132685,52.789152,On or near STEVENSON DRIVE,E01029715,Stafford 013A,Unable to prosecute suspect
43674bc340b0e8aa15384d617dd3eb9a8e6310821376bb394f8f8a203bc69cc4,2019-12,Staffordshire Police,Staffordshire Police,-1.703533,52.626315,On or near Petrol Station,E01029837,Tamworth 005B,Unable to prosecute suspect
d73e276dac4ad63c77c287a3150f3cdd45998ca1b61503f0dc3210806ab7de71,2019-12,Staffordshire Police,Staffordshire Police,,,No location,,,Unable to prosecute suspect
af1ccd008f9c0573926a3c1e1ffadeac6a751c607497e1111f93ce23f0469183,2019-12,Staffordshire Police,Staffordshire Police,-2.039801,52.659932,On or near HATHERTON STREET,E01029621,South Staffordshire 002A,Unable to prosecute suspect
d5cbeeafaf259c627645dff5167fb758be113a74b7d6e4283db903c82ba14028,2019-12,Staffordshire Police,Staffordshire Police,-1.642197,52.810694,On or near PRINCESS STREET,E01029447,East Staffordshire 009C,Unable to prosecute suspect
e7a4fa93540661f6f89d790ab9a8924d568df9efd19d5f154e4bab6c4979e449,2019-12,Staffordshire Police,Staffordshire Police,-2.284262,52.511633,On or near SIX ASHES ROAD,E01029667,South Staffordshire 013B,Unable to prosecute suspect
3bc38bb49358f15b13b40f10903ca991fe6495e1ac65c2779da03e6628486bab,2019-12,Staffordshire Police,Staffordshire Police,-1.712904,52.612036,On or near Theme/Adventure Park,E01029503,Lichfield 012C,Unable to prosecute suspect
16253ffda050ad22c927555f7aa4e0cb2845abdb979d1993fb44e8ed4367a8d2,2019-12,Staffordshire Police,Staffordshire Police,-1.622601,52.695549,On or near ST DAVIDS ROAD,E01029516,Lichfield 008A,Unable to prosecute suspect
2cee6d2218358625d30722f2c880a3d13e78eac9b40687baf669ec44520034a2,2019-12,Staffordshire Police,Staffordshire Police,-1.631332,52.799074,On or near FLEET STREET,E01032898,East Staffordshire 011H,Unable to prosecute suspect
843b5efa1b662a3215ee220eaa95c15ae01715fee3973961c63f3d0a6afce234,2019-12,Staffordshire Police,Staffordshire Police,-1.648688,52.612402,On or near RAYGILL,E01029857,Tamworth 008C,Unable to prosecute suspect
4d57c5c3cc3c6fa45b089f46f6f58f588c7498c2b2edfd1c0bef8a43c4705d5a,2019-12,Staffordshire Police,Staffordshire Police,-1.820735,52.686404,On or near PARTRIDGE CROFT,E01029526,Lichfield 004E,Unable to prosecute suspect
8367e514c35143412cf7f065c53e6a6a3855da4295f9136b0eed6701bced2f1b,2019-12,Staffordshire Police,Staffordshire Police,-2.127585,52.890459,On or near MEADOWBROOK COURT,E01029741,Stafford 004C,Unable to prosecute suspect
b46f836cfa25428a4977615c61f1f46861f8e0203edb2e6cc20d82b2d5bb7740,2019-12,Staffordshire Police,Staffordshire Police,-1.694341,52.635273,On or near Parking Area,E01029835,Tamworth 002A,Unable to prosecute suspect
6a4df41af40eb1377609b9217899b3ec1e5cc77f96b1bdf94b9a2d263b799719,2019-12,Staffordshire Police,Staffordshire Police,-1.701263,52.645098,On or near MILTON AVENUE,E01029849,Tamworth 002C,Unable to prosecute suspect
30253544c3e6788394e72dd02bb20af22bcd3712b449b55e4ed9751321aec490,2019-12,Staffordshire Police,Staffordshire Police,-2.107178,52.649363,On or near Sports/Recreation Area,E01029637,South Staffordshire 006D,Unable to prosecute suspect
99a457fa9368c76525ab582e5fabd7b952b14bf9286bff06eb3f7b5373767f86,2019-12,Staffordshire Police,Staffordshire Police,-2.122237,52.785649,On or near HAZLETON GREEN,E01029727,Stafford 013D,Unable to prosecute suspect
8f710c305f70fd496bfe32dc64b6b20925a23476bbe29fbaa8d6a6c2231624f6,2019-12,Staffordshire Police,Staffordshire Police,-1.689851,52.632897,On or near SAXON MILL LANE,E01029838,Tamworth 005C,Unable to prosecute suspect
cccddc9a8123a5315a462eb0468e908129011bce8cc40ebb5aafede7df2840f1,2019-12,Staffordshire Police,Staffordshire Police,-2.109503,52.786884,On or near SIDNEY AVENUE,E01029734,Stafford 016C,Unable to prosecute suspect
5ddb54c9486641e3aeb464c3d0979ad401666ca9317988d6b0f835dac4af5868,2019-12,Staffordshire Police,Staffordshire Police,-2.124176,52.784559,On or near UPLANDS ROAD,E01029728,Stafford 013E,Unable to prosecute suspect
259370998bafa179710606271e222f96bfef928f307ada8b33b0280e696cf0bd,2019-12,Staffordshire Police,Staffordshire Police,-1.663181,52.619438,On or near GRESLEY,E01029840,Tamworth 007A,Unable to prosecute suspect
936dce4a3a83eed47a0fa22947c38ac3236656c3637cbe2b7db51b57e31acc7a,2019-12,Staffordshire Police,Staffordshire Police,-1.625075,52.783331,On or near SANDALWOOD ROAD,E01029453,East Staffordshire 014E,Unable to prosecute suspect
d2ac328932d404a649c2b481000b827988ea38e37b9cc59198f1936b303ef3a0,2019-12,Staffordshire Police,Staffordshire Police,-1.960695,52.670018,On or near SILVER BIRCH ROAD,E01029397,Cannock Chase 013D,Unable to prosecute suspect
f667133778ccba8f95c3f54ff0474a578db57402c53520aff7e7d3b486941a6c,2019-12,Staffordshire Police,Staffordshire Police,-2.015359,52.649932,On or near ALPHA WAY,E01029638,South Staffordshire 005A,Unable to prosecute suspect
b2fe27e09e9465271a3c30a16bbbdfdc1905afa5933e0a5267c735bed9e5f0c5,2019-12,Staffordshire Police,Staffordshire Police,-1.830950,52.768727,On or near GREEN LANE,E01029509,Lichfield 002D,Unable to prosecute suspect
f06140af801e2c5fc5bd3b43814759786ba5df2065987c4331e6b27e6a1b4f44,2019-12,Staffordshire Police,Staffordshire Police,-1.929344,52.753221,On or near GEORGE BREALEY CLOSE,E01029345,Cannock Chase 003A,Unable to prosecute suspect
e84552234cd30f06b6d83925b2b641b63494cd64deeaca60be03dd5f2686eb72,2019-12,Staffordshire Police,Staffordshire Police,-2.080659,52.952167,On or near LISTER GROVE,E01029703,Stafford 001B,Unable to prosecute suspect
8485db7385682c40337f0d25a2ef08ddb5d36dbdd418e75bf3fa4d76a6790bee,2019-12,Staffordshire Police,Staffordshire Police,-1.809424,52.688436,On or near MANLEY ROAD,E01029524,Lichfield 005F,Unable to prosecute suspect
06b3c28f3ad9eca90cca17256cda77fb1e642afb02ab1f617aba163588632ff8,2019-12,Staffordshire Police,Staffordshire Police,-1.717298,52.617809,On or near BREWSTER CLOSE,E01029503,Lichfield 012C,Unable to prosecute suspect
4911cb0bed657e30a05748f03af5311d9b78421b4aaa67a52b4f3abedc5a840e,2019-12,Staffordshire Police,Staffordshire Police,-1.636018,52.818730,On or near Parking Area,E01029427,East Staffordshire 008B,Unable to prosecute suspect
572eef86ff3fdbf15f035556c0d9a04e60b94a261ff03cb0da6f1f23a368749c,2019-12,Staffordshire Police,Staffordshire Police,-1.630101,52.807817,On or near Police Station,E01032897,East Staffordshire 011G,Unable to prosecute suspect
ac3a175ac7d51cb0f11bc922ae847c8045ff3e3e73215bd79cebe9ec4c5a03fb,2019-12,Staffordshire Police,Staffordshire Police,-2.049750,52.685072,On or near STIRLING PLACE,E01029363,Cannock Chase 012E,Unable to prosecute suspect
ac3a175ac7d51cb0f11bc922ae847c8045ff3e3e73215bd79cebe9ec4c5a03fb,2019-12,Staffordshire Police,Staffordshire Police,-2.049750,52.685072,On or near STIRLING PLACE,E01029363,Cannock Chase 012E,Unable to prosecute suspect
7c9c6358a9ef92fd2335e9cc5725a9844ee355587380c8f8dd0170a2b36bf0d4,2019-12,Staffordshire Police,Staffordshire Police,-2.196659,52.596074,On or near SEDGEFIELD GROVE,E01029666,South Staffordshire 011C,Unable to prosecute suspect
759627f3b1ccfef1963c5adec8f78e769db004bd52c35eda01b3cc3c36008330,2019-12,Staffordshire Police,Staffordshire Police,-2.044350,52.712915,On or near KING CUP DRIVE,E01029647,South Staffordshire 002C,Unable to prosecute suspect
871b1181fd4c14d0aba21f40f1299e4e8a3b0355a996696ff675bb6d33721f48,2019-12,Staffordshire Police,Staffordshire Police,-2.096778,52.645515,On or near BROOKLIME GARDENS,E01029637,South Staffordshire 006D,Unable to prosecute suspect
babb83fca5568c980c49ce7d2ee2caff8eb7ea699b57227a149b83aa9f6489aa,2019-12,Staffordshire Police,Staffordshire Police,-2.083847,52.799607,On or near CYPRESS CLOSE,E01029758,Stafford 014F,Unable to prosecute suspect
58bdcdb31b5859b155a0ff2ff445c3205bfa25c99745a34e812f3be50c72e513,2019-12,Staffordshire Police,Staffordshire Police,,,No location,,,Unable to prosecute suspect
36c195af597d38a5db3cb926479a800231cd03e0346a5de8b76c596e8c14a1cf,2019-12,Staffordshire Police,Staffordshire Police,-2.119698,52.806120,On or near EARL STREET,E01029701,Stafford 010E,Unable to prosecute suspect
2ea7601ac44ef683b153f0c1ea2353a75bb1c170947ebdc3f87447a922c69e9d,2019-12,Staffordshire Police,Staffordshire Police,-2.020652,52.684119,On or near ELLIS WALK,E01029362,Cannock Chase 012D,Unable to prosecute suspect
70febd70ec82c0f896a97ade7b747ece4eb1dcf3f65c65077eae5e78ff18eb9f,2019-12,Staffordshire Police,Staffordshire Police,-1.702481,52.635572,On or near EDWARD STREET,E01029851,Tamworth 002E,Unable to prosecute suspect
26805c3847d1735bbc73362ec14ec217e084205446ca6cbb298a157aa3c9534b,2019-12,Staffordshire Police,Staffordshire Police,-2.126030,52.789834,On or near JONES CLOSE,E01029717,Stafford 013C,Unable to prosecute suspect
19d42d0bd270e1f8c1c5d427cecb223ed37c71866a61ea00e44c81c41e0d6d10,2019-12,Staffordshire Police,Staffordshire Police,,,No location,,,Unable to prosecute suspect
e61fdb99ef9eb4ef07feb1cf3e4d65aaecfa31ecd7ed5a79f368e526b4808cc7,2019-12,Staffordshire Police,Staffordshire Police,-1.819005,52.686185,On or near ST MICHAEL ROAD,E01029526,Lichfield 004E,Unable to prosecute suspect
2993a2d70e0e84ce2611a80eb8675f56491d44c382d8abeca9e45b84edf12636,2019-12,Staffordshire Police,Staffordshire Police,-2.084212,52.781735,On or near ALDERSLEIGH DRIVE,E01029757,Stafford 014E,Unable to prosecute suspect
cb1867144289c9b264ce23238f85c109df8523d5c294ad627805494ee359b149,2019-12,Staffordshire Police,Staffordshire Police,-2.023737,52.672189,On or near LODGE LANE,E01029641,South Staffordshire 004F,Unable to prosecute suspect
59ce5b3b22c0e0b156298ca86a6bf2a4323eae9f8f8c21ba8ed1984997ca9002,2019-12,Staffordshire Police,Staffordshire Police,-1.666929,52.602431,On or near HOCKLEY ROAD,E01032901,Tamworth 010F,Unable to prosecute suspect
fec3e34f187358a7fa8bdcb6f5b0c7cfd5daf737c7bdc89159907e277b37e636,2019-12,Staffordshire Police,Staffordshire Police,-1.689247,52.615967,On or near KENNEDY CLOSE,E01029863,Tamworth 009D,Unable to prosecute suspect
25d54747c9f3da706d97dd44cde00df1ba17eceeb8dbe1ac1f7b58750749c0ad,2019-12,Staffordshire Police,Staffordshire Police,-2.145770,52.910449,On or near PRINCE'S STREET,E01029746,Stafford 003D,Unable to prosecute suspect
16c0b7100e60b1e9307e0bca908ba48bb04dfb51d5013f1b60a5280bbb704a67,2019-12,Staffordshire Police,Staffordshire Police,-1.843585,52.675648,On or near WHITEHOUSE DRIVE,E01029512,Lichfield 007C,Unable to prosecute suspect
b06559f8330d3398797ef2a85a98bbc5a2193c8962e5bf36d9ccae1e3803647d,2019-12,Staffordshire Police,Staffordshire Police,-1.710680,52.640294,On or near NEANDER,E01029848,Tamworth 001C,Unable to prosecute suspect
a07934997892cafa6db44167a95a9ec06365d8e27ce107fde20d9d1b9c84b90e,2019-12,Staffordshire Police,Staffordshire Police,-1.688675,52.619544,On or near BROADSMEATH,E01029827,Tamworth 006C,Unable to prosecute suspect
018d11d62c0bf2c788923b17180521f7a9d4b4efbba7e5ee55f207c2ca2f953d,2019-12,Staffordshire Police,Staffordshire Police,-2.101011,52.814147,On or near DOUGLAS ROAD,E01029693,Stafford 009B,Unable to prosecute suspect
9a44c337a85f38fd0805416fc9165a1e882b7c653db4f3cd1abf31fe0e9786e5,2019-12,Staffordshire Police,Staffordshire Police,-2.026015,52.696811,On or near Sports/Recreation Area,E01029367,Cannock Chase 011E,Unable to prosecute suspect
70fc9a667545f58c86e2afc7316a7377c74afe4899ccd86e53eae317300d1ce3,2019-12,Staffordshire Police,Staffordshire Police,-1.825867,52.694115,On or near STYCHBROOK GARDENS,E01029499,Lichfield 004B,Unable to prosecute suspect
4446a332449010b483da5986391eb066a28cfddace325aae0167ab2a63398ad9,2019-12,Staffordshire Police,Staffordshire Police,-2.028259,52.711320,On or near PHILIP GROVE,E01029357,Cannock Chase 007D,Unable to prosecute suspect
b047852da46bfecc98308fb377b8d98682095ed954a9ea5a1e703192bbe2768b,2019-12,Staffordshire Police,Staffordshire Police,-1.702238,52.634340,On or near Petrol Station,E01029836,Tamworth 002B,Unable to prosecute suspect
4f2fc2bc0151ae2f8ada16da814f2818c7816c5a6dbef324d07328416997742d,2019-12,Staffordshire Police,Staffordshire Police,-1.667735,52.622759,On or near MAITLAND,E01029840,Tamworth 007A,Unable to prosecute suspect
02e006957a7c84acfae7b785987f5cc2f5eb58952d20d82533a97662a09c588a,2019-12,Staffordshire Police,Staffordshire Police,-2.016006,52.719799,On or near ROSEHILL,E01029385,Cannock Chase 004B,Unable to prosecute suspect
1a9cf440652f20cacec27c0173fc336be4f86a6b963bfc0dfb649bed97f8e3b3,2019-12,Staffordshire Police,Staffordshire Police,-1.843585,52.675648,On or near WHITEHOUSE DRIVE,E01029512,Lichfield 007C,Unable to prosecute suspect
9966eeda837d9af63a07344c6523e53adc817bde02096d58ffa2bcfdb00bbb19,2019-12,Staffordshire Police,Staffordshire Police,-2.149270,53.049984,On or near MAUNDERS ROAD,E01014267,Stoke-on-Trent 007E,Unable to prosecute suspect
914a8310c9250d0e1a26a8def82f614f3de4c3ead79c09b9ac9a5decc16b7cff,2019-12,Staffordshire Police,Staffordshire Police,-2.156499,52.966267,On or near UFTON CLOSE,E01014238,Stoke-on-Trent 032D,Unable to prosecute suspect
977b874cb83c0fd5a7253b540282aee8225455b7e7b0adcb42ae2e9a195d5701,2019-12,Staffordshire Police,Staffordshire Police,,,No location,,,Unable to prosecute suspect
49dfb3c5e86c04028e99c93fb34d1accd2575d6b2dc64dd408703a78e57b7777,2019-12,Staffordshire Police,Staffordshire Police,-2.182975,53.069200,On or near SUTTON PLACE,E01014261,Stoke-on-Trent 003A,Unable to prosecute suspect
72ec4b013f46d71cb06f6be533f5901103d20a9a6fed3da02136a1262fdcb350,2019-12,Staffordshire Police,Staffordshire Police,-2.129098,52.979155,On or near HALES PLACE,E01014312,Stoke-on-Trent 029D,Unable to prosecute suspect
72ec4b013f46d71cb06f6be533f5901103d20a9a6fed3da02136a1262fdcb350,2019-12,Staffordshire Police,Staffordshire Police,-2.129098,52.979155,On or near HALES PLACE,E01014312,Stoke-on-Trent 029D,Unable to prosecute suspect
fd5fcdff57bfa363f74c696a90444ec05353f3478b021e6e85118de459294d0f,2019-12,Staffordshire Police,Staffordshire Police,-2.225725,53.007686,On or near Petrol Station,E01029602,Newcastle-under-Lyme 011C,Unable to prosecute suspect
61b86a64273e2c0e18a19b71a987dbf0d7883e373bb6b413a494dbc6aa89b5e6,2019-12,Staffordshire Police,Staffordshire Police,-2.170880,52.999741,On or near NAPIER STREET,E01014276,Stoke-on-Trent 020C,Unable to prosecute suspect
4788f8c9e92d2bcea781b9f47e5b048a741c367131ecbe6a1f1df2617f8755aa,2019-12,Staffordshire Police,Staffordshire Police,-2.168830,52.997470,On or near WELBY STREET,E01014276,Stoke-on-Trent 020C,Unable to prosecute suspect
8b121fa095fc2caffdfe40def7f5232b0b0d34e8ec4ca2e96e6b7df0f5aaf60e,2019-12,Staffordshire Police,Staffordshire Police,-2.215415,53.064948,On or near HARDY STREET,E01014361,Stoke-on-Trent 005D,Unable to prosecute suspect
a6e04f6ae60196fd462236f30c8a4259f30d3c9e39096df9f7e34b85e16d2a11,2019-12,Staffordshire Police,Staffordshire Police,-2.186784,53.052609,On or near WILSON STREET,E01014245,Stoke-on-Trent 006E,Unable to prosecute suspect
9b35031ede70274a53594d05052265ce9c1bd7e6c197dd0074ce649b317c8029,2019-12,Staffordshire Police,Staffordshire Police,-2.158477,53.042655,On or near FITZHERBERT ROAD,E01014269,Stoke-on-Trent 010A,Unable to prosecute suspect
9dd22f5fb6897d0e82dc38ca31983509cc84ddd9c5fc0e1cd6ac972c2aa5d03c,2019-12,Staffordshire Police,Staffordshire Police,,,No location,,,Unable to prosecute suspect
4d76f1b3d70a3906da422c54739fa283e99ba0c846c2a9507d1aa05075d4ab67,2019-12,Staffordshire Police,Staffordshire Police,-2.123112,52.979494,On or near ARGYLL ROAD,E01014305,Stoke-on-Trent 029A,Unable to prosecute suspect
518112c98dbd0e53365e91f8f7d728e566c36facc5d38b617e86bb691a0e273b,2019-12,Staffordshire Police,Staffordshire Police,-2.234653,52.988594,On or near DOVE PLACE,E01029591,Newcastle-under-Lyme 014C,Unable to prosecute suspect
188efcee54cb55f7b8e75753da16d912a5bf97d0d4052b81a9ee7cfa67b5117f,2019-12,Staffordshire Police,Staffordshire Police,-2.157119,52.977099,On or near ASHBY CRESCENT,E01014236,Stoke-on-Trent 032B,Unable to prosecute suspect
2733770cc7f26896517fe4c478389608c1aba519ce06a2b977cf758f172131db,2019-12,Staffordshire Police,Staffordshire Police,-2.190121,53.000674,On or near PENKHULL NEW ROAD,E01014345,Stoke-on-Trent 019E,Unable to prosecute suspect
22aa6720b560777ed675655324022e1aadfde21e151225a9e2043dcc51994bbd,2019-12,Staffordshire Police,Staffordshire Police,-2.103763,52.978461,On or near Parking Area,E01014321,Stoke-on-Trent 028A,Unable to prosecute suspect
387def7c9f06dd773c2cd425ce13fc048beb21a4340db2982b144dbe8a9593e8,2019-12,Staffordshire Police,Staffordshire Police,-2.212819,53.062067,On or near MADISON COURT,E01014361,Stoke-on-Trent 005D,Unable to prosecute suspect
e5b4c61dcdbf2aa6d3226588e50a0bf8c34e3bbd5968fab58adc8359ab8eb06e,2019-12,Staffordshire Police,Staffordshire Police,-2.121253,53.007138,On or near SYDENHAM PLACE,E01014223,Stoke-on-Trent 017D,Unable to prosecute suspect
0623184975d0a1b72891ec6eb534c2a91d435b56f855b34c7250349b2f4b5acd,2019-12,Staffordshire Police,Staffordshire Police,,,No location,,,Unable to prosecute suspect
71d5f5bb179b7acd2a2d0517105e42ecfbddacaae8e10b38f537f2d9ef94e3b7,2019-12,Staffordshire Police,Staffordshire Police,-2.185271,53.068621,On or near FORD AVENUE,E01014261,Stoke-on-Trent 003A,Unable to prosecute suspect
1b01beee3bf7150e4fcb3344b8bf213a4c1f93b01fecbf964a73db7054b61c20,2019-12,Staffordshire Police,Staffordshire Police,-2.164350,53.026161,On or near MARGARET STREET,E01014328,Stoke-on-Trent 013C,Unable to prosecute suspect
35f6cebc03ae54bce6bba31f2f43aa941c8c13e50c70bb2a9f28c6083ba38edc,2019-12,Staffordshire Police,Staffordshire Police,-2.203903,52.997280,On or near WAIN DRIVE,E01014338,Stoke-on-Trent 023A,Unable to prosecute suspect
68c564742884b59043e6bd61c2aefc6708a01654f6631176ed60210bbe85cece,2019-12,Staffordshire Police,Staffordshire Police,-2.200914,53.004962,On or near QUEEN'S ROAD,E01014290,Stoke-on-Trent 018C,Unable to prosecute suspect
798062af22368c2f02c4b50bcb9a3ed3970cb6b2a4eda696b4a2c11a65768515,2019-12,Staffordshire Police,Staffordshire Police,-2.204513,53.038135,On or near PROSPECT STREET,E01014255,Stoke-on-Trent 009E,Unable to prosecute suspect
c6aedbc084b4887064cc890cf513d237ff62cb0a89d52d65bc40e7f44b3a7dcc,2019-12,Staffordshire Police,Staffordshire Police,-2.132194,53.017427,On or near AYLESBURY ROAD,E01014222,Stoke-on-Trent 017C,Unable to prosecute suspect
7af18909a5caa9e4a16c56c593f73b24220cfd1fd87d98aafdf5101983405894,2019-12,Staffordshire Police,Staffordshire Police,-2.182768,53.006232,On or near LEASON STREET,E01014293,Stoke-on-Trent 019A,Unable to prosecute suspect
b653098329157a516e554fdd89bac14a7b48cd9294f9747bec50aa9ea36a84a3,2019-12,Staffordshire Police,Staffordshire Police,-2.250911,53.048671,On or near PLANE GROVE,E01029545,Newcastle-under-Lyme 004C,Unable to prosecute suspect
64eb910d3ac2d8790cdb5c5129b4f9480134605de3a2913c5670c914914ae136,2019-12,Staffordshire Police,Staffordshire Police,-2.141871,52.982224,On or near DUNDEE STREET,E01014311,Stoke-on-Trent 027C,Unable to prosecute suspect
09e07cd1b88a548dd8500b2883920e57f503e9a24313e32c26c9fe74080f1379,2019-12,Staffordshire Police,Staffordshire Police,-2.197179,52.989902,On or near GROSVENOR AVENUE,E01014343,Stoke-on-Trent 023D,Unable to prosecute suspect
a9b5e28bf1e8b5e5e90c2fd2560a68db9035550642ac32ff0d577e9249b019e0,2019-12,Staffordshire Police,Staffordshire Police,-2.215568,53.012002,On or near BOUNDARY STRET,E01029603,Newcastle-under-Lyme 011D,Unable to prosecute suspect
b541d781cbebafa833774d661e7b9c859612dd96612030dfea0e65cfd16090fd,2019-12,Staffordshire Police,Staffordshire Police,-2.191914,53.042165,On or near ADELAIDE STREET,E01014249,Stoke-on-Trent 011A,Unable to prosecute suspect
bf418cff56fd49610363a07865103381f8aabada67f7ca319260ff11856bacc1,2019-12,Staffordshire Police,Staffordshire Police,-2.091649,52.997015,On or near BANNOCK STREET,E01014369,Stoke-on-Trent 024D,Unable to prosecute suspect
b01815968677df0b3395be94907a996bf361a9c2080b82b14b0375ac56df67ee,2019-12,Staffordshire Police,Staffordshire Police,-2.140246,52.976976,On or near QUEENS PARK AVENUE,E01014309,Stoke-on-Trent 027B,Unable to prosecute suspect
b1bc38048655aff87a35d9569a43b58e9035aafaa070fce52d1663599e9e4efc,2019-12,Staffordshire Police,Staffordshire Police,-2.121136,52.991856,On or near CORINA WAY,E01014301,Stoke-on-Trent 025B,Unable to prosecute suspect
cbb8bec964b8503cf840131e4a67922567e07a5689da56b14fa3aa159292072a,2019-12,Staffordshire Police,Staffordshire Police,-2.367438,52.986558,On or near Sports/Recreation Area,E01029574,Newcastle-under-Lyme 013C,Unable to prosecute suspect
503822776cb153575be535666274d7bed50d13572c318945a93cd6c8164a8183,2019-12,Staffordshire Police,Staffordshire Police,-2.130984,52.997212,On or near HEATHCOTE STREET,E01014300,Stoke-on-Trent 022C,Unable to prosecute suspect
cb959de92130e5369d48e3244b60b82074a4f9a0b5c83e50db45d2a70a14d850,2019-12,Staffordshire Police,Staffordshire Police,-2.257630,53.039695,On or near DIXON'S ROW,E01029548,Newcastle-under-Lyme 007B,Unable to prosecute suspect
98f4ce0abd26b83ec148e014952b12b96a4c912457eb6ee9821b860e6be447ac,2019-12,Staffordshire Police,Staffordshire Police,-2.186136,52.999287,On or near YEAMAN STREET,E01014345,Stoke-on-Trent 019E,Unable to prosecute suspect
cd8fa7d8775b4fb9675a7d89398b7b18c6647d397d3753c5c2b91f8f921899c6,2019-12,Staffordshire Police,Staffordshire Police,-2.239864,53.023048,On or near LOWER MILEHOUSE LANE,E01029554,Newcastle-under-Lyme 010B,Unable to prosecute suspect
ea9294278b73b8882e991d49d3e16cbdf3e9c70d55812f0637cd143670d6e255,2019-12,Staffordshire Police,Staffordshire Police,,,No location,,,Unable to prosecute suspect
3fc986bfc29831bf0b81c326a7f9bafd3aba304d58dbbb8da5d20b9fe860e5ad,2019-12,Staffordshire Police,Staffordshire Police,-2.184768,52.968465,On or near FARMADINE,E01014350,Stoke-on-Trent 034B,Unable to prosecute suspect
1c46165d23d2e819709f2969822ac007d56d88e6a48390fc6f7b4defeaf67736,2019-12,Staffordshire Police,Staffordshire Police,-2.223641,53.039808,On or near SECOND AVENUE,E01029537,Newcastle-under-Lyme 006A,Unable to prosecute suspect
1c46165d23d2e819709f2969822ac007d56d88e6a48390fc6f7b4defeaf67736,2019-12,Staffordshire Police,Staffordshire Police,-2.223641,53.039808,On or near SECOND AVENUE,E01029537,Newcastle-under-Lyme 006A,Unable to prosecute suspect
1c46165d23d2e819709f2969822ac007d56d88e6a48390fc6f7b4defeaf67736,2019-12,Staffordshire Police,Staffordshire Police,-2.223641,53.039808,On or near SECOND AVENUE,E01029537,Newcastle-under-Lyme 006A,Unable to prosecute suspect
1c46165d23d2e819709f2969822ac007d56d88e6a48390fc6f7b4defeaf67736,2019-12,Staffordshire Police,Staffordshire Police,-2.223641,53.039808,On or near SECOND AVENUE,E01029537,Newcastle-under-Lyme 006A,Unable to prosecute suspect
25ab2c3d7a28a4d4ed83b1dfa6a038ccc0d85987f95e3df33014f419b39852d8,2019-12,Staffordshire Police,Staffordshire Police,,,No location,,,Unable to prosecute suspect
c0ff93db8263ba85287ed4063145263ba41e6aaa296c3ca04ed5b7ce09b36cb7,2019-12,Staffordshire Police,Staffordshire Police,-2.123300,52.982793,On or near BELL AVENUE,E01014302,Stoke-on-Trent 022D,Unable to prosecute suspect
243ab3b241e609afbbe5eb07039c8e11ad6b676ae823b1156b872012d6f4d445,2019-12,Staffordshire Police,Staffordshire Police,-2.136833,53.023148,On or near THEODORE ROAD,E01014218,Stoke-on-Trent 014A,Unable to prosecute suspect
eaffffc01bf2fcf9c0171d3ffd4bed93ddd4cf52a3ef6e0acfcf705dd3ff1596,2019-12,Staffordshire Police,Staffordshire Police,,,No location,,,Unable to prosecute suspect
5b779268a11b5bbb3cf56791965b0d4d189f429e42a66540fc6805735125f839,2019-12,Staffordshire Police,Staffordshire Police,-2.239317,53.010518,On or near POOLFIELD AVENUE NORTH,E01029599,Newcastle-under-Lyme 010F,Unable to prosecute suspect
4081e3a079656be172b58747af007fc8020f33922eaebe21e840d25cc3250423,2019-12,Staffordshire Police,Staffordshire Police,-1.940222,53.022637,On or near BLACK LANE,E01029795,Staffordshire Moorlands 010C,Unable to prosecute suspect
582d7113350070d01203150259804c4fb2c7d5906c362cf6f8fd6fee8e54369f,2019-12,Staffordshire Police,Staffordshire Police,-2.115872,52.990180,On or near LEDSTONE WAY,E01014301,Stoke-on-Trent 025B,Unable to prosecute suspect
03dcf92ec429ad842344019dbdcc52e2eab3ff89e73019b4c92a6fe3fcb11d61,2019-12,Staffordshire Police,Staffordshire Police,-2.153830,53.015217,On or near ACHILLES WAY,E01033216,Stoke-on-Trent 016G,Unable to prosecute suspect
33731c64a9c9da4444a53895c69303e88facabdb61e460dc130d3a755af703be,2019-12,Staffordshire Police,Staffordshire Police,-2.165615,53.072048,On or near COWEN STREET,E01014337,Stoke-on-Trent 004E,Unable to prosecute suspect
b2d3d1544bc19a20d0a1d7f62a5937c144ef945c5fca435260fc4880124bf784,2019-12,Staffordshire Police,Staffordshire Police,-2.126680,52.987509,On or near RAILWAY TERRACE,E01014302,Stoke-on-Trent 022D,Unable to prosecute suspect
5eb7870d65543bd65f78cefb84c5c3fb836235f6ca7019fddbfd0e4dafee92fa,2019-12,Staffordshire Police,Staffordshire Police,-2.239625,53.047130,On or near PARKHOUSE ROAD EAST,E01029538,Newcastle-under-Lyme 006B,Unable to prosecute suspect
d3b6f8533e35952d94d3eae9339602b4b4a5794db20fb9ac592843714b831d99,2019-12,Staffordshire Police,Staffordshire Police,-2.165563,53.008217,On or near LORDSHIP LANE,E01014276,Stoke-on-Trent 020C,Unable to prosecute suspect
6782ee945088485a9a55aa92132692783e82a1b5da045bfe3678cb627f8c0f7d,2019-12,Staffordshire Police,Staffordshire Police,-2.234281,53.040938,On or near Supermarket,E01029538,Newcastle-under-Lyme 006B,Unable to prosecute suspect
a970153675360a00ce8a61e89372aa46f38338b72a29abc3f36956be70b9ec81,2019-12,Staffordshire Police,Staffordshire Police,-2.240250,53.011999,On or near ROTTERDAM,E01029598,Newcastle-under-Lyme 010E,Unable to prosecute suspect
b006db2662c2a8ab34a32ff974011f70c83f28c2ec85da4ba584ff2bd9178d21,2019-12,Staffordshire Police,Staffordshire Police,-2.170215,53.031456,On or near DILKE STREET,E01014330,Stoke-on-Trent 013E,Unable to prosecute suspect
ebb189a92a1e3b4dcfe363667e889a0570ef7bd36bd8f7d43ce0d4c58219a7a1,2019-12,Staffordshire Police,Staffordshire Police,-2.205155,52.988136,On or near CROSBY ROAD,E01014342,Stoke-on-Trent 023C,Unable to prosecute suspect
a01d85dc5669b0e47534f49a781110f8919fd4c765cda1062eee5760833b9663,2019-12,Staffordshire Police,Staffordshire Police,-2.209408,53.001846,On or near GRINDLEY HILL COURT,E01014294,Stoke-on-Trent 018F,Unable to prosecute suspect
2e84218cfb86ca456057ce317de495a3a47a5dac682df9e70cf84c24b157c287,2019-12,Staffordshire Police,Staffordshire Police,,,No location,,,Unable to prosecute suspect
7ec3bdbb008c0da9dfab9d19da3516d0120d1bc94ee1245a9ba6f6c914da1d1c,2019-12,Staffordshire Police,Staffordshire Police,-2.130827,52.979567,On or near ERSKINE STREET,E01014306,Stoke-on-Trent 029B,Unable to prosecute suspect
a38be99588f273a468d70a5efaea8c5d90ce403a60ea926b3944a106946da640,2019-12,Staffordshire Police,Staffordshire Police,-2.092931,52.983333,On or near BONDFIELD WAY,E01014366,Stoke-on-Trent 028B,Unable to prosecute suspect
b41879df8d5c92df6290adf21089ef5e93e93b25be1134bca7f62e5d971c1dff,2019-12,Staffordshire Police,Staffordshire Police,-2.139746,53.034336,On or near BLAKELOW ROAD,E01014211,Stoke-on-Trent 012B,Unable to prosecute suspect
a6444ddf6c02e73d8f6b4b57d2b39ca541eb676e4e04a6cad98b626ded9af3ab,2019-12,Staffordshire Police,Staffordshire Police,-2.183559,53.052030,On or near THORNEYCROFT AVENUE,E01014245,Stoke-on-Trent 006E,Unable to prosecute suspect
ec2e6199239b9a96354425fd6d2ddfb33c599602c7630e174dd5e1043be3be65,2019-12,Staffordshire Police,Staffordshire Police,-2.239317,53.010518,On or near POOLFIELD AVENUE NORTH,E01029599,Newcastle-under-Lyme 010F,Unable to prosecute suspect
ec2e6199239b9a96354425fd6d2ddfb33c599602c7630e174dd5e1043be3be65,2019-12,Staffordshire Police,Staffordshire Police,-2.239317,53.010518,On or near POOLFIELD AVENUE NORTH,E01029599,Newcastle-under-Lyme 010F,Unable to prosecute suspect
430717a20ecfd1b1745871e4d72ec71e14188321462b35ed3ccc955408111b95,2019-12,Staffordshire Police,Staffordshire Police,-2.214897,53.059834,On or near HOOVER STREET,E01014354,Stoke-on-Trent 005A,Unable to prosecute suspect
b6e8a1f35f1578c7b621a31ab95647b60a60636465a9767e00206ff713995525,2019-12,Staffordshire Police,Staffordshire Police,-2.185681,52.997391,On or near SPODE STREET,E01014340,Stoke-on-Trent 019D,Unable to prosecute suspect
b6e8a1f35f1578c7b621a31ab95647b60a60636465a9767e00206ff713995525,2019-12,Staffordshire Police,Staffordshire Police,-2.185681,52.997391,On or near SPODE STREET,E01014340,Stoke-on-Trent 019D,Unable to prosecute suspect
ca16f531523ed92236f5d4d89c85a507685114ca81200f19863995380b8d00cc,2019-12,Staffordshire Police,Staffordshire Police,-2.234969,53.041395,On or near CHELL GROVE,E01029538,Newcastle-under-Lyme 006B,Unable to prosecute suspect
ca16f531523ed92236f5d4d89c85a507685114ca81200f19863995380b8d00cc,2019-12,Staffordshire Police,Staffordshire Police,-2.234969,53.041395,On or near CHELL GROVE,E01029538,Newcastle-under-Lyme 006B,Unable to prosecute suspect
54d8458a473ceccb40a894c7ed5e5b0a272c935f0c9e0f92360ee87cc3a45449,2019-12,Staffordshire Police,Staffordshire Police,-2.243169,53.040696,On or near PLYMOUTH GROVE,E01029558,Newcastle-under-Lyme 006E,Unable to prosecute suspect
c8f09ba97fee0e392d59112590e607b386bc209123bfea9df7f2616d079ac527,2019-12,Staffordshire Police,Staffordshire Police,-2.217906,53.076548,On or near ST JOSEPH STREET,E01014357,Stoke-on-Trent 002A,Unable to prosecute suspect
228e8078401237825b09938c5003def38031a24b11b432665545de789b01c059,2019-12,Staffordshire Police,Staffordshire Police,-2.186380,53.021337,On or near MOUNT PLEASANT,E01014287,Stoke-on-Trent 015D,Unable to prosecute suspect
f72c46dd915960999eee9f9d23c8c5903d5e7f7ee2027612411cc8f8476dbcf2,2019-12,Staffordshire Police,Staffordshire Police,-2.165765,53.060794,On or near BURNETT PLACE,E01014331,Stoke-on-Trent 004A,Unable to prosecute suspect
a66fdb69dd5c2beb656f19ddcf2a9c72cd66d1668fe5781d89d5e5b2f6703dc1,2019-12,Staffordshire Police,Staffordshire Police,-2.207611,53.009256,On or near Supermarket,E01014290,Stoke-on-Trent 018C,Unable to prosecute suspect
0eba2c0ed268a0686a095686acdf896ef2cf898161d5c7b5c775c87a1929bbf2,2019-12,Staffordshire Police,Staffordshire Police,-2.167994,53.062094,On or near MALLORIE ROAD,E01014336,Stoke-on-Trent 004D,Unable to prosecute suspect
d3454a147f0d33f47c18aea98d5efc4f79b4c1729224ff259ebced1b8095c7de,2019-12,Staffordshire Police,Staffordshire Police,-1.892199,52.987959,On or near Park/Open Space,E01029761,Staffordshire Moorlands 010A,Unable to prosecute suspect
183ffe8753715d78bd0c389e08e161626a5395e132aafdb7b4bf0888f62a092e,2019-12,Staffordshire Police,Staffordshire Police,-1.984850,52.998362,On or near FOXFIELD CLOSE,E01029782,Staffordshire Moorlands 010B,Unable to prosecute suspect
84da7c46d10d96bedaa0e4eb48d85899fdeb359141ea3abf8db6a4fafffbadbe,2019-12,Staffordshire Police,Staffordshire Police,-2.186255,53.006038,On or near BERRY STREET,E01014293,Stoke-on-Trent 019A,Unable to prosecute suspect
a82a7f4432a3182d194bcf87f366e1634c89bfbfe787072887717a52fbbb41bb,2019-12,Staffordshire Police,Staffordshire Police,-2.158636,52.992558,On or near CAMDEN STREET,E01014279,Stoke-on-Trent 020E,Unable to prosecute suspect
618cadaac18a1648a6da5d8b56b2c1a4633a41cee746a894372c4565cdbcc5c6,2019-12,Staffordshire Police,Staffordshire Police,-2.207688,53.062616,On or near CRICKLEWOOD DRIVE,E01014355,Stoke-on-Trent 005B,Unable to prosecute suspect
a7220546745873993c9dd47baa03e3cfa18fa22464069a85c0eac55b72d08d57,2019-12,Staffordshire Police,Staffordshire Police,-2.137186,53.017188,On or near CRANFIELD PLACE,E01014221,Stoke-on-Trent 017B,Unable to prosecute suspect
bec63d11c1751efa6a5c75cc23a4473a10ab098e8626f29f0c05a1c65ea8fdd4,2019-12,Staffordshire Police,Staffordshire Police,-2.176815,53.030053,On or near UNION STREET,E01014330,Stoke-on-Trent 013E,Unable to prosecute suspect
3a3cb2b22b542c27dbdebbb5baf2ef1ac17200e6cb953e12f47ad7f17a41c153,2019-12,Staffordshire Police,Staffordshire Police,-2.140966,52.983142,On or near EDENSOR TERRACE,E01014311,Stoke-on-Trent 027C,Unable to prosecute suspect
6585726f92857bf2e0e51bd37a74e7a07a7e50fa3ee01e12c16f45b323d841c2,2019-12,Staffordshire Police,Staffordshire Police,-2.089517,53.024910,On or near HILL VILLAGE ROAD,E01029780,Staffordshire Moorlands 009B,Unable to prosecute suspect
6585726f92857bf2e0e51bd37a74e7a07a7e50fa3ee01e12c16f45b323d841c2,2019-12,Staffordshire Police,Staffordshire Police,-2.089517,53.024910,On or near HILL VILLAGE ROAD,E01029780,Staffordshire Moorlands 009B,Unable to prosecute suspect
6585726f92857bf2e0e51bd37a74e7a07a7e50fa3ee01e12c16f45b323d841c2,2019-12,Staffordshire Police,Staffordshire Police,-2.089517,53.024910,On or near HILL VILLAGE ROAD,E01029780,Staffordshire Moorlands 009B,Unable to prosecute suspect
6585726f92857bf2e0e51bd37a74e7a07a7e50fa3ee01e12c16f45b323d841c2,2019-12,Staffordshire Police,Staffordshire Police,-2.089517,53.024910,On or near HILL VILLAGE ROAD,E01029780,Staffordshire Moorlands 009B,Unable to prosecute suspect
bb74a0760a31273851339a29d1b4606606f364b07b96ca445e606d8cc888dffd,2019-12,Staffordshire Police,Staffordshire Police,-1.989308,52.987171,On or near HIGH STREET,E01029787,Staffordshire Moorlands 011D,Unable to prosecute suspect
e305bf45455806961484b32019573abbb7027f0df4227093e00a4defdd3c4216,2019-12,Staffordshire Police,Staffordshire Police,,,No location,,,Unable to prosecute suspect
e305bf45455806961484b32019573abbb7027f0df4227093e00a4defdd3c4216,2019-12,Staffordshire Police,Staffordshire Police,,,No location,,,Unable to prosecute suspect
e305bf45455806961484b32019573abbb7027f0df4227093e00a4defdd3c4216,2019-12,Staffordshire Police,Staffordshire Police,,,No location,,,Unable to prosecute suspect
de089f0d0e7fddd13143f9299896a41e9c879667defa5b10c10a4f42e2f4b469,2019-12,Staffordshire Police,Staffordshire Police,-2.234997,53.087509,On or near WATERLOO GROVE,E01029588,Newcastle-under-Lyme 002D,Unable to prosecute suspect
aeb40b0e9d6cb6e1bb8fbe7b1e4787bcd33e78faa08e313ec496f8bfc2bb63ec,2019-12,Staffordshire Police,Staffordshire Police,-2.137230,53.021593,On or near CAUSELEY GARDENS,E01014218,Stoke-on-Trent 014A,Unable to prosecute suspect
53694277b6e2e0a2d9887d7f00c5a9644dd8d57af7c899525be84f4a7f49d3f4,2019-12,Staffordshire Police,Staffordshire Police,-2.130149,53.061054,On or near NURSERY AVENUE,E01014214,Stoke-on-Trent 007A,Unable to prosecute suspect
fe4b8624f0f985736614b7b9a13899e3fb3e151e42faadfc4832123659d7bdb6,2019-12,Staffordshire Police,Staffordshire Police,-2.209408,53.001846,On or near GRINDLEY HILL COURT,E01014294,Stoke-on-Trent 018F,Unable to prosecute suspect
946796a74c72c86083cf59a50a643b469ad3dc3d623187fce2e66f25e4707a62,2019-12,Staffordshire Police,Staffordshire Police,-2.139909,53.024727,On or near PENNELL STREET,E01014219,Stoke-on-Trent 014B,Unable to prosecute suspect
946796a74c72c86083cf59a50a643b469ad3dc3d623187fce2e66f25e4707a62,2019-12,Staffordshire Police,Staffordshire Police,-2.139909,53.024727,On or near PENNELL STREET,E01014219,Stoke-on-Trent 014B,Unable to prosecute suspect
8fb45c3d3b91d072c51130e965cf048b302536a2c46ec2e67032d461a423d8be,2019-12,Staffordshire Police,Staffordshire Police,-2.200801,53.051247,On or near EVANS STREET,E01014252,Stoke-on-Trent 009D,Unable to prosecute suspect
02e5c379feef23d4606b16bdde9284f20b3110907370a5d2d8d741ee56650fd7,2019-12,Staffordshire Police,Staffordshire Police,-2.142940,53.026188,On or near CENTRAL AVENUE,E01014219,Stoke-on-Trent 014B,Unable to prosecute suspect
35f7b08014401a65c6129613a4756ab3d24abf7c115c160e0adb3c1bbd609c05,2019-12,Staffordshire Police,Staffordshire Police,-2.182429,53.010664,On or near QUEEN ANNE STREET,E01014283,Stoke-on-Trent 016E,Unable to prosecute suspect
8e6c9714fe507d31d8bf50ada4c5001d1d782a3e9805d2ea7f5e3f0585b7ddd5,2019-12,Staffordshire Police,Staffordshire Police,-2.157359,52.989746,On or near DORCAS DRIVE,E01014239,Stoke-on-Trent 026C,Unable to prosecute suspect
0719d090303574421552e790199a03d94f2d59e92f885d4fb2330f12a4eb70d4,2019-12,Staffordshire Police,Staffordshire Police,-2.257766,53.090015,On or near CONGLETON ROAD SOUTH,E01029542,Newcastle-under-Lyme 003C,Unable to prosecute suspect
d21180a6b371e726ac05e45526c954f0ccf411ded5ecc05d506dea90cdd23663,2019-12,Staffordshire Police,Staffordshire Police,-2.185192,53.029357,On or near DENBIGH STREET,E01014254,Stoke-on-Trent 011C,Unable to prosecute suspect
8b78e99ba39f1ee954e7ff1681277dbece7f31e4c88c4b0526d358d89744f1c3,2019-12,Staffordshire Police,Staffordshire Police,-2.137960,52.988692,On or near Parking Area,E01014302,Stoke-on-Trent 022D,Unable to prosecute suspect
a2c995e221345d61bfabc5bd6744cb14086b1217c108f137f9f675a3d1787f59,2019-12,Staffordshire Police,Staffordshire Police,-2.119200,53.008308,On or near SPALDING PLACE,E01014223,Stoke-on-Trent 017D,Unable to prosecute suspect
5ee0e267f5ee49929abef5373602c3dde21fc30c72d0913ce7b9ac838e6d3916,2019-12,Staffordshire Police,Staffordshire Police,-2.187251,53.050245,On or near MINSTER STREET,E01014247,Stoke-on-Trent 009A,Unable to prosecute suspect
7290bddb34af33d0965bef8fd3ccd8a2f77728a5faeb0874799d555ef3875893,2019-12,Staffordshire Police,Staffordshire Police,,,No location,,,Unable to prosecute suspect
e121264424263ef6ce9f499a814d19b05a873a1194470c3b11096d4a92775f8c,2019-12,Staffordshire Police,Staffordshire Police,-2.250817,53.037615,On or near COOPER STREET,E01029559,Newcastle-under-Lyme 007C,Unable to prosecute suspect
64a96678ed34309ff7e09fdfd0193efd8aabb8bba14bb45f2b0062daa2af2af0,2019-12,Staffordshire Police,Staffordshire Police,-2.120356,52.973852,On or near ACORN RISE,E01014310,Stoke-on-Trent 031A,Unable to prosecute suspect
e47b4bb6054d015b7649cac56a678f23c2c5ed778f346fb2c18abd63d89a9fc5,2019-12,Staffordshire Police,Staffordshire Police,-2.186715,53.005614,On or near GEEN STREET,E01014293,Stoke-on-Trent 019A,Unable to prosecute suspect
6adbfc761c5e30b251047bbdf948dbd174625008e28af6ae596fd9f0d9d0264f,2019-12,Staffordshire Police,Staffordshire Police,-2.158792,52.974292,On or near ELLERBY ROAD,E01014237,Stoke-on-Trent 032C,Unable to prosecute suspect
92595ab6a8b520a86358ace1f9c6d04c2aa8fc87a6d94cdcef486500afe4f157,2019-12,Staffordshire Police,Staffordshire Police,-2.205080,53.050764,On or near ALDERSEA CLOSE,E01014252,Stoke-on-Trent 009D,Unable to prosecute suspect
c1f042cd41514e1e55b9993239e7de950085ff82a17626a29b574e24a0869ef2,2019-12,Staffordshire Police,Staffordshire Police,-2.250668,53.035188,On or near SPENCER PLACE,E01029560,Newcastle-under-Lyme 007D,Unable to prosecute suspect
966324719106df60affc7812c3f2fb45965dfad915f2c16d950633deabb501c0,2019-12,Staffordshire Police,Staffordshire Police,-2.168830,52.997470,On or near WELBY STREET,E01014276,Stoke-on-Trent 020C,Unable to prosecute suspect
8beaea351c3fb5b5015e28a6fefd6892771f97b009225739ce697dad6fd9f3c4,2019-12,Staffordshire Police,Staffordshire Police,-2.189734,53.041575,On or near WALLEY PLACE,E01014249,Stoke-on-Trent 011A,Unable to prosecute suspect
a34ba6285df094f619a3acc7546c69feb2199ea6e17e5c46f63df3214ef99d41,2019-12,Staffordshire Police,Staffordshire Police,-2.196489,53.047839,On or near BADDELEY STREET,E01014247,Stoke-on-Trent 009A,Unable to prosecute suspect
155182ff755d24b1936a021c98c0b9f1b66b02a4ec4330e20f3ed91e3535f0dc,2019-12,Staffordshire Police,Staffordshire Police,-2.150736,53.021289,On or near BREWESTER ROAD,E01014230,Stoke-on-Trent 014F,Unable to prosecute suspect
203b72976fbba516fbdaafd03b3e344373c77c993e393b390f7f5e17429ebe8f,2019-12,Staffordshire Police,Staffordshire Police,-2.187460,53.005604,On or near HARTSHILL ROAD,E01014345,Stoke-on-Trent 019E,Unable to prosecute suspect
2ee2b7701168982ab901850544aa2f28ac4a48eef346f733ba0bf6cb10467716,2019-12,Staffordshire Police,Staffordshire Police,-2.189734,53.041575,On or near WALLEY PLACE,E01014249,Stoke-on-Trent 011A,Unable to prosecute suspect
0e32adab9f7f350cca45f745b59cb33250d494fa279b6f1bc438849fcb9b3a50,2019-12,Staffordshire Police,Staffordshire Police,-1.944838,53.073940,On or near Parking Area,E01029803,Staffordshire Moorlands 007B,Unable to prosecute suspect
458c77c6ec85c4ea8661e4e3d1f851bc1e7f011440148dd824374ad0e496666b,2019-12,Staffordshire Police,Staffordshire Police,-2.134745,52.999195,On or near CLAYFIELD GROVE WEST,E01014297,Stoke-on-Trent 021D,Unable to prosecute suspect
2fe3d1dd5f596d9a81034306ae011f10efabf1e826155c38799b4079d50f3a4d,2019-12,Staffordshire Police,Staffordshire Police,-2.184548,53.014616,On or near SIMON PLACE,E01014281,Stoke-on-Trent 015A,Unable to prosecute suspect
bdd5f90fc1f9a32473c7ef1d3c43f99c3b0e5271863d8ac135bea3350faa64cf,2019-12,Staffordshire Police,Staffordshire Police,-1.986210,52.985886,On or near CHAPEL STREET,E01029787,Staffordshire Moorlands 011D,Unable to prosecute suspect
e6044a2ae78bdfd8cf8ae89d08255bf6a4732536182ff7322fd529ebb188afc2,2019-12,Staffordshire Police,Staffordshire Police,-2.231329,53.046715,On or near RICEYMAN ROAD,E01029536,Newcastle-under-Lyme 004A,Unable to prosecute suspect
6016c87f4efe9e5fcc64d78bf5409076f5052436ec8064a72940c46eb964e706,2019-12,Staffordshire Police,Staffordshire Police,,,No location,,,Unable to prosecute suspect
367134fc4fd3d519ef84b8919ad0183d88ce7daaf8b90de82a6e2990b90df2e8,2019-12,Staffordshire Police,Staffordshire Police,-2.142171,52.982880,On or near GOMS MILL ROAD,E01014311,Stoke-on-Trent 027C,Unable to prosecute suspect
367134fc4fd3d519ef84b8919ad0183d88ce7daaf8b90de82a6e2990b90df2e8,2019-12,Staffordshire Police,Staffordshire Police,-2.142171,52.982880,On or near GOMS MILL ROAD,E01014311,Stoke-on-Trent 027C,Unable to prosecute suspect
367134fc4fd3d519ef84b8919ad0183d88ce7daaf8b90de82a6e2990b90df2e8,2019-12,Staffordshire Police,Staffordshire Police,-2.142171,52.982880,On or near GOMS MILL ROAD,E01014311,Stoke-on-Trent 027C,Unable to prosecute suspect
f2bf17f41eaf859e2b890b8873753bc11599cbcc3a92354bde562aeae487911b,2019-12,Staffordshire Police,Staffordshire Police,-2.190843,53.059543,On or near Supermarket,E01014243,Stoke-on-Trent 006C,Unable to prosecute suspect
3d4dfe780a9907cb277d70f34fe92b29d46ea8aaf93b04f1cef27a37e2990bdd,2019-12,Staffordshire Police,Staffordshire Police,-2.177442,53.059042,On or near MOORLAND VIEW,E01014333,Stoke-on-Trent 003D,Unable to prosecute suspect
ff013873f852b81ef725bf8472f80d1ce359d7ed7695502226609e197cddee2a,2019-12,Staffordshire Police,Staffordshire Police,-2.116067,52.979537,On or near MEIR ROAD,E01014307,Stoke-on-Trent 029C,Unable to prosecute suspect
08050b36b94431e6463262c3dad2c54cc765aa683358a57b263584b65a3ae8c4,2019-12,Staffordshire Police,Staffordshire Police,-2.169508,53.041264,On or near HALIFORD AVENUE,E01014270,Stoke-on-Trent 008D,Unable to prosecute suspect
08050b36b94431e6463262c3dad2c54cc765aa683358a57b263584b65a3ae8c4,2019-12,Staffordshire Police,Staffordshire Police,-2.169508,53.041264,On or near HALIFORD AVENUE,E01014270,Stoke-on-Trent 008D,Unable to prosecute suspect
9c5484792ef062f4cb41ac1c1099fefc954c8529b9f7081cb375c5c9603233af,2019-12,Staffordshire Police,Staffordshire Police,-2.170978,53.054575,On or near STATION CRESCENT,E01014331,Stoke-on-Trent 004A,Unable to prosecute suspect
9c5484792ef062f4cb41ac1c1099fefc954c8529b9f7081cb375c5c9603233af,2019-12,Staffordshire Police,Staffordshire Police,-2.170978,53.054575,On or near STATION CRESCENT,E01014331,Stoke-on-Trent 004A,Unable to prosecute suspect
9061f9b1c3b58a85fe8790d1179201c594ee36f98532dc48b765ca9e52ea7568,2019-12,Staffordshire Police,Staffordshire Police,-2.157119,52.977099,On or near ASHBY CRESCENT,E01014236,Stoke-on-Trent 032B,Unable to prosecute suspect
09f5552d6f4b9001c59f6e2058131af1a18151d3ba4314453c4a6a3c38f4ca01,2019-12,Staffordshire Police,Staffordshire Police,-2.231329,53.046715,On or near RICEYMAN ROAD,E01029536,Newcastle-under-Lyme 004A,Unable to prosecute suspect
c8eb168b0a26732da7b3366eec6598e5e57b7a660dbd34cb7781e93fad627785,2019-12,Staffordshire Police,Staffordshire Police,-2.190843,53.059543,On or near Supermarket,E01014243,Stoke-on-Trent 006C,Unable to prosecute suspect
2b1f5b63291af220102b46d3efc66f078d22c125189b3c72e317823f9248c004,2019-12,Staffordshire Police,Staffordshire Police,,,No location,,,Unable to prosecute suspect
838cf804487747e4241f626834c42569e95cc2c9f75d33fcd939d3bc7ff16512,2019-12,Staffordshire Police,Staffordshire Police,-2.187460,53.005604,On or near HARTSHILL ROAD,E01014345,Stoke-on-Trent 019E,Unable to prosecute suspect
838cf804487747e4241f626834c42569e95cc2c9f75d33fcd939d3bc7ff16512,2019-12,Staffordshire Police,Staffordshire Police,-2.187460,53.005604,On or near HARTSHILL ROAD,E01014345,Stoke-on-Trent 019E,Unable to prosecute suspect
3feb592b887be0563e6421b2b7a9a847f4be057b17edd684e9d0bbaddcf45240,2019-12,Staffordshire Police,Staffordshire Police,-2.185026,53.049628,On or near DARTMOUTH STREET,E01014248,Stoke-on-Trent 006F,Unable to prosecute suspect
cab02167e16a00a32a8ac8624899bc3a3ca8ca4f230da5184b1fa6333cd6e21d,2019-12,Staffordshire Police,Staffordshire Police,-2.194022,52.993512,On or near HOLLYBANK CRESCENT,E01014338,Stoke-on-Trent 023A,Unable to prosecute suspect
76c6c607305bfedd0901d9ab818083b9bf2d6acb681c0e1681d62e7ea842e902,2019-12,Staffordshire Police,Staffordshire Police,-2.239484,53.021700,On or near Supermarket,E01029554,Newcastle-under-Lyme 010B,Unable to prosecute suspect
87fe4b9b592b94703a0adeab64377782168dcd8c5a54cf1d3861cbd19096396d,2019-12,Staffordshire Police,Staffordshire Police,-2.151203,52.984567,On or near HAYLING PLACE,E01014313,Stoke-on-Trent 027D,Unable to prosecute suspect
ae6b77552ccebf0b1fb308e73d13e814091a9fe7b1f83fb1e04ec01b09ec0eae,2019-12,Staffordshire Police,Staffordshire Police,-1.944324,53.021138,On or near JUBILEE DRIVE,E01029795,Staffordshire Moorlands 010C,Unable to prosecute suspect
8bf057aa80cc709c2ebb316b9814a889120ca97a918a34a649a57f2ec3df03d9,2019-12,Staffordshire Police,Staffordshire Police,-2.125500,53.068385,On or near HEATHER HILLS,E01029762,Staffordshire Moorlands 008A,Unable to prosecute suspect
8bf057aa80cc709c2ebb316b9814a889120ca97a918a34a649a57f2ec3df03d9,2019-12,Staffordshire Police,Staffordshire Police,-2.125500,53.068385,On or near HEATHER HILLS,E01029762,Staffordshire Moorlands 008A,Unable to prosecute suspect
784a17711343a9c679cb13e50668fdba8c84c67b760293c95ab54a0552bdeee8,2019-12,Staffordshire Police,Staffordshire Police,-2.170423,53.117975,On or near LAWTON CRESCENT,E01029766,Staffordshire Moorlands 003D,Unable to prosecute suspect
17b7441cdc105f8da6338bac37bcf1344e600cdfe309f665050a44df945fb086,2019-12,Staffordshire Police,Staffordshire Police,-2.215183,53.042548,On or near STATION STREET,E01014252,Stoke-on-Trent 009D,Unable to prosecute suspect
4d2942d5f1be8d3a7151bed4658398a1c5bc8ae6032a6ea8742f08a3bce83347,2019-12,Staffordshire Police,Staffordshire Police,-2.286950,53.019366,On or near PEEBLES ROAD,E01029593,Newcastle-under-Lyme 012B,Unable to prosecute suspect
f1a4554941af087f5d88578a61aae9e55eee2a71d2dddcd30c2900235f89790a,2019-12,Staffordshire Police,Staffordshire Police,,,No location,,,Unable to prosecute suspect
b2503c43794d5d0a83596cd12f3584d2b7382c037600f061ca81827d474c8bc2,2019-12,Staffordshire Police,Staffordshire Police,-2.097459,52.983176,On or near BROOKHOUSE ROAD,E01014366,Stoke-on-Trent 028B,Unable to prosecute suspect
b2503c43794d5d0a83596cd12f3584d2b7382c037600f061ca81827d474c8bc2,2019-12,Staffordshire Police,Staffordshire Police,-2.097459,52.983176,On or near BROOKHOUSE ROAD,E01014366,Stoke-on-Trent 028B,Unable to prosecute suspect
68ce44abaa1e1aab54421943bd4154bb7d87aa64a8a21e1ce32dc42e47efaca4,2019-12,Staffordshire Police,Staffordshire Police,-2.097459,52.983176,On or near BROOKHOUSE ROAD,E01014366,Stoke-on-Trent 028B,Unable to prosecute suspect
68ce44abaa1e1aab54421943bd4154bb7d87aa64a8a21e1ce32dc42e47efaca4,2019-12,Staffordshire Police,Staffordshire Police,-2.097459,52.983176,On or near BROOKHOUSE ROAD,E01014366,Stoke-on-Trent 028B,Unable to prosecute suspect
12f67937e3cefd9b108ec14f705285b70c8468e735952d603619179070b427cd,2019-12,Staffordshire Police,Staffordshire Police,-2.186255,53.006038,On or near BERRY STREET,E01014293,Stoke-on-Trent 019A,Unable to prosecute suspect
0f62c96c35de0e81c9c5b649ca836c0d3bc42f5c039cdfa3c443e817fcbaf201,2019-12,Staffordshire Police,Staffordshire Police,,,No location,,,Unable to prosecute suspect
6b5ab8ce2d7a44cdda7990e6c3c4982956dda6467397f2d7449e9cd05f8d6690,2019-12,Staffordshire Police,Staffordshire Police,-2.176706,53.021532,On or near RANELAGH STREET,E01014287,Stoke-on-Trent 015D,Unable to prosecute suspect
7314f8ca043c379cf159df7c79891a2f24ee3b43dbfe6c46d4db40849bd14537,2019-12,Staffordshire Police,Staffordshire Police,,,No location,,,Unable to prosecute suspect
ebd4f12cc2f0d600b109a486977fa0c9bd1329c385ad5a726651667fe7d37243,2019-12,Staffordshire Police,Staffordshire Police,-2.192858,53.046343,On or near Shopping Area,E01014251,Stoke-on-Trent 009C,Unable to prosecute suspect
918e66fa4e34fc75e3160e0d2c4266098668abf20524904a67bc42db034a2e05,2019-12,Staffordshire Police,Staffordshire Police,-2.196462,53.064756,On or near SPROSTON ROAD,E01014241,Stoke-on-Trent 006A,Unable to prosecute suspect
1f93817529ec3ff7c27a430c34dee85c83a713f086cdfa57109f3fef2518d6f8,2019-12,Staffordshire Police,Staffordshire Police,-2.186136,52.999287,On or near YEAMAN STREET,E01014345,Stoke-on-Trent 019E,Unable to prosecute suspect
1c5b6c5a15c005aab7cd6acd978d4b0e7d5da42030b509e8c907fb5282ba6916,2019-12,Staffordshire Police,Staffordshire Police,-2.165615,53.072048,On or near COWEN STREET,E01014337,Stoke-on-Trent 004E,Unable to prosecute suspect
2ffe3402ad3231313a59f648a6cd603925cf067375a692353bace3091faa1ea0,2019-12,Staffordshire Police,Staffordshire Police,-1.989354,52.981832,On or near STATION ROAD,E01029787,Staffordshire Moorlands 011D,Unable to prosecute suspect
722007a237d6cc55c8c5518982c6638c0b03ab26b09bba527414509b88daab9d,2019-12,Staffordshire Police,Staffordshire Police,-2.269882,53.017060,On or near CHURCH STREET,E01029594,Newcastle-under-Lyme 012C,Unable to prosecute suspect
54796156462887af2872a67facd83013fd6c77e287e7a0fbb67975dd86e57773,2019-12,Staffordshire Police,Staffordshire Police,,,No location,,,Unable to prosecute suspect
5cbd59f77cc139b389961e0b441b2cf75f7ef8b1e150c45840c3ecdb7f9c6387,2019-12,Staffordshire Police,Staffordshire Police,-2.173466,53.053762,On or near QUINTON WALK,E01014246,Stoke-on-Trent 008A,Unable to prosecute suspect
2168d2fa11191857e19ee9bad9cd37f5c5e00b4cebb77008fb2d53403e065406,2019-12,Staffordshire Police,Staffordshire Police,-2.225439,52.995623,On or near EASDALE PLACE,E01029607,Newcastle-under-Lyme 014F,Unable to prosecute suspect
426474fb54a6397a74538782ae4a2574303411ddad0bdfbb1b06b37491a73e31,2019-12,Staffordshire Police,Staffordshire Police,-2.195467,52.993339,On or near FAIRBANK AVENUE,E01014338,Stoke-on-Trent 023A,Unable to prosecute suspect
b500c149aaecf8df086f32fd172e7728b070e749a2fc6362ac391ae1b8aad0d6,2019-12,Staffordshire Police,Staffordshire Police,-2.249311,53.004160,On or near GALLOWSTREE LANE,E01029601,Newcastle-under-Lyme 015E,Unable to prosecute suspect
6a97f89aba8bcd1f5dfab2f0ab7bf41e326a01dbc0f384551de39969a43616e9,2019-12,Staffordshire Police,Staffordshire Police,-2.195642,53.065072,On or near SCOTT ROAD,E01014241,Stoke-on-Trent 006A,Unable to prosecute suspect
d64455889b59d4a8992ba46a5ed00a2b7371744ffc0c63f913e23a1f88237df8,2019-12,Staffordshire Police,Staffordshire Police,,,No location,,,Unable to prosecute suspect
d45986bceae8cf902fe9eb0b2a5708361385e37e1774250f876d045c3b50d73b,2019-12,Staffordshire Police,Staffordshire Police,-2.256596,53.051463,On or near BARBRIDGE ROAD,E01029546,Newcastle-under-Lyme 004D,Unable to prosecute suspect
53833d2527df0b2ecad48dc1df38698a3603611009f7322337b5f2a77da1c033,2019-12,Staffordshire Police,Staffordshire Police,-2.105184,52.975151,On or near DUDLEY PLACE,E01014316,Stoke-on-Trent 031C,Unable to prosecute suspect
7127412a6af9359fa2116cd5aa84bb7c73cd4e160e662c5b7f800bb8dc20f2f6,2019-12,Staffordshire Police,Staffordshire Police,-2.185148,53.018930,On or near RECTORY ROAD,E01014286,Stoke-on-Trent 015C,Unable to prosecute suspect
bad741ec3631465e0e36ea399e45fde5cd7f3976745c245934146fa1517a5c58,2019-12,Staffordshire Police,Staffordshire Police,-2.253809,53.046822,On or near BLACKTHORN PLACE,E01029547,Newcastle-under-Lyme 007A,Unable to prosecute suspect
4982d8497f4080af32c5cfb1acd74eb6ae0a8af4eeb403902603df79bb78fe3d,2019-12,Staffordshire Police,Staffordshire Police,-2.115872,52.990180,On or near LEDSTONE WAY,E01014301,Stoke-on-Trent 025B,Unable to prosecute suspect
738b567d69324e42b9eb76da1a6b4d3563e5e71164ba8931915b68417651e4ae,2019-12,Staffordshire Police,Staffordshire Police,-2.185148,53.018930,On or near RECTORY ROAD,E01014286,Stoke-on-Trent 015C,Unable to prosecute suspect
ad722d5c2f18f080d2a09b10ed1418950957ab1b9111efd93bb8264bc6074199,2019-12,Staffordshire Police,Staffordshire Police,,,No location,,,Unable to prosecute suspect
ad722d5c2f18f080d2a09b10ed1418950957ab1b9111efd93bb8264bc6074199,2019-12,Staffordshire Police,Staffordshire Police,,,No location,,,Unable to prosecute suspect
24c0b5f954a6958526fe77dd61c82b344cecaab8cc28812e8c738b51298c1fd0,2019-12,Staffordshire Police,Staffordshire Police,-2.135964,53.017189,On or near TRIMLEY WAY,E01014221,Stoke-on-Trent 017B,Unable to prosecute suspect
42c0d9e17937822821045e8f0592edf26c9715795841f1cc5ee070512a173a5a,2019-12,Staffordshire Police,Staffordshire Police,-2.116625,52.987636,On or near FARNWORTH ROAD,E01014303,Stoke-on-Trent 025C,Unable to prosecute suspect
296deaec50e922655351b5739da3ba6a6e658c05a8550a05012eb6989a9640b2,2019-12,Staffordshire Police,Staffordshire Police,-2.176542,53.116366,On or near SOUTH VIEW,E01029774,Staffordshire Moorlands 003E,Unable to prosecute suspect
902310c7381d3cc6dfa9355c8718858e08e26dfef60ecf09e8902c4b56e0256c,2019-12,Staffordshire Police,Staffordshire Police,-2.125658,52.979168,On or near LENNOX ROAD,E01014305,Stoke-on-Trent 029A,Unable to prosecute suspect
b413a1273718d1fdc72776ab20783244d05be6ee42b3cb862fa99bcb8b61cd96,2019-12,Staffordshire Police,Staffordshire Police,-2.134212,52.980929,On or near HOWARD STREET,E01014306,Stoke-on-Trent 029B,Unable to prosecute suspect
c45943bb83fab29d894153a661efab285405789f426ca06393b5db33b7031574,2019-12,Staffordshire Police,Staffordshire Police,-2.192404,53.028195,On or near RIDGEHOUSE DRIVE,E01014285,Stoke-on-Trent 015B,Unable to prosecute suspect
43a5a8caf6040f82fa5222b29ba0802c3668ab43117169e95e1611e66ea2b61c,2019-12,Staffordshire Police,Staffordshire Police,-2.160838,53.019999,On or near HOWARD CRESCENT,E01033216,Stoke-on-Trent 016G,Unable to prosecute suspect
86e06bb9dcc72ebd8705b5591b8f148738904c0f7869c110057db1cadf0d6e75,2019-12,Staffordshire Police,Staffordshire Police,-2.203859,53.076385,On or near TIDEBROOK PLACE,E01014258,Stoke-on-Trent 001B,Unable to prosecute suspect
02cb96cba89d1ae79ee455c063d3e897397726fe297a100332aa9d042db65ef0,2019-12,Staffordshire Police,Staffordshire Police,-2.108697,52.974330,On or near SEDDON ROAD,E01014316,Stoke-on-Trent 031C,Unable to prosecute suspect
8f3c2d0c715f090943655ddd301dca269fcc5e0f49f80450ed7a15b9dc2f5ba6,2019-12,Staffordshire Police,Staffordshire Police,-1.982915,53.147059,On or near Park/Open Space,E01029797,Staffordshire Moorlands 001A,Unable to prosecute suspect
0e843bad5f99e01b0e19304131dcfc8e6b8ea558f2b8b70e837678ee9db10799,2019-12,Staffordshire Police,Staffordshire Police,-2.179853,53.021922,On or near Parking Area,E01014287,Stoke-on-Trent 015D,Unable to prosecute suspect
be7a952ade92968e867f244fccf55ba2d36ed625dd47b0d976df0dbe8170b260,2019-12,Staffordshire Police,Staffordshire Police,-2.200648,52.999084,On or near THISTLEY HOUGH,E01014341,Stoke-on-Trent 023B,Unable to prosecute suspect
60174542eb065ba60a13048e2d9e84d5b6be7299f7e4a1a50d96e55b17efbd9f,2019-12,Staffordshire Police,Staffordshire Police,-2.222752,52.994729,On or near BERKSHIRE GROVE,E01029549,Newcastle-under-Lyme 014A,Unable to prosecute suspect
42d467a0baa71d0287b5d1f755950abf6f214b99dec0c2f0f7e55cc4785b98b2,2019-12,Staffordshire Police,Staffordshire Police,-2.143194,52.994852,On or near BROCKSFORD STREET,E01014273,Stoke-on-Trent 021A,Unable to prosecute suspect
32e75cc82e20cd4abbaad460ec9e55e147732b2163c82660fcd9921bc353fef0,2019-12,Staffordshire Police,Staffordshire Police,,,No location,,,Unable to prosecute suspect
be64f4334034c43f5fd703bcb1fdc1f94839db245e2e91cfd2c864d063c7d888,2019-12,Staffordshire Police,Staffordshire Police,-2.148296,53.022820,On or near HEMING PLACE,E01014230,Stoke-on-Trent 014F,Unable to prosecute suspect
d3ebea25d91c28aaf7fcc75a9871ef5ae2e3ca4a51d0f8554e42f2d29d3144d4,2019-12,Staffordshire Police,Staffordshire Police,-2.154121,52.975637,On or near CHILWORTH GROVE,E01014236,Stoke-on-Trent 032B,Unable to prosecute suspect
209c04206cb4e5fb5c28a1d29f30017c142a32faa5ea85f49a108518cf321287,2019-12,Staffordshire Police,Staffordshire Police,-2.097448,52.985136,On or near MACDONALD CRESCENT,E01014364,Stoke-on-Trent 024B,Unable to prosecute suspect
5bd138e5475905d86534f1e205d84828937fd3bfbd0f5b2aa3d775722ec226f6,2019-12,Staffordshire Police,Staffordshire Police,-2.136023,52.988721,On or near TRANSPORT LANE,E01014302,Stoke-on-Trent 022D,Unable to prosecute suspect
3d64debd6f189bd6e401dbf9856b9674dac66af94714d260c336b6835d599006,2019-12,Staffordshire Police,Staffordshire Police,-2.177734,53.025054,On or near BRUNSWICK STREET,E01014287,Stoke-on-Trent 015D,Unable to prosecute suspect
1b21c28fc00007bb210253c59fd54ef0bab604005d7f892bd2956866c65c408a,2019-12,Staffordshire Police,Staffordshire Police,,,No location,,,Unable to prosecute suspect
4a1ca3888fb950f42b96f8561a2c2f10a2b2d659c1c92edd8db7ed47d3fbb430,2019-12,Staffordshire Police,Staffordshire Police,-2.187001,53.040788,On or near ASHBURTON STREET,E01014249,Stoke-on-Trent 011A,Unable to prosecute suspect
541b7d94750c6e25e156395e05de84aa1e8075e53fe7be9bd7dbee9d25ec8fc1,2019-12,Staffordshire Police,Staffordshire Police,-2.167988,53.029949,On or near LOWER MAYER STREET,E01014328,Stoke-on-Trent 013C,Unable to prosecute suspect
63987cf787f322e0e13d8d58e6219e0b3195a35df6c5ddd3b39f3a3c709c1014,2019-12,Staffordshire Police,Staffordshire Police,-2.120215,52.992765,On or near DEANSCROFT WAY,E01014301,Stoke-on-Trent 025B,Unable to prosecute suspect
1192cc87ea054c3f74f59dabfca5bfd338bacf771280d3d40dd3c0e9f550d04a,2019-12,Staffordshire Police,Staffordshire Police,-2.133456,52.991780,On or near BLANDFORD CLOSE,E01014302,Stoke-on-Trent 022D,Unable to prosecute suspect
17b649e2a5f8e31b5f2885d098a5e12c2c6760a47382a7cc63fea48d60d521d1,2019-12,Staffordshire Police,Staffordshire Police,-2.112377,52.986381,On or near LYDFORD PLACE,E01014304,Stoke-on-Trent 025D,Unable to prosecute suspect
f8cae4a1605ece9140ddc37f1e6a964fc093e51c692103d47a6846e8293e8d3b,2019-12,Staffordshire Police,Staffordshire Police,-2.165558,52.983568,On or near ROUNDWAY,E01014234,Stoke-on-Trent 026B,Unable to prosecute suspect
185fd2ac10210d77f8e90d1cbc8ba2bb19427747ef0aca9ac4eae7d0e90b8c3a,2019-12,Staffordshire Police,Staffordshire Police,-2.172024,53.040083,On or near KINGSWINFORD PLACE,E01014253,Stoke-on-Trent 011B,Unable to prosecute suspect
92fd35b7a1e1ab5671d75db76905bdc058db2c0d6b671d656ab413968f914e87,2019-12,Staffordshire Police,Staffordshire Police,-2.131595,52.982451,On or near TATTON STREET,E01014306,Stoke-on-Trent 029B,Unable to prosecute suspect
c55f48c00d41146cec9814a5e65fb34bafb696049eb3a24527342c4d876166f2,2019-12,Staffordshire Police,Staffordshire Police,-2.168465,53.026263,On or near DANE WALK,E01014330,Stoke-on-Trent 013E,Unable to prosecute suspect
622459d6fa785d4caa48f5066b5681022e005641fab54a7c124e1fbf4d4b0f00,2019-12,Staffordshire Police,Staffordshire Police,-2.249632,53.036422,On or near HOGARTH PLACE,E01029560,Newcastle-under-Lyme 007D,Unable to prosecute suspect
09de74db080893f5f09e3dc84bfacb51b82107031e52045bbaf81372d818de14,2019-12,Staffordshire Police,Staffordshire Police,-2.133547,53.016581,On or near LATIMER WAY,E01014221,Stoke-on-Trent 017B,Unable to prosecute suspect
76bcfd8aaef8e98aa653b744b8a85d17b2195cf165c8d98b12a38c5ca0e27eee,2019-12,Staffordshire Police,Staffordshire Police,-2.130002,52.992629,On or near CAPEWELL STREET,E01014300,Stoke-on-Trent 022C,Unable to prosecute suspect
8e21798d153efae6385ba0f4d582b216953732fc99c685763d545847b9460add,2019-12,Staffordshire Police,Staffordshire Police,-2.120930,52.982337,On or near A5007,E01014302,Stoke-on-Trent 022D,Unable to prosecute suspect
a1a08dbb7f8c510d436eb2dbb8ed48bac67e83e4480c478073d1a6a87dec8441,2019-12,Staffordshire Police,Staffordshire Police,-2.234668,53.013431,On or near DUNKIRK COURT,E01029604,Newcastle-under-Lyme 011E,Unable to prosecute suspect
1c3cb3fe4e6f1f61c867983d61d4fa79b63041e09e8c6cf03d08f27237e8bc66,2019-12,Staffordshire Police,Staffordshire Police,,,No location,,,Unable to prosecute suspect
9629613e2fa2ebd3622341902bdd5a29afca6276fbf2f80fc5e9cec0f2e421ab,2019-12,Staffordshire Police,Staffordshire Police,,,No location,,,Unable to prosecute suspect
584c86c97ef110ef61a3e920447e779ffc268d6cb0d7db65727a3f18364a756a,2019-12,Staffordshire Police,Staffordshire Police,,,No location,,,Unable to prosecute suspect
da4c5dbf7e16e0f1c8c0f60e2a700ef4764639acb20a9c3d24494e8be60648c7,2019-12,Staffordshire Police,Staffordshire Police,-2.210522,53.013305,On or near HADRIAN GROVE,E01014288,Stoke-on-Trent 018A,Unable to prosecute suspect
b84d18f08c39c232c407ddf5b056ff658c69a3cd3001df570127f45c208921e4,2019-12,Staffordshire Police,Staffordshire Police,-2.027872,53.098346,On or near JUNCTION ROAD,E01029811,Staffordshire Moorlands 005C,Unable to prosecute suspect
244405d2a64301c0dcc9370cc9bda0cc046fd28ae148c3dc224d1c7d63626153,2019-12,Staffordshire Police,Staffordshire Police,-2.130774,52.996484,On or near EDGEFIELD ROAD,E01014298,Stoke-on-Trent 022B,Unable to prosecute suspect
c074dc7cb12150a2d613276b00166330c55bfa8e762f6c8258130f2eab8cd161,2019-12,Staffordshire Police,Staffordshire Police,-2.133643,53.037831,On or near BUTTS GREEN,E01014211,Stoke-on-Trent 012B,Unable to prosecute suspect
c6e115d8ed025dfec39ebdaea435214524d70e1d258ac4d82b61e71069790f4d,2019-12,Staffordshire Police,Staffordshire Police,-2.208738,53.032869,On or near A500,E01029611,Newcastle-under-Lyme 008E,Unable to prosecute suspect
b0ece9d2a13dc533fefea0c84826423f3e04ef77b30b2c54766c01fb406288d4,2019-12,Staffordshire Police,Staffordshire Police,-2.205940,52.987020,On or near GREYSWOOD ROAD,E01014342,Stoke-on-Trent 023C,Unable to prosecute suspect
3f9db4dac41ccefc906f49a9ae23854e94ea8e1ddd37656afb7d5bec03147aca,2019-12,Staffordshire Police,Staffordshire Police,-2.194004,53.075763,On or near LOWHURST DRIVE,E01014260,Stoke-on-Trent 001D,Unable to prosecute suspect
5dac25b1b3ba82510e7c1f22dfef7a0ff201b05a874bb21652b68773bb8eccee,2019-12,Staffordshire Police,Staffordshire Police,-2.145325,52.994921,On or near BERDMORE STREET,E01014273,Stoke-on-Trent 021A,Unable to prosecute suspect
d6305a97f36e396ae50cd0107931239b10000cde04d48e5340db4efa7c812114,2019-12,Staffordshire Police,Staffordshire Police,-2.139909,53.024727,On or near PENNELL STREET,E01014219,Stoke-on-Trent 014B,Unable to prosecute suspect
b8abae17a27bf6fea28ea598bf251aa61464583b3067a440c63034d015b0ee6f,2019-12,Staffordshire Police,Staffordshire Police,-2.207821,53.003539,On or near OLIVER ROAD,E01014294,Stoke-on-Trent 018F,Unable to prosecute suspect
9ed098e5b5e1cde48c1aeca7d7a93008648eb06c45dcdc9e87eba35b8e95f581,2019-12,Staffordshire Police,Staffordshire Police,-2.188324,53.039798,On or near MOORE STREET,E01014249,Stoke-on-Trent 011A,Unable to prosecute suspect
12c13718f7e8773f632fc60a528ec905fd90374d00c364df4785fd31583c3389,2019-12,Staffordshire Police,Staffordshire Police,-2.132194,53.017427,On or near AYLESBURY ROAD,E01014222,Stoke-on-Trent 017C,Unable to prosecute suspect
a6117d02e582aca974a61f2da5a00872a867801cb9d5b0cc9ffddea9ca359a82,2019-12,Staffordshire Police,Staffordshire Police,-2.212832,53.058660,On or near OLDCOURT STREET,E01014354,Stoke-on-Trent 005A,Unable to prosecute suspect
51fbf59e001b46aaa2ac21f3a0d6a591880ddc931727971d8788ce29a723982f,2019-12,Staffordshire Police,Staffordshire Police,-2.176601,53.116034,On or near Supermarket,E01029774,Staffordshire Moorlands 003E,Unable to prosecute suspect
4a894c22d36abe92a9797e1621e7a8559f66025b85b7ef9b66ae51a69b8fb37e,2019-12,Staffordshire Police,Staffordshire Police,-2.202223,53.013976,On or near RADFORD ROAD,E01014291,Stoke-on-Trent 018D,Unable to prosecute suspect
8a1a1df2b5f9e9c50a92fde4f0f9f6ea786fcf03fbb489fcc3d78ad150566b17,2019-12,Staffordshire Police,Staffordshire Police,-2.181569,53.000876,On or near CORNWALLIS STREET,E01014339,Stoke-on-Trent 019C,Unable to prosecute suspect
ddc4e34dcc2f6a882227564364c63ac95485ec2b7f2e3c222b3b62f1e7107616,2019-12,Staffordshire Police,Staffordshire Police,-2.022888,53.105700,On or near DERBY STREET,E01029804,Staffordshire Moorlands 005A,Unable to prosecute suspect
ddf63bf9f05923c8c61b57728ffe989759f3b1aa9da21d82a7b64a6ff51d0e17,2019-12,Staffordshire Police,Staffordshire Police,-2.171730,53.022348,On or near HARLEY STREET,E01014231,Stoke-on-Trent 016B,Unable to prosecute suspect
ddf63bf9f05923c8c61b57728ffe989759f3b1aa9da21d82a7b64a6ff51d0e17,2019-12,Staffordshire Police,Staffordshire Police,-2.171730,53.022348,On or near HARLEY STREET,E01014231,Stoke-on-Trent 016B,Unable to prosecute suspect
fcbf884d01893a9ddc0b85ce0f2437269b54fdf76660ad3a089bc8bb711fd53c,2019-12,Staffordshire Police,Staffordshire Police,-2.128936,52.999794,On or near ANDOVER CLOSE,E01014296,Stoke-on-Trent 022A,Unable to prosecute suspect
cec2b3afa42d29478e8c4b8689097fdfea60f6c2e81db1a8cc4c77fe330bf969,2019-12,Staffordshire Police,Staffordshire Police,-2.244144,53.023237,On or near ROBERTSON DRIVE,E01029554,Newcastle-under-Lyme 010B,Unable to prosecute suspect
5714d7a01e28016dd55505ea106706e817053b572412aacae0a10e5f8d1222eb,2019-12,Staffordshire Police,Staffordshire Police,-2.244144,53.023237,On or near ROBERTSON DRIVE,E01029554,Newcastle-under-Lyme 010B,Unable to prosecute suspect
1dc3ad234a4676a52f90bfa47c8f8aad4a6ef304dffccac06ae024d052be7983,2019-12,Staffordshire Police,Staffordshire Police,-2.021975,53.103282,On or near SOUTHBANK STREET,E01029804,Staffordshire Moorlands 005A,Unable to prosecute suspect
9e56d9fb35966918180e9ad6884401aace9657f8861f3fb11547659bbf7963d5,2019-12,Staffordshire Police,Staffordshire Police,-2.249632,53.036422,On or near HOGARTH PLACE,E01029560,Newcastle-under-Lyme 007D,Unable to prosecute suspect
959919acbe6fb0f42145c77ec4b2de4a625106cf1c40192ba139e1593f034556,2019-12,Staffordshire Police,Staffordshire Police,-2.128143,53.018933,On or near RUTHIN ROAD,E01014220,Stoke-on-Trent 017A,Unable to prosecute suspect
154bf830096a38abe77d66980700395ec0031eaee1a6910f107f254c753e6a38,2019-12,Staffordshire Police,Staffordshire Police,-2.133385,53.012329,On or near DIVIDY ROAD,E01014229,Stoke-on-Trent 017F,Unable to prosecute suspect
1d59ecde80cfd27c4dfd499751168f9a73e96a13caddda70073ca5fa5e6dbdab,2019-12,Staffordshire Police,Staffordshire Police,,,No location,,,Unable to prosecute suspect
03409c05060dfb9a1fae065313588453d2b7883c265ea5cc1ac582107a93d6bf,2019-12,Staffordshire Police,Staffordshire Police,-2.059723,52.966625,On or near WESLEY STREET,E01029798,Staffordshire Moorlands 012C,Unable to prosecute suspect
1d76bbd76c7d6bf2824b3bbacea4e73b4a5adff167de1301a2c5b3834a82190a,2019-12,Staffordshire Police,Staffordshire Police,-1.986826,53.019559,On or near JOHNSON CRESCENT,E01029796,Staffordshire Moorlands 010D,Unable to prosecute suspect
9e2bf77675e7915422dd5f8bcab2ad92a2ca82a3e2e2fa2ed3abf887b85556e7,2019-12,Staffordshire Police,Staffordshire Police,-2.248472,53.036990,On or near THE MOUNT,E01029560,Newcastle-under-Lyme 007D,Unable to prosecute suspect
df27bb1c807b8848599e2f48fe091b64e12b044140c0149c090fc89994cd2b76,2019-12,Staffordshire Police,Staffordshire Police,-2.155979,52.999564,On or near WEDGWOOD ROAD,E01014274,Stoke-on-Trent 020A,Unable to prosecute suspect
04bf453efe47707693f08ee875df7ba490a131b20f65822e071acbd1ece8b710,2019-12,Staffordshire Police,Staffordshire Police,-2.198895,53.045506,On or near STEVENTON PLACE,E01014251,Stoke-on-Trent 009C,Unable to prosecute suspect
664dfec7121fb096dd1b0967d8b2521950530846afb8ae263e039a1626892b44,2019-12,Staffordshire Police,Staffordshire Police,-2.183078,53.040678,On or near FRASER STREET,E01014249,Stoke-on-Trent 011A,Unable to prosecute suspect
9225824f4720ec5949ee8782a417c463f1ef1ba7771bb3ea7adf7237e3daf2ff,2019-12,Staffordshire Police,Staffordshire Police,-1.984289,52.984393,On or near YOUNG STREET,E01029783,Staffordshire Moorlands 011B,Unable to prosecute suspect
f9b1748ddc95ddea997a125887894f7da3f484ab8cc67c67e408610c65261aad,2019-12,Staffordshire Police,Staffordshire Police,-2.101382,52.966768,On or near SWALLOW CLOSE,E01014319,Stoke-on-Trent 033C,Unable to prosecute suspect
b4ea9c5415d6e3e95664254cd5ba2884f527b6234b0f45c8a1d7fd60afb1e164,2019-12,Staffordshire Police,Staffordshire Police,-1.982915,53.147059,On or near Park/Open Space,E01029797,Staffordshire Moorlands 001A,Unable to prosecute suspect
b4ea9c5415d6e3e95664254cd5ba2884f527b6234b0f45c8a1d7fd60afb1e164,2019-12,Staffordshire Police,Staffordshire Police,-1.982915,53.147059,On or near Park/Open Space,E01029797,Staffordshire Moorlands 001A,Unable to prosecute suspect
99fcb937fd3aeac998a2fa98551e90bf3e358920b4883da364ab71d09cefa3f4,2019-12,Staffordshire Police,Staffordshire Police,-2.107488,53.020994,On or near FIELDWAY,E01029819,Staffordshire Moorlands 009E,Unable to prosecute suspect
e2f6ab2b51e6c031d064b1830787aa44018d1858dbe7fe154c5722d5021e0708,2019-12,Staffordshire Police,Staffordshire Police,-2.174869,53.024330,On or near ALBION SQUARE,E01014287,Stoke-on-Trent 015D,Unable to prosecute suspect
6f028863e3c13e00d7f0ce3405daaba23b39c5b1614ea362e054e1a9c805d258,2019-12,Staffordshire Police,Staffordshire Police,-2.160213,52.972061,On or near JESMOND GROVE,E01014237,Stoke-on-Trent 032C,Unable to prosecute suspect
9f579c3d0b5201ca4b580cb0d651192ba4b8a187add1e2af86b790bb97a05ab3,2019-12,Staffordshire Police,Staffordshire Police,-2.180350,53.015980,On or near CHAMBERLAIN STREET,E01014281,Stoke-on-Trent 015A,Unable to prosecute suspect
f2e31a6ad6530f9c01538f866b7f53c5f8eef01b11dcc910fdf7024783371cb6,2019-12,Staffordshire Police,Staffordshire Police,-2.059216,52.966176,On or near UTTOXETER ROAD,E01029798,Staffordshire Moorlands 012C,Unable to prosecute suspect
c7517d09d31279ba57f19356e8e0e385d6fb94b73df4d375a88e9442a2b528bd,2019-12,Staffordshire Police,Staffordshire Police,-2.225244,53.009773,On or near Nightclub,E01029604,Newcastle-under-Lyme 011E,Unable to prosecute suspect
c7517d09d31279ba57f19356e8e0e385d6fb94b73df4d375a88e9442a2b528bd,2019-12,Staffordshire Police,Staffordshire Police,-2.225244,53.009773,On or near Nightclub,E01029604,Newcastle-under-Lyme 011E,Unable to prosecute suspect
7c1ada6f924219b901343960426285e51df42bcaecaa25447e5ad5e69da04f87,2019-12,Staffordshire Police,Staffordshire Police,,,No location,,,Unable to prosecute suspect
d923f0a385218696ac5ec6b4d5c8dc8f37d3d78c1fa6570a32a87dbed1f26fd1,2019-12,Staffordshire Police,Staffordshire Police,-2.186455,53.004222,On or near TRADE STREET,E01014345,Stoke-on-Trent 019E,Unable to prosecute suspect
dcce7f17839c17c67bde083e3290c5d7abad7e98750ab3c1b51dc5f7c8b07cf7,2019-12,Staffordshire Police,Staffordshire Police,-2.164003,53.033011,On or near OAK STREET,E01014327,Stoke-on-Trent 013B,Unable to prosecute suspect
b94ed830a92564d1a3bc0606049e1c3f95057a38f7275f14d6a211bb676b8dfb,2019-12,Staffordshire Police,Staffordshire Police,-2.161042,52.970567,On or near NETLEY PLACE,E01014237,Stoke-on-Trent 032C,Unable to prosecute suspect
d32df1b635d91f930c97db92893e7571ac409f7b6f1713418fcd4801cecf01f0,2019-12,Staffordshire Police,Staffordshire Police,,,No location,,,Unable to prosecute suspect
8a088814de9eeba596042ed0803a68ce6b6c8ca9a07c9c8a1edfb5128e4bc3c7,2019-12,Staffordshire Police,Staffordshire Police,-2.284099,53.030088,On or near HIGH LANE,E01029556,Newcastle-under-Lyme 005E,Unable to prosecute suspect
b7a11a8fab95df835695becde17317c13294b56459b80497eb82c7f2c00da784,2019-12,Staffordshire Police,Staffordshire Police,-2.151102,53.023823,On or near Sports/Recreation Area,E01014230,Stoke-on-Trent 014F,Unable to prosecute suspect
902ff70c178362323d9af2ee3f116a59472d1b82f0a0c3ca45e0ac09b8021ea0,2019-12,Staffordshire Police,Staffordshire Police,-2.301420,53.037929,On or near HARRISON CLOSE,E01029556,Newcastle-under-Lyme 005E,Unable to prosecute suspect
e4b1ddddf9de7d3612e757d1250addf1ca4722fe486fc5574e978b4353e56ebb,2019-12,Staffordshire Police,Staffordshire Police,-2.211431,53.022563,On or near SOMERVILLE AVENUE,E01029579,Newcastle-under-Lyme 009B,Unable to prosecute suspect
790f6e7aab5053cc1cbe09c93065a06796e3ae7eb790ad8cec465c1d1a9a598d,2019-12,Staffordshire Police,Staffordshire Police,-2.188909,53.077901,On or near OVERSLEY ROAD,E01014260,Stoke-on-Trent 001D,Unable to prosecute suspect
a3d6f16d13573fb3076547583a0c2d010136dd9dc01ee09e5c5df76224f4aad5,2019-12,Staffordshire Police,Staffordshire Police,,,No location,,,Unable to prosecute suspect
b88fd616d4800d848b940554a06a68a1c55b1367e68d38103aed72017e47ea16,2019-12,Staffordshire Police,Staffordshire Police,-2.125444,53.013336,On or near RAYLEIGH WAY,E01014222,Stoke-on-Trent 017C,Unable to prosecute suspect
f69771140346dd529d1b7cb1d4147306606d820ef5f6ef940b40f0e1c04b5124,2019-12,Staffordshire Police,Staffordshire Police,-2.242408,53.008741,On or near BAGGOTT PLACE,E01029599,Newcastle-under-Lyme 010F,Unable to prosecute suspect
fc4d30a34bab737395a22aeb1d68722d3b61e4619ecf07f80840e3110b4f93e2,2019-12,Staffordshire Police,Staffordshire Police,-2.173475,53.026139,On or near Shopping Area,E01014287,Stoke-on-Trent 015D,Unable to prosecute suspect
2e48559dc245d515430c388b5792d3b43bc35c4658c7b5c7c29324057fb7d090,2019-12,Staffordshire Police,Staffordshire Police,-2.229124,52.982618,On or near ASHRIDGE AVENUE,E01033257,Newcastle-under-Lyme 015H,Unable to prosecute suspect
3dc3b7b02a30a9ce6886b84c0c440a9df9985a966a55aeafdfbbd127aba8443f,2019-12,Staffordshire Police,Staffordshire Police,-2.175420,53.020697,On or near LOWER BETHESDA STREET,E01014287,Stoke-on-Trent 015D,Unable to prosecute suspect
12f38eecfc17cf8cc9d0819218d58f11eb9300d44c83f174bc1376547e6e5a0a,2019-12,Staffordshire Police,Staffordshire Police,-2.137960,52.988692,On or near Parking Area,E01014302,Stoke-on-Trent 022D,Unable to prosecute suspect
562b1e2747dd2ebec9f151d530c3cf95ba0b8f42a3227ce5a27577b863e8a250,2019-12,Staffordshire Police,Staffordshire Police,-2.212076,53.065745,On or near MALTON GROVE,E01014359,Stoke-on-Trent 002C,Unable to prosecute suspect
429a6a10cc74f6f903f978295147acbd6db4c8662dedec2e8981f74e3e47e68f,2019-12,Staffordshire Police,Staffordshire Police,-2.190396,52.998894,On or near VINEBANK STREET,E01014345,Stoke-on-Trent 019E,Unable to prosecute suspect
94fd6d56e5a62831b2e6215c9719ebbfe7e5b5eb8d9bb6992c5675b420723a5f,2019-12,Staffordshire Police,Staffordshire Police,,,No location,,,Unable to prosecute suspect
94fd6d56e5a62831b2e6215c9719ebbfe7e5b5eb8d9bb6992c5675b420723a5f,2019-12,Staffordshire Police,Staffordshire Police,,,No location,,,Unable to prosecute suspect
b4dcbd29706df8d97d41a5a8722097cca61a910538878a95487105353b905348,2019-12,Staffordshire Police,Staffordshire Police,,,No location,,,Unable to prosecute suspect
068962c39f04a96c092be95d4ee9dab41623de0f13d1b7e41b5f30a902a113fe,2019-12,Staffordshire Police,Staffordshire Police,-2.228879,53.088267,On or near MOSSFIELD CRESCENT,E01029565,Newcastle-under-Lyme 001B,Unable to prosecute suspect
db2c09ab8ba97220e136c5468274a50e3a4415a258afcf179008c009e3fc006f,2019-12,Staffordshire Police,Staffordshire Police,-2.170145,53.040122,On or near Supermarket,E01014253,Stoke-on-Trent 011B,Unable to prosecute suspect
b35b1c907a55d901178c45c7fa704aa5731e90ca75c13d3136239dd71a6ad289,2019-12,Staffordshire Police,Staffordshire Police,-2.170145,53.040122,On or near Supermarket,E01014253,Stoke-on-Trent 011B,Unable to prosecute suspect
0eef03f842e2d1479314a02eafea30da9dcc977983351b0bf2c6bd262eae68a2,2019-12,Staffordshire Police,Staffordshire Police,-2.203461,53.083855,On or near LINNETT GROVE,E01014264,Stoke-on-Trent 001E,Unable to prosecute suspect
9b706ccb2f6707e5546871cad41d648adb075a150d70dae67f085d5f2e119f35,2019-12,Staffordshire Police,Staffordshire Police,-2.186063,53.003089,On or near LONDON ROAD,E01014345,Stoke-on-Trent 019E,Unable to prosecute suspect
6a89e186ab48abc6bdfec1ad88ac9e67ba3377c066d6c6cd627eca91567c59d4,2019-12,Staffordshire Police,Staffordshire Police,-2.165765,53.060794,On or near BURNETT PLACE,E01014331,Stoke-on-Trent 004A,Unable to prosecute suspect
92917ada8d6b52366f54f7146981a97f70a73435b360c3c3ac52196c08160877,2019-12,Staffordshire Police,Staffordshire Police,-2.197033,53.049312,On or near BYCARS ROAD,E01014247,Stoke-on-Trent 009A,Unable to prosecute suspect
e70bee361437a33840dbac03739a9ce5a3a5d9ad6b53c5e5e3cc164a2a3ff089,2019-12,Staffordshire Police,Staffordshire Police,-2.177807,53.024640,On or near Nightclub,E01014287,Stoke-on-Trent 015D,Unable to prosecute suspect
2a7b00707ef2fd1199693d1f1231cc74b4b54c41511d0e7226c5647be9c430a0,2019-12,Staffordshire Police,Staffordshire Police,-2.200801,53.051247,On or near EVANS STREET,E01014252,Stoke-on-Trent 009D,Unable to prosecute suspect
16347fa11e165f050b019740f70fbd2f14b64a063d1f64494e54569b135905e3,2019-12,Staffordshire Police,Staffordshire Police,-2.155422,53.026991,On or near CROMER ROAD,E01014213,Stoke-on-Trent 012D,Unable to prosecute suspect
90be512d7701b0c2ffd324223895a8ec84c0aa12e051357670719577985582dc,2019-12,Staffordshire Police,Staffordshire Police,-2.206936,52.986659,On or near GREEN ROAD,E01014344,Stoke-on-Trent 023E,Unable to prosecute suspect
216fde777feaba70872088a49336b39ecabd994b7540a1d5e506ee1984579c09,2019-12,Staffordshire Police,Staffordshire Police,-2.194934,53.056902,On or near THORNLEY ROAD,E01014244,Stoke-on-Trent 006D,Unable to prosecute suspect
d7a0e88954bb7c4d2b2c39ec4d3f40289a595c02cc62daa59e9630c280731855,2019-12,Staffordshire Police,Staffordshire Police,-2.367438,52.986558,On or near Sports/Recreation Area,E01029574,Newcastle-under-Lyme 013C,Unable to prosecute suspect
ca9e227cecb14e7256cf8dbc57d934656d176fb805f78ef00c9b9a3f1702c2ff,2019-12,Staffordshire Police,Staffordshire Police,-2.130662,52.999082,On or near WIGMORE PLACE,E01014296,Stoke-on-Trent 022A,Unable to prosecute suspect
1655f61a9278a6de36b6c4a84fdf02a3de4de7afc96bec5d84f7d63e59a67b0f,2019-12,Staffordshire Police,Staffordshire Police,-2.149840,53.068051,On or near TRENTSIDE ROAD,E01014335,Stoke-on-Trent 004C,Unable to prosecute suspect
3da1296ca66e2895b5116d0114e7ec593f2a9cca8fd7e6460002e923b65e8073,2019-12,Staffordshire Police,Staffordshire Police,-2.146041,53.030437,On or near ST BERNARD PLACE,E01014210,Stoke-on-Trent 012A,Unable to prosecute suspect
093417c5b5238656b777e7c88980cf9bc208a04ee881642587ad70aeee7fa21a,2019-12,Staffordshire Police,Staffordshire Police,-2.133869,53.033822,On or near BIRCHFIELD ROAD,E01014211,Stoke-on-Trent 012B,Unable to prosecute suspect
38e06d01ac976e5907c0b9839e7ddb5db658eba5272512d0d44f56d5a6b11b2e,2019-12,Staffordshire Police,Staffordshire Police,-2.216573,53.010355,On or near LANCASTER AVENUE,E01029603,Newcastle-under-Lyme 011D,Unable to prosecute suspect
f334602d1d5e42626a4480571c58b78c828a5f150166c187217dca6b56ce422e,2019-12,Staffordshire Police,Staffordshire Police,-2.205940,52.987020,On or near GREYSWOOD ROAD,E01014342,Stoke-on-Trent 023C,Unable to prosecute suspect
bce5eb8326e3d9b4268bf7975e043bd3601b0245817b0c7d5082ca194c1f91a1,2019-12,Staffordshire Police,Staffordshire Police,,,No location,,,Unable to prosecute suspect
40e54ccbe234881bacac719593656791198d0b6d02276b238566ca46f56acf3e,2019-12,Staffordshire Police,Staffordshire Police,-2.186455,53.004222,On or near TRADE STREET,E01014345,Stoke-on-Trent 019E,Unable to prosecute suspect
a1a7e7785128e63e08b0034fb0220d90bbce51cc9bb626656ae3b8841f61df69,2019-12,Staffordshire Police,Staffordshire Police,-2.172659,52.986264,On or near DENNIS VIOLLET AVENUE,E01014234,Stoke-on-Trent 026B,Unable to prosecute suspect
564092e27cf46ace8542256ffc46621ce3ce6fdbde15b394b8765a70bf04cd7e,2019-12,Staffordshire Police,Staffordshire Police,-2.202323,52.994137,On or near WOODBERRY AVENUE,E01014342,Stoke-on-Trent 023C,Unable to prosecute suspect
a2e94b5f6c574905cef1d1cc4338de96b66925247d9b52b75190de69c588853b,2019-12,Staffordshire Police,Staffordshire Police,-2.182975,53.069200,On or near SUTTON PLACE,E01014261,Stoke-on-Trent 003A,Unable to prosecute suspect
8cff87d04f14cb20d3a601f257fc9a9dda7d459d15ec5fa3c3c0d05697f5210f,2019-12,Staffordshire Police,Staffordshire Police,,,No location,,,Unable to prosecute suspect
0e6b1d495abbd1c91aa12405d594de920abfd55b1f3a74e85843453143e1f131,2019-12,Staffordshire Police,Staffordshire Police,-2.136023,52.988721,On or near TRANSPORT LANE,E01014302,Stoke-on-Trent 022D,Unable to prosecute suspect
104b0b7ef860e64439ea37dd164afc1a85bdeaa683e4ee5b52573dbb945d21f4,2019-12,Staffordshire Police,Staffordshire Police,-2.190095,52.994903,On or near NAVE ROAD,E01014340,Stoke-on-Trent 019D,Unable to prosecute suspect
10d14c0be7ea6aea08077cc3eaf150cfd81e9be273fa1ef7a93be3fce5894dd7,2019-12,Staffordshire Police,Staffordshire Police,-2.180744,53.024627,On or near PARKER STREET,E01014287,Stoke-on-Trent 015D,Unable to prosecute suspect
2d44b64bb78fb0743ff21a50b1c991a174d5d4b3dfb902ecb82aa6f7867eaa5d,2019-12,Staffordshire Police,Staffordshire Police,-2.184189,53.077316,On or near HOULDSWORTH DRIVE,E01014257,Stoke-on-Trent 001A,Unable to prosecute suspect
6b3aa353520c20f44dce345b7f9f86a4e6d961c3e8c5890f940e8e37cf0de63f,2019-12,Staffordshire Police,Staffordshire Police,-2.153104,52.999559,On or near WALLIS STREET,E01014274,Stoke-on-Trent 020A,Unable to prosecute suspect
da293459c9f688960c3a5b6405274a829311fe38dcf2d1e50ca23e3f8329c4ec,2019-12,Staffordshire Police,Staffordshire Police,-1.986270,52.985346,On or near VICTORIA STREET,E01029787,Staffordshire Moorlands 011D,Unable to prosecute suspect
1d33f59cd552ceb948dd8586182e953580382f0235f5c67616e3074f4f317bed,2019-12,Staffordshire Police,Staffordshire Police,-2.209755,53.015042,On or near SACKVILLE STREET,E01014288,Stoke-on-Trent 018A,Unable to prosecute suspect
0c7765f66d052cfdfa80da0dbda94f4e59c6ee98077b8227267acf3fbf634f1b,2019-12,Staffordshire Police,Staffordshire Police,-2.189294,53.039760,On or near WARBURTON STREET,E01014249,Stoke-on-Trent 011A,Unable to prosecute suspect
5bc19f69df8f8bc7bf096a83739f0a7b7ee21bf2bcf444fe2eb857a367760224,2019-12,Staffordshire Police,Staffordshire Police,-2.137054,52.989681,On or near MOULTON ROAD,E01014302,Stoke-on-Trent 022D,Unable to prosecute suspect
0ce4c8110f596d90f881fa275c1d2009f033aee2e261a78c424798705a85ae8d,2019-12,Staffordshire Police,Staffordshire Police,-2.252969,53.040954,On or near VICTORIA PLACE,E01029548,Newcastle-under-Lyme 007B,Unable to prosecute suspect
9b00760f7920ee6244a2253ba23e1c44571fe4ef55a4a20136fb46dc2994db6a,2019-12,Staffordshire Police,Staffordshire Police,-2.141406,52.994818,On or near CARRON STREET,E01014278,Stoke-on-Trent 021B,Unable to prosecute suspect
2a3608a424cd04e07accfd2d2c393beb088c9f3d026441f676f3f926ef3d5baa,2019-12,Staffordshire Police,Staffordshire Police,-1.982258,52.997724,On or near WEAVER CLOSE,E01029782,Staffordshire Moorlands 010B,Unable to prosecute suspect
524f9bcf61f4ffe2336f6bf195a77469e7b4824f3be274674b076ad80b491b49,2019-12,Staffordshire Police,Staffordshire Police,-2.111253,52.983919,On or near CURLAND PLACE,E01014304,Stoke-on-Trent 025D,Unable to prosecute suspect
07e5b833f88cdb31f3be4e00c35669ef1f8facb920fb61f705e1ab1511210fe1,2019-12,Staffordshire Police,Staffordshire Police,,,No location,,,Unable to prosecute suspect
5f90921ce418fb50375086df0e0f4b7ef28dee1c066b7365005f1454cfb27c1b,2019-12,Staffordshire Police,Staffordshire Police,-2.057088,52.966726,On or near THE AVENUE,E01029798,Staffordshire Moorlands 012C,Unable to prosecute suspect
231325142b76d4975b667c44ca64baae51f91c5b4a6becf3d2ab530b5b5d5bd6,2019-12,Staffordshire Police,Staffordshire Police,-1.972493,53.219193,On or near Park/Open Space,E01029797,Staffordshire Moorlands 001A,Unable to prosecute suspect
231325142b76d4975b667c44ca64baae51f91c5b4a6becf3d2ab530b5b5d5bd6,2019-12,Staffordshire Police,Staffordshire Police,-1.972493,53.219193,On or near Park/Open Space,E01029797,Staffordshire Moorlands 001A,Unable to prosecute suspect
d27c89ddfc3f4610b729db07f9f2b500be617501043f71170125533282a4db4e,2019-12,Staffordshire Police,Staffordshire Police,-2.291348,53.056975,On or near DIGLAKE STREET,E01029534,Newcastle-under-Lyme 005C,Unable to prosecute suspect
e9b19d4e40f1271594de651fda6e7a6143d6cb63c87e69f9a14efe84b7426a3e,2019-12,Staffordshire Police,Staffordshire Police,-2.116845,53.008140,On or near LAUDER PLACE NORTH,E01014223,Stoke-on-Trent 017D,Unable to prosecute suspect
e493bd60d73a5848f64edcfb2a604e84b38d21f7bdd841ed4b0c67bc35bc0ca0,2019-12,Staffordshire Police,Staffordshire Police,-2.228985,53.012579,On or near HICKMAN STREET,E01029604,Newcastle-under-Lyme 011E,Unable to prosecute suspect
b5e6621753892dd68a800c1cc53e675b58645909fdb40306ae3ac1898ae23b07,2019-12,Staffordshire Police,Staffordshire Police,-2.226974,52.998605,On or near KENDAL PLACE,E01029607,Newcastle-under-Lyme 014F,Unable to prosecute suspect
19a7929688692bb0ded7bb06dc4fe7947dc2370b2adb8f1d72b5d756fac95a25,2019-12,Staffordshire Police,Staffordshire Police,-2.174396,53.025418,On or near Shopping Area,E01014287,Stoke-on-Trent 015D,Unable to prosecute suspect
b194132177cb37835a8e8b88b89b062bfb4bb60387f03ec0677cbde6cf254649,2019-12,Staffordshire Police,Staffordshire Police,-2.179487,53.012682,On or near AVENUE ROAD,E01014282,Stoke-on-Trent 016D,Unable to prosecute suspect
69f3088b65759e89696042a52d5ca2786aeda949ad1b94335bd99564d4a49398,2019-12,Staffordshire Police,Staffordshire Police,-2.166034,53.018122,On or near Supermarket,E01033216,Stoke-on-Trent 016G,Unable to prosecute suspect
8a7c03220176ff6123fa5164fb2ca42677db6cc28f7ce985aa12957516d4d700,2019-12,Staffordshire Police,Staffordshire Police,-2.095636,52.966997,On or near CONSTABLE CLOSE,E01014318,Stoke-on-Trent 033B,Unable to prosecute suspect
9afeaa9dfd62d7846525d110f9bd04cf356f951c8b9011462c67fac547e36151,2019-12,Staffordshire Police,Staffordshire Police,-2.171120,53.052786,On or near REGINA STREET,E01014268,Stoke-on-Trent 008C,Unable to prosecute suspect
e5772d2e479e41b73fc61f4ec64bf8b1931d9501a5567d533dbd6bfc381fa3f8,2019-12,Staffordshire Police,Staffordshire Police,-2.228985,53.012579,On or near HICKMAN STREET,E01029604,Newcastle-under-Lyme 011E,Unable to prosecute suspect
c518296036bbb7fe93f3077abf7a04d67d35c67a2bed28efce08a7bda0c39145,2019-12,Staffordshire Police,Staffordshire Police,-2.141007,53.036717,On or near SHELLEY ROAD,E01014210,Stoke-on-Trent 012A,Unable to prosecute suspect
fe7efc12f0783f0987bd87a1467932625ed7816a76ac181fdddf8b6b1d0d1758,2019-12,Staffordshire Police,Staffordshire Police,-2.186860,53.066731,On or near BURNWOOD PLACE,E01014262,Stoke-on-Trent 003B,Unable to prosecute suspect
ca32f9bc6b2b2eee1c2b30d9b267718c136cb7b8b34829a10cd399d799a0a0c0,2019-12,Staffordshire Police,Staffordshire Police,-2.203461,53.083855,On or near LINNETT GROVE,E01014264,Stoke-on-Trent 001E,Unable to prosecute suspect
b1630bb0e266f0f333f707bd3e35577fa447f7b0ac2f043e274822689680cf6c,2019-12,Staffordshire Police,Staffordshire Police,-2.130274,52.998678,On or near CLAYFIELD GROVE,E01014296,Stoke-on-Trent 022A,Unable to prosecute suspect
2eff16f68b47e826b1b09ad0af6d55790f1587997ddbfa95e21b52f51bfef05d,2019-12,Staffordshire Police,Staffordshire Police,-2.172897,53.023299,On or near BIRCH TERRACE,E01014287,Stoke-on-Trent 015D,Unable to prosecute suspect
b300cf98f4d0938b8dcff82dc39be4dd5ca2d6f5f2cf51804d50272718d8fc9c,2019-12,Staffordshire Police,Staffordshire Police,-2.197515,53.007889,On or near QUARRY ROAD,E01014292,Stoke-on-Trent 018E,Unable to prosecute suspect
6fcbf222dd8def2fe859ef24362ac3907a261495757c0d9442a75b0d158181b1,2019-12,Staffordshire Police,Staffordshire Police,-2.244803,53.089512,On or near Supermarket,E01029564,Newcastle-under-Lyme 002C,Unable to prosecute suspect
f4ec9a2d0d24ed428df18b5d6783e9abb97857c139fe3418212b84acdc295e5f,2019-12,Staffordshire Police,Staffordshire Police,-2.205793,53.043922,On or near NEWPORT STREET,E01014250,Stoke-on-Trent 009B,Unable to prosecute suspect
6b37290699c3cc67279dfc9c239f34ade261433f3090dad72f1e9a2246dcd954,2019-12,Staffordshire Police,Staffordshire Police,-2.097448,52.985136,On or near MACDONALD CRESCENT,E01014364,Stoke-on-Trent 024B,Unable to prosecute suspect
603f84522032d0e4090b3142e5954c49233f7acafd82366222533bbe1e995a8f,2019-12,Staffordshire Police,Staffordshire Police,-2.027984,53.110382,On or near PARK ROAD,E01029807,Staffordshire Moorlands 005B,Unable to prosecute suspect
d8c3973bff9dc7d0937418c63771293de348eaa3c6b57d2c4dd4a0a8a8b9a887,2019-12,Staffordshire Police,Staffordshire Police,-2.164798,53.026268,On or near ELIZABETH STREET,E01014328,Stoke-on-Trent 013C,Unable to prosecute suspect
e901c8fe47ecb95c30ab228c53709e078536952f52cb231dde63ce43ee073e30,2019-12,Staffordshire Police,Staffordshire Police,-2.261790,53.014938,On or near THE ACRES,E01029567,Newcastle-under-Lyme 010D,Unable to prosecute suspect
20caee06807a745e1eb83781e72db48f56609a16b4e1975aecb85faff91356da,2019-12,Staffordshire Police,Staffordshire Police,-1.982258,52.997724,On or near WEAVER CLOSE,E01029782,Staffordshire Moorlands 010B,Unable to prosecute suspect
fea68bc86b45ef6f8c162241f29acba4e5fd7997cd28044a58755cc648f13150,2019-12,Staffordshire Police,Staffordshire Police,-1.981739,52.955043,On or near BOXWOOD ROAD,E01029790,Staffordshire Moorlands 013D,Unable to prosecute suspect
bb22143c6766f65d1065b389f3b4c9fffdd1f5e7bc2cd3f931639014489b6b87,2019-12,Staffordshire Police,Staffordshire Police,-2.210879,53.028550,On or near Shopping Area,E01029611,Newcastle-under-Lyme 008E,Unable to prosecute suspect
bb22143c6766f65d1065b389f3b4c9fffdd1f5e7bc2cd3f931639014489b6b87,2019-12,Staffordshire Police,Staffordshire Police,-2.210879,53.028550,On or near Shopping Area,E01029611,Newcastle-under-Lyme 008E,Unable to prosecute suspect
bb22143c6766f65d1065b389f3b4c9fffdd1f5e7bc2cd3f931639014489b6b87,2019-12,Staffordshire Police,Staffordshire Police,-2.210879,53.028550,On or near Shopping Area,E01029611,Newcastle-under-Lyme 008E,Unable to prosecute suspect
52f52220d926f9c87de64c4204507535240aef55013962fc0c2c030868b111c7,2019-12,Staffordshire Police,Staffordshire Police,-2.155372,52.971564,On or near RIPON ROAD,E01014235,Stoke-on-Trent 032A,Unable to prosecute suspect
ce77fe956a842807235de02c42e30b4a162261ca84cf1d6a50f3eff4326be668,2019-12,Staffordshire Police,Staffordshire Police,,,No location,,,Unable to prosecute suspect
d106127d4265464aa8954e7e3820cb7d7e66df94cbb05d98a4287228f2a61bd9,2019-12,Staffordshire Police,Staffordshire Police,-2.301016,52.960640,On or near CONEYGREAVE LANE,E01029570,Newcastle-under-Lyme 016B,Unable to prosecute suspect
3cb5f28495cf748e423407ea8176eae40a6877ef4716bc5bbfcceeb093350966,2019-12,Staffordshire Police,Staffordshire Police,-2.158636,52.992558,On or near CAMDEN STREET,E01014279,Stoke-on-Trent 020E,Unable to prosecute suspect
da0debc1c9ae83bb34afbe1febaba915833d1da876f0222a4b16fbccc245053f,2019-12,Staffordshire Police,Staffordshire Police,-2.009384,53.101090,On or near Petrol Station,E01029806,Staffordshire Moorlands 001B,Unable to prosecute suspect
1c4f71dafacbd99ab609f275bef281aa83c4d0b42c94fd827657712c5119b6e4,2019-12,Staffordshire Police,Staffordshire Police,-2.169948,53.005217,On or near Further/Higher Educational Building,E01014276,Stoke-on-Trent 020C,Unable to prosecute suspect
492ef541b1989972f6095436c9bbf9ae2bb3574d03f41454133997d0d03011f5,2019-12,Staffordshire Police,Staffordshire Police,-2.186860,53.066731,On or near BURNWOOD PLACE,E01014262,Stoke-on-Trent 003B,Unable to prosecute suspect
0e072393d1d31c8f1c418ea7f7385bca241b8323a2a778c1b37aee9de137afce,2019-12,Staffordshire Police,Staffordshire Police,-2.198129,53.057472,On or near GLYN PLACE,E01014244,Stoke-on-Trent 006D,Unable to prosecute suspect
2e8887d1ca2243b7b4364a118beeb35315e72571f7705cd75dfd6b6a3a001754,2019-12,Staffordshire Police,Staffordshire Police,-2.198129,53.057472,On or near GLYN PLACE,E01014244,Stoke-on-Trent 006D,Unable to prosecute suspect
3fd17f818daae2b189ed4e93777b98c284c27ebdb8339f4d4d3708e6e1720128,2019-12,Staffordshire Police,Staffordshire Police,-1.882492,53.052007,On or near MANIFOLD CLOSE,E01029801,Staffordshire Moorlands 007A,Unable to prosecute suspect
078ab38e889145ec0f762b46ad2087ea25458637e90e3c376ad0bfef874336e0,2019-12,Staffordshire Police,Staffordshire Police,-2.166780,53.026121,On or near ST ANN STREET,E01014328,Stoke-on-Trent 013C,Unable to prosecute suspect
0dcba36057c6d9b040bde577bd272b228057f472de813242fe54b27aa57926a1,2019-12,Staffordshire Police,Staffordshire Police,-2.197380,53.046929,On or near WEDGWOOD PLACE,E01014251,Stoke-on-Trent 009C,Unable to prosecute suspect
2c3af06e1440ef2c374a1ee0f3dd0441757d518e932021d69f5f9725f1270abc,2019-12,Staffordshire Police,Staffordshire Police,-2.097448,52.985136,On or near MACDONALD CRESCENT,E01014364,Stoke-on-Trent 024B,Unable to prosecute suspect
a2ddf3462d0633cce1e66c42dd658741b670133ccba4dd04571ba321bd130257,2019-12,Staffordshire Police,Staffordshire Police,-1.984018,52.994191,On or near EPSOM CLOSE,E01029781,Staffordshire Moorlands 011A,Unable to prosecute suspect
8c2d7a9977a0b2a6c13206f548eb264f04633ab31baa1b03c3058a2aec5d01c5,2019-12,Staffordshire Police,Staffordshire Police,-2.284819,53.055732,On or near TIBB STREET,E01029534,Newcastle-under-Lyme 005C,Unable to prosecute suspect
b6a25e68d165d34dd8ba5324da4b0c6f7879170593e2ae47055592e99fde962e,2019-12,Staffordshire Police,Staffordshire Police,-1.800396,53.055412,On or near Bus/Coach Station,E01029801,Staffordshire Moorlands 007A,Unable to prosecute suspect
e55081ff43cac25c038c738d8855b86eeb7b3f290246f5bb00290fe0f4295be8,2019-12,Staffordshire Police,Staffordshire Police,-2.143601,53.036516,On or near LEEK ROAD,E01014210,Stoke-on-Trent 012A,Unable to prosecute suspect
f3f2384d3338c39e3c0b8530cd2107ff3655cd90d23fe5b87e0b2681d8499ed7,2019-12,Staffordshire Police,Staffordshire Police,-2.124169,53.005526,On or near TALLY CLOSE,E01014229,Stoke-on-Trent 017F,Unable to prosecute suspect
d70e7e708a9a475baf9dd6646a80c36b6ffab0afaf24e86c5a8b34a8ae63f037,2019-12,Staffordshire Police,Staffordshire Police,-1.985463,52.992358,On or near VICTORY CRESCENT,E01029782,Staffordshire Moorlands 010B,Unable to prosecute suspect
14867c041048743c5d7925f805f533065531ec868a28efd1cf325f2e572527b9,2019-12,Staffordshire Police,Staffordshire Police,-2.229827,53.019625,On or near MAYER AVENUE,E01029555,Newcastle-under-Lyme 011A,Unable to prosecute suspect
ddf538b6432aacfcdf60db5d3a91215baadffb0040ff24275ac0bdf6a4271ee9,2019-12,Staffordshire Police,Staffordshire Police,-2.140196,53.030354,On or near WALLIS PLACE,E01014213,Stoke-on-Trent 012D,Unable to prosecute suspect
bec8d1a24a691bf7f6c91d399e3082764d895451158fbb043be66ebc4135c17a,2019-12,Staffordshire Police,Staffordshire Police,-2.184768,52.968465,On or near FARMADINE,E01014350,Stoke-on-Trent 034B,Unable to prosecute suspect
b436835a11177063cf2c99a2c1409bec08e25f127e5b9d734e804c5bacadb31d,2019-12,Staffordshire Police,Staffordshire Police,-2.153949,53.023640,On or near WESTACRE,E01014230,Stoke-on-Trent 014F,Unable to prosecute suspect
b436835a11177063cf2c99a2c1409bec08e25f127e5b9d734e804c5bacadb31d,2019-12,Staffordshire Police,Staffordshire Police,-2.153949,53.023640,On or near WESTACRE,E01014230,Stoke-on-Trent 014F,Unable to prosecute suspect
2d071a0d8442e2e081d74727e06b1b04ee1d15b271a4d067ed60ef8b22a297a7,2019-12,Staffordshire Police,Staffordshire Police,-2.153949,53.023640,On or near WESTACRE,E01014230,Stoke-on-Trent 014F,Unable to prosecute suspect
2d071a0d8442e2e081d74727e06b1b04ee1d15b271a4d067ed60ef8b22a297a7,2019-12,Staffordshire Police,Staffordshire Police,-2.153949,53.023640,On or near WESTACRE,E01014230,Stoke-on-Trent 014F,Unable to prosecute suspect
553a966c7d7c8c05abd901a121bc854ab91fcead8abb3136614f3310de07ed09,2019-12,Staffordshire Police,Staffordshire Police,-2.153949,53.023640,On or near WESTACRE,E01014230,Stoke-on-Trent 014F,Unable to prosecute suspect
553a966c7d7c8c05abd901a121bc854ab91fcead8abb3136614f3310de07ed09,2019-12,Staffordshire Police,Staffordshire Police,-2.153949,53.023640,On or near WESTACRE,E01014230,Stoke-on-Trent 014F,Unable to prosecute suspect
f7184a13bade223ce41402c5c9730159ba226a1f509331782d85ad5f086af7ba,2019-12,Staffordshire Police,Staffordshire Police,-2.253489,53.083759,On or near HOLLINS CRESCENT,E01029541,Newcastle-under-Lyme 003B,Unable to prosecute suspect
f89c9a97f40aeedae89e6faba57798cb17a10ab621375c464ce958778775d33e,2019-12,Staffordshire Police,Staffordshire Police,-2.190266,53.016755,On or near CASTLEFIELD STREET,E01014281,Stoke-on-Trent 015A,Unable to prosecute suspect
009be65c7ba8ff224b673bedbc9c03c894b1a86a1805e6741b3c8cce55b7fe6e,2019-12,Staffordshire Police,Staffordshire Police,-2.157689,53.035303,On or near ORPHEUS GROVE,E01014326,Stoke-on-Trent 010D,Unable to prosecute suspect
87fc2e99535aa21c4453c5b4bbda6b69080b900cb4c997f1c4eda34dffa9f5b3,2019-12,Staffordshire Police,Staffordshire Police,-2.169948,53.005217,On or near Further/Higher Educational Building,E01014276,Stoke-on-Trent 020C,Unable to prosecute suspect
e90053f02fb7f841fb63c0abbedd84936a8722dff36dbd50a640eb25f088671a,2019-12,Staffordshire Police,Staffordshire Police,-2.129812,52.978983,On or near CHAPLIN ROAD,E01014312,Stoke-on-Trent 029D,Unable to prosecute suspect
c575c1a8437f152dfb404c990b11746588028bf552baf128414654fae240b506,2019-12,Staffordshire Police,Staffordshire Police,-2.172661,53.020306,On or near OGDEN ROAD,E01014287,Stoke-on-Trent 015D,Unable to prosecute suspect
7bee34af0b019b5e9fcdb500f1d42c6c3e0d16770f0f93ac7fc205bcacac1ada,2019-12,Staffordshire Police,Staffordshire Police,-2.258211,53.047109,On or near CHERRY CLOSE,E01029548,Newcastle-under-Lyme 007B,Unable to prosecute suspect
2b78f9081a38091b74cc758d6558107aa2db901a2729e6166793c9dce32e7a2d,2019-12,Staffordshire Police,Staffordshire Police,-2.197645,53.049473,On or near CAULTON STREET,E01014247,Stoke-on-Trent 009A,Unable to prosecute suspect
9f53e8bdc8feded3b9c7d43cf9769a99f4c17988f60c0d9aa34626670a16a346,2019-12,Staffordshire Police,Staffordshire Police,-2.186063,53.003089,On or near LONDON ROAD,E01014345,Stoke-on-Trent 019E,Unable to prosecute suspect
6300d05912a6a6b0464b6165c98e7fc60c293b02c71d7bc97471e7305de26ffc,2019-12,Staffordshire Police,Staffordshire Police,-2.181123,53.004877,On or near GLEBE STREET,E01014293,Stoke-on-Trent 019A,Unable to prosecute suspect
0e6568f292833b4af3a21e893538180bcb43fa4cc72d378297c0aba291624bfb,2019-12,Staffordshire Police,Staffordshire Police,-2.162978,53.029884,On or near FELCOURT GARDENS,E01014329,Stoke-on-Trent 013D,Unable to prosecute suspect
e2d620c9417e2470a810bd8acdc97e4b89b88a4f5acf54e01964593d5d99847a,2019-12,Staffordshire Police,Staffordshire Police,-2.247011,53.037065,On or near Petrol Station,E01029558,Newcastle-under-Lyme 006E,Unable to prosecute suspect
69f3b2cf905c510f4d7571254bd5e76e23cd147d011534359e20f03b8335c76a,2019-12,Staffordshire Police,Staffordshire Police,-2.177305,53.116509,On or near WHARF ROAD,E01029774,Staffordshire Moorlands 003E,Unable to prosecute suspect
88ee8d890a8679299e3e438c44e7ed417c8a17e8579fd857111a63cd8aa0ef05,2019-12,Staffordshire Police,Staffordshire Police,-2.235314,53.014373,On or near KNUTTON LANE,E01029604,Newcastle-under-Lyme 011E,Unable to prosecute suspect
88ee8d890a8679299e3e438c44e7ed417c8a17e8579fd857111a63cd8aa0ef05,2019-12,Staffordshire Police,Staffordshire Police,-2.235314,53.014373,On or near KNUTTON LANE,E01029604,Newcastle-under-Lyme 011E,Unable to prosecute suspect
2c383433a4b3633c674af29fc279e2c923efe2f770488481c44a7dbecd509ecc,2019-12,Staffordshire Police,Staffordshire Police,-2.213420,53.059945,On or near PIERCE STREET,E01014354,Stoke-on-Trent 005A,Unable to prosecute suspect
606246b163dbd62e338bfbc6baa9b7511000591247b7fc246a07797c58274a31,2019-12,Staffordshire Police,Staffordshire Police,-2.193254,53.064905,On or near GOWAN AVENUE,E01014242,Stoke-on-Trent 006B,Unable to prosecute suspect
1bc958353f227f930f7681a34564640b325213e990b839076f45ce36f4b20523,2019-12,Staffordshire Police,Staffordshire Police,-2.186521,53.029840,On or near EASTBANK ROAD,E01014254,Stoke-on-Trent 011C,Unable to prosecute suspect
b977b6fa89bbc690ff15e8b1de075ef6b80f49ef037b10bbf1ef9339e1eeb2d6,2019-12,Staffordshire Police,Staffordshire Police,-2.178106,53.050124,On or near JOLLEY STREET,E01014246,Stoke-on-Trent 008A,Unable to prosecute suspect
322b2a1e76c977bb9e2b9672fbb2f2f7d61e3ba7b14c27781c8f40a6c92304be,2019-12,Staffordshire Police,Staffordshire Police,-1.919008,53.126340,On or near WELL LANE,E01029817,Staffordshire Moorlands 007C,Unable to prosecute suspect
23b3462dcdd1c3196e0adb2ebeaf1928796ebdf0f93460d2323fde9f0e0cc6b3,2019-12,Staffordshire Police,Staffordshire Police,-2.180714,53.017516,On or near SHELTON FARM ROAD,E01014287,Stoke-on-Trent 015D,Unable to prosecute suspect
0d74dea18eecc64b0401def1fc82836d46218da6b1cb04adcb33009a175b7da8,2019-12,Staffordshire Police,Staffordshire Police,-2.192404,53.028195,On or near RIDGEHOUSE DRIVE,E01014285,Stoke-on-Trent 015B,Unable to prosecute suspect
37d7c0d750da11e5d2ca3b0ff25cbf300d9be0de4e3f0ca42b6f162d1cfc5b14,2019-12,Staffordshire Police,Staffordshire Police,,,No location,,,Unable to prosecute suspect
721f220a94670b42c2dff30d3801d1065ee8280e8f01432368b78034bdaf479a,2019-12,Staffordshire Police,Staffordshire Police,,,No location,,,Unable to prosecute suspect
721f220a94670b42c2dff30d3801d1065ee8280e8f01432368b78034bdaf479a,2019-12,Staffordshire Police,Staffordshire Police,,,No location,,,Unable to prosecute suspect
5b21bcf656d0f228a20c88f58797c9f4652fb99a7a2671e4b0a55911cdae2787,2019-12,Staffordshire Police,Staffordshire Police,-2.251531,53.042386,On or near LONDON ROAD,E01029548,Newcastle-under-Lyme 007B,Unable to prosecute suspect
51fda380f17495c0f7f51c5ffc859696b382a8a8b9d809f13309078fd92ba267,2019-12,Staffordshire Police,Staffordshire Police,-2.186155,53.003620,On or near Theatre/Concert Hall,E01014345,Stoke-on-Trent 019E,Unable to prosecute suspect
062c4495a23c4820d5be0ca3e232aac2e6e2470bdb0662fe905d31fbce992156,2019-12,Staffordshire Police,Staffordshire Police,-2.166296,53.035965,On or near CHORLTON ROAD,E01014323,Stoke-on-Trent 013A,Unable to prosecute suspect
934d6b86c0aa23f044e56952b925d21c6a881a492fe5fe3e5e4076a334878085,2019-12,Staffordshire Police,Staffordshire Police,-2.133643,53.037831,On or near BUTTS GREEN,E01014211,Stoke-on-Trent 012B,Unable to prosecute suspect
319fa655ede84850f45c798344861dfaf21add8024bd243367e26b8d258a00ef,2019-12,Staffordshire Police,Staffordshire Police,-2.133643,53.037831,On or near BUTTS GREEN,E01014211,Stoke-on-Trent 012B,Unable to prosecute suspect
63d78f932a1380d6e109ec5e80f890495586e271fe67886ae41dd62dba4d427d,2019-12,Staffordshire Police,Staffordshire Police,-2.139909,53.024727,On or near PENNELL STREET,E01014219,Stoke-on-Trent 014B,Unable to prosecute suspect
26e00acf3113028a25f87581c680cdb45b3314bf55134513ce767ac43beaf34f,2019-12,Staffordshire Police,Staffordshire Police,-2.195856,53.006957,On or near WEST AVENUE,E01014292,Stoke-on-Trent 018E,Unable to prosecute suspect
563e0fa380766b10ef52ebd16e00d4781215dfce3eadc84537839ea1bf24b417,2019-12,Staffordshire Police,Staffordshire Police,-2.235314,53.014373,On or near KNUTTON LANE,E01029604,Newcastle-under-Lyme 011E,Unable to prosecute suspect
563e0fa380766b10ef52ebd16e00d4781215dfce3eadc84537839ea1bf24b417,2019-12,Staffordshire Police,Staffordshire Police,-2.235314,53.014373,On or near KNUTTON LANE,E01029604,Newcastle-under-Lyme 011E,Unable to prosecute suspect
27ec4078dd0989e6540b9e69de3256ea1f5f0bc799cc35fb3e21c9b67005c7cd,2019-12,Staffordshire Police,Staffordshire Police,-2.235314,53.014373,On or near KNUTTON LANE,E01029604,Newcastle-under-Lyme 011E,Unable to prosecute suspect
27ec4078dd0989e6540b9e69de3256ea1f5f0bc799cc35fb3e21c9b67005c7cd,2019-12,Staffordshire Police,Staffordshire Police,-2.235314,53.014373,On or near KNUTTON LANE,E01029604,Newcastle-under-Lyme 011E,Unable to prosecute suspect
a4f701a8e22dae5e65c0375f2d6d54aa3d2ad1b08e34f056e71f1688f04744ba,2019-12,Staffordshire Police,Staffordshire Police,-2.235314,53.014373,On or near KNUTTON LANE,E01029604,Newcastle-under-Lyme 011E,Unable to prosecute suspect
a4f701a8e22dae5e65c0375f2d6d54aa3d2ad1b08e34f056e71f1688f04744ba,2019-12,Staffordshire Police,Staffordshire Police,-2.235314,53.014373,On or near KNUTTON LANE,E01029604,Newcastle-under-Lyme 011E,Unable to prosecute suspect
753b056155ff3be44bce1802bbbf4161c389d6bf16162795ec13c957c2e2c899,2019-12,Staffordshire Police,Staffordshire Police,,,No location,,,Unable to prosecute suspect
753b056155ff3be44bce1802bbbf4161c389d6bf16162795ec13c957c2e2c899,2019-12,Staffordshire Police,Staffordshire Police,,,No location,,,Unable to prosecute suspect
753b056155ff3be44bce1802bbbf4161c389d6bf16162795ec13c957c2e2c899,2019-12,Staffordshire Police,Staffordshire Police,,,No location,,,Unable to prosecute suspect
05b7032270bd0dd7c2356a4bbdd2216d8fa166d9dcf5fa781cfeaeee459bc2d9,2019-12,Staffordshire Police,Staffordshire Police,-2.155154,52.997929,On or near RUBIAN STREET,E01014274,Stoke-on-Trent 020A,Unable to prosecute suspect
df3f1558b9a74ef8b488ec6515bae55eb9f9398eed67891a74f33b6d7dd615de,2019-12,Staffordshire Police,Staffordshire Police,-2.128143,53.018933,On or near RUTHIN ROAD,E01014220,Stoke-on-Trent 017A,Unable to prosecute suspect
5c8361f5943614854074ea2d057448a0df639f60b22624d9c44d69c2ff88b622,2019-12,Staffordshire Police,Staffordshire Police,-2.130827,52.979567,On or near ERSKINE STREET,E01014306,Stoke-on-Trent 029B,Unable to prosecute suspect
02446d885fcbd65add4c22ba2c67e9411bece6eb7a3a47594128e0ccb293db4e,2019-12,Staffordshire Police,Staffordshire Police,-2.201142,52.986705,On or near MARINA ROAD,E01014343,Stoke-on-Trent 023D,Unable to prosecute suspect
3cba681f6e04165d8872e49fffd74338b72ff8796bfff0a8f71eda3043fd6097,2019-12,Staffordshire Police,Staffordshire Police,-2.176143,53.110102,On or near VILLA CLOSE,E01029763,Staffordshire Moorlands 003A,Unable to prosecute suspect
e08ddd51f1b1a4ed95712b400d32945322a6a53a22a39f11802c6b8cd9767562,2019-12,Staffordshire Police,Staffordshire Police,-2.256596,53.051463,On or near BARBRIDGE ROAD,E01029546,Newcastle-under-Lyme 004D,Unable to prosecute suspect
bd3b2a772414291ae64c20cf37457e7e9e384239bf6fd4f568c2aadec1bd41c8,2019-12,Staffordshire Police,Staffordshire Police,-2.183078,53.040678,On or near FRASER STREET,E01014249,Stoke-on-Trent 011A,Unable to prosecute suspect
f07f388e80033b13b26a8af2b76b5d8f2c6be4ef70ecc3b8425e5b44c6068ab7,2019-12,Staffordshire Police,Staffordshire Police,-2.160213,52.972061,On or near JESMOND GROVE,E01014237,Stoke-on-Trent 032C,Unable to prosecute suspect
b5fdd2208d6c9ac16fe7e4eb9658d755485fe4de077321f71583da7e14df67cd,2019-12,Staffordshire Police,Staffordshire Police,-2.012016,53.116236,On or near CHURNET VIEW,E01029809,Staffordshire Moorlands 001D,Unable to prosecute suspect
92ef30120aba0a8b0341720ceb2c230afec1dcabf0d067da3d0511026a588c89,2019-12,Staffordshire Police,Staffordshire Police,-2.009864,53.111068,On or near ABBOTT'S ROAD,E01029810,Staffordshire Moorlands 001E,Unable to prosecute suspect
e1b30871f2f7d1e67cfc40a0b35b2a1a3297a64773ce113f3ca6bfd36d0de76a,2019-12,Staffordshire Police,Staffordshire Police,-2.176159,53.026395,On or near Shopping Area,E01014287,Stoke-on-Trent 015D,Unable to prosecute suspect
8856911ec23be539e410f5d4633f92873932363c5aeca5a06a0ae6bd454e45df,2019-12,Staffordshire Police,Staffordshire Police,-1.987059,52.986785,On or near Supermarket,E01029787,Staffordshire Moorlands 011D,Unable to prosecute suspect
fb1172ee82c54a56acfa5b583050dcf2c319b327832a9a47332964634e672cc2,2019-12,Staffordshire Police,Staffordshire Police,-2.301420,53.037929,On or near HARRISON CLOSE,E01029556,Newcastle-under-Lyme 005E,Unable to prosecute suspect
0447294384ca1f8ed08d757101799cd5cb38ddf6fe1f17cfb38f7b2ec8fd1b80,2019-12,Staffordshire Police,Staffordshire Police,-2.164914,53.017557,On or near DOUGLAS PLACE,E01033216,Stoke-on-Trent 016G,Unable to prosecute suspect
d6817ea4f1fe2cfe91e13b1b74d6705add6d9b3ccb66e688ef5efeb3a050a089,2019-12,Staffordshire Police,Staffordshire Police,-2.215568,53.012002,On or near BOUNDARY STRET,E01029603,Newcastle-under-Lyme 011D,Unable to prosecute suspect
2eeae2756b1d5759da811a8138e7ac13b70710391431c6a5b2c2fa5e4d1ad6b8,2019-12,Staffordshire Police,Staffordshire Police,-2.174869,53.024330,On or near ALBION SQUARE,E01014287,Stoke-on-Trent 015D,Unable to prosecute suspect
1fdeced9c7cb5c1a724bf11d3b5c89b0e125ead4f023082ff2bdb91453ae4985,2019-12,Staffordshire Police,Staffordshire Police,-2.160751,52.988420,On or near HOLLYBUSH CRESCENT,E01014239,Stoke-on-Trent 026C,Unable to prosecute suspect
7e659d741e09116c90640692f19cc94fca1b5f73b9d5782735135c619c0693e4,2019-12,Staffordshire Police,Staffordshire Police,-2.226630,53.012503,On or near FOGG ST EAST,E01029604,Newcastle-under-Lyme 011E,Unable to prosecute suspect
9b0245a1ac9300e8694d96397cbda0f4ce80e69d0e208a7baee0ef89e0da27e9,2019-12,Staffordshire Police,Staffordshire Police,-2.145325,52.994921,On or near BERDMORE STREET,E01014273,Stoke-on-Trent 021A,Unable to prosecute suspect
8d4af9f1074ca2a280af9726afd9c5debc71fdfb013266eb36c3843e7ddb217a,2019-12,Staffordshire Police,Staffordshire Police,-2.123495,53.009472,On or near NETHERCOTE PLACE,E01014224,Stoke-on-Trent 017E,Unable to prosecute suspect
835c553948e17850a1fb9f238734162efc049928ff2482415d548da5203723dc,2019-12,Staffordshire Police,Staffordshire Police,-2.234281,53.040938,On or near Supermarket,E01029538,Newcastle-under-Lyme 006B,Unable to prosecute suspect
31aa20932db272bf4b6aeef25e68c5205ceba1b9395f98f2ec5307fd115bc91e,2019-12,Staffordshire Police,Staffordshire Police,-2.176143,53.110102,On or near VILLA CLOSE,E01029763,Staffordshire Moorlands 003A,Unable to prosecute suspect
5e386a37b5aadb341acb4333c165065593c26afab54fd53c4a7f54e6c0c09682,2019-12,Staffordshire Police,Staffordshire Police,-2.175805,53.027295,On or near Shopping Area,E01014287,Stoke-on-Trent 015D,Unable to prosecute suspect
73f9d43aa491bbedba566ef2b45bf25da25014a92373085a1615b120a13ebd22,2019-12,Staffordshire Police,Staffordshire Police,-2.185474,53.028934,On or near CENTURY STREET,E01014254,Stoke-on-Trent 011C,Unable to prosecute suspect
6ad56d51d239b58491ffd369a206ae4a207b870ac93052864fcf47287dc3d24e,2019-12,Staffordshire Police,Staffordshire Police,-2.198620,52.975931,On or near Supermarket,E01014346,Stoke-on-Trent 030A,Unable to prosecute suspect
3278e4f697da1f8d99fc9c57862efe2554bc85b1185a53b7fc538399ae427b70,2019-12,Staffordshire Police,Staffordshire Police,-2.140144,53.032934,On or near NEWSTEAD ROAD,E01014210,Stoke-on-Trent 012A,Unable to prosecute suspect
dfb663cca0dc9f4960491dba0c72007fb6ddbc986a500b38e49a725a8a0f7ee4,2019-12,Staffordshire Police,Staffordshire Police,-2.206936,52.986659,On or near GREEN ROAD,E01014344,Stoke-on-Trent 023E,Unable to prosecute suspect
9393bd0b444fe9c9f63466a4b75840abf52e6a48f657f6faad17e049415debf7,2019-12,Staffordshire Police,Staffordshire Police,-1.978374,52.989165,On or near SHELSLEY ROAD,E01029781,Staffordshire Moorlands 011A,Unable to prosecute suspect
bcd890cb8ef9bddbf085474f227141de23276d27720a733358c46ad8c1d6fde7,2019-12,Staffordshire Police,Staffordshire Police,-2.112926,52.985868,On or near BRENTNOR CLOSE,E01014304,Stoke-on-Trent 025D,Unable to prosecute suspect
17953ba31350700f9b78b5868bf4c3400fa63c05b3f4b71093383782da4c0a8b,2019-12,Staffordshire Police,Staffordshire Police,-2.166766,52.999181,On or near TEMPLE STREET,E01014275,Stoke-on-Trent 020B,Unable to prosecute suspect
d9d8d1cc3e7aee291a3b7eb40ed685403948dd7a4ba20eb75e13709d851b59d6,2019-12,Staffordshire Police,Staffordshire Police,-2.137054,52.989681,On or near MOULTON ROAD,E01014302,Stoke-on-Trent 022D,Unable to prosecute suspect
3fb9ac08017a59731416e8d33e6978759dd87b0235f94228db72c184dff2842d,2019-12,Staffordshire Police,Staffordshire Police,-2.181663,52.966672,On or near EDWARD AVENUE,E01014350,Stoke-on-Trent 034B,Unable to prosecute suspect
63cfcee723b782e3a83584b320f033014d2b1856e63389da17136710c8c90fdb,2019-12,Staffordshire Police,Staffordshire Police,-2.210522,53.013305,On or near HADRIAN GROVE,E01014288,Stoke-on-Trent 018A,Unable to prosecute suspect
63cfcee723b782e3a83584b320f033014d2b1856e63389da17136710c8c90fdb,2019-12,Staffordshire Police,Staffordshire Police,-2.210522,53.013305,On or near HADRIAN GROVE,E01014288,Stoke-on-Trent 018A,Unable to prosecute suspect
abe62fd5de12ed191e8f90d7d6422003acabac25d6a29bcbc0a83661ae81d2ad,2019-12,Staffordshire Police,Staffordshire Police,-2.175805,53.027304,On or near Shopping Area,E01014287,Stoke-on-Trent 015D,Unable to prosecute suspect
93e2dabb6a39dbc63fe4122c5fde7da46197524fa291435f12223a699e0829d4,2019-12,Staffordshire Police,Staffordshire Police,-2.175805,53.027304,On or near Shopping Area,E01014287,Stoke-on-Trent 015D,Unable to prosecute suspect
b9698bbb7052ef5428510d8892b7f4a764216e897fdf914adf835519e3013ed4,2019-12,Staffordshire Police,Staffordshire Police,-2.185474,53.028934,On or near CENTURY STREET,E01014254,Stoke-on-Trent 011C,Unable to prosecute suspect
f41984c55640a252d681017e31b6565143898c8375e60400ecdd20693c6b6779,2019-12,Staffordshire Police,Staffordshire Police,-2.153949,53.023640,On or near WESTACRE,E01014230,Stoke-on-Trent 014F,Unable to prosecute suspect
f41984c55640a252d681017e31b6565143898c8375e60400ecdd20693c6b6779,2019-12,Staffordshire Police,Staffordshire Police,-2.153949,53.023640,On or near WESTACRE,E01014230,Stoke-on-Trent 014F,Unable to prosecute suspect
74b45b0fe33786450c80798b85dce607ec11d47d7c6da7b9feea78e082fa283c,2019-12,Staffordshire Police,Staffordshire Police,-2.133587,52.995663,On or near LONGLEY ROAD,E01014298,Stoke-on-Trent 022B,Unable to prosecute suspect
cf9bfd9a1e5be7f36c955351aeae91208dc0b15a50e322562d7ac435e01df486,2019-12,Staffordshire Police,Staffordshire Police,-2.235103,53.087770,On or near WELLINGTON ROAD,E01029588,Newcastle-under-Lyme 002D,Unable to prosecute suspect
9f4784e7f7f31a5941a5b96fc730d0717cbeb1712acaf20ee8cb054f3f907c1b,2019-12,Staffordshire Police,Staffordshire Police,-2.251531,53.042386,On or near LONDON ROAD,E01029548,Newcastle-under-Lyme 007B,Unable to prosecute suspect
20df6b7ad919450411d8cbe6cdbfe3e86e256c98b262c7a9cd60df8ddd0fed8b,2019-12,Staffordshire Police,Staffordshire Police,-2.161632,52.973245,On or near HATFIELD CRESCENT,E01014237,Stoke-on-Trent 032C,Unable to prosecute suspect
8ae32cfafd1fab0ad5360a3b7c28d547b52c5f6a13eb3d0e6ebcaf4d0fe98b5b,2019-12,Staffordshire Police,Staffordshire Police,-2.105824,52.968787,On or near VISCOUNT WALK,E01014317,Stoke-on-Trent 031D,Unable to prosecute suspect
97aac1d2583f3d91cda1c28db800c7138ae554e348417929b453380c8711a531,2019-12,Staffordshire Police,Staffordshire Police,,,No location,,,Unable to prosecute suspect
2618151d9d654536d7e32ecb6f4905d034897d08f2b4d4848c0e96cf50f46dde,2019-12,Staffordshire Police,Staffordshire Police,-1.972493,53.219193,On or near Park/Open Space,E01029797,Staffordshire Moorlands 001A,Unable to prosecute suspect
6cf9d6d80811b8312d64cd7d000a224b03f174f3e74b333f763393ebfe0addbf,2019-12,Staffordshire Police,Staffordshire Police,-2.211424,53.024145,On or near BURLEIGH GROVE,E01029579,Newcastle-under-Lyme 009B,Unable to prosecute suspect
516b4429c720a0db3231bf043762fca18256cde7e3424a77d80f13c9bcbc67b1,2019-12,Staffordshire Police,Staffordshire Police,-2.093153,53.024206,On or near STONEHOUSE ROAD,E01029780,Staffordshire Moorlands 009B,Unable to prosecute suspect
4913e9b00ac4921e01ade64b834f68befbfa64264292a0cd578df3aaa3f53c5d,2019-12,Staffordshire Police,Staffordshire Police,-2.179487,53.012682,On or near AVENUE ROAD,E01014282,Stoke-on-Trent 016D,Unable to prosecute suspect
40cb2173ef5b3e660b38b2c9470cd31795bdcd6aeab5a12bb0f97787387800f6,2019-12,Staffordshire Police,Staffordshire Police,-2.255091,53.036671,On or near Sports/Recreation Area,E01029559,Newcastle-under-Lyme 007C,Unable to prosecute suspect
8e4a2728837b3c5dbc5fbd6e089820ccaaca467a69f8d1b91b42104de8726f74,2019-12,Staffordshire Police,Staffordshire Police,-2.213376,53.020977,On or near CAMPION AVENUE,E01029579,Newcastle-under-Lyme 009B,Unable to prosecute suspect
0357ef1590ebbfe881ad5fc15c6c58936de0642d4a70b14332d7b8f4feb8756a,2019-12,Staffordshire Police,Staffordshire Police,-2.244229,53.088480,On or near Petrol Station,E01029564,Newcastle-under-Lyme 002C,Unable to prosecute suspect
8860f14f8576d1736b7f05b843a5801672b566fc0ec75e0fab0933eb1c425ac0,2019-12,Staffordshire Police,Staffordshire Police,-2.468112,52.910137,On or near A53,E01028882,Shropshire 002C,Unable to prosecute suspect
e53cffd35a37ce76a0df68a331084074c5c7ba6c4797b4cc01ca1e15d31dc470,2019-12,Staffordshire Police,Staffordshire Police,-2.130274,52.998678,On or near CLAYFIELD GROVE,E01014296,Stoke-on-Trent 022A,Unable to prosecute suspect
ef5b7b15042d16f249426b5d86c7b340785a9507f9e6947f873f24436a28b9ee,2019-12,Staffordshire Police,Staffordshire Police,-2.213376,53.020977,On or near CAMPION AVENUE,E01029579,Newcastle-under-Lyme 009B,Unable to prosecute suspect
147f8c7472a2dea83ebd9f091ab18da4aee73cce8f98f886ec32a6363a96d9ae,2019-12,Staffordshire Police,Staffordshire Police,-2.092931,52.983333,On or near BONDFIELD WAY,E01014366,Stoke-on-Trent 028B,Unable to prosecute suspect
52a6c82f3e408df55d414619c59e73a523e7d0224ad32f9204b5f4c303f29c76,2019-12,Staffordshire Police,Staffordshire Police,-2.097401,52.964362,On or near DILL GROVE,E01014320,Stoke-on-Trent 033D,Unable to prosecute suspect
3ff4fba14e861e800a63637297e62123dd4a34cc60784f20d6135ccdfe3d6e47,2019-12,Staffordshire Police,Staffordshire Police,-1.882492,53.052007,On or near MANIFOLD CLOSE,E01029801,Staffordshire Moorlands 007A,Unable to prosecute suspect
08c5ee4358fcba394270ffb4e8b5ae067ce0452c5792550a08034a6dd55f2161,2019-12,Staffordshire Police,Staffordshire Police,-1.882492,53.052007,On or near MANIFOLD CLOSE,E01029801,Staffordshire Moorlands 007A,Unable to prosecute suspect
cc9bc3e65c64c0dd7cde82db706c21a1af1071fdb822f7ec1b579bbc3010accb,2019-12,Staffordshire Police,Staffordshire Police,,,No location,,,Unable to prosecute suspect
072fff69798a6e3519e2cf4463f97e7ef7cc82a26b7ceb3c4072f89768153935,2019-12,Staffordshire Police,Staffordshire Police,-2.155828,52.965873,On or near VENTNOR GROVE,E01014238,Stoke-on-Trent 032D,Unable to prosecute suspect
99a512db324fd6a3ea97e22d768b83a583028f1042013c358406d79064dfd500,2019-12,Staffordshire Police,Staffordshire Police,-2.252594,53.081379,On or near HOLLINWOOD ROAD,E01029543,Newcastle-under-Lyme 003D,Unable to prosecute suspect
90ebb5059545869b89d89ce45b617db9cee5b8ff4f4ac6a5c444c5ac049fbf8f,2019-12,Staffordshire Police,Staffordshire Police,-2.228345,53.015601,On or near ENDERLEY STREET,E01029604,Newcastle-under-Lyme 011E,Unable to prosecute suspect
8b5fe4a32f8911fef45773050f01eff7037bb1e9583b40906aed831bb0ce7dd3,2019-12,Staffordshire Police,Staffordshire Police,-2.158676,52.999525,On or near PHILIP STREET,E01014274,Stoke-on-Trent 020A,Unable to prosecute suspect
54c92e455571d29ad17eec703731fc355d84ece7e750c500f6e20fa84629a36a,2019-12,Staffordshire Police,Staffordshire Police,-2.172661,53.020306,On or near OGDEN ROAD,E01014287,Stoke-on-Trent 015D,Unable to prosecute suspect
54c92e455571d29ad17eec703731fc355d84ece7e750c500f6e20fa84629a36a,2019-12,Staffordshire Police,Staffordshire Police,-2.172661,53.020306,On or near OGDEN ROAD,E01014287,Stoke-on-Trent 015D,Unable to prosecute suspect
549daffe695fec38bce7e70e0719d55ca45336ec7cb256617e959b9586a0e5cf,2019-12,Staffordshire Police,Staffordshire Police,-2.226342,53.011721,On or near Nightclub,E01029604,Newcastle-under-Lyme 011E,Unable to prosecute suspect
8d6740757860bcca744906eb20c342a1b3b31313b4d58b5d8fa8e481563c30f2,2019-12,Staffordshire Police,Staffordshire Police,,,No location,,,Unable to prosecute suspect
504a8c238024f3082fd165569c7aff83fd225dd1bce5589f1a3d668652ca39ca,2019-12,Staffordshire Police,Staffordshire Police,-2.165357,52.996981,On or near EVELYN STREET,E01014276,Stoke-on-Trent 020C,Unable to prosecute suspect
0468c6cec763c237b1737ab2ada6b60765d656f466d7016f6dfb26aa862a2bfd,2019-12,Staffordshire Police,Staffordshire Police,-2.128026,52.999274,On or near GAWSWORTH CLOSE,E01014296,Stoke-on-Trent 022A,Unable to prosecute suspect
be48e0173eafb39bbb2aca21ad28bc9b97a2c6611f81f394bf766c9de7e58351,2019-12,Staffordshire Police,Staffordshire Police,-2.245672,53.077061,On or near Parking Area,E01029540,Newcastle-under-Lyme 003A,Unable to prosecute suspect
659be411992055cb6db8e32c9ba890b924a0c1cad035863e43b0e2053391ab31,2019-12,Staffordshire Police,Staffordshire Police,-2.136009,52.979345,On or near Parking Area,E01014309,Stoke-on-Trent 027B,Unable to prosecute suspect
f6081dc02c81c3875998417501228f392a2f33f6834e3cf8f1bca2ffaf4d8f22,2019-12,Staffordshire Police,Staffordshire Police,-2.039315,52.710247,On or near LICHEN CLOSE,E01029647,South Staffordshire 002C,Unable to prosecute suspect
dd2c192468e8970ea04836344b2fc7c42d58960a6a4ae2265a528730c93a54bf,2019-12,Staffordshire Police,Staffordshire Police,-1.669150,52.621226,On or near KIRTLEY,E01029840,Tamworth 007A,Unable to prosecute suspect
13bc69b8ad4409dcba768b5933efdea66747dee3daf2826a725000ef0f282b60,2019-12,Staffordshire Police,Staffordshire Police,-1.637163,52.816657,On or near THORNLEY STREET,E01029426,East Staffordshire 008A,Unable to prosecute suspect
5a35ba0806098742700462b0c48d67abbcc24ecd5e928131e376e6fbc2d244ed,2019-12,Staffordshire Police,Staffordshire Police,,,No location,,,Unable to prosecute suspect
ce0e2a63e6e6dcc3b4c69c9f881d968d681baf4109e3d35342d9bd8a92b6e072,2019-12,Staffordshire Police,Staffordshire Police,-1.643306,52.820200,On or near CRAVEN STREET,E01029436,East Staffordshire 007C,Unable to prosecute suspect
d1105e6ea7f501c43b8a3e6ae97db085b301c1972672bbde94e762ee887d03f6,2019-12,Staffordshire Police,Staffordshire Police,,,No location,,,Unable to prosecute suspect
f387bc38f15d40acfc46d84fc8a129afe07922231ef6d02463d1b3a8a186383b,2019-12,Staffordshire Police,Staffordshire Police,-1.621314,52.786178,On or near YEWTREE CRESCENT,E01029452,East Staffordshire 014D,Unable to prosecute suspect
f139539ff1353acee57419c856c34d656f0f67cadba8683908e10dbe25a010cc,2019-12,Staffordshire Police,Staffordshire Police,-1.700652,52.639406,On or near ST AUSTELL CLOSE,E01029850,Tamworth 002D,Unable to prosecute suspect
f139539ff1353acee57419c856c34d656f0f67cadba8683908e10dbe25a010cc,2019-12,Staffordshire Police,Staffordshire Police,-1.700652,52.639406,On or near ST AUSTELL CLOSE,E01029850,Tamworth 002D,Unable to prosecute suspect
f139539ff1353acee57419c856c34d656f0f67cadba8683908e10dbe25a010cc,2019-12,Staffordshire Police,Staffordshire Police,-1.700652,52.639406,On or near ST AUSTELL CLOSE,E01029850,Tamworth 002D,Unable to prosecute suspect
454f5daea78cb280764fcf03186342de2d98b48b7b66b0d10f002205fc6f1651,2019-12,Staffordshire Police,Staffordshire Police,-1.975598,52.702826,On or near HAYMAKER WAY,E01029379,Cannock Chase 006A,Unable to prosecute suspect
a813a630dcfd0dd55d634eb9be269f9550c135e02e13c68544d89426a5d14383,2019-12,Staffordshire Police,Staffordshire Police,-1.697289,52.619207,On or near MEADOW BANK,E01029837,Tamworth 005B,Unable to prosecute suspect
f579519045d9f3de1fadff1af4b2bf6d488c2cbe3545bf9959408736db81dc34,2019-12,Staffordshire Police,Staffordshire Police,-1.826945,52.698432,On or near FIELD ROAD,E01029500,Lichfield 005D,Unable to prosecute suspect
dad9c8ad713ac3ae727724a6e396f00bd5afa4738ce9a5b3fca3e647498db069,2019-12,Staffordshire Police,Staffordshire Police,-2.017941,52.675237,On or near GEMINI DRIVE,E01029395,Cannock Chase 013B,Unable to prosecute suspect
82b05178b1211f513bd47fea165662637be7a86d81ee8a5a4fb8457e85d64ef7,2019-12,Staffordshire Police,Staffordshire Police,-1.649538,52.788899,On or near JEPHSON ROAD,E01029414,East Staffordshire 013B,Unable to prosecute suspect
b62c27d8ec63dfa349f645ab09b5b68ef691789a788065987ab342a0022ca89b,2019-12,Staffordshire Police,Staffordshire Police,-1.631917,52.800019,On or near LICHFIELD STREET,E01032898,East Staffordshire 011H,Unable to prosecute suspect
5280dd9401e23a70a01e83c2df1e71c8d06177cc6593b133fbb1bc1bfa0da5dc,2019-12,Staffordshire Police,Staffordshire Police,-1.824931,52.683938,On or near TAMWORTH STREET,E01029526,Lichfield 004E,Unable to prosecute suspect
21a7df2853fb672c74ca5c82ecedc4b58ae466861b5bdcb0ce3106988babd3f8,2019-12,Staffordshire Police,Staffordshire Police,-1.633586,52.797409,On or near Petrol Station,E01032898,East Staffordshire 011H,Unable to prosecute suspect
7d98c727b4b96c86322fadbb96105079a558f7cb43eac0d1c845719a5e8e530f,2019-12,Staffordshire Police,Staffordshire Police,-1.701263,52.645098,On or near MILTON AVENUE,E01029849,Tamworth 002C,Unable to prosecute suspect
478ab446e1c655eba9d1650bf29dd6124df022b40142f30fcf7a53c6a02b5a2b,2019-12,Staffordshire Police,Staffordshire Police,-1.608832,52.807380,On or near KEMPTON ROAD,E01029471,East Staffordshire 010D,Unable to prosecute suspect
f4b292d2d69471220e27e9d62b98b8c9ca41872866089b022551ef96064cce1d,2019-12,Staffordshire Police,Staffordshire Police,,,No location,,,Unable to prosecute suspect
a7e093c19dd2e568e881ba29ecb2a5623867831f44cca7167ef551d6f74f9aa9,2019-12,Staffordshire Police,Staffordshire Police,-2.121940,52.812195,On or near Petrol Station,E01029701,Stafford 010E,Unable to prosecute suspect
4b2aec3ec27a4d415a9e56f078008257e1a37891a8c49295dadbee1a061f06cf,2019-12,Staffordshire Police,Staffordshire Police,-2.254360,52.856617,On or near GAOL BUTTS,E01029695,Stafford 005A,Unable to prosecute suspect
cd097577c0f62546e6409e2a05f649033564b9d82041cd9a41f7678c1066e9cd,2019-12,Staffordshire Police,Staffordshire Police,-2.254360,52.856617,On or near GAOL BUTTS,E01029695,Stafford 005A,Unable to prosecute suspect
451493f52931891ac91795d93bd75731122d717819be0950d9b252923b5ad785,2019-12,Staffordshire Police,Staffordshire Police,-1.653944,52.635144,On or near TILIA ROAD,E01029824,Tamworth 003D,Unable to prosecute suspect
4e552276189c03cbe2d058026889614b1c6bf1092499683050056f741ab17198,2019-12,Staffordshire Police,Staffordshire Police,-1.872369,52.907980,On or near ASHBOURNE ROAD,E01029433,East Staffordshire 002D,Unable to prosecute suspect
0f838021c14c26eab003bccd4a18d810601dda6b0f4e74d6d342195000559cb1,2019-12,Staffordshire Police,Staffordshire Police,-1.640584,52.795866,On or near KING STREET,E01029409,East Staffordshire 011C,Unable to prosecute suspect
a3985119061a35b5c70ff2db2aad243ecb25aa1b5cbf38ac2674e51b3ace79e1,2019-12,Staffordshire Police,Staffordshire Police,-1.654142,52.619358,On or near CRAVEN,E01029842,Tamworth 007B,Unable to prosecute suspect
96c68b4df0b9dfb389ead098fcc40165bbfaf607e7352eae6e809e5a2cd9a184,2019-12,Staffordshire Police,Staffordshire Police,-1.886249,52.763031,On or near RAKE END COURT,E01029498,Lichfield 001D,Unable to prosecute suspect
94f5bca0f4dcd8ef0c31002e09e3f32ced0a5d17826f5a3736c888366b8683db,2019-12,Staffordshire Police,Staffordshire Police,,,No location,,,Unable to prosecute suspect
31568f3ded5a6cdd8c014ac6cdf7926416faec2263d838a22b2a6780f569ee42,2019-12,Staffordshire Police,Staffordshire Police,-1.838078,52.693045,On or near WINDMILL LANE,E01029492,Lichfield 004A,Unable to prosecute suspect
07c74affa1835094fb8a1aaad337853d5cba7c21fca6cfa88ac17aff51d06d62,2019-12,Staffordshire Police,Staffordshire Police,-1.636524,52.825672,On or near KENILWORTH AVENUE,E01029457,East Staffordshire 005D,Unable to prosecute suspect
74a737daed8eed2c7c5f24433c85a1847a105a5a585fec50053db0865a497ec4,2019-12,Staffordshire Police,Staffordshire Police,-1.641695,52.799555,On or near ALMA STREET,E01029408,East Staffordshire 011B,Unable to prosecute suspect
6b77fee5292ee71369df25217029f6ccd15647c6438301782fdeaf010e44fc4a,2019-12,Staffordshire Police,Staffordshire Police,-1.703975,52.626523,On or near VENTURA PARK ROAD,E01029837,Tamworth 005B,Unable to prosecute suspect
ff083388d2bad8fed2bb886fd4a7c85dd56f645f069f1f774f631db66bd55f84,2019-12,Staffordshire Police,Staffordshire Police,-1.631603,52.784583,On or near SOMERSET ROAD,E01029450,East Staffordshire 014B,Unable to prosecute suspect
3695c56b491b005a1a682924acd8585b3fa79f9562870372b3d2bd9d0f313574,2019-12,Staffordshire Police,Staffordshire Police,-1.666057,52.606393,On or near NEW ROAD,E01029867,Tamworth 010C,Unable to prosecute suspect
dd618a63a35370f487c4b7f60b2e0b78cde980c197318a75b1107970164560eb,2019-12,Staffordshire Police,Staffordshire Police,-2.029944,52.708281,On or near CORNHILL,E01029357,Cannock Chase 007D,Unable to prosecute suspect
075fe9eefb63dd7a45a91b3fc9d96ea193bdad3bf3ef12f7df4bcaa108dd0a14,2019-12,Staffordshire Police,Staffordshire Police,-2.014547,52.697784,On or near COMMON LANE,E01029352,Cannock Chase 008D,Unable to prosecute suspect
c66033654b39b5a5f74513250fe5ac0a6cc20d11fe8b2a4642be6d8b6b95cc6b,2019-12,Staffordshire Police,Staffordshire Police,-2.109580,52.811353,On or near CORPORATION STREET,E01029725,Stafford 009D,Unable to prosecute suspect
5db316df9f173a87343c14205efa8d228ff9cc55969ab5643ac90cabb3ad14bc,2019-12,Staffordshire Police,Staffordshire Police,-2.073288,52.791541,On or near APPLEDORE CLOSE,E01029685,Stafford 014B,Unable to prosecute suspect
4465fcf1ee7fe7483fd87ee7c58843b3ceee67a80f45bbb30aaa009a9e9169ac,2019-12,Staffordshire Police,Staffordshire Police,-1.951412,52.760891,On or near BRAMBLE WAY,E01029369,Cannock Chase 001B,Unable to prosecute suspect
41d8bd192e0d81d750dade2c5a0680df54ff8288293e9fbb28188443ae0b0fdc,2019-12,Staffordshire Police,Staffordshire Police,-1.944777,52.769185,On or near WAT TYLER CLOSE,E01029372,Cannock Chase 002A,Unable to prosecute suspect
9c905180eba95ec5ad855262053b0af7f17f5c7b3acc98691c940252e8c080b3,2019-12,Staffordshire Police,Staffordshire Police,-1.617904,52.787830,On or near STANTON ROAD,E01029449,East Staffordshire 014A,Unable to prosecute suspect
2978875ee95b2dfc5751975043bbf57bd636f1e8fd1872c396437d5ce4beba03,2019-12,Staffordshire Police,Staffordshire Police,-2.137302,52.790873,On or near CONIFER GROVE,E01029715,Stafford 013A,Unable to prosecute suspect
68019833c257eb644f9c70e227e2c4613db940dcccfbeebf306624441772fbbc,2019-12,Staffordshire Police,Staffordshire Police,-1.838078,52.693045,On or near WINDMILL LANE,E01029492,Lichfield 004A,Unable to prosecute suspect
45760d1c7036e2647483891a6d945f6823934383afa692d2f0c2353ecf4e0307,2019-12,Staffordshire Police,Staffordshire Police,-1.838078,52.693045,On or near WINDMILL LANE,E01029492,Lichfield 004A,Unable to prosecute suspect
0d306ee6cb2077d254514b68c6e2f51e913f7710a5b18553d1efef6463f25bc8,2019-12,Staffordshire Police,Staffordshire Police,,,No location,,,Unable to prosecute suspect
cc5f01cdabd93b174ba60cb04d41796d531774ac40c397c8274a63dd731b3e97,2019-12,Staffordshire Police,Staffordshire Police,,,No location,,,Unable to prosecute suspect
3a5c92a25388a7916728ebe88693257f8787e15d0a041ff54cbeef29cc13b5ce,2019-12,Staffordshire Police,Staffordshire Police,,,No location,,,Unable to prosecute suspect
81f1f4939bf0d2d26f6b9fbdbc5c854348ec49052610877923c45e01d577fab6,2019-12,Staffordshire Police,Staffordshire Police,-1.972787,52.677690,On or near LAURENCE GROVE,E01029394,Cannock Chase 013A,Unable to prosecute suspect
0da12ebd5783337a09fb702fc23a58e2c62ae0ba02f11bd4e62c16bf18d5ad32,2019-12,Staffordshire Police,Staffordshire Police,-1.656891,52.622890,On or near STEPHENSON CLOSE,E01029841,Tamworth 003E,Unable to prosecute suspect
540f2e233830f7f8dd66d3d98db6aa48c2ea682df2ca5295d05c949e6446e3bf,2019-12,Staffordshire Police,Staffordshire Police,-1.834528,52.673065,On or near CHESTERFIELD ROAD,E01029518,Lichfield 007D,Unable to prosecute suspect
451b8df771736dbe7dc6b57f8ddd4b4d4bb3b90e52e90f86b00e97678150e633,2019-12,Staffordshire Police,Staffordshire Police,-2.207428,52.478890,On or near GREENSFORGE LANE,E01029651,South Staffordshire 014C,Unable to prosecute suspect
e338ae2367c81c298a4dbd2aed11fd861fb2a66f900034e15a9688c6d655c651,2019-12,Staffordshire Police,Staffordshire Police,-2.132785,52.778176,On or near THE GRANGE,E01029742,Stafford 012E,Unable to prosecute suspect
e1293ff2c08d989cf06b9b663f39dbfcec486601db8555d408e144059deb43d8,2019-12,Staffordshire Police,Staffordshire Police,-1.942239,52.749749,On or near PYRUS GROVE,E01029374,Cannock Chase 003E,Unable to prosecute suspect
746b41177188632dd871caf4d5707cb8fbc93916b2c4afae8bf0c63b587eb093,2019-12,Staffordshire Police,Staffordshire Police,-1.942239,52.749749,On or near PYRUS GROVE,E01029374,Cannock Chase 003E,Unable to prosecute suspect
b6a417e3495e31afcf7c9271a3f8b18bcceaed886e422bd9956dab822ec68f3b,2019-12,Staffordshire Police,Staffordshire Police,-1.652021,52.633565,On or near SORREL,E01029824,Tamworth 003D,Unable to prosecute suspect
dc2ace132aea080ac5ba2e40413a6c5ae53672accc781e495ed2b0bc446fc6cd,2019-12,Staffordshire Police,Staffordshire Police,-1.801030,52.650575,On or near Prison,E01029488,Lichfield 012A,Unable to prosecute suspect
552cc59765d1f085d862e7a3d41eb9b6f931043ac279292dc1012961bca5f3a9,2019-12,Staffordshire Police,Staffordshire Police,-1.652125,52.616628,On or near ERINGDEN,E01029859,Tamworth 007E,Unable to prosecute suspect
0bd349ab1381268200cfb0e30d8a8b47fc3469bb5004c0569e8b73f5d393918f,2019-12,Staffordshire Police,Staffordshire Police,-1.936221,52.761738,On or near Police Station,E01029404,Cannock Chase 002E,Unable to prosecute suspect
e5ec2b48e833c14d1a0d6712ea1006772906ee68757a62020d53207b1c315706,2019-12,Staffordshire Police,Staffordshire Police,-1.917952,52.673485,On or near HENLEY CLOSE,E01029527,Lichfield 010B,Unable to prosecute suspect
ff339700267d3d7dd1175f9d757697b9d1cc2fb5c87acb7bb00ce7322d63c737,2019-12,Staffordshire Police,Staffordshire Police,-1.664262,52.624862,On or near BANCROFT,E01029845,Tamworth 007D,Unable to prosecute suspect
f50440a721be0d9b1e130e1134b9476836f3a057746670b31aa061d17540b89a,2019-12,Staffordshire Police,Staffordshire Police,-1.992736,52.791411,On or near HIGH CHASE RISE,E01029710,Stafford 008B,Unable to prosecute suspect
c4d048a5aac98f88bb67c7ccd39dfcbefc96560567397833f4dfa6155720a36d,2019-12,Staffordshire Police,Staffordshire Police,-1.626571,52.783516,On or near BIRCHFIELD ROAD,E01029453,East Staffordshire 014E,Unable to prosecute suspect
c48e525f8a3829f8323349dffcb737098972a989dc9c150dffc3fcfbfceee794,2019-12,Staffordshire Police,Staffordshire Police,-1.664501,52.786766,On or near RIVERSIDE DRIVE,E01029416,East Staffordshire 013D,Unable to prosecute suspect
bbfb3feea6a1d254314079afa0290906e2b0bee4657f6b4ebb395ebdd5be9707,2019-12,Staffordshire Police,Staffordshire Police,-1.937955,52.688824,On or near CHAWNER CLOSE,E01029495,Lichfield 006D,Unable to prosecute suspect
c85060fcdf41bb16fd9e3e26d16b6828a991eb56ea2b8f63d41bdbcb555bd57c,2019-12,Staffordshire Police,Staffordshire Police,-1.824419,52.689879,On or near ST CHADS CLOSE,E01029501,Lichfield 004C,Unable to prosecute suspect
245610d2681cb61daf7a5e578899bf1cfcb4197ff838542082a32a6103009bef,2019-12,Staffordshire Police,Staffordshire Police,-1.631163,52.799729,On or near Further/Higher Educational Building,E01032898,East Staffordshire 011H,Unable to prosecute suspect
a8e9069eb93d8d8cf56c88d255a8734b727287db3004282c0dc4a6fee76ffef4,2019-12,Staffordshire Police,Staffordshire Police,-1.657085,52.607599,On or near CURLEW,E01029865,Tamworth 008E,Unable to prosecute suspect
a7ec349f462dbb7ab9b6812b11d35088f02daf0f65e58ee17bf4f74e00aa7ce6,2019-12,Staffordshire Police,Staffordshire Police,-1.646639,52.811840,On or near SHOBNALL CLOSE,E01029445,East Staffordshire 009A,Unable to prosecute suspect
ff3c107c11c5d548ea3dcd2da8f55494b7d3a4f8f838587d307702eb66d5b243,2019-12,Staffordshire Police,Staffordshire Police,-1.699529,52.613477,On or near COLESHILL STREET,E01029504,Lichfield 012D,Unable to prosecute suspect
d7129271874052a9b93365976e55fba534dc2e432720b878cabde931605b5162,2019-12,Staffordshire Police,Staffordshire Police,,,No location,,,Unable to prosecute suspect
7d55e509a6e4c452bf55d511a9db096b0d92f585ef8af955182a541de2a83fbb,2019-12,Staffordshire Police,Staffordshire Police,-2.028175,52.697062,On or near LYSANDER WAY,E01029367,Cannock Chase 011E,Unable to prosecute suspect
a12aef9246ad7c2eebcc650e9bc48bcf2e5442560b9238cad9576760417ebb79,2019-12,Staffordshire Police,Staffordshire Police,-2.057939,52.624577,On or near BUTTERMERE DRIVE,E01029634,South Staffordshire 007C,Unable to prosecute suspect
0fe90a16ad5d1f59d60a5631fe305ff0128205d8bcd9ddc6805ef1ee8dfe41ec,2019-12,Staffordshire Police,Staffordshire Police,-2.183435,52.625312,On or near PENDINAS DRIVE,E01029615,South Staffordshire 008C,Unable to prosecute suspect
c9b91075fe1efb471508aec9ce451a39d36b298f34eaf0737581fcd9910d834f,2019-12,Staffordshire Police,Staffordshire Police,-1.937691,52.749522,On or near COPPICE ROAD,E01029374,Cannock Chase 003E,Unable to prosecute suspect
880d1e957c594ac66e13b1389bc48a7b4fb609aa293bef7f0245f77f53122127,2019-12,Staffordshire Police,Staffordshire Police,-2.151939,52.905542,On or near REGENT STREET,E01029744,Stafford 003B,Unable to prosecute suspect
1e2bb48e61d54108431dc8840a0f9d672979f922639d1e3cf4316e92f55e2f2b,2019-12,Staffordshire Police,Staffordshire Police,-2.114466,52.785360,On or near Supermarket,E01029729,Stafford 016B,Unable to prosecute suspect
6d3f2569ccde25baea5a14165eaa58bfb9bedce73306797a51443472a202065d,2019-12,Staffordshire Police,Staffordshire Police,-2.107178,52.649363,On or near Sports/Recreation Area,E01029637,South Staffordshire 006D,Unable to prosecute suspect
8f2db554e5adaab1ad2319e98d09a2344c8a9378b0c33817b0de482383154753,2019-12,Staffordshire Police,Staffordshire Police,-2.162876,52.872456,On or near Petrol Station,E01029733,Stafford 004A,Unable to prosecute suspect
db92fc0ebf3b67c1004a0b80471e898e09fed1a431593ad61dbf27cde9ce931b,2019-12,Staffordshire Police,Staffordshire Police,-2.191135,52.531086,On or near THE LONGLANDS,E01029675,South Staffordshire 013E,Unable to prosecute suspect
ea62c9101a43273b87194dcfcf3812b742faf276275510475773daa78b248886,2019-12,Staffordshire Police,Staffordshire Police,-2.026836,52.684927,On or near TRINITY CLOSE,E01029360,Cannock Chase 012B,Unable to prosecute suspect
36d40a74eb73e73ab03a2868e8fe952eb572ebce802b9992acf8e88289955d9a,2019-12,Staffordshire Police,Staffordshire Police,-2.121940,52.812195,On or near Petrol Station,E01029701,Stafford 010E,Unable to prosecute suspect
f2a0ef1fb5aabd48ccd9cc4104ebf136b52f831e55f1c5ad99535294e519cae4,2019-12,Staffordshire Police,Staffordshire Police,-1.699243,52.790878,On or near THE WOODLANDS,E01029440,East Staffordshire 015B,Unable to prosecute suspect
b901a75f51b7385767d784cddfbfcb618e275b271687c8a2b2bc3bbf4afd17e2,2019-12,Staffordshire Police,Staffordshire Police,-2.115960,52.806277,On or near ST CHAD'S PLACE,E01029701,Stafford 010E,Unable to prosecute suspect
e54eb1a826043c9e63901d5f604b6ed6f8e84145e818ec793ef5d514b88e8b9b,2019-12,Staffordshire Police,Staffordshire Police,-2.115960,52.806277,On or near ST CHAD'S PLACE,E01029701,Stafford 010E,Unable to prosecute suspect
506847d96826ad1ae8697555669e12b36f37464abccac452146a9742ecd9e0a6,2019-12,Staffordshire Police,Staffordshire Police,-2.226259,52.756199,On or near ST EDITHA'S COURT,E01029688,Stafford 015A,Unable to prosecute suspect
72a140f8909dc28247ce4276b56caedb46bf884bed9d729534c4ba7f410309d5,2019-12,Staffordshire Police,Staffordshire Police,-2.183435,52.625312,On or near PENDINAS DRIVE,E01029615,South Staffordshire 008C,Unable to prosecute suspect
c8fd5d21eae6f25d738505faa903db48193b84c463e01dd2fdc813c05ea98e66,2019-12,Staffordshire Police,Staffordshire Police,-1.646671,52.806069,On or near WELLINGTON STREET,E01029448,East Staffordshire 009D,Unable to prosecute suspect
4a5f8fe8464c3e7c7ad4cf9804deaccdc32b6a3bd2799e527237b82ee022dadb,2019-12,Staffordshire Police,Staffordshire Police,-1.646671,52.806069,On or near WELLINGTON STREET,E01029448,East Staffordshire 009D,Unable to prosecute suspect
0637b5c83dea372f39f0e86a9fc5b1a9c2b42ceca636fcf37c211b2b0c471a32,2019-12,Staffordshire Police,Staffordshire Police,-2.183435,52.625312,On or near PENDINAS DRIVE,E01029615,South Staffordshire 008C,Unable to prosecute suspect
df76d2a509040cb08e98ac220d045d6a52b5f3d72b75455c63fea858003f7a99,2019-12,Staffordshire Police,Staffordshire Police,-2.107178,52.649363,On or near Sports/Recreation Area,E01029637,South Staffordshire 006D,Unable to prosecute suspect
fe33ed8de0d91236a2e846bd67a4f5dfb906a006cd79837bb38f44aceab44988,2019-12,Staffordshire Police,Staffordshire Police,-2.280460,52.587850,On or near COPLEY LANE,E01029654,South Staffordshire 010A,Unable to prosecute suspect
a28736fd8dc4d13b0538929e0ec23fa582c9d524284b235fc53a5e38fc1b45e7,2019-12,Staffordshire Police,Staffordshire Police,,,No location,,,Unable to prosecute suspect
f7a95bb7a045c1011c5c3ba28bae079b6bb8e84a769e09237bd5480cc531e4d4,2019-12,Staffordshire Police,Staffordshire Police,,,No location,,,Unable to prosecute suspect
a7a3b45d7f95f7b9cef7a7fbb7ef440a24aa29dbeb0cdc3dec172e70cccc9b90,2019-12,Staffordshire Police,Staffordshire Police,-1.625075,52.783331,On or near SANDALWOOD ROAD,E01029453,East Staffordshire 014E,Unable to prosecute suspect
3606fb6ac289f135993a8f60d07135b2e16e9b9bd8109971c5b7e3b89f0289fe,2019-12,Staffordshire Police,Staffordshire Police,-2.026202,52.712633,On or near MARGARET DRIVE,E01029357,Cannock Chase 007D,Unable to prosecute suspect
3606fb6ac289f135993a8f60d07135b2e16e9b9bd8109971c5b7e3b89f0289fe,2019-12,Staffordshire Police,Staffordshire Police,-2.026202,52.712633,On or near MARGARET DRIVE,E01029357,Cannock Chase 007D,Unable to prosecute suspect
6dd992021b46b1f5f41a17dc8b97744e0318f38115d1ed458b2c372cba60dc6b,2019-12,Staffordshire Police,Staffordshire Police,-1.638541,52.795428,On or near TRENT STREET,E01029409,East Staffordshire 011C,Unable to prosecute suspect
6de1b782b60253633323d73472e97b01240d9840113249b3d2279c812b3deb77,2019-12,Staffordshire Police,Staffordshire Police,,,No location,,,Unable to prosecute suspect
5897b9b3a6909d2e5341c6548281de894fa122e7334267d224416077562e89a2,2019-12,Staffordshire Police,Staffordshire Police,-1.595678,52.805349,On or near BLENHEIM CLOSE,E01029468,East Staffordshire 010A,Unable to prosecute suspect
03e240b02768403fe2c0124137c3e52ce0ad2ce118b6f0f54ffa32eadca6e6d3,2019-12,Staffordshire Police,Staffordshire Police,-2.176468,52.520294,On or near CHERRY LANE,E01029645,South Staffordshire 013A,Unable to prosecute suspect
6518a8c308fc014659c394e9acb2b44705bb7d35d3ad38fe8e1b7adbd5ec4cdb,2019-12,Staffordshire Police,Staffordshire Police,-1.665953,52.620120,On or near SILVER LINK ROAD,E01029840,Tamworth 007A,Unable to prosecute suspect
9a3f55bba7d2c8bad6c9bf021288cc28cee3394ed4fd856f1645cbca6c47fc7e,2019-12,Staffordshire Police,Staffordshire Police,-2.032884,52.662999,On or near ROSEMARY ROAD,E01029622,South Staffordshire 004B,Unable to prosecute suspect
a18f060725e779146e953d8fbd5a7ceff5e2d5fba7e9b352af87fc0416cce48e,2019-12,Staffordshire Police,Staffordshire Police,-1.648955,52.798642,On or near OXFORD STREET,E01029407,East Staffordshire 011A,Unable to prosecute suspect
cc19ef839e7812916c4bf0899afc54a92bc641f44eb70088fc27a12ee61eef84,2019-12,Staffordshire Police,Staffordshire Police,-1.927413,52.684476,On or near CORSICAN CLOSE,E01029490,Lichfield 009D,Unable to prosecute suspect
f355f24b99172cc5a743c504b0a96403f5166fb40360be2a8eb312de3dba2abb,2019-12,Staffordshire Police,Staffordshire Police,-2.123136,52.804858,On or near DERBY STREET,E01029701,Stafford 010E,Unable to prosecute suspect
f355f24b99172cc5a743c504b0a96403f5166fb40360be2a8eb312de3dba2abb,2019-12,Staffordshire Police,Staffordshire Police,-2.123136,52.804858,On or near DERBY STREET,E01029701,Stafford 010E,Unable to prosecute suspect
b1de04b40842f0ccc418881d6c142fce6d6f382604ab1c56d863b4113e653678,2019-12,Staffordshire Police,Staffordshire Police,-2.097741,52.811309,On or near Hospital,E01029725,Stafford 009D,Unable to prosecute suspect
7fac11a503658601c22bf4e02518ff41a42f8c9e29ba8e3d2a244918cb73682c,2019-12,Staffordshire Police,Staffordshire Police,-1.646426,52.823382,On or near MORLEY'S HILL,E01029434,East Staffordshire 007A,Unable to prosecute suspect
3cba1ec512aedb0f598db0297ef2d5aab301f8c7fc474462998b77af6c735407,2019-12,Staffordshire Police,Staffordshire Police,-2.119633,52.717600,On or near GRANGE CRESCENT,E01029660,South Staffordshire 001F,Unable to prosecute suspect
63448ae7af79756053bc4864655708229d7c42e4b94dffaac9a27d6b23284174,2019-12,Staffordshire Police,Staffordshire Police,-2.196659,52.596074,On or near SEDGEFIELD GROVE,E01029666,South Staffordshire 011C,Unable to prosecute suspect
1f0a5e4dec6a9cc838b072232401dc78f87a0e1d5a0a7e85825cbf4b6f022013,2019-12,Staffordshire Police,Staffordshire Police,-1.801454,52.681069,On or near ALDER CLOSE,E01029483,Lichfield 005A,Unable to prosecute suspect
d2d72713806920ebb1e43069382707692ab56384002fd89c2cc3e51f1d43d6dd,2019-12,Staffordshire Police,Staffordshire Police,-1.926449,52.677625,On or near OAKDENE ROAD,E01029496,Lichfield 010A,Unable to prosecute suspect
6754397e5e8fdb5c67567bedf8ed290810fd7316adba53d3ed0f174a0b4cf617,2019-12,Staffordshire Police,Staffordshire Police,-1.600662,52.807002,On or near EAST STREET,E01029468,East Staffordshire 010A,Unable to prosecute suspect
bf5b307015dfc164621813d050655be04614a5b59ffa0051fb586da2215eab63,2019-12,Staffordshire Police,Staffordshire Police,,,No location,,,Unable to prosecute suspect
52735fe2eccbf74ee774b22a96143f54b6fa753d625674dd5851daddb3783d64,2019-12,Staffordshire Police,Staffordshire Police,-1.819005,52.686185,On or near ST MICHAEL ROAD,E01029526,Lichfield 004E,Unable to prosecute suspect
0ddd03dae7f7d7c459d188350a411d0cd4e5a9a29a6d4043e1be8f46884e2ffd,2019-12,Staffordshire Police,Staffordshire Police,,,No location,,,Unable to prosecute suspect
bf78c42beb08f575ea03582ec0070e54d9058bbbf97872d8e0eefcfad0f6cab8,2019-12,Staffordshire Police,Staffordshire Police,-1.866635,52.736347,On or near HANDSACRE CRESCENT,E01029482,Lichfield 001C,Unable to prosecute suspect
0a5047d691fa3afe25ef40e7f4d661031355ed8a12098f1c1c73089c7bf8246b,2019-12,Staffordshire Police,Staffordshire Police,,,No location,,,Unable to prosecute suspect
bcd2618d8fe4f0ffa205c8ab310ca048d4c607e19f4375e842d4f6522de69d0b,2019-12,Staffordshire Police,Staffordshire Police,-2.106608,52.767118,On or near A449,E01029656,South Staffordshire 001B,Unable to prosecute suspect
a3adda48c3eace6cc1ca3e52ee9bdb6ac4459b365a75665651dbba822f3e4801,2019-12,Staffordshire Police,Staffordshire Police,-1.622202,52.784617,On or near LABURNUM ROAD,E01029452,East Staffordshire 014D,Unable to prosecute suspect
b31045b1589184aaa44006dd1cab4aaedeb07441c9364172cdc812da0ae1e627,2019-12,Staffordshire Police,Staffordshire Police,-1.651190,52.632052,On or near SPRUCE,E01029820,Tamworth 003A,Unable to prosecute suspect
28e90361af17f8043d1aebe2077c2f2523af49530e8c6d9736911a815aa55452,2019-12,Staffordshire Police,Staffordshire Police,-2.024494,52.703284,On or near EDWARDS CROFT,E01029354,Cannock Chase 007A,Unable to prosecute suspect
8e426590f3640e201ccfa16cb405b72a9606881fce8d83683f1a9b4dd2beaae8,2019-12,Staffordshire Police,Staffordshire Police,-1.801454,52.681069,On or near ALDER CLOSE,E01029483,Lichfield 005A,Unable to prosecute suspect
fdea3306d729e11fd2ec34d2efeed878922f4f5c60cc7a8d0c2a8df47793f642,2019-12,Staffordshire Police,Staffordshire Police,-1.926449,52.677625,On or near OAKDENE ROAD,E01029496,Lichfield 010A,Unable to prosecute suspect
e2649b82fc929bafb96526a4a36d4a93eb3ce334d3e74ba8e7ee9b115ec54d2a,2019-12,Staffordshire Police,Staffordshire Police,-1.918778,52.674717,On or near MOUNT ROAD,E01029528,Lichfield 010C,Unable to prosecute suspect
97963190c80d6335f3db0123d0e76ad01b9c2510e42521ca9329acd3d6e50903,2019-12,Staffordshire Police,Staffordshire Police,-1.652513,52.634834,On or near TREFOIL,E01029824,Tamworth 003D,Unable to prosecute suspect
bb4e5f921728e0462f3f9ff8b26df387c9a4d931facedbe6dbc5939e48671182,2019-12,Staffordshire Police,Staffordshire Police,-1.934845,52.760712,On or near Supermarket,E01029404,Cannock Chase 002E,Unable to prosecute suspect
022df1ae360b5d212c879f3304a4db69a7c978d09731bb8033b5ea30d09a2da4,2019-12,Staffordshire Police,Staffordshire Police,-2.039801,52.659932,On or near HATHERTON STREET,E01029621,South Staffordshire 002A,Unable to prosecute suspect
20f2c81ee817f365b681c9abeb8cb2ed3a94de84586806763848e6d07162cc92,2019-12,Staffordshire Police,Staffordshire Police,-2.263218,52.513570,On or near Airport/Airfield,E01029667,South Staffordshire 013B,Unable to prosecute suspect
ca38f5d90b053501bf7ad26da88b3e9ec21f0e2877f60937fe5e1f83dfc129bb,2019-12,Staffordshire Police,Staffordshire Police,-2.000076,52.713939,On or near SPRINGFIELD RISE,E01029389,Cannock Chase 005D,Unable to prosecute suspect
a474d081182e91420f045b69da351b24a3b10960ca9fd0fd9874c3a3e0c2adf4,2019-12,Staffordshire Police,Staffordshire Police,-2.225338,52.967685,On or near RIDDING BANK,E01029748,Stafford 002D,Unable to prosecute suspect
a474d081182e91420f045b69da351b24a3b10960ca9fd0fd9874c3a3e0c2adf4,2019-12,Staffordshire Police,Staffordshire Police,-2.225338,52.967685,On or near RIDDING BANK,E01029748,Stafford 002D,Unable to prosecute suspect
a474d081182e91420f045b69da351b24a3b10960ca9fd0fd9874c3a3e0c2adf4,2019-12,Staffordshire Police,Staffordshire Police,-2.225338,52.967685,On or near RIDDING BANK,E01029748,Stafford 002D,Unable to prosecute suspect
a474d081182e91420f045b69da351b24a3b10960ca9fd0fd9874c3a3e0c2adf4,2019-12,Staffordshire Police,Staffordshire Police,-2.225338,52.967685,On or near RIDDING BANK,E01029748,Stafford 002D,Unable to prosecute suspect
a474d081182e91420f045b69da351b24a3b10960ca9fd0fd9874c3a3e0c2adf4,2019-12,Staffordshire Police,Staffordshire Police,-2.225338,52.967685,On or near RIDDING BANK,E01029748,Stafford 002D,Unable to prosecute suspect
de91038a44098954005c9c25bc59a343837033eb73c6d1e80cbe31b3786c071b,2019-12,Staffordshire Police,Staffordshire Police,-2.134471,52.795838,On or near MASEFIELD DRIVE,E01029716,Stafford 013B,Unable to prosecute suspect
bd28cbdfafdc4fbf969a8f68a8bd28b3175a9dd75ce1d06057e75b414ba61522,2019-12,Staffordshire Police,Staffordshire Police,-1.623567,52.815464,On or near ELECTRIC STREET,E01032897,East Staffordshire 011G,Unable to prosecute suspect
0a807f884ac6b3b0112c7bb8e8b19c21d979f72f0f8b15c330680d5eae366030,2019-12,Staffordshire Police,Staffordshire Police,-1.828973,52.671574,On or near SANDERS WAY,E01029518,Lichfield 007D,Unable to prosecute suspect
a5cca1049b68179996585cf55f7757550514df6e7a3a822c2b9f5f3cc07359fb,2019-12,Staffordshire Police,Staffordshire Police,-2.037234,52.682856,On or near DERWENT GROVE,E01029360,Cannock Chase 012B,Unable to prosecute suspect
f1e099184c8eb34864a1af568e68df82efe7a512a7bdf360bb358ed4f9186efc,2019-12,Staffordshire Police,Staffordshire Police,-1.638564,52.794349,On or near BLACKPOOL STREET,E01029409,East Staffordshire 011C,Unable to prosecute suspect
da23d53d8a666787eb5abf0731e23c0e4db12285d95c92e7c6d95bfc7648e177,2019-12,Staffordshire Police,Staffordshire Police,-1.594582,52.805139,On or near DURBAN CLOSE,E01029472,East Staffordshire 010E,Unable to prosecute suspect
3f65d618e31700afb4f72cee4076fd4d1eff2cd1fac5ab16e3667935f2825396,2019-12,Staffordshire Police,Staffordshire Police,-1.703241,52.614862,On or near VICTORIA DRIVE,E01029504,Lichfield 012D,Unable to prosecute suspect
d49cc0425e8fdfd113d4de5da8f9f76e222e77334426d14f94f535da21a91580,2019-12,Staffordshire Police,Staffordshire Police,-1.703241,52.614862,On or near VICTORIA DRIVE,E01029504,Lichfield 012D,Unable to prosecute suspect
5eec2dd69b2c0e839eb003920daba4b1d81607a9959c639444e286e5a0faf50d,2019-12,Staffordshire Police,Staffordshire Police,-2.122029,52.806945,On or near A518,E01029701,Stafford 010E,Unable to prosecute suspect
b9dc051375dc4c7241809f87395d7719e5310202808dc3db23d9241ec3d40e26,2019-12,Staffordshire Police,Staffordshire Police,-1.640665,52.796846,On or near QUEEN STREET,E01029409,East Staffordshire 011C,Unable to prosecute suspect
21acd851adcd4aee627a12e35d4590efd0541dba7af8ab9653f1cdf438a6f0b1,2019-12,Staffordshire Police,Staffordshire Police,-1.827683,52.683771,On or near MARKET STREET,E01029526,Lichfield 004E,Unable to prosecute suspect
5f55d16dc28bd7a3ec39a90ae15ef49b4d6b23e354fe638957aff446cad10f33,2019-12,Staffordshire Police,Staffordshire Police,-1.698740,52.642350,On or near DRYDEN ROAD,E01029853,Tamworth 001E,Unable to prosecute suspect
855131f64c02fb5a8a522c2ca68890a44434bfd67a5875ea80a3f15c5faa421e,2019-12,Staffordshire Police,Staffordshire Police,-1.937691,52.749522,On or near COPPICE ROAD,E01029374,Cannock Chase 003E,Unable to prosecute suspect
125052961e30629b7246b20f42a9cc341d864391bc35e6388cd6dc3671c0aac2,2019-12,Staffordshire Police,Staffordshire Police,-1.654140,52.807008,On or near LYNE COURT,E01029446,East Staffordshire 009B,Unable to prosecute suspect
e6896df9171e55e953172906663b7caf8c3d98c21332b6ce5712952ba08d5c15,2019-12,Staffordshire Police,Staffordshire Police,-1.663059,52.829498,On or near BEAMHILL ROAD,E01029463,East Staffordshire 004C,Unable to prosecute suspect
de13fd47e9aab389e052134ac6b520c53faea18aa51f8c7df95bd744b20dd32c,2019-12,Staffordshire Police,Staffordshire Police,-2.038691,52.708170,On or near LING ROAD,E01029647,South Staffordshire 002C,Unable to prosecute suspect
67ad962eba83af863dcc81ce8a288dde120214d8fa30a26c1a6ae4980321c49a,2019-12,Staffordshire Police,Staffordshire Police,-2.148416,52.897024,On or near A520,E01029753,Stafford 003E,Unable to prosecute suspect
aaf5a6687af4125bf8b19733669ecedb02c5f8fe2c66124b6c34aba484eefe7d,2019-12,Staffordshire Police,Staffordshire Police,-1.972041,52.710736,On or near DEERHURST RISE,E01029400,Cannock Chase 006D,Unable to prosecute suspect
a29836c7091534a6ea71995b061a7178bc827f15cc69274cd7e70b61bebe464f,2019-12,Staffordshire Police,Staffordshire Police,-1.934599,52.756523,On or near Parking Area,E01029373,Cannock Chase 002B,Unable to prosecute suspect
f08a12550e86a9457884e35ae304bc1c63cf38dd7b6ef32b70d51453aac81481,2019-12,Staffordshire Police,Staffordshire Police,-2.115960,52.806277,On or near ST CHAD'S PLACE,E01029701,Stafford 010E,Unable to prosecute suspect
a6c6c0fed6a6c3deb132109e19354dcb44d45ab41e85a4d47f0874ad900cf09f,2019-12,Staffordshire Police,Staffordshire Police,-2.115960,52.806277,On or near ST CHAD'S PLACE,E01029701,Stafford 010E,Unable to prosecute suspect
5b9300a9ca5e63c315f75646a805e5f647ce68b03d93a80b0ffba2b80a19b571,2019-12,Staffordshire Police,Staffordshire Police,,,No location,,,Unable to prosecute suspect
6c4b5b704ed481f21fe475b60866ecd505a2a558a0c0ee1082692365a639f1b1,2019-12,Staffordshire Police,Staffordshire Police,-1.614967,52.797988,On or near SANDRINGHAM AVENUE,E01029420,East Staffordshire 012C,Unable to prosecute suspect
8e50b4e6de1c23a0605a3c3a44d3f9e74fd50b22894bd9949b541d2e360e3b1f,2019-12,Staffordshire Police,Staffordshire Police,-2.079232,52.953157,On or near STALLINGTON CLOSE,E01029703,Stafford 001B,Unable to prosecute suspect
6ab3cade952d762a8bf20231e452bc41ee07f8a9ac53825da20ef99d4131d6bf,2019-12,Staffordshire Police,Staffordshire Police,-1.643959,52.809360,On or near CASEY LANE,E01029445,East Staffordshire 009A,Unable to prosecute suspect
e57afeeecdf8c7086cd6aefb73070b7fc034baba82e96b0a19996efc5ab208b8,2019-12,Staffordshire Police,Staffordshire Police,-1.643959,52.809360,On or near CASEY LANE,E01029445,East Staffordshire 009A,Unable to prosecute suspect
6d1805d3b6ce72df192b3ede87f26b0fcb3da4847212b4cfafedbf0b2cb18369,2019-12,Staffordshire Police,Staffordshire Police,-2.001615,52.710946,On or near Parking Area,E01029389,Cannock Chase 005D,Unable to prosecute suspect
281f08ea3af37a441623815b5243b759c62462b530d8512a1d3bc83c33275ff5,2019-12,Staffordshire Police,Staffordshire Police,-2.178284,52.535592,On or near BATTLEFIELD HILL,E01029676,South Staffordshire 012C,Unable to prosecute suspect
5c8fb4fa5b1ea7752f0037871409cbc330e14287d9dd3b1ebfe8c10c189b3d1a,2019-12,Staffordshire Police,Staffordshire Police,-1.923072,52.705213,On or near CHAPEL LANE,E01029515,Lichfield 003D,Unable to prosecute suspect
1487329db8d0c0b01c9b5b51e13161a2c73d87ff5d47de2cee5891635dd2756a,2019-12,Staffordshire Police,Staffordshire Police,-1.946052,52.769554,On or near JOHN BALL CLOSE,E01029372,Cannock Chase 002A,Unable to prosecute suspect
cbfc508aeeb991e4b3161559d42d850e12d6227467d4a4df00690e1db33ec8fb,2019-12,Staffordshire Police,Staffordshire Police,,,No location,,,Unable to prosecute suspect
33b35cbc90aee07e3e276b26546e901d2a5ce8ee9513b36a333f9f0e0b6a02a4,2019-12,Staffordshire Police,Staffordshire Police,-2.027118,52.685960,On or near HALLCOURT CLOSE,E01029360,Cannock Chase 012B,Unable to prosecute suspect
fc88040c275c1e5c9634010041662c2c81b3c2d9f356b79a24f64f9c95a29924,2019-12,Staffordshire Police,Staffordshire Police,-1.806350,52.687757,On or near PENNYS CROFT,E01029524,Lichfield 005F,Unable to prosecute suspect
a4e7d80e5db05626db2f3e338413cc02529451457710010aae06c24b445b25b9,2019-12,Staffordshire Police,Staffordshire Police,-1.669087,52.635511,On or near SKIPNESS,E01029822,Tamworth 003C,Unable to prosecute suspect
5f7a0c9beec2c2020c07a3814c4e6d61f4de9b1030de0305fb323e0a2915f158,2019-12,Staffordshire Police,Staffordshire Police,-1.662827,52.788542,On or near WETHERBY COURT,E01029416,East Staffordshire 013D,Unable to prosecute suspect
f385805cf9de0321299078b623bec8038cce567b0d66aa6dd09413284251a634,2019-12,Staffordshire Police,Staffordshire Police,-1.669954,52.608598,On or near ROMAN COURT,E01032902,Tamworth 010G,Unable to prosecute suspect
4168324b4ab646c3829506370a3bf4d08ca22b8bc31ade1a123c1fe2cb93107a,2019-12,Staffordshire Police,Staffordshire Police,-1.694438,52.648937,On or near HILL TOP AVENUE,E01029852,Tamworth 001D,Unable to prosecute suspect
a2da7d5e4fb2c3e31b2a6b091a480bfbb7d96b3e4d80355e83e58bf3ffcaf863,2019-12,Staffordshire Police,Staffordshire Police,,,No location,,,Unable to prosecute suspect
b01e1d1423ca0e40bbf4ee586feece0ffc0248db2abb22a7cac5c07102019fb3,2019-12,Staffordshire Police,Staffordshire Police,-1.939124,52.688474,On or near ST JOHNS CLOSE,E01029495,Lichfield 006D,Unable to prosecute suspect
be2a35efb5f9a67647548491ab20eb6448f06c1b3029f1a5d47473e4771cdd02,2019-12,Staffordshire Police,Staffordshire Police,-1.653279,52.786492,On or near NICKLAUS CLOSE,E01029414,East Staffordshire 013B,Unable to prosecute suspect
2e18d4f454d83ae3ff942ab3612e3acd819be3c0aca9ff2289adf77138a4f717,2019-12,Staffordshire Police,Staffordshire Police,,,No location,,,Unable to prosecute suspect
210bb60c16c5d178ba32b890e834cb1c2d880f76bc7bbb853dbd87010f9a02a3,2019-12,Staffordshire Police,Staffordshire Police,-1.842830,52.605474,On or near BYRON CROFT,E01009433,Birmingham 001D,Unable to prosecute suspect
be55b38a910fe4b61164af4deedcca22f76bd8db9efed9ebb451a27017084dcf,2019-12,Staffordshire Police,Staffordshire Police,-1.928672,52.674741,On or near BIRCH AVENUE,E01029496,Lichfield 010A,Unable to prosecute suspect
059a9f68995fddc1b94418404faf389f9c4bd2e0db317a1e76ae0fceb5ffb6b2,2019-12,Staffordshire Police,Staffordshire Police,-1.915281,52.685951,On or near SANDERLING RISE,E01029507,Lichfield 003B,Unable to prosecute suspect
340e3682bc33ad32a5a85317631b37275f3333ec6ede33cdb319372a1e364f95,2019-12,Staffordshire Police,Staffordshire Police,,,No location,,,Unable to prosecute suspect
7670f17b4d356b0680285d451b3720cd9bc5c80ef35869f58fbb065d730e7e4e,2019-12,Staffordshire Police,Staffordshire Police,-2.133963,52.654747,On or near COVEN MILL CLOSE,E01029616,South Staffordshire 006A,Unable to prosecute suspect
7e23366373bd6698af427163c249777578c5551e65a6573c312bd1f2b3444eb1,2019-12,Staffordshire Police,Staffordshire Police,-1.641695,52.799555,On or near ALMA STREET,E01029408,East Staffordshire 011B,Unable to prosecute suspect
dfd813e85f94b7fa3b627be3cedb190e9ce40ccfcfc29ac39e3d6e084200ef1e,2019-12,Staffordshire Police,Staffordshire Police,-1.642608,52.798596,On or near PEEL STREET,E01029408,East Staffordshire 011B,Unable to prosecute suspect
7a540da8037dc9bb57633adaf5bcb173d429046f877bfb4b570a3a5eef767e49,2019-12,Staffordshire Police,Staffordshire Police,-1.633723,52.800510,On or near Shopping Area,E01032896,East Staffordshire 011F,Unable to prosecute suspect
6de5681749f2b3880a927a81068b83d14d3790f7207fc3b5afee380040791ea3,2019-12,Staffordshire Police,Staffordshire Police,-1.938976,52.762701,On or near CHURCH STREET,E01029402,Cannock Chase 001E,Unable to prosecute suspect
76a654e682aabb3aeeb1837f37403df6ddd16b0011f60263d5b3598288a92e53,2019-12,Staffordshire Police,Staffordshire Police,-1.611639,52.803703,On or near HAMILTON ROAD,E01029471,East Staffordshire 010D,Unable to prosecute suspect
d1eabc2b7eb1bea5fb404e330142e9a7aa64a44897b64bc0d7d1239977410ee2,2019-12,Staffordshire Police,Staffordshire Police,-1.703533,52.626315,On or near Petrol Station,E01029837,Tamworth 005B,Unable to prosecute suspect
da1ca765c809c59b68a0820ece773a35ab4a617386a52801ed18c2418ba2f239,2019-12,Staffordshire Police,Staffordshire Police,-1.642288,52.828584,On or near ST MARY'S DRIVE,E01029437,East Staffordshire 007D,Unable to prosecute suspect
032bb670be5e483a15a02bbf053e9395513f9e20db70adf12b6dd2ad4d31438d,2019-12,Staffordshire Police,Staffordshire Police,-1.868699,52.897432,On or near STONE ROAD,E01029462,East Staffordshire 003D,Unable to prosecute suspect
7481c4f359467a2a735a1d97ac31d4ae7ad52efbb37c3d3eb88af9c9e5e6cfd2,2019-12,Staffordshire Police,Staffordshire Police,-2.028693,52.674921,On or near BROAD STREET,E01029359,Cannock Chase 012A,Unable to prosecute suspect
5f262e3880644f3444d081a1726bad4e8a2f077c0d3a0652439e23df243460c9,2019-12,Staffordshire Police,Staffordshire Police,-1.640128,52.798993,On or near SHEFFIELD STREET,E01032898,East Staffordshire 011H,Unable to prosecute suspect
9a09fc376b192db79862c03141ec7107c5f9427a327ba563a5c7fe80895eb804,2019-12,Staffordshire Police,Staffordshire Police,-2.031517,52.694293,On or near GRAINGER COURT,E01029367,Cannock Chase 011E,Unable to prosecute suspect
3520b0de49d441a35515d6182b540b7d1a23e819fdf38b911d6cd38ce1f1ea02,2019-12,Staffordshire Police,Staffordshire Police,-1.652513,52.634834,On or near TREFOIL,E01029824,Tamworth 003D,Unable to prosecute suspect
a73ee27cfee32ccd789b5638e6239fe5b415c064ba98db99984d6902715d867d,2019-12,Staffordshire Police,Staffordshire Police,,,No location,,,Unable to prosecute suspect
1c35899eb4dac42771f85df97a03a94d963ebcce1832d1efc0e16f5f133ba0c3,2019-12,Staffordshire Police,Staffordshire Police,-2.090049,52.643246,On or near THE AVENUE,E01029635,South Staffordshire 007D,Unable to prosecute suspect
f4e8cf7e789792fc82ef9c25c0fff9e12573ae039c36beaf2f386931b16ef1d8,2019-12,Staffordshire Police,Staffordshire Police,-2.202827,52.936218,On or near FIELD RISE ROAD,E01029749,Stafford 002E,Unable to prosecute suspect
61c99ef17411ba2b8c959401d1470c940e23a0d89d01ce9cba7fb26da53d0739,2019-12,Staffordshire Police,Staffordshire Police,,,No location,,,Unable to prosecute suspect
04d096ac941612702f6a60ee5133440a127676628bf90e179adbdfed9c6f8981,2019-12,Staffordshire Police,Staffordshire Police,-2.197716,52.627518,On or near WARD ROAD,E01029627,South Staffordshire 008D,Unable to prosecute suspect
8a4fcf52bdd960a0d0ce91e51dceaeca5dbbba9756235e83eb24663baf5e551f,2019-12,Staffordshire Police,Staffordshire Police,-1.650627,52.623034,On or near GALENA CLOSE,E01029820,Tamworth 003A,Unable to prosecute suspect
f3301e02626d8b3ed9d920021906a02902e359d932514f79cf7e3099a756f4ea,2019-12,Staffordshire Police,Staffordshire Police,-1.904482,52.678958,On or near SCHOLARS GATE,E01029507,Lichfield 003B,Unable to prosecute suspect
9ee15e62cef41851b98cf7ce631690982ad66bec79807ea1f1da2fbbfa3058bb,2019-12,Staffordshire Police,Staffordshire Police,-2.148416,52.897024,On or near A520,E01029753,Stafford 003E,Unable to prosecute suspect
7039657a065e8b3b34f0b5484e4d16666bbfed9d31f71fa3331052d6f1f5d6b4,2019-12,Staffordshire Police,Staffordshire Police,-2.233712,52.753505,On or near THE OAKLANDS,E01029688,Stafford 015A,Unable to prosecute suspect
0ff1c7565058cfb909c49d400c39cb1dd0c324e17ec151416f3a6671d17825ad,2019-12,Staffordshire Police,Staffordshire Police,-1.931662,52.758697,On or near HERON STREET,E01029404,Cannock Chase 002E,Unable to prosecute suspect
0ff1c7565058cfb909c49d400c39cb1dd0c324e17ec151416f3a6671d17825ad,2019-12,Staffordshire Police,Staffordshire Police,-1.931662,52.758697,On or near HERON STREET,E01029404,Cannock Chase 002E,Unable to prosecute suspect
5e82770d26e68d497cc3d51bba07e3710c415462deea5ba3e902b6719d28f9d5,2019-12,Staffordshire Police,Staffordshire Police,-2.183435,52.625312,On or near PENDINAS DRIVE,E01029615,South Staffordshire 008C,Unable to prosecute suspect
01c6ede568c54f3b410f3003167bc056d5d35e3b16ab6079144c4f0c2b51f77c,2019-12,Staffordshire Police,Staffordshire Police,-1.703241,52.614862,On or near VICTORIA DRIVE,E01029504,Lichfield 012D,Unable to prosecute suspect
2668350baee6e5845ee4f38fbc8c0012e787699026613aed67364c02726ca3f4,2019-12,Staffordshire Police,Staffordshire Police,-2.028182,52.684756,On or near HUNTER ROAD,E01029360,Cannock Chase 012B,Unable to prosecute suspect
d25fa5e9d23bc85ea7b2903d76a280e65c88c9bdd34671bede820d433bd610a2,2019-12,Staffordshire Police,Staffordshire Police,-1.703241,52.614862,On or near VICTORIA DRIVE,E01029504,Lichfield 012D,Unable to prosecute suspect
e264f5bbf599cd0e21d80310f7fa34a7948b56b2efba87cee76f76133b637c7e,2019-12,Staffordshire Police,Staffordshire Police,-1.642288,52.828584,On or near ST MARY'S DRIVE,E01029437,East Staffordshire 007D,Unable to prosecute suspect
a890fa214b947aaf6f1e0a3e94b8500601f4c3bfa063f298c554b7f87e6daafb,2019-12,Staffordshire Police,Staffordshire Police,-1.605076,52.806046,On or near SIDDALLS STREET,E01029470,East Staffordshire 010C,Unable to prosecute suspect
16093c33ca08eff2cc69dead0560d7e897a80374ccafb65c118770b04d395432,2019-12,Staffordshire Police,Staffordshire Police,-2.187766,52.529168,On or near WOODLANDS ROAD,E01029675,South Staffordshire 013E,Unable to prosecute suspect
ec6eafb8336eb7b1093e55f496a025c11c05244a27ba5bb78833d6d3c720377e,2019-12,Staffordshire Police,Staffordshire Police,-1.827683,52.683771,On or near MARKET STREET,E01029526,Lichfield 004E,Unable to prosecute suspect
0907e1d0d9cf66a44647525074d1a0cccb172605b45a40d7a0df5c2eb2882a79,2019-12,Staffordshire Police,Staffordshire Police,-1.825867,52.694115,On or near STYCHBROOK GARDENS,E01029499,Lichfield 004B,Unable to prosecute suspect
04535ace6c4240a1576b356c2a3fb7eae0959c3244b20e3ea85d4a0871760686,2019-12,Staffordshire Police,Staffordshire Police,-1.801030,52.650575,On or near Prison,E01029488,Lichfield 012A,Unable to prosecute suspect
1fa7d19c8d8fcccdae87a91973f923f908419ae060f8a496a6809f594a883793,2019-12,Staffordshire Police,Staffordshire Police,-1.634636,52.804819,On or near GEORGE STREET,E01032896,East Staffordshire 011F,Unable to prosecute suspect
e0249cf14e39ad10c96dcd5a748dbabe33935deed296cd2cc886854b3683d080,2019-12,Staffordshire Police,Staffordshire Police,,,No location,,,Unable to prosecute suspect
f85220abb2cced3b69e30c364c2f872a7032fc3a7b915cd3c2e1e92fbc37b987,2019-12,Staffordshire Police,Staffordshire Police,-1.833602,52.695106,On or near NEEDWOOD HILL,E01029492,Lichfield 004A,Unable to prosecute suspect
f85220abb2cced3b69e30c364c2f872a7032fc3a7b915cd3c2e1e92fbc37b987,2019-12,Staffordshire Police,Staffordshire Police,-1.833602,52.695106,On or near NEEDWOOD HILL,E01029492,Lichfield 004A,Unable to prosecute suspect
8f14cc6f413c9bcf18bec7c8382e3b34219e915be3d096d8c09d0b3ef53c8c98,2019-12,Staffordshire Police,Staffordshire Police,-1.833602,52.695106,On or near NEEDWOOD HILL,E01029492,Lichfield 004A,Unable to prosecute suspect
8f14cc6f413c9bcf18bec7c8382e3b34219e915be3d096d8c09d0b3ef53c8c98,2019-12,Staffordshire Police,Staffordshire Police,-1.833602,52.695106,On or near NEEDWOOD HILL,E01029492,Lichfield 004A,Unable to prosecute suspect
cc4bc53f38a715c64ecf25dc77ee0379dbbbd4414c6c644a5cd5343dabb156f2,2019-12,Staffordshire Police,Staffordshire Police,-1.652839,52.787731,On or near BURTON ROAD,E01029414,East Staffordshire 013B,Unable to prosecute suspect
89b2954925e9f6650294ba0cd7832bc2c70b07291eea7fe2e27b219aa9282e95,2019-12,Staffordshire Police,Staffordshire Police,-1.904482,52.678958,On or near SCHOLARS GATE,E01029507,Lichfield 003B,Unable to prosecute suspect
7b46e55613b8e83f5af30c4d6769e641790d458e5f71c214ed67b0c936dfbde3,2019-12,Staffordshire Police,Staffordshire Police,-1.675799,52.615005,On or near BELGRAVE ROAD,E01029826,Tamworth 006B,Unable to prosecute suspect
7f18c4758032d36334bfeb17a154ac6272bef32cdbe4b2d319d97b9e2677ff63,2019-12,Staffordshire Police,Staffordshire Police,-2.126896,52.797186,On or near ROTHERWOOD DRIVE,E01029736,Stafford 012B,Unable to prosecute suspect
f07bd5a38694211f1c6ecd67c1479885d7cd40c80ed3f43b14d3d781760f90a1,2019-12,Staffordshire Police,Staffordshire Police,-2.126896,52.797186,On or near ROTHERWOOD DRIVE,E01029736,Stafford 012B,Unable to prosecute suspect
b50b0c606e96a6479c38145a1989977d5c68684b1494fa6b6ebd6201313c1783,2019-12,Staffordshire Police,Staffordshire Police,-2.126896,52.797186,On or near ROTHERWOOD DRIVE,E01029736,Stafford 012B,Unable to prosecute suspect
e49f85dd588122903b18907dec65bf202a3de7d282f7005728336c815bf28593,2019-12,Staffordshire Police,Staffordshire Police,-2.126896,52.797186,On or near ROTHERWOOD DRIVE,E01029736,Stafford 012B,Unable to prosecute suspect
4ebc97a2d551446d9226dd756a1a0809f863fc076f5c32fb5bfa1a8dcc875abc,2019-12,Staffordshire Police,Staffordshire Police,-2.126896,52.797186,On or near ROTHERWOOD DRIVE,E01029736,Stafford 012B,Unable to prosecute suspect
4ebc97a2d551446d9226dd756a1a0809f863fc076f5c32fb5bfa1a8dcc875abc,2019-12,Staffordshire Police,Staffordshire Police,-2.126896,52.797186,On or near ROTHERWOOD DRIVE,E01029736,Stafford 012B,Unable to prosecute suspect
4ebc97a2d551446d9226dd756a1a0809f863fc076f5c32fb5bfa1a8dcc875abc,2019-12,Staffordshire Police,Staffordshire Police,-2.126896,52.797186,On or near ROTHERWOOD DRIVE,E01029736,Stafford 012B,Unable to prosecute suspect
14d6dd6bc9002d99764b5203a3f3382794036d71fce1999e7f291431a631c78f,2019-12,Staffordshire Police,Staffordshire Police,-1.632393,52.801603,On or near Shopping Area,E01032896,East Staffordshire 011F,Unable to prosecute suspect
9d8f8e3b552ede303aa09bd9a0c6d230612dec20bab96ea616449304e4ea4c4b,2019-12,Staffordshire Police,Staffordshire Police,-2.107178,52.649363,On or near Sports/Recreation Area,E01029637,South Staffordshire 006D,Unable to prosecute suspect
821486c5133cd0b04e8564c174649894edc1e75964c1d6f35f891795f0079f8b,2019-12,Staffordshire Police,Staffordshire Police,-1.925146,52.686929,On or near DEAL AVENUE,E01029486,Lichfield 003A,Unable to prosecute suspect
103397b933a8fd210aeaeb7a93d394720e84faa17468b1979699046f129080ec,2019-12,Staffordshire Police,Staffordshire Police,,,No location,,,Unable to prosecute suspect
5226760d9c73aaeb8a6d2955a4d18dc79792ad4225f273cdd1b18f27e954d9c4,2019-12,Staffordshire Police,Staffordshire Police,-1.665953,52.620120,On or near SILVER LINK ROAD,E01029840,Tamworth 007A,Unable to prosecute suspect
277ed4d4463d97a5a37c1b5665307ff3551f947cd1c43e81b9c052de04695ed1,2019-12,Staffordshire Police,Staffordshire Police,-2.198441,52.529752,On or near HONEYBOURNE CRESCENT,E01029679,South Staffordshire 012D,Unable to prosecute suspect
e4b2c06c685b0d7b6293ab6e9951ddcd435c507a1afcd9b0f48213c4deaa2002,2019-12,Staffordshire Police,Staffordshire Police,-1.826076,52.674950,On or near SHAKESPEARE AVENUE,E01029519,Lichfield 007E,Unable to prosecute suspect
c3abd770dc4bf9c0cbd111a8f74ffb30647c53677f866c07e0a0f1055e785596,2019-12,Staffordshire Police,Staffordshire Police,-1.801030,52.650575,On or near Prison,E01029488,Lichfield 012A,Unable to prosecute suspect
acc0bdef05f12bc977aeece43a2820b7a54187db533b07f1f219b07a194cbbf2,2019-12,Staffordshire Police,Staffordshire Police,,,No location,,,Unable to prosecute suspect
8e8fc0ae7e9e7c8ee15c1f31414419a6793d1a2cf54145d17d3644d90a41cb21,2019-12,Staffordshire Police,Staffordshire Police,,,No location,,,Unable to prosecute suspect
48085c6f9fd12e0b3fde1dd64cc04a2dfb8fa9600662d6830889b0757339668b,2019-12,Staffordshire Police,Staffordshire Police,-2.202938,52.533323,On or near THE CELANDINES,E01029678,South Staffordshire 013G,Unable to prosecute suspect
1d9f8e0ab9294a8748fdc3d4c16c21fe081cc8b1d5ca4dc8605fe56d02a41cbf,2019-12,Staffordshire Police,Staffordshire Police,-1.652513,52.634834,On or near TREFOIL,E01029824,Tamworth 003D,Unable to prosecute suspect
fe2cd1a9688606d897e93f015afde6e7e3986b42f8e6bb07a962d20dcaa27ef8,2019-12,Staffordshire Police,Staffordshire Police,-1.720602,52.764537,On or near PALMER CLOSE,E01029441,East Staffordshire 015C,Unable to prosecute suspect
e59dbb4bd2d0863d1e324e675a0bd5bb9d6c83aaf4f4ecc58fa7ab16a73d87a7,2019-12,Staffordshire Police,Staffordshire Police,-1.911574,52.895628,On or near HALL ORCHARD,E01029405,East Staffordshire 001A,Unable to prosecute suspect
3dea0a235f2c414b8950e1d6e8ce71172f31c6535ca0528727380d2fab307eca,2019-12,Staffordshire Police,Staffordshire Police,-1.624371,52.828888,On or near LAPLEY DRIVE,E01029428,East Staffordshire 008C,Unable to prosecute suspect
0e80daafca3e124f53168da729c8ed3459069b742bd99baa0907a3c4bde9d5a0,2019-12,Staffordshire Police,Staffordshire Police,-1.857905,52.884394,On or near HIGHWOOD ROAD,E01029405,East Staffordshire 001A,Unable to prosecute suspect
8971362be0c5bd7e4efcd231000a6d46b7fe30453f27215c4fb359625525eaba,2019-12,Staffordshire Police,Staffordshire Police,-1.944907,52.760394,On or near HAGLEY ROAD,E01029403,Cannock Chase 002D,Unable to prosecute suspect
82ddaad40e3471936f2db0e0b4226a31c846c436989ced4fccfdedec3c26f045,2019-12,Staffordshire Police,Staffordshire Police,-2.026702,52.684297,On or near CARFAX,E01029362,Cannock Chase 012D,Unable to prosecute suspect
5250b1160f714bfb6b7bed1ff02ebb10014bc243979ca247a7155a376643a904,2019-12,Staffordshire Police,Staffordshire Police,-1.872369,52.907980,On or near ASHBOURNE ROAD,E01029433,East Staffordshire 002D,Unable to prosecute suspect
dad4e81b5eb3090498baceff9fff571e4d5591fe0e65a7d0bf3112c198d59752,2019-12,Staffordshire Police,Staffordshire Police,-2.038927,52.707622,On or near MOSS CRESCENT,E01029648,South Staffordshire 002D,Unable to prosecute suspect
305e1bbf7d4e60e779dfba36382007f01c9fe59b4cc7ae2b9321b2063915d685,2019-12,Staffordshire Police,Staffordshire Police,,,No location,,,Unable to prosecute suspect
a58788fff583bdab9e2eff404c4dddfe607ac869b4db1bd3e6032da03d97b57b,2019-12,Staffordshire Police,Staffordshire Police,-2.013441,52.659785,On or near MOAT LANE,E01029643,South Staffordshire 005D,Unable to prosecute suspect
f6bb184b49c523e7674f53f2e9ef76e9680252de271d352f3280e080ab98b032,2019-12,Staffordshire Police,Staffordshire Police,-1.908648,52.674035,On or near NORTON LANE,E01029476,Lichfield 009B,Unable to prosecute suspect
1d81da75b8afa7c0bfae41d7b102739eadfbf3971b6248600353d05962c643dc,2019-12,Staffordshire Police,Staffordshire Police,-1.824419,52.689879,On or near ST CHADS CLOSE,E01029501,Lichfield 004C,Unable to prosecute suspect
91cb15de7419575a338aefa9ba2b18f95d83a13e41f87f85aeaf6e495e56ff32,2019-12,Staffordshire Police,Staffordshire Police,-1.692600,52.856187,On or near PARK LANE,E01029464,East Staffordshire 004D,Unable to prosecute suspect
3508f4ef61f5a3f9b31cadc7044f2ab9258975f11c2ecf400c2f02dc657a58f3,2019-12,Staffordshire Police,Staffordshire Police,-2.128766,52.792617,On or near TURNEY GROVE,E01029737,Stafford 012C,Unable to prosecute suspect
d6e4200b23d6ee426d4c0fff64edcc4a53981381cf42caebba669dd0bd7b454d,2019-12,Staffordshire Police,Staffordshire Police,-1.635219,52.800749,On or near Parking Area,E01032896,East Staffordshire 011F,Unable to prosecute suspect
9dd892dab4c76a225006dcbe38a5074da30e0d8c771186b01dcaa7309800ee57,2019-12,Staffordshire Police,Staffordshire Police,-2.080914,52.969112,On or near HIGHFIELD CLOSE,E01029702,Stafford 001A,Unable to prosecute suspect
9dd892dab4c76a225006dcbe38a5074da30e0d8c771186b01dcaa7309800ee57,2019-12,Staffordshire Police,Staffordshire Police,-2.080914,52.969112,On or near HIGHFIELD CLOSE,E01029702,Stafford 001A,Unable to prosecute suspect
c493c0861bf4138c796e05c56752eb67c558b3fe1611c1fa493ef27cf9730f81,2019-12,Staffordshire Police,Staffordshire Police,-1.640796,52.825918,On or near ST MODWEN'S CLOSE,E01029437,East Staffordshire 007D,Unable to prosecute suspect
7974ab64f27dc3b04e11ab928d3a8cc89e436afeeb255faf6e640a40abd9e17a,2019-12,Staffordshire Police,Staffordshire Police,-2.030508,52.690266,On or near Shopping Area,E01029360,Cannock Chase 012B,Unable to prosecute suspect
2df595137ffdbcea8bfd7e2203cfb5ee8e0af9f178e8726be14e783e7beb88d6,2019-12,Staffordshire Police,Staffordshire Police,-1.634207,52.788745,On or near WATERSIDE ROAD,E01029450,East Staffordshire 014B,Unable to prosecute suspect
58590b7a04021d5778b37f09bed9e4c841bbf6f44f7287c49b2c09b6a5b75dbc,2019-12,Staffordshire Police,Staffordshire Police,-2.178269,52.626227,On or near FLORENCE ROAD,E01029613,South Staffordshire 008A,Unable to prosecute suspect
5dd58b8b7775dc3fe6a2c632292dd404ed82cba379c5bc894a5220e6b8a50460,2019-12,Staffordshire Police,Staffordshire Police,-1.596857,52.802917,On or near HOBART CLOSE,E01029468,East Staffordshire 010A,Unable to prosecute suspect
7f050129cd9587c0457184def97a72730b098493602336fa3a595f8e1dad08d1,2019-12,Staffordshire Police,Staffordshire Police,-1.668850,52.629640,On or near HOPLEYS CLOSE,E01029832,Tamworth 004C,Unable to prosecute suspect
ac93b683998f31ace7ef28d0efe72149f5e7f36684a3cf942a86e0fdc5ecd3da,2019-12,Staffordshire Police,Staffordshire Police,-2.153455,52.909810,On or near KENT GROVE,E01029746,Stafford 003D,Unable to prosecute suspect
c299c119cd9115b03d2b91d17b7ba91734773c156cfb22a45292999690ef8cb2,2019-12,Staffordshire Police,Staffordshire Police,-2.114633,52.803680,On or near LICHFIELD ROAD,E01029701,Stafford 010E,Unable to prosecute suspect
ec5e5cb8993bb18881a6c6024398cd239a2c0bbd7051ce8f8984a26cd698b5fa,2019-12,Staffordshire Police,Staffordshire Police,-1.670714,52.625456,On or near LYCHGATE CLOSE,E01029832,Tamworth 004C,Unable to prosecute suspect
9d2b44e7170b1c8fb2986675cb201b67aba831f2472f07b4c79ac6c66f89c6a8,2019-12,Staffordshire Police,Staffordshire Police,-1.701757,52.626769,On or near Shopping Area,E01029835,Tamworth 002A,Unable to prosecute suspect
42e0cd4a808947688dfa10d8928bfbd994d2db1335b05626f31ba016f550e198,2019-12,Staffordshire Police,Staffordshire Police,-1.640071,52.827426,On or near ST MARK'S ROAD,E01029437,East Staffordshire 007D,Unable to prosecute suspect
c167572e7aeca3a240a0e5d2a686c4cf1dda592da15435090f3cc646a11bd44b,2019-12,Staffordshire Police,Staffordshire Police,-1.827631,52.681982,On or near WADE STREET,E01029526,Lichfield 004E,Unable to prosecute suspect
6855454662e708531e7bea13d3b44e172245e121ec3e7f6867c11a04c67e30ed,2019-12,Staffordshire Police,Staffordshire Police,-1.884080,52.904756,On or near WEST WAY,E01029432,East Staffordshire 002C,Unable to prosecute suspect
a9f1b523099816e2b52f3348aad747893c87a138055f878457c7762b4b4f6734,2019-12,Staffordshire Police,Staffordshire Police,-2.002829,52.717490,On or near MARY STREET,E01029387,Cannock Chase 005C,Unable to prosecute suspect
373c798f0be5eef5c3503c0b570af5ea2ec76992d9e51c89a998e757194189fd,2019-12,Staffordshire Police,Staffordshire Police,-2.045872,52.682916,On or near SALCOMBE CLOSE,E01029363,Cannock Chase 012E,Unable to prosecute suspect
96767056a02af1ba46aae7a72a03a51a6a75fed73a03fc16675eb3515d2d28f3,2019-12,Staffordshire Police,Staffordshire Police,,,No location,,,Unable to prosecute suspect
af6ccb99141e3f4d7537090236d36238239a92f5603507db6f27bbc05498c214,2019-12,Staffordshire Police,Staffordshire Police,-2.014283,52.703412,On or near CANNOCK ROAD,E01029350,Cannock Chase 008B,Unable to prosecute suspect
062b414cfe126a961957914e10ed513aa7fc2b3b91130d36d54e9970154dea85,2019-12,Staffordshire Police,Staffordshire Police,-2.105028,52.793980,On or near VAUBAN DRIVE,E01029734,Stafford 016C,Unable to prosecute suspect
69cebc29ffadfc3f8b622f917f8ef16e8309125be3286945011ecf859949b7dd,2019-12,Staffordshire Police,Staffordshire Police,-2.126513,52.787945,On or near BARNES ROAD,E01029717,Stafford 013C,Unable to prosecute suspect
345044b6e88524ae4c90ed179e793e9ef7e399149645927c9e291ca0cf3ccf4e,2019-12,Staffordshire Police,Staffordshire Police,-1.833602,52.695106,On or near NEEDWOOD HILL,E01029492,Lichfield 004A,Unable to prosecute suspect
fa0a53184e03a780e4335a1f237699d7c0708a6d5380a3dc48643a6b233fd199,2019-12,Staffordshire Police,Staffordshire Police,-2.219080,52.816703,On or near JOHNSON CLOSE,E01029742,Stafford 012E,Unable to prosecute suspect
2b31564d88d0f4a6948323a8ded4b9a37321bd6f2ace8e73bd447a0cb807cf76,2019-12,Staffordshire Police,Staffordshire Police,-1.701819,52.639463,On or near CHAUCER CLOSE,E01029850,Tamworth 002D,Unable to prosecute suspect
4591a781ad1862bd0afe3b2bb9abcb59c46abab7a09c6c9e9e3f1012a3cbec93,2019-12,Staffordshire Police,Staffordshire Police,-2.039315,52.710247,On or near LICHEN CLOSE,E01029647,South Staffordshire 002C,Unable to prosecute suspect
0ade003c03cd099cb7b78554fbba094f17f48a2403c42a33d78007fe168e0c66,2019-12,Staffordshire Police,Staffordshire Police,-1.997850,52.830623,On or near FEATHERBED LANE,E01029712,Stafford 008D,Unable to prosecute suspect
61351f58ca9d26c000b27c72985d92deca99f81e6f1d9cbc90cff004959b58df,2019-12,Staffordshire Police,Staffordshire Police,-2.046627,52.683051,On or near CARLISLE ROAD,E01029363,Cannock Chase 012E,Unable to prosecute suspect
812c79570f72598b683e382aad8ebec9a758a080fa64dabc66106a8392f38dd7,2019-12,Staffordshire Police,Staffordshire Police,-2.027081,52.674130,On or near CROSS STREET,E01029359,Cannock Chase 012A,Unable to prosecute suspect
657bb0dd3bda24e04774253c71e617de46ae9555b92074023f10fef8dfb59c87,2019-12,Staffordshire Police,Staffordshire Police,,,No location,,,Unable to prosecute suspect
a60fb051a0951cf5a98b465021d3aeb4d0170a4a87e291f05f8438914882f6e7,2019-12,Staffordshire Police,Staffordshire Police,-2.114999,52.779372,On or near BURTON HOUSE GARDENS,E01029726,Stafford 016A,Unable to prosecute suspect
dd4a0eaf71071849b8d38d0d1bee777f99d6efcb25331d4407649128360ccf9e,2019-12,Staffordshire Police,Staffordshire Police,-1.638804,52.810181,On or near DERBY STREET EAST,E01029447,East Staffordshire 009C,Unable to prosecute suspect
4b07265ecbf7ee71fe7ab6f71cdcaedddebc19275d1a9c94a8a596f31d049af3,2019-12,Staffordshire Police,Staffordshire Police,-1.702481,52.635572,On or near EDWARD STREET,E01029851,Tamworth 002E,Unable to prosecute suspect
a3b068ea764d269b474780bc98217ccc1a761f71f97f87285207f83fd0f2bab3,2019-12,Staffordshire Police,Staffordshire Police,-2.108969,52.727670,On or near FREDERICK ROAD,E01029655,South Staffordshire 001A,Unable to prosecute suspect
7765c9f7365305e11c63769bb8f8bef056e2a97d55c457db8077fbe7bf0a4a46,2019-12,Staffordshire Police,Staffordshire Police,-1.869946,52.907843,On or near HOWITT CRESCENT,E01029433,East Staffordshire 002D,Unable to prosecute suspect
e348d4e6b0a9598b2e36e7a2616f8f021b569e17f74c458f8342e366ab2d8bbe,2019-12,Staffordshire Police,Staffordshire Police,-2.063998,52.625823,On or near WAKEMAN COURT,E01029633,South Staffordshire 007B,Unable to prosecute suspect
4b1bc44806424ff3ccf70ce174e72eaf725a100957650f25f24cb742e597eb40,2019-12,Staffordshire Police,Staffordshire Police,-2.109750,52.814310,On or near DREIEICH CLOSE,E01029692,Stafford 009A,Unable to prosecute suspect
ca54e813e76b0c596df8f672aba84f7ba3d2ae5190f7dd501a967dde8966c92d,2019-12,Staffordshire Police,Staffordshire Police,-1.930303,52.690492,On or near WESLEY CLOSE,E01029487,Lichfield 006A,Unable to prosecute suspect
64ced100f3f6d7eb788afbced8b6c276b3f65c941e98cb089de9b6d4e8638f91,2019-12,Staffordshire Police,Staffordshire Police,-2.143189,52.813367,On or near COVENTRY COURT,E01029752,Stafford 007E,Unable to prosecute suspect
21124ad56610da5fcc846d32fe6d846980cfb5c4c45f0529563f4b54d59b05ea,2019-12,Staffordshire Police,Staffordshire Police,-1.691537,52.853164,On or near FERRERS AVENUE,E01029464,East Staffordshire 004D,Unable to prosecute suspect
bb832a87e2781d8ea381b6469945b8ac845fb584bb8216b4bf46a8e178e61b54,2019-12,Staffordshire Police,Staffordshire Police,-2.017234,52.719080,On or near HEDGEROW CLOSE,E01029385,Cannock Chase 004B,Unable to prosecute suspect
e6dd2adb47a25ed7e1f2b46a72104101c0999622a9225eac86dc0ba36a596991,2019-12,Staffordshire Police,Staffordshire Police,-1.934785,52.671077,On or near Parking Area,E01029497,Lichfield 006E,Unable to prosecute suspect
e43f2e7d23491ab5a6e8e1c51f36e68880de91009fdb5a2d3ded318d42756859,2019-12,Staffordshire Police,Staffordshire Police,-1.972041,52.710736,On or near DEERHURST RISE,E01029400,Cannock Chase 006D,Unable to prosecute suspect
913148f48042db07d4de2e459e8d1c27674892a4b417599f50db23b5f9c4a4b7,2019-12,Staffordshire Police,Staffordshire Police,-1.666028,52.621909,On or near IVATT,E01029840,Tamworth 007A,Unable to prosecute suspect
4db11ee7fee257d24a80fb571006f29659fed42de8446b882625348523ef0dfa,2019-12,Staffordshire Police,Staffordshire Police,-2.108467,52.787505,On or near PLANT CRESCENT,E01029734,Stafford 016C,Unable to prosecute suspect
bb85b888f71137eb6d8a0672019356c0daf00f662ee8d4f05927430cef3a026b,2019-12,Staffordshire Police,Staffordshire Police,-2.007595,52.712222,On or near MEADOWBROOK CLOSE,E01029384,Cannock Chase 005A,Unable to prosecute suspect
25d3173ad8046774411ecf461c215d49a013be8323949b673477d8ca254ecd5b,2019-12,Staffordshire Police,Staffordshire Police,-2.102247,52.954506,On or near BLACKLAKE DRIVE,E01029705,Stafford 001D,Unable to prosecute suspect
e0cc805dab69e2d8cfd60b9d2ad12ff47f03e46911a9d8a03767feb6e04025ab,2019-12,Staffordshire Police,Staffordshire Police,-2.029181,52.674534,On or near Motorway Service Area,E01029359,Cannock Chase 012A,Unable to prosecute suspect
a9a77c1e8e2928359d12d5a0b0a3c4b98ea1f9ac935575cd9d31b48bb7982f5d,2019-12,Staffordshire Police,Staffordshire Police,-1.630403,52.784472,On or near SUSSEX ROAD,E01029453,East Staffordshire 014E,Unable to prosecute suspect
6a5e879419ee2a19293a4b788345bb574c47880107d610c3e512349f8f2992b1,2019-12,Staffordshire Police,Staffordshire Police,-1.694888,52.614049,On or near ATHERSTONE STREET,E01029504,Lichfield 012D,Unable to prosecute suspect
e8718fd4d53975a9c3bf37a494eeb2dddf3be6f63ff688a366b90c5608084291,2019-12,Staffordshire Police,Staffordshire Police,-2.038956,52.689670,On or near HATHERTON HOLLOW,E01029364,Cannock Chase 011B,Unable to prosecute suspect
9271a22de552bba496f0c9a9a178a207602ffc59cad9401e17747228e74e0715,2019-12,Staffordshire Police,Staffordshire Police,-1.701819,52.639463,On or near CHAUCER CLOSE,E01029850,Tamworth 002D,Unable to prosecute suspect
08cb89b28e92493ec34f8eec020bf9bac1f2446434118139fda891824273bc55,2019-12,Staffordshire Police,Staffordshire Police,-1.652791,52.793736,On or near HIGGOTT CLOSE,E01029415,East Staffordshire 013C,Unable to prosecute suspect
50a985d03f2ee1ca49ed091f2825ae1a935a94549c34a521bec9990c646fed85,2019-12,Staffordshire Police,Staffordshire Police,-1.934266,52.682152,On or near Shopping Area,E01029494,Lichfield 006C,Unable to prosecute suspect
1372a30a6de20d815dd0999b646be2462e3a15f78846c366f5a331f5f8f3f920,2019-12,Staffordshire Police,Staffordshire Police,-2.118123,52.783360,On or near CHURCHILL WAY,E01029726,Stafford 016A,Unable to prosecute suspect
35bc170677c898b3e5e2aa81e571dd1e414ceeb8a07c2e3b3d69f78daaa81163,2019-12,Staffordshire Police,Staffordshire Police,-1.595492,52.809331,On or near NEWTON LEYS,E01029472,East Staffordshire 010E,Unable to prosecute suspect
7663fdb83f0b105d76e741e20de7f0ef655ee974a1ed2510618649feffeee669,2019-12,Staffordshire Police,Staffordshire Police,-1.884563,52.907381,On or near DAVIES DRIVE,E01029431,East Staffordshire 002B,Unable to prosecute suspect
db8fec9b1dd32be8aae8b069be0ec42925dbb4b918ddfcb781206f3a82b8d9d9,2019-12,Staffordshire Police,Staffordshire Police,-1.948555,52.770401,On or near WILLIAM MORRIS COURT,E01029371,Cannock Chase 001D,Unable to prosecute suspect
15bf8f0cee7b0d76d16dc03ef5ff395c8007df9367cfab5347c3b2893fa6a797,2019-12,Staffordshire Police,Staffordshire Police,-1.652513,52.634834,On or near TREFOIL,E01029824,Tamworth 003D,Unable to prosecute suspect
d8a185eb86888608e7c5dc30ec00602a7d6a9c83e3cee4c9cc1b90e1cdd58c72,2019-12,Staffordshire Police,Staffordshire Police,-2.038956,52.689670,On or near HATHERTON HOLLOW,E01029364,Cannock Chase 011B,Unable to prosecute suspect
f1ebc0d17b14299d91478ed879bbbb5ec7239e7f29ad524fd9138df21b52ddc6,2019-12,Staffordshire Police,Staffordshire Police,-1.640595,52.794508,On or near BRANSTON ROAD,E01029409,East Staffordshire 011C,Unable to prosecute suspect
e7679b268def09afaf00a33fa08a3fa6ad7c6ea8ac777b5e2ff3c5cbb867ea7b,2019-12,Staffordshire Police,Staffordshire Police,-2.106483,52.782895,On or near HINTON CLOSE,E01029735,Stafford 016D,Unable to prosecute suspect
e24be1d7b763da56ada446c09cb46c69f4f361ad5d639592b5e7fb9d0c05228f,2019-12,Staffordshire Police,Staffordshire Police,-1.597316,52.806290,On or near CANTERBURY ROAD,E01029468,East Staffordshire 010A,Unable to prosecute suspect
4861df9233898bf1b5d9909ec3ffca643253971b70d62985684343892191765e,2019-12,Staffordshire Police,Staffordshire Police,-2.028672,52.687021,On or near HALLCOURT LANE,E01029360,Cannock Chase 012B,Unable to prosecute suspect
90fe53e807bf96d617a38738091d25ae258708e44c2a3d034946a3636472e9c0,2019-12,Staffordshire Police,Staffordshire Police,-1.943686,52.753183,On or near GOLDEN CLOSE,E01029373,Cannock Chase 002B,Unable to prosecute suspect
604181080cd939ecdf95afc20204e92a543a35b9988f01c97006dbb2e66706ae,2019-12,Staffordshire Police,Staffordshire Police,-2.106602,52.788837,On or near Supermarket,E01029734,Stafford 016C,Unable to prosecute suspect
fc758cb2449627ecc86442f2f8eb7514a0c54b9c25f0f8ff05856ad91f58273c,2019-12,Staffordshire Police,Staffordshire Police,-1.825126,52.675811,On or near CHAUCER CLOSE,E01029518,Lichfield 007D,Unable to prosecute suspect
0e0baeeb821f1d97680d64bccfa86d10d47ffa6aec0040c283e33a44e59290f3,2019-12,Staffordshire Police,Staffordshire Police,-2.078716,52.792086,On or near Supermarket,E01029684,Stafford 014A,Unable to prosecute suspect
b2f6f4876a126a5601a496e43e3fac3c7914882d2334b0ceadb7b6b5d86f6fcd,2019-12,Staffordshire Police,Staffordshire Police,-2.105746,52.723286,On or near KINGFISHER WALK,E01029658,South Staffordshire 001D,Unable to prosecute suspect
f396937e68a03f4a6893a11ac6410a12d653ef08098155624cab4292839e5c12,2019-12,Staffordshire Police,Staffordshire Police,-1.865891,52.896799,On or near BALANCE STREET,E01029462,East Staffordshire 003D,Unable to prosecute suspect
6de1d290fa1b8af4ad402551f4f179c6d13f8df7e02103617df7116d185c5de1,2019-12,Staffordshire Police,Staffordshire Police,-2.039315,52.710247,On or near LICHEN CLOSE,E01029647,South Staffordshire 002C,Unable to prosecute suspect
7ba64357ad6e5b824f0edf1636f3fe5f29fa767bc99a3263a178feb152b780fb,2019-12,Staffordshire Police,Staffordshire Police,-1.650627,52.623034,On or near GALENA CLOSE,E01029820,Tamworth 003A,Unable to prosecute suspect
0028984279ae4d234e2a4d946c93177762af3b18d1b171e5c931aa6b271f41ec,2019-12,Staffordshire Police,Staffordshire Police,-2.018946,52.707142,On or near PRINCESS STREET,E01029350,Cannock Chase 008B,Unable to prosecute suspect
367bd61e56f9b14f6d741c5aec9608ee67119604dcb2eed890fb5cdf21ce8f6f,2019-12,Staffordshire Police,Staffordshire Police,-1.827389,52.672228,On or near SHORTBUTTS LANE,E01029518,Lichfield 007D,Unable to prosecute suspect
c5d7cce905946e9ff4d54137594f66ce06c80856b7f2a20fae6b39156b32c917,2019-12,Staffordshire Police,Staffordshire Police,-2.134505,52.662765,On or near LIGHT ASH CLOSE,E01029619,South Staffordshire 006B,Unable to prosecute suspect
3ebe0cb9f821cb9aaf4875b02827cbba8001e9c40b14a125a46f28f43a93cab1,2019-12,Staffordshire Police,Staffordshire Police,,,No location,,,Unable to prosecute suspect
6fe04248611ffd92b22a6669ebc1b9104ae31f24afd8bb387a2c9bc3b7b28141,2019-12,Staffordshire Police,Staffordshire Police,-1.907377,52.680884,On or near GORSTEY LEA,E01029475,Lichfield 009A,Unable to prosecute suspect
1cdd4c13bad1aa6cffef44022e1d6de450fdbd8eef670bfc2fdf1bc12a16a10b,2019-12,Staffordshire Police,Staffordshire Police,-1.630211,52.824573,On or near SEYMOUR AVENUE,E01029428,East Staffordshire 008C,Unable to prosecute suspect
a8d314254d2c6968a01c3104b3cd2610a11d8a3ee786a1484504c774fc7e95d0,2019-12,Staffordshire Police,Staffordshire Police,-1.630211,52.824573,On or near SEYMOUR AVENUE,E01029428,East Staffordshire 008C,Unable to prosecute suspect
ca4a25a7195ab85607ef41ae3c59482dcc4b0ce6ccb432c1adce4b92e15240b4,2019-12,Staffordshire Police,Staffordshire Police,-2.036675,52.722033,On or near OAK AVENUE,E01029646,South Staffordshire 002B,Unable to prosecute suspect
3f2bbffca62a408dad197430cc4e1865a536e1955e7e9798cee2a62cf529fb5e,2019-12,Staffordshire Police,Staffordshire Police,,,No location,,,Unable to prosecute suspect
e400172ea83c7b51d83f30e477620864d8b7ee43ed39eac78fd623cf7ac69d07,2019-12,Staffordshire Police,Staffordshire Police,-1.606689,52.806438,On or near HIGH BANK ROAD,E01029470,East Staffordshire 010C,Unable to prosecute suspect
ad0fb9570cef4fd402d43a36066aaab7e247683870cd2dfe7664c5ad63832c49,2019-12,Staffordshire Police,Staffordshire Police,-2.104795,52.820365,On or near CORONATION ROAD,E01029690,Stafford 006A,Unable to prosecute suspect
7271db2da1e57baf3ab9e028cca3ffff7ef5eb9e9dcd4531f42fdb2f02853e31,2019-12,Staffordshire Police,Staffordshire Police,-2.107763,52.814609,On or near LISTER ROAD,E01029692,Stafford 009A,Unable to prosecute suspect
fc4621de16c12a67e121093b6e4baff6432b2aa239f57969e862084f986a35a1,2019-12,Staffordshire Police,Staffordshire Police,,,No location,,,Unable to prosecute suspect
14866dff751a014c2893915453cc1f5043be506602c85c03e8d9070d049f2a14,2019-12,Staffordshire Police,Staffordshire Police,-1.600662,52.807002,On or near EAST STREET,E01029468,East Staffordshire 010A,Unable to prosecute suspect
76b97a834591cf629ae0bb52ea28425736bbf9b8ff997a861e20264d683de186,2019-12,Staffordshire Police,Staffordshire Police,-1.668850,52.629640,On or near HOPLEYS CLOSE,E01029832,Tamworth 004C,Unable to prosecute suspect
f1e67c804a7c44b0e2bed794fbe103470a7bb2f7bba0f4fc90903f7c8724c3a7,2019-12,Staffordshire Police,Staffordshire Police,-1.828546,52.674989,On or near DOVEHOUSE FIELDS,E01029519,Lichfield 007E,Unable to prosecute suspect
f9ad8495486bb1fbfb17971677e3ba19d38594ce2b55aa5fba86d994ddee1b0c,2019-12,Staffordshire Police,Staffordshire Police,-2.039444,52.657720,On or near FALCON CLOSE,E01029624,South Staffordshire 004D,Unable to prosecute suspect
e2953f4d39cb1fdbbc77ce4e1bb2d40c94e70551597ac7a757d72f84620e8e8d,2019-12,Staffordshire Police,Staffordshire Police,-1.665547,52.789673,On or near BRIDGFORD AVENUE,E01029413,East Staffordshire 013A,Unable to prosecute suspect
174d16ecc321b0d851af50c506662167c4459be299be7a0195972ca5a696c570,2019-12,Staffordshire Police,Staffordshire Police,-1.940408,52.767215,On or near Sports/Recreation Area,E01029402,Cannock Chase 001E,Unable to prosecute suspect
37f28420084ed07f0c19d7bb3f7fa771c6e4a31fc74a3cd06af4984bd876b433,2019-12,Staffordshire Police,Staffordshire Police,-1.936334,52.674116,On or near HILL STREET,E01029496,Lichfield 010A,Unable to prosecute suspect
14100b3d60615e7e9c95a2d8a374c3cf84392e7c4b5e65e86145e5b18af09976,2019-12,Staffordshire Police,Staffordshire Police,-2.035135,52.721566,On or near ALMOND ROAD,E01029646,South Staffordshire 002B,Unable to prosecute suspect
4a16c2822d8c394d00ebf2499afde250d1efc44b991b2d71e7d9c925698dd999,2019-12,Staffordshire Police,Staffordshire Police,-2.021387,52.703500,On or near BOWES DRIVE,E01029358,Cannock Chase 007E,Unable to prosecute suspect
ff2c2960a7f91b8bab095fa4d96cb1bbd8ca1f9574eaa5a461248e23699b53f6,2019-12,Staffordshire Police,Staffordshire Police,-1.808390,52.688030,On or near DARNFORD VIEW,E01029524,Lichfield 005F,Unable to prosecute suspect
6fe3cdc603c1658fccbd853101cbb3832a85f6a8d4af6e05d5b1c0e62eb241f9,2019-12,Staffordshire Police,Staffordshire Police,-1.994156,52.705570,On or near NEW STREET,E01029391,Cannock Chase 009D,Unable to prosecute suspect
d2a9ec9bdcacaed53e51c27e02daf1398b4ecf9fad0bf3ef5d5520db4a77c641,2019-12,Staffordshire Police,Staffordshire Police,-1.661678,52.848705,On or near CHURCH ROAD,E01029444,East Staffordshire 004B,Unable to prosecute suspect
3449ad1837f0c62e8e92bdbd0adeb034428a996cdccfd36692eda31c5981ed1e,2019-12,Staffordshire Police,Staffordshire Police,-1.819519,52.694160,On or near Supermarket,E01029525,Lichfield 005G,Unable to prosecute suspect
37622dfc21e8d84865be02bd4308578e67ac51c0b4921f7b368baeaccc48ac5f,2019-12,Staffordshire Police,Staffordshire Police,-2.007612,52.721589,On or near ROWLEY CLOSE,E01029390,Cannock Chase 004D,Unable to prosecute suspect
fa53a323f5cd12433f59e54670fb12d93130e3750a74689436984942cb380da4,2019-12,Staffordshire Police,Staffordshire Police,-2.002281,52.706721,On or near SUSSEX DRIVE,E01029393,Cannock Chase 008E,Unable to prosecute suspect
09a75dedfdeba51e976013aae4267172a8cc33a2da0a9c4aaa5b97128b0cc86c,2019-12,Staffordshire Police,Staffordshire Police,-1.644083,52.810457,On or near RICHMOND STREET,E01029445,East Staffordshire 009A,Unable to prosecute suspect
5b42b3767b47376153665aac0def102f83aba09d122ee56f67dc286adcd8eb5d,2019-12,Staffordshire Police,Staffordshire Police,-1.989613,52.702297,On or near PRIORY ROAD,E01029391,Cannock Chase 009D,Unable to prosecute suspect
8e9712b070fe11be9397f60e33122ad540c83b4d090cf7901f2299487200dca9,2019-12,Staffordshire Police,Staffordshire Police,-2.080252,52.813048,On or near WESTON ROAD,E01029732,Stafford 011E,Unable to prosecute suspect
31cb0054a01c01512c08fdb5d9ec69588182d5046e50acb0e34e86e429f731c8,2019-12,Staffordshire Police,Staffordshire Police,-1.944537,52.771630,On or near WOLSELEY ROAD,E01029371,Cannock Chase 001D,Unable to prosecute suspect
6345097474f69acdae4a2b258a53d4261ce121d8b5962bb6d11bd93d3353a529,2019-12,Staffordshire Police,Staffordshire Police,-1.963172,52.678694,On or near GRANGE ROAD,E01029394,Cannock Chase 013A,Unable to prosecute suspect
b566d593815e9eff23c1c12050b9464232fa52352da294d68670a975642334c0,2019-12,Staffordshire Police,Staffordshire Police,-2.107178,52.649363,On or near Sports/Recreation Area,E01029637,South Staffordshire 006D,Unable to prosecute suspect
fd65ceae347013a007c2882dab246b68e6bcaf97ded7e3724a4e775315d349b6,2019-12,Staffordshire Police,Staffordshire Police,-2.115960,52.806277,On or near ST CHAD'S PLACE,E01029701,Stafford 010E,Unable to prosecute suspect
73c01e135c1671552e3c100c0484c7a45dbbce0f86a979fbae7ef68d95363322,2019-12,Staffordshire Police,Staffordshire Police,-2.149475,52.889580,On or near SPRING GARDENS,E01029755,Stafford 004E,Unable to prosecute suspect
e3f17b47bf52da3c0db40cc164f7a6bd1acd5ae9f5d5bb01eadebd32763b8513,2019-12,Staffordshire Police,Staffordshire Police,-1.963172,52.678694,On or near GRANGE ROAD,E01029394,Cannock Chase 013A,Unable to prosecute suspect
7fd84cd05c2dbc3c809e7ff318a41a24aa2f712215d6d4fa9158d22c24a05f52,2019-12,Staffordshire Police,Staffordshire Police,-1.720389,52.758576,On or near ARDEN ROAD,E01029439,East Staffordshire 015A,Unable to prosecute suspect
a10f1ded22f00f89f22541f5a78bc65150f4291ecd8f1660d2e8095444e11fde,2019-12,Staffordshire Police,Staffordshire Police,-2.003392,52.719657,On or near WOODLAND CLOSE,E01029386,Cannock Chase 005B,Unable to prosecute suspect
d83cd08f4d479af78f3ac4aaca54a6742e89a722d827cf69a5bd5b640924f18e,2019-12,Staffordshire Police,Staffordshire Police,-1.898313,52.698542,On or near LODGE LANE,E01029515,Lichfield 003D,Unable to prosecute suspect
7e343232f7bf5989de2b947419a667ce98aab61ba4cebbf4fec8d66cb6fbb3f5,2019-12,Staffordshire Police,Staffordshire Police,-1.898313,52.698542,On or near LODGE LANE,E01029515,Lichfield 003D,Unable to prosecute suspect
d2c97f8465bd0a404506ef1bc15048ef45fcf48513e5d741d7d00869e6842fa7,2019-12,Staffordshire Police,Staffordshire Police,-1.631028,52.787629,On or near LINCOLN ROAD,E01029450,East Staffordshire 014B,Unable to prosecute suspect
a7c0750ac2a633acf6c203f8047c1d90ee6858e91ab0efcbbf11085123746155,2019-12,Staffordshire Police,Staffordshire Police,-1.660705,52.635927,On or near TAMWORTH ROAD (AMINGTON),E01029822,Tamworth 003C,Unable to prosecute suspect
8feb67977c082ef0d850de84b8d9cbdc3c3e419118dc3d318852e9233f0ec217,2019-12,Staffordshire Police,Staffordshire Police,,,No location,,,Unable to prosecute suspect
8feb67977c082ef0d850de84b8d9cbdc3c3e419118dc3d318852e9233f0ec217,2019-12,Staffordshire Police,Staffordshire Police,,,No location,,,Unable to prosecute suspect
d384ae639365c8f9e703656f4927e9a29999abe65967e71a3550b648c7d98942,2019-12,Staffordshire Police,Staffordshire Police,,,No location,,,Unable to prosecute suspect
d384ae639365c8f9e703656f4927e9a29999abe65967e71a3550b648c7d98942,2019-12,Staffordshire Police,Staffordshire Police,,,No location,,,Unable to prosecute suspect
7d90b184ad20a5863f3ff92cde534070698abdab266cda8eb5cc07e883114281,2019-12,Staffordshire Police,Staffordshire Police,-1.769552,53.005934,On or near JUBILEE SQUARE,E01029467,East Staffordshire 001E,Unable to prosecute suspect
5ba1db1bab55b9b860e7df223adb879d6068b4dfc81a01ad51c78704a52254cb,2019-12,Staffordshire Police,Staffordshire Police,-1.937691,52.749522,On or near COPPICE ROAD,E01029374,Cannock Chase 003E,Unable to prosecute suspect
c32372d5f79649464aa0f3e1dc93152d7bb06faa8fb738e6b1f113898bda1afe,2019-12,Staffordshire Police,Staffordshire Police,-1.960695,52.670018,On or near SILVER BIRCH ROAD,E01029397,Cannock Chase 013D,Unable to prosecute suspect
2e3f7cfadb6aead76f57524ef94228b3784c92c0c2bc474c0cfca2ecd1a489ca,2019-12,Staffordshire Police,Staffordshire Police,-1.826944,52.683752,On or near CONDUIT STREET,E01029526,Lichfield 004E,Unable to prosecute suspect
25e670b2799909847e0df50d8d9039797c95b75bc348aaebc626549ebff632f5,2019-12,Staffordshire Police,Staffordshire Police,,,No location,,,Unable to prosecute suspect
e73cdcfced7f5f5256acbcce0d23098c7d20d4921612f3403ee7135b52c8083c,2019-12,Staffordshire Police,Staffordshire Police,-1.665953,52.620120,On or near SILVER LINK ROAD,E01029840,Tamworth 007A,Unable to prosecute suspect
f0dae07d76eb80e78682a56bd976a37f68c189f631720b6d265f3dc8a06b93c2,2019-12,Staffordshire Police,Staffordshire Police,-2.038956,52.689670,On or near HATHERTON HOLLOW,E01029364,Cannock Chase 011B,Unable to prosecute suspect
c2fdb6c7126d6205704dbfe38e8d22635c6df1b39caef8845244944a5894239e,2019-12,Staffordshire Police,Staffordshire Police,-1.876122,52.591939,On or near ROYSTON CHASE,E01029514,Lichfield 011B,Unable to prosecute suspect
3ea1f82e710c195c256786ba445fd91614b5aeb2974e0117c70e0e77527c434b,2019-12,Staffordshire Police,Staffordshire Police,-1.679008,52.620426,On or near Pedestrian Subway,E01029828,Tamworth 006D,Unable to prosecute suspect
ba5b02704b98ff3ab128c625ab5c61350507a23a590cd8d758264e2da777b8c5,2019-12,Staffordshire Police,Staffordshire Police,-1.826944,52.683752,On or near CONDUIT STREET,E01029526,Lichfield 004E,Unable to prosecute suspect
830ac4f7708d473fc80847e05c5775f51b6b2733c1a8a3644f6786b1c047c4b6,2019-12,Staffordshire Police,Staffordshire Police,-1.663494,52.622900,On or near ST CHAD COURT,E01029841,Tamworth 003E,Unable to prosecute suspect
0c907c0d75bfa658215d8acbffba83298b282f66acf1d5f10094720abbeed142,2019-12,Staffordshire Police,Staffordshire Police,-1.686831,52.852909,On or near BABBINGTON CLOSE,E01029465,East Staffordshire 004E,Unable to prosecute suspect
9b6469a671293c24b516e285dae797d6094f51c4a20102112f4d366babd000a1,2019-12,Staffordshire Police,Staffordshire Police,-1.826283,52.682448,On or near Theatre/Concert Hall,E01029526,Lichfield 004E,Unable to prosecute suspect
c1cb2da65b846a8a31dd554313fbb9b04cc3489fb024cfa3653b912ea29adc27,2019-12,Staffordshire Police,Staffordshire Police,-2.036052,52.684412,On or near BEECH TREE LANE,E01029361,Cannock Chase 012C,Unable to prosecute suspect
fb842d092574000600a5f87331bfb493d47521b8f265f44fc7e7ae8cbf125a55,2019-12,Staffordshire Police,Staffordshire Police,,,No location,,,Unable to prosecute suspect
b840f287783bb165322e131f8379641e15ea4547d7ea0d0ee9fed351d4db92b4,2019-12,Staffordshire Police,Staffordshire Police,-1.639234,52.824565,On or near HARPER AVENUE,E01029437,East Staffordshire 007D,Unable to prosecute suspect
29082f47464f440858be5d1998d09814b6b9ef6922d9ffec9f47eb96cbbc8566,2019-12,Staffordshire Police,Staffordshire Police,-1.600022,52.808789,On or near BLADON STREET,E01029469,East Staffordshire 010B,Unable to prosecute suspect
108b5b18857979128cbb176db5cd32e80908c0579d445750669e9998d0741778,2019-12,Staffordshire Police,Staffordshire Police,-1.745151,52.732877,On or near EXCHANGE ROAD,E01029477,Lichfield 002A,Unable to prosecute suspect
df4316f3b8878f780bdabce73ee2743c3d2064b5351759ff53e3f75a53dcc5db,2019-12,Staffordshire Police,Staffordshire Police,-1.960695,52.670018,On or near SILVER BIRCH ROAD,E01029397,Cannock Chase 013D,Unable to prosecute suspect
8df3de07b0993870e53542512ad4fea7f243af7d81c5e2548f31e8574f1c97ac,2019-12,Staffordshire Police,Staffordshire Police,-1.864460,52.893436,On or near WEST HILL,E01029460,East Staffordshire 003B,Unable to prosecute suspect
ad8e4deaf383ff19c2c3f10845b4a37d782777ae7fb67440e2d5f0862be6c057,2019-12,Staffordshire Police,Staffordshire Police,-1.838494,52.692596,On or near WINDMILL CLOSE,E01029491,Lichfield 007A,Unable to prosecute suspect
978ebb2af11795c7f26df909a2d3e5249df8c613c8908f98d4f919d5b94e851c,2019-12,Staffordshire Police,Staffordshire Police,-2.038956,52.689670,On or near HATHERTON HOLLOW,E01029364,Cannock Chase 011B,Unable to prosecute suspect
cc7a12f48322e033296a5176ca89c65e66142868ec9d2b54a06bc1cf7b46cf3d,2019-12,Staffordshire Police,Staffordshire Police,-1.887319,52.819207,On or near COTTRELL CLOSE,E01029412,East Staffordshire 006B,Unable to prosecute suspect
321c1ecd266dddc09bfccf1fd91ad2d94b5c55d35f7bbbdf1327cd2c7711722d,2019-12,Staffordshire Police,Staffordshire Police,-2.109580,52.811353,On or near CORPORATION STREET,E01029725,Stafford 009D,Unable to prosecute suspect
1289d2fd6046cdca2f8d5702fc8eb9d6aee23c90a942660866d27b4eba3f76ce,2019-12,Staffordshire Police,Staffordshire Police,-1.939579,52.755851,On or near HILL STREET,E01029373,Cannock Chase 002B,Unable to prosecute suspect
9bbb78b49d21f15d4d475acb7ce37e49d12244090731fa3b238f18c07f17b817,2019-12,Staffordshire Police,Staffordshire Police,-2.131896,52.792731,On or near COLERIDGE DRIVE,E01029716,Stafford 013B,Unable to prosecute suspect
0fd4c3116dedae8f9b8f41c487cd0b15a1612e2be5772b2e591a9c3f0677bacd,2019-12,Staffordshire Police,Staffordshire Police,-1.794269,52.629816,On or near DOG LANE,E01029488,Lichfield 012A,Unable to prosecute suspect
5b7c19402ef9e86ec6f52e48e4e1fd6b9bc118af8a9af1d7c5acb9bbfd4b8352,2019-12,Staffordshire Police,Staffordshire Police,-1.643810,52.818484,On or near CARVER ROAD,E01029436,East Staffordshire 007C,Unable to prosecute suspect
3936a45f4cf4a2efec67c223b919049a54227847d76bb39bceae2fd9000edee4,2019-12,Staffordshire Police,Staffordshire Police,-1.866690,52.897969,On or near CARTER STREET,E01029460,East Staffordshire 003B,Unable to prosecute suspect
ef7400086397a27b7665674d5a9b1a7a9b324f6ab4598c24a0d5f1172d813509,2019-12,Staffordshire Police,Staffordshire Police,-2.120535,52.813724,On or near FRIAR STREET,E01029691,Stafford 010B,Unable to prosecute suspect
fadfd135431f9dda5948eba6cf1d8ed4c58d9dab7e5ea01d5d4af9762b5235a0,2019-12,Staffordshire Police,Staffordshire Police,-2.115701,52.797944,On or near SHREWSBURY ROAD,E01029699,Stafford 010D,Unable to prosecute suspect
5457c85baa02ee65e9db04cbeba3b5026533b309a4d3bae03b08cc2be05a2d0f,2019-12,Staffordshire Police,Staffordshire Police,-1.594887,52.804241,On or near MELBOURNE AVENUE,E01029472,East Staffordshire 010E,Unable to prosecute suspect
a8aafc7670b6c27d1f540b2b9456b9b53fe11b2cb3b8f1fd9c705a74f8883de1,2019-12,Staffordshire Police,Staffordshire Police,-2.117846,52.812532,On or near CROOKED BRIDGE ROAD,E01029725,Stafford 009D,Unable to prosecute suspect
d2d429496307e451727068b759b443de00a81879aaacec2c96d5b898bcbdc32a,2019-12,Staffordshire Police,Staffordshire Police,-2.126411,52.819175,On or near ALLIANCE STREET,E01029720,Stafford 007B,Unable to prosecute suspect
6d74ab33927d0b0c73419c1e9d982077ef6f45c9fd584f3cdeb042d3b5fdcf21,2019-12,Staffordshire Police,Staffordshire Police,-2.114466,52.785360,On or near Supermarket,E01029729,Stafford 016B,Unable to prosecute suspect
8410ebc3a225f28b8836bfc8003583324f18979cc7f14697d4392747c89169c0,2019-12,Staffordshire Police,Staffordshire Police,-2.114466,52.785360,On or near Supermarket,E01029729,Stafford 016B,Unable to prosecute suspect
1121531c0ad7ff07badd1ca0a6638b03d7554511f3a58fe0910a681b46a7071f,2019-12,Staffordshire Police,Staffordshire Police,-2.104685,52.805811,On or near WEST CLOSE,E01029725,Stafford 009D,Unable to prosecute suspect
96dcf101e48e49eebaf5f151c909bc6cad2a759647f46e0122a969992330da8f,2019-12,Staffordshire Police,Staffordshire Police,-1.644472,52.824626,On or near FARM ROAD,E01029438,East Staffordshire 007E,Unable to prosecute suspect
f911dfc96131dad969ddca4c47e648370c557dc80aaa610b68708d6ebfd85d8d,2019-12,Staffordshire Police,Staffordshire Police,-1.963786,52.669759,On or near BROWNHILLS ROAD,E01029397,Cannock Chase 013D,Unable to prosecute suspect
6f586f62894de0fa7f2b5af447e53affe71c259c9dbc4bb4fffade5311a58e65,2019-12,Staffordshire Police,Staffordshire Police,-1.644083,52.810457,On or near RICHMOND STREET,E01029445,East Staffordshire 009A,Unable to prosecute suspect
ad2bf116d2b3146e4c2d053c06e98d224070746d5da100009bf3c0ccd8d9faf3,2019-12,Staffordshire Police,Staffordshire Police,-2.240118,52.695267,On or near Hospital,E01029668,South Staffordshire 003C,Unable to prosecute suspect
b196a465fe4ddfba266555da98ff07e5bba313bb55a8b1dd4f5f12a7185584a6,2019-12,Staffordshire Police,Staffordshire Police,-1.699526,52.635547,On or near ALFRED STREET,E01029851,Tamworth 002E,Unable to prosecute suspect
e944fa49944e2a580b2f3b88a39775d5543891b98d0010e5fb5ae6c6a19795b3,2019-12,Staffordshire Police,Staffordshire Police,-1.810460,52.691629,On or near HERMES ROAD,E01029525,Lichfield 005G,Unable to prosecute suspect
14f8aac20b7abcc5e7c640337850e52e92071b50d4a3524fe1578f20e4682f23,2019-12,Staffordshire Police,Staffordshire Police,-1.810460,52.691629,On or near HERMES ROAD,E01029525,Lichfield 005G,Unable to prosecute suspect
20cbd992c6829debb02caf7f0c71dee95b72b5b890844e45b7ab2b550b866c7d,2019-12,Staffordshire Police,Staffordshire Police,-1.676007,52.628886,On or near JOHN STREET,E01029830,Tamworth 006E,Unable to prosecute suspect
f53221adfbc240afd9ceed144ac661a609254ad392a65a9f245c8252eaa3bfc5,2019-12,Staffordshire Police,Staffordshire Police,-2.128766,52.792617,On or near TURNEY GROVE,E01029737,Stafford 012C,Unable to prosecute suspect
9f53af56046b369f757f540e98e813dfceed1c4306ea4e29900ea22a5a303b42,2019-12,Staffordshire Police,Staffordshire Police,-2.086948,52.785617,On or near CHERRYWOOD CLOSE,E01029759,Stafford 014G,Unable to prosecute suspect
dc0cb325cee7c97476b35ca59cd0db2ae22b065e6ec37785c2c94fc6c2aadefc,2019-12,Staffordshire Police,Staffordshire Police,-2.104685,52.805811,On or near WEST CLOSE,E01029725,Stafford 009D,Unable to prosecute suspect
0dd3eb7b8638e8a9646012a2e5daa52c0ab136e99914f8c13f09b7448b19c54c,2019-12,Staffordshire Police,Staffordshire Police,-1.892052,52.681276,On or near BODINGTON CLOSE,E01029508,Lichfield 003C,Unable to prosecute suspect
41053302f9a2ef6ae41ca6ce94ccd5db942f1f3d876d45d9e8c8170efabccbf1,2019-12,Staffordshire Police,Staffordshire Police,-2.160775,52.802584,On or near MEADOW LANE,E01029742,Stafford 012E,Unable to prosecute suspect
54fafff62afc097ef2c2f0f5aad9038a5530acd0285c2c64bacd6ba91028d727,2019-12,Staffordshire Police,Staffordshire Police,-1.680045,52.597775,On or near PARBURY,E01029862,Tamworth 009C,Unable to prosecute suspect
6293393b7588ba6188d2923e59c615c0508a7df85eba04dc2fb51ca109ab3726,2019-12,Staffordshire Police,Staffordshire Police,-2.119044,52.811146,On or near Parking Area,E01029701,Stafford 010E,Unable to prosecute suspect
e2aa1dc362611e7d500e03e72eaef24f03d163bd7e184687cbf2ed7a63e6eb1b,2019-12,Staffordshire Police,Staffordshire Police,,,No location,,,Unable to prosecute suspect
eef42488096cd89f57e3c2c3f187a3386f1e2803d6c9fd1bab15d70c9a1df231,2019-12,Staffordshire Police,Staffordshire Police,,,No location,,,Unable to prosecute suspect
fa2e827f2718a2f54bd9d8f8c2c7bcac03230314579d384238201490278cd9dd,2019-12,Staffordshire Police,Staffordshire Police,,,No location,,,Unable to prosecute suspect
c94b0d7432a834603aa588ee81bea7f82ebd952c9b644ab9ddcda8fffa92b3fa,2019-12,Staffordshire Police,Staffordshire Police,-2.119228,52.786182,On or near HESKETH ROAD,E01029727,Stafford 013D,Unable to prosecute suspect
61f5f3ac4f4f0725f99644d7fd1869c6171a8f018c3ecf524687c49d03b7ef0d,2019-12,Staffordshire Police,Staffordshire Police,-1.826521,52.697254,On or near HARWOOD ROAD,E01029500,Lichfield 005D,Unable to prosecute suspect
1f3eed7a585425b0f88e9aad26af3bfee148dabee7e265e4755a1621b2204b0d,2019-12,Staffordshire Police,Staffordshire Police,-2.033345,52.685347,On or near ST JOHN'S CLOSE,E01029360,Cannock Chase 012B,Unable to prosecute suspect
a47b3e93b9528316a97c4fc7a644ae395a93f97d4a67d6e8ce1cb70baeb07ded,2019-12,Staffordshire Police,Staffordshire Police,-1.653944,52.635144,On or near TILIA ROAD,E01029824,Tamworth 003D,Unable to prosecute suspect
2923e19ecbf0fded1205521c77a1ea24ef36edc4a0e05b2da4c8fc90fda2d6ba,2019-12,Staffordshire Police,Staffordshire Police,-2.020885,52.705757,On or near CENTRAL AVENUE,E01029358,Cannock Chase 007E,Unable to prosecute suspect
8a97f0d4505c0d9bf0e26a030ca0fba6a87f1a594ec8a31465e678d9dc1eb22d,2019-12,Staffordshire Police,Staffordshire Police,-2.086343,52.817125,On or near HARGREAVES COURT,E01029732,Stafford 011E,Unable to prosecute suspect
d166f8e074211e613b7f1ca34a63cce5f49edeb4630f4d2e3070177521035b8f,2019-12,Staffordshire Police,Staffordshire Police,-1.636391,52.802487,On or near SHANNON APPROACH,E01032898,East Staffordshire 011H,Unable to prosecute suspect
70426d8f34a76b67c2bd1646e49ebd17c083b942fbca7aeebc638448eb9af60b,2019-12,Staffordshire Police,Staffordshire Police,-1.965867,52.675153,On or near SCHOOL ROAD,E01029394,Cannock Chase 013A,Unable to prosecute suspect
6743c8d6abf8686e7c915ab790b00b04a1812e7bac5be5ed9c1e1b0a984e1534,2019-12,Staffordshire Police,Staffordshire Police,-2.028816,52.704461,On or near MILTON ROAD,E01029354,Cannock Chase 007A,Unable to prosecute suspect
3141711d109a79d2950f969a600cf829a407cece38148cf937dea4367d1e5a58,2019-12,Staffordshire Police,Staffordshire Police,-2.083616,52.710727,On or near Park/Open Space,E01029655,South Staffordshire 001A,Unable to prosecute suspect
75006cfa38d0ca7a923ffbab9990268fc9f1b3300871be0222db37f3cc2fe8c7,2019-12,Staffordshire Police,Staffordshire Police,-2.033345,52.685347,On or near ST JOHN'S CLOSE,E01029360,Cannock Chase 012B,Unable to prosecute suspect
0ab591023f34e4debbfb80ce452a16cee81b587cac7a77a9d96281bda565e27f,2019-12,Staffordshire Police,Staffordshire Police,-2.033345,52.685347,On or near ST JOHN'S CLOSE,E01029360,Cannock Chase 012B,Unable to prosecute suspect
51846b250724c5ee85450239c88e570bcd8f98049be638af33de39fb6eebcd72,2019-12,Staffordshire Police,Staffordshire Police,-1.698558,52.640893,On or near DRYDEN ROAD,E01029850,Tamworth 002D,Unable to prosecute suspect
b9aa5af4bb96f8c26fba5849a5317c4d8e45ba5454d3cba3e0e80ca7fd5d87eb,2019-12,Staffordshire Police,Staffordshire Police,-1.619225,52.794487,On or near Supermarket,E01029420,East Staffordshire 012C,Unable to prosecute suspect
255801f0d31ad02958acfab138b8a94d4261027dab5b3701ccc8d55b5d048887,2019-12,Staffordshire Police,Staffordshire Police,-2.257389,52.786205,On or near KNIGHTLEY CLOSE,E01029707,Stafford 015C,Unable to prosecute suspect
5ee65d41562f5066e62b1c4acf361a9486abbcdaf0efeed95ddef3c5949fd36b,2019-12,Staffordshire Police,Staffordshire Police,-1.619225,52.794487,On or near Supermarket,E01029420,East Staffordshire 012C,Unable to prosecute suspect
e7345f9ee2c956ae11fa9e98bef0f6f1b5b68790243b999c3d0cadc50c9e61ed,2019-12,Staffordshire Police,Staffordshire Police,-1.618788,52.832646,On or near MOOR FURLONG,E01029455,East Staffordshire 005B,Unable to prosecute suspect
74bb6352f771668f38918f918d11e21803dd2357f3936011bcce3c9aed7eb709,2019-12,Staffordshire Police,Staffordshire Police,-1.944777,52.769185,On or near WAT TYLER CLOSE,E01029372,Cannock Chase 002A,Unable to prosecute suspect
dfff6b03f2f36c6561b30f9c86ccc74c90e059c2abe67622f5dc92dd267c7a09,2019-12,Staffordshire Police,Staffordshire Police,-1.637163,52.816657,On or near THORNLEY STREET,E01029426,East Staffordshire 008A,Unable to prosecute suspect
4ae56e309bd5b902071001bcf45ba0e184cf5377123872f80a1491bb03e37a15,2019-12,Staffordshire Police,Staffordshire Police,-1.970380,52.672745,On or near JEROME DRIVE,E01029396,Cannock Chase 013C,Unable to prosecute suspect
53cbb09b1091a7ab1e20c2b5c92cdf0c19ab0857f4daa55d734ff088498a391d,2019-12,Staffordshire Police,Staffordshire Police,-2.014547,52.697784,On or near COMMON LANE,E01029352,Cannock Chase 008D,Unable to prosecute suspect
8cb6591e007d5f1fbe170c76579e34fb1fc589881fc1dd526512b379cc831668,2019-12,Staffordshire Police,Staffordshire Police,-2.073345,52.790660,On or near BRAUNTON AVENUE,E01029685,Stafford 014B,Unable to prosecute suspect
be2059a824aa23d04a592b7e4f99147b69dc5f46117105ca20d69d4ee2858d9f,2019-12,Staffordshire Police,Staffordshire Police,-2.271445,52.917042,On or near BOWERS LANE,E01029697,Stafford 005C,Unable to prosecute suspect
bfff4de8cbdcc6c4a0e25423d13e4296dc01f6ed53e90410562ff1dba4308ac3,2019-12,Staffordshire Police,Staffordshire Police,,,No location,,,Unable to prosecute suspect
f7e1192abb4f0777ec0ba7c7e66e52a9e4e86b033d2181f50584c6f17dffd4c3,2019-12,Staffordshire Police,Staffordshire Police,-1.935389,52.763490,On or near MARKET STREET,E01029404,Cannock Chase 002E,Unable to prosecute suspect
240b66ec5c4ca0fc68eab750e6fee31cda26b16c5c1ff63329fdf1c3bfcef6bf,2019-12,Staffordshire Police,Staffordshire Police,-1.702051,52.614005,On or near MILL LANE,E01029504,Lichfield 012D,Unable to prosecute suspect
9f4303cbb8f18a26ebe5d7bf06774af06981f905e9d0a1cd29691701c4ecf0bb,2019-12,Staffordshire Police,Staffordshire Police,-2.018310,52.707330,On or near LOCKETTS COURT,E01029350,Cannock Chase 008B,Unable to prosecute suspect
1512c093b9522ca8c51e437655cc4a3b09f82e55bc6beffbab7f0b876aed2405,2019-12,Staffordshire Police,Staffordshire Police,-2.044482,52.682818,On or near LEAMINGTON CLOSE,E01029363,Cannock Chase 012E,Unable to prosecute suspect
1cde3ca853dc68b08f933428f0d07927ba3cb62e32f0ec7fcb2b32efed787c1d,2019-12,Staffordshire Police,Staffordshire Police,-1.922929,52.677084,On or near SPRINGHILL ROAD,E01029528,Lichfield 010C,Unable to prosecute suspect
91dd336bbc4cc816dbefda48849343ab337d3180e8cbbda0aa1d258e80620aa5,2019-12,Staffordshire Police,Staffordshire Police,-2.003999,52.714335,On or near HIGH MOUNT STREET,E01029387,Cannock Chase 005C,Unable to prosecute suspect
768d41c9fae2abb83ad5785ca18f14fb54feef25b982017f2619d7a005804168,2019-12,Staffordshire Police,Staffordshire Police,-1.829032,52.683207,On or near Supermarket,E01029526,Lichfield 004E,Unable to prosecute suspect
4ad4620735e7947d2daeeda4a76fc9c0ddc42b3da6e674b929e49a6dad60a51a,2019-12,Staffordshire Police,Staffordshire Police,-1.829032,52.683207,On or near Supermarket,E01029526,Lichfield 004E,Unable to prosecute suspect
660dc9b029b5edca90d878d627597fd4a34a66bbbd142e00a8e36efc34014600,2019-12,Staffordshire Police,Staffordshire Police,-2.023796,52.697827,On or near FOXES RAKE,E01029367,Cannock Chase 011E,Unable to prosecute suspect
cf04acfc02a25fd8e1e488ad0acb7c2122270abfa77dab1e1a6cbb93c5b9e589,2019-12,Staffordshire Police,Staffordshire Police,-2.011485,52.699411,On or near BUTTERMERE CLOSE,E01029351,Cannock Chase 008C,Unable to prosecute suspect
ba2cf799f7fca28d5d9d164051a544d456266bda242245d5d919fc416fb2e043,2019-12,Staffordshire Police,Staffordshire Police,-1.634329,52.804198,On or near STATION STREET,E01032896,East Staffordshire 011F,Unable to prosecute suspect
2ab1fb02bef95963614fb2ff6ea90430b60896e0afdd3036fd27918a63270008,2019-12,Staffordshire Police,Staffordshire Police,-1.888994,52.907305,On or near ASHLEIGH DRIVE,E01029430,East Staffordshire 002A,Unable to prosecute suspect
8463df93dde5246eaf9c4b595e13f9ee2685cce8857a10e24d22f083daf14671,2019-12,Staffordshire Police,Staffordshire Police,-2.112394,52.781101,On or near CLANFORD CLOSE,E01029729,Stafford 016B,Unable to prosecute suspect
a63bcc1d2543b03490e45e420a0378c32f5175d47d2fc2076c7000cfea1763a7,2019-12,Staffordshire Police,Staffordshire Police,-2.181737,52.461411,On or near Sports/Recreation Area,E01029652,South Staffordshire 014D,Unable to prosecute suspect
ae6b3cd6c7c8518ba6818a466882b48236ea05160f3ebf897020bf276ea64a5d,2019-12,Staffordshire Police,Staffordshire Police,-2.031517,52.694293,On or near GRAINGER COURT,E01029367,Cannock Chase 011E,Unable to prosecute suspect
fd29594e5c8786de9cc1734e471bc0d4bdbc05463567307cdcf599e116eb5b18,2019-12,Staffordshire Police,Staffordshire Police,,,No location,,,Unable to prosecute suspect
9b1de1a403289d3480d3ce564b33448965eb5e020673ba8574b603e97224422b,2019-12,Staffordshire Police,Staffordshire Police,-1.660427,52.809220,On or near PRICE COURT,E01029446,East Staffordshire 009B,Unable to prosecute suspect
ec59d9d5f5104b55298fcdcda5e3705120263ef42723840f1a5739f672ceb526,2019-12,Staffordshire Police,Staffordshire Police,-2.203439,52.494989,On or near ASHWOOD LOWER LANE,E01029645,South Staffordshire 013A,Unable to prosecute suspect
2a77beedc4b2d370ab6764bc3fab9cd1ed10fcead0d5dfb752b2096b125d8a88,2019-12,Staffordshire Police,Staffordshire Police,-2.168322,52.521187,On or near Sports/Recreation Area,E01029645,South Staffordshire 013A,Unable to prosecute suspect
74654755746ccd826788f1ccef2f2471cbf21f2a72d29c8af314bc5cf8e72330,2019-12,Staffordshire Police,Staffordshire Police,-1.829032,52.683207,On or near Supermarket,E01029526,Lichfield 004E,Unable to prosecute suspect
ef38bb3dfed2bfe480721b59d03b81a027993147eaf4dbd228289bdb1665620b,2019-12,Staffordshire Police,Staffordshire Police,-2.008415,52.667768,On or near HONEYSUCKLE WAY,E01029642,South Staffordshire 004G,Unable to prosecute suspect
2184ba9c8cadaf559460d615a631bf028e791838ad5941852c1c680e600f528a,2019-12,Staffordshire Police,Staffordshire Police,-2.137434,52.827963,On or near CRAB LANE,E01029719,Stafford 007A,Unable to prosecute suspect
775cf6b8af89240479358a1cebd656a2e6ada82f20c2b4e3ef16c3729c410c1e,2019-12,Staffordshire Police,Staffordshire Police,,,No location,,,Unable to prosecute suspect
c64289513d1eeee5cad8744a046c5626ca15060d40757a7b3331edc5cb9085aa,2019-12,Staffordshire Police,Staffordshire Police,-1.950416,52.684371,On or near FIVES GROVE,E01029493,Lichfield 006B,Unable to prosecute suspect
c5ac9dda4d789af478ef637006f503266e1622dfd2b6bf1a6275ad6fa0a97cfd,2019-12,Staffordshire Police,Staffordshire Police,-1.826627,52.692867,On or near MILLER CLOSE,E01029501,Lichfield 004C,Unable to prosecute suspect
a3214b753f582d07471016455f6b751831a9d0f9adecb19984783f3463028763,2019-12,Staffordshire Police,Staffordshire Police,-1.826627,52.692867,On or near MILLER CLOSE,E01029501,Lichfield 004C,Unable to prosecute suspect
fb8a2e1ce91164852142e4f13fc35562943cd3a30a70848900d95c49fdeceb3a,2019-12,Staffordshire Police,Staffordshire Police,-1.865898,52.899370,On or near Shopping Area,E01029462,East Staffordshire 003D,Unable to prosecute suspect
5a43a77304aaa2b27e34f0689a8ef47f1451cdb6b550be81aa055fdd192fdb33,2019-12,Staffordshire Police,Staffordshire Police,-2.024368,52.689997,On or near A5190,E01029367,Cannock Chase 011E,Unable to prosecute suspect
c7918cf85672f903e81cbc68da42348192a4f1f64c5d055dc8ac95b40f9fabd0,2019-12,Staffordshire Police,Staffordshire Police,-1.834117,52.687951,On or near BROOK CLOSE,E01029491,Lichfield 007A,Unable to prosecute suspect
f3e2c929f9b3643c4dfecf55e5e80fc0e0a2a789e406ffbdb30da0feaa8fe337,2019-12,Staffordshire Police,Staffordshire Police,-1.636946,52.799936,On or near ORCHARD STREET,E01032898,East Staffordshire 011H,Unable to prosecute suspect
211d247f6d7b28be7a9a172b5b6d7da1b27a44b38b27d01b1d3c0134a0392ab5,2019-12,Staffordshire Police,Staffordshire Police,-1.928684,52.676099,On or near BEECH CRESCENT,E01029496,Lichfield 010A,Unable to prosecute suspect
ce0bdfec5c2fcc9a3af3459742c2373f526a92559df5e45c47f993c40c11d8f1,2019-12,Staffordshire Police,Staffordshire Police,-2.126201,52.818402,On or near IZAAK WALTON CLOSE,E01029720,Stafford 007B,Unable to prosecute suspect
0edabecae83f52ec05c281ba97d3de221b76b404ab44fe72bf5524825cc2b224,2019-12,Staffordshire Police,Staffordshire Police,-2.126201,52.818402,On or near IZAAK WALTON CLOSE,E01029720,Stafford 007B,Unable to prosecute suspect
b57e39ce73926f6bbee8acd553f1c2dae19b7f283135db4c14ab520dd4f92a57,2019-12,Staffordshire Police,Staffordshire Police,-2.254451,52.859476,On or near HIGH STREET,E01029695,Stafford 005A,Unable to prosecute suspect
79d0b52abff8e7c68d1b2151003a225956dddfaec893df7d79a5630ab9f282df,2019-12,Staffordshire Police,Staffordshire Police,,,No location,,,Unable to prosecute suspect
4e326bb0a852221a7809a7844a5fc6ab050751945793a9f4e346dc25412122f6,2019-12,Staffordshire Police,Staffordshire Police,-1.663930,52.618092,On or near GRANVILLE,E01029843,Tamworth 007C,Unable to prosecute suspect
411937bc036ff361beb8f050788a11723b773bf4865856510c9521fa496929b2,2019-12,Staffordshire Police,Staffordshire Police,-1.688675,52.619544,On or near BROADSMEATH,E01029827,Tamworth 006C,Unable to prosecute suspect
40de6f3e399cad6f5aa237b92ff09040022524883439e4b485b9e6f76fd8cb9c,2019-12,Staffordshire Police,Staffordshire Police,-2.090187,52.810201,On or near LONGHURST DRIVE,E01029724,Stafford 011D,Unable to prosecute suspect
f8c40b96c06ec37d781dbec9fb1008b936beba13cc23f71b433fd9eff6e0388e,2019-12,Staffordshire Police,Staffordshire Police,-1.944790,52.770992,On or near RICHARDSON WAY,E01029371,Cannock Chase 001D,Unable to prosecute suspect
89f1ac0f79b57b3c117e4da0d5395eaae99f513c91ede90ed62bd3a8c4981b3c,2019-12,Staffordshire Police,Staffordshire Police,-2.033047,52.681914,On or near HAMPTON STREET,E01029361,Cannock Chase 012C,Unable to prosecute suspect
f06fa6200416e05efbbf906e2cd453ff270e68316547511b98da36be987eed08,2019-12,Staffordshire Police,Staffordshire Police,-2.152411,52.811368,On or near ASTON BANK,E01029750,Stafford 007D,Unable to prosecute suspect
6c80520e4a1ef4092b3e558144ab85034c8fb7fe46c191d99249e5a136662365,2019-12,Staffordshire Police,Staffordshire Police,-1.630101,52.807817,On or near Police Station,E01032897,East Staffordshire 011G,Unable to prosecute suspect
9273335f0468a03b7fbfce6c784af131086c45636e3b40109441a4abb855cc59,2019-12,Staffordshire Police,Staffordshire Police,-2.021387,52.703500,On or near BOWES DRIVE,E01029358,Cannock Chase 007E,Unable to prosecute suspect
ecc030029dc5185e6ea9e9c48099166d747fea65a43e78c3b81a0ba1555c9439,2019-12,Staffordshire Police,Staffordshire Police,-1.649554,52.618626,On or near EDALE,E01029859,Tamworth 007E,Unable to prosecute suspect
11291b31d5ebdaf384d9286f508e08909ea98ca2a0963753b77f229fb7259c74,2019-12,Staffordshire Police,Staffordshire Police,-2.015359,52.649932,On or near ALPHA WAY,E01029638,South Staffordshire 005A,Unable to prosecute suspect
59bb5b56e070c37ffe5933e35f665de03f886f52913d0058cee74cb13f1e0446,2019-12,Staffordshire Police,Staffordshire Police,-1.931468,52.749959,On or near KELLY AVENUE,E01029346,Cannock Chase 003B,Unable to prosecute suspect
48be68b449f19a2c2df2e34a07488750dfa5b38c8ba87d368ed361fa040a5c0f,2019-12,Staffordshire Police,Staffordshire Police,-1.706860,52.614835,On or near DRAYTON MANOR DRIVE,E01029504,Lichfield 012D,Unable to prosecute suspect
03dc56a7c50b1194337d92f99d31f403c087ceb90bc5a501d5d14568fbe06ee3,2019-12,Staffordshire Police,Staffordshire Police,-1.636018,52.818730,On or near Parking Area,E01029427,East Staffordshire 008B,Unable to prosecute suspect
2b104b16f5b7c2ff0880707a38111283e314ae2513daa47140c8793f69fbb263,2019-12,Staffordshire Police,Staffordshire Police,-2.080659,52.952167,On or near LISTER GROVE,E01029703,Stafford 001B,Unable to prosecute suspect
08a2fcbdd527ee807fe74e2ef6a4161e1d721a248f924318c78e1d1966c258b2,2019-12,Staffordshire Police,Staffordshire Police,-2.022806,52.701513,On or near SOMERSET PLACE,E01029355,Cannock Chase 007B,Unable to prosecute suspect
43d7699434517938cc5cbc89ecd5ee923ca0d304660f52a53f38ac8d1d2e1de5,2019-12,Staffordshire Police,Staffordshire Police,-1.809424,52.688436,On or near MANLEY ROAD,E01029524,Lichfield 005F,Unable to prosecute suspect
84c51810ed6105aed0873150f2dddec7a6e3f09e6a65d25669ec2fb916342a40,2019-12,Staffordshire Police,Staffordshire Police,-1.630101,52.807817,On or near Police Station,E01032897,East Staffordshire 011G,Unable to prosecute suspect
c834e7159ba7ba766c569c12c4787886c782928ab176356af55c28042bab0b22,2019-12,Staffordshire Police,Staffordshire Police,-2.039525,52.713870,On or near DEER CLOSE,E01029648,South Staffordshire 002D,Unable to prosecute suspect
1b90af9721602aa2de577367a77f1c431e8f46ad62e46c816c963144194e67c6,2019-12,Staffordshire Police,Staffordshire Police,-1.703927,52.633661,On or near SUNSET CLOSE,E01029836,Tamworth 002B,Unable to prosecute suspect
110139528c482795f7a89a981d7ac1fd1f686e3cabea46e288e561db35d1b418,2019-12,Staffordshire Police,Staffordshire Police,-2.023836,52.691148,On or near BEAU COURT,E01029367,Cannock Chase 011E,Unable to prosecute suspect
e3e775ad408e070eea73b50d42220276ca7d03d6c28bc4a8f5e5e81c856933ad,2019-12,Staffordshire Police,Staffordshire Police,-1.652125,52.616628,On or near ERINGDEN,E01029859,Tamworth 007E,Unable to prosecute suspect
f5e5c8afc4a61e2b2d1130747f816565c2c4b7b420f07c7f1da484fa0824dedf,2019-12,Staffordshire Police,Staffordshire Police,-2.016801,52.708607,On or near MONTROSE CLOSE,E01029349,Cannock Chase 008A,Unable to prosecute suspect
f2c500c236a7edb9d1c2069ecaf84bf0f002d4fd74427e833d0cb45f736ccb28,2019-12,Staffordshire Police,Staffordshire Police,-1.645123,52.795772,On or near THE ROPEWALK,E01029408,East Staffordshire 011B,Unable to prosecute suspect
d0fb8cbb166df813e5ad36b79a94cb2d58105cebb5665f7ddd223e82c633070c,2019-12,Staffordshire Police,Staffordshire Police,-1.864841,52.899971,On or near Supermarket,E01029461,East Staffordshire 003C,Unable to prosecute suspect
5712d82c7171bc781639969e23be2885a7772b2bfefea55978fe38c1302aaca0,2019-12,Staffordshire Police,Staffordshire Police,-2.000982,52.829922,On or near ELM CRESCENT,E01029712,Stafford 008D,Unable to prosecute suspect
98ac345670ce7950bfedf35bb82a089a1626aefc3aafd143350ef45951bdfffb,2019-12,Staffordshire Police,Staffordshire Police,-1.887319,52.819207,On or near COTTRELL CLOSE,E01029412,East Staffordshire 006B,Unable to prosecute suspect
1f8430cdaae0260bfbf02bf842ab862ae2ecad3d0edd2592a07f667f26c4742d,2019-12,Staffordshire Police,Staffordshire Police,-1.876302,52.905350,On or near PRINCESS ROAD,E01029433,East Staffordshire 002D,Unable to prosecute suspect
d6644bb987f68b65c0a06a0c1731cf8d04f38cf681b98dd1cb46cff09cf7e232,2019-12,Staffordshire Police,Staffordshire Police,,,No location,,,Unable to prosecute suspect
1bfc85b7eaa267dc3cb236599d518f879c62a4342ff8d37a33a26bc76a788248,2019-12,Staffordshire Police,Staffordshire Police,-1.645390,52.817563,On or near WHEAT BREACH CLOSE,E01029436,East Staffordshire 007C,Unable to prosecute suspect
5ee2b7789099e1baf1bea006be1b5ee6b0ed58029e431dc317c8176ffda2f768,2019-12,Staffordshire Police,Staffordshire Police,-2.039086,52.653648,On or near Park/Open Space,E01029624,South Staffordshire 004D,Unable to prosecute suspect
be03d70baf3664408c9e4d9c362fe76dc413f3b8bfdfdb9d0f5bda037cb592bd,2019-12,Staffordshire Police,Staffordshire Police,-1.674229,52.856201,On or near CORN MILL LANE,E01029465,East Staffordshire 004E,Unable to prosecute suspect
502013f46e8622050a1e3720847cc28c143ce3b642aa70a1eeef2e974754c320,2019-12,Staffordshire Police,Staffordshire Police,-1.645390,52.817563,On or near WHEAT BREACH CLOSE,E01029436,East Staffordshire 007C,Unable to prosecute suspect
f4d0bbfae4fbf86dbd355b2be584cdb53b2c159b793cc6bc81fd45d9acdcc74d,2019-12,Staffordshire Police,Staffordshire Police,-1.686337,52.613964,On or near PARKFIELD CLOSE,E01029863,Tamworth 009D,Unable to prosecute suspect
13ef0c015dbd700d1b2ff8eb22af27c95178df1c8b3a74300507f75d7eb48f97,2019-12,Staffordshire Police,Staffordshire Police,-1.691830,52.633046,On or near BOLEBRIDGE STREET,E01029838,Tamworth 005C,Unable to prosecute suspect
c39ba77a001a51f6a90acd314331bb3e65567ebab31bd3b677c85fd749e8272e,2019-12,Staffordshire Police,Staffordshire Police,-1.606908,52.813468,On or near RIVERDALE CLOSE,E01029469,East Staffordshire 010B,Unable to prosecute suspect
cd3337458188cdfc215c5c2ae3984f6acefac2efbe1692ee0c1e190003f491a7,2019-12,Staffordshire Police,Staffordshire Police,-2.002281,52.706721,On or near SUSSEX DRIVE,E01029393,Cannock Chase 008E,Unable to prosecute suspect
d78478dbeb10de4ff6c668079b1075ac7706cd00ebd3a7de96b9a3b03d1f84e0,2019-12,Staffordshire Police,Staffordshire Police,,,No location,,,Unable to prosecute suspect
16031bf1536c7186a00944ef1067dc57007d4fd3835a5d071bd058aa1f088946,2019-12,Staffordshire Police,Staffordshire Police,,,No location,,,Unable to prosecute suspect
56bab33517a70f10e0c0008f72fb4420a4f350ee1f8c7ffc0b1018aa5c692a22,2019-12,Staffordshire Police,Staffordshire Police,-1.652528,52.824901,On or near FIELD RISE,E01029438,East Staffordshire 007E,Unable to prosecute suspect
74234658a2089b9996dec26989861e4b3c4940eb5bf64359f8b8ca770f3f2398,2019-12,Staffordshire Police,Staffordshire Police,,,No location,,,Unable to prosecute suspect
7bc3d1381b945a97c04a34555929d311cbf7393c23d54aa199eca18bc3fc7b90,2019-12,Staffordshire Police,Staffordshire Police,,,No location,,,Unable to prosecute suspect
95373d85ef6c0bcf1ce2b4bb949b31eb2fe983007c37be400ac3bd6a4d9d7ebc,2019-12,Staffordshire Police,Staffordshire Police,-2.207428,52.478890,On or near GREENSFORGE LANE,E01029651,South Staffordshire 014C,Unable to prosecute suspect
dcce9cb6c0b170673f6817f38903d7da8e5dd53047971d10282bfe1d461162ea,2019-12,Staffordshire Police,Staffordshire Police,-2.115960,52.806277,On or near ST CHAD'S PLACE,E01029701,Stafford 010E,Unable to prosecute suspect
f237251a908f5cf3757a83a746ba92846acfe7560650c4f8f5357114869abdd2,2019-12,Staffordshire Police,Staffordshire Police,-1.639162,52.799242,On or near EVERSHED WAY,E01032898,East Staffordshire 011H,Unable to prosecute suspect
1642d342796611d2a8044563fac035c9cfa8197bf25b83be2bc3a8f3ff8530b4,2019-12,Staffordshire Police,Staffordshire Police,,,No location,,,Unable to prosecute suspect
5074faa19f4226435b7179ae4076bc4bbf373a5bcb9003cd285961d766a12485,2019-12,Staffordshire Police,Staffordshire Police,-1.642608,52.798596,On or near PEEL STREET,E01029408,East Staffordshire 011B,Unable to prosecute suspect
c851f511076fa363e2ae279f061aeb981d2ce5a7086c1d7360c1621e9cda38a7,2019-12,Staffordshire Police,Staffordshire Police,-2.112501,52.724889,On or near MARKET PLACE,E01029655,South Staffordshire 001A,Unable to prosecute suspect
eca6778a41e331a45e6907ff3965557e446bdfdbc19566dd3eab928abe92d114,2019-12,Staffordshire Police,Staffordshire Police,-2.115241,52.719439,On or near VALE GARDENS,E01029660,South Staffordshire 001F,Unable to prosecute suspect
656487f8d27201af3528b0bfb48e016380bec9d8562d1bba36bcbf4871e5359b,2019-12,Staffordshire Police,Staffordshire Police,-2.206440,52.531797,On or near FORGE VALLEY WAY,E01029678,South Staffordshire 013G,Unable to prosecute suspect
516623d861009da89806fb4d0405ad62d4ddbd7aff479071a8836a24de425e5f,2019-12,Staffordshire Police,Staffordshire Police,-2.021482,52.686600,On or near Parking Area,E01029360,Cannock Chase 012B,Unable to prosecute suspect
5e7cc621dab19bed8f4231752bdaff9371e3c3449a5b70c261956d7fd1a2d92b,2019-12,Staffordshire Police,Staffordshire Police,-1.838983,52.949560,On or near RIVERSFIELD DRIVE,E01029423,East Staffordshire 001D,Unable to prosecute suspect
5e7cc621dab19bed8f4231752bdaff9371e3c3449a5b70c261956d7fd1a2d92b,2019-12,Staffordshire Police,Staffordshire Police,-1.838983,52.949560,On or near RIVERSFIELD DRIVE,E01029423,East Staffordshire 001D,Unable to prosecute suspect
26895241042b4c2e62ddc4e5c3343b4829aaa9a7ca11ce6b08e90b964ef1609b,2019-12,Staffordshire Police,Staffordshire Police,-1.866489,52.905295,On or near PARK STREET,E01029461,East Staffordshire 003C,Unable to prosecute suspect
73d3d1cdc2dd12c9f468f1215b86968764d593bb95bdbf381cf65a1672962925,2019-12,Staffordshire Police,Staffordshire Police,-1.626287,52.806196,On or near Parking Area,E01032896,East Staffordshire 011F,Unable to prosecute suspect
054618a1e94e383d0077da1546003272753ee979f9544e164e3c99640e8398ca,2019-12,Staffordshire Police,Staffordshire Police,-1.691830,52.633046,On or near BOLEBRIDGE STREET,E01029838,Tamworth 005C,Unable to prosecute suspect
607e4f668499bcfa89fa7869795062315eaa5d6eada860fac438bba71a23f419,2019-12,Staffordshire Police,Staffordshire Police,-2.086858,52.643851,On or near CANNOCK ROAD,E01029635,South Staffordshire 007D,Unable to prosecute suspect
f7cec02f3938af8fd5976d8e6223808a36e16b23859711c5a8ad1127a66f7b3e,2019-12,Staffordshire Police,Staffordshire Police,-1.808390,52.688030,On or near DARNFORD VIEW,E01029524,Lichfield 005F,Unable to prosecute suspect
cc733e6891a744ec367036078bb880e8c7b58d26034084a655df23aaa2136b04,2019-12,Staffordshire Police,Staffordshire Police,-1.662827,52.788542,On or near WETHERBY COURT,E01029416,East Staffordshire 013D,Unable to prosecute suspect
1285671c18676b9c65ef88ea5831cf98c71f68bb4577c588c28901a3b5ec0969,2019-12,Staffordshire Police,Staffordshire Police,,,No location,,,Unable to prosecute suspect
76d98afa387912fd26056c05016b317336b4c854e0ce18a9cb918edde781a6c6,2019-12,Staffordshire Police,Staffordshire Police,-1.911574,52.895628,On or near HALL ORCHARD,E01029405,East Staffordshire 001A,Unable to prosecute suspect
c6702a088bf42c52e21906798282dc4af38ccfe80e21df80ecae9b5791f9e947,2019-12,Staffordshire Police,Staffordshire Police,-2.016887,52.702611,On or near HORTON CLOSE,E01029350,Cannock Chase 008B,Unable to prosecute suspect
de3b8201e8d7baaba22350623879717e23c021bd20a3184100a0fd4acedde818,2019-12,Staffordshire Police,Staffordshire Police,-1.633433,52.808528,On or near BROOK STREET,E01032896,East Staffordshire 011F,Unable to prosecute suspect
674bc55fb6e4c1a0fd1c5f6a408bbb35164e72819e59db5d1a4d9d62e69cf00a,2019-12,Staffordshire Police,Staffordshire Police,-1.648688,52.612402,On or near RAYGILL,E01029857,Tamworth 008C,Unable to prosecute suspect
65b960fa58fc815d8cf4b565ad1e0111ce504ff3958ca1db8ab6d191233ec125,2019-12,Staffordshire Police,Staffordshire Police,-1.688213,52.595162,On or near MAXSTOKE CLOSE,E01029862,Tamworth 009C,Unable to prosecute suspect
4e1523613e720e53febb7e151af50a0db3b5a8b560cc35b8858b446214451d7f,2019-12,Staffordshire Police,Staffordshire Police,-2.014283,52.703412,On or near CANNOCK ROAD,E01029350,Cannock Chase 008B,Unable to prosecute suspect
1d1e26ab7d71a41db64e784d649c092df65af1ec7f8a0e4419ed408f1c3c0914,2019-12,Staffordshire Police,Staffordshire Police,-1.865482,52.899280,On or near HIGH STREET,E01029460,East Staffordshire 003B,Unable to prosecute suspect
8ffa379bb7c00f97fec2b4a0d57f338647246dc19fa89e56bd0247831e1c3bcf,2019-12,Staffordshire Police,Staffordshire Police,-1.865482,52.899280,On or near HIGH STREET,E01029460,East Staffordshire 003B,Unable to prosecute suspect
20e0f29abddeeb0874e464e26173c036eebb3fab6113338d5b961a1c40c8ac34,2019-12,Staffordshire Police,Staffordshire Police,-1.831978,52.693980,On or near DIMBLES LANE,E01029492,Lichfield 004A,Unable to prosecute suspect
88fe5f72497a9dc5fe39300ed9745bcf6b7e680749707fb2595b1130d8916c13,2019-12,Staffordshire Police,Staffordshire Police,-1.629162,52.789089,On or near HEATHLANDS GRANGE,E01029450,East Staffordshire 014B,Unable to prosecute suspect
8c29dc45c33eb7ae36ae5f78f0c74e4385882bf654ed6e6878f27fec84072cb8,2019-12,Staffordshire Police,Staffordshire Police,-2.137822,52.791043,On or near SYCAMORE LANE,E01029715,Stafford 013A,Unable to prosecute suspect
115626c0011c8bb275873253b1259acfcf43ae829dcd389254f5373b67bd0e4f,2019-12,Staffordshire Police,Staffordshire Police,-2.115807,52.804524,On or near BRIDGE STREET,E01029701,Stafford 010E,Unable to prosecute suspect
f305d3975e5c771adc320114a2f44282db2cc0d29728d88136b9809bbf7c8cdd,2019-12,Staffordshire Police,Staffordshire Police,-2.046627,52.683051,On or near CARLISLE ROAD,E01029363,Cannock Chase 012E,Unable to prosecute suspect
5f89df949733fa3dc1cc2487bf62390e07a389f8f9fcd15f135f38ec8646cb01,2019-12,Staffordshire Police,Staffordshire Police,-1.692507,52.635493,On or near SPINNING SCHOOL LANE,E01029835,Tamworth 002A,Unable to prosecute suspect
59e69db86fac640aa22efaa566d4ea687026b14fdd2566cc646716a1a8d75a0d,2019-12,Staffordshire Police,Staffordshire Police,-1.692507,52.635493,On or near SPINNING SCHOOL LANE,E01029835,Tamworth 002A,Unable to prosecute suspect
1dc32fb153988fc7de1390f5d490861d63473c29fc60704c86bbe5ba57a557d9,2019-12,Staffordshire Police,Staffordshire Police,-1.637236,52.818536,On or near RUSKIN PLACE,E01029427,East Staffordshire 008B,Unable to prosecute suspect
191b319560f9872f0743caf68190f9169a6aed166967210b74e04339a859f09c,2019-12,Staffordshire Police,Staffordshire Police,-1.951567,52.768092,On or near Pedestrian Subway,E01029371,Cannock Chase 001D,Unable to prosecute suspect
3bf3b47e556390f87c419470d0f3e1de59b269720e70194613e9ac3142bcb9cd,2019-12,Staffordshire Police,Staffordshire Police,-2.107442,52.786625,On or near PEACH AVENUE,E01029734,Stafford 016C,Unable to prosecute suspect
fa434862e41b4207e0c0b95cc5fc4690f6d75d6bb35a550866419561ac19c456,2019-12,Staffordshire Police,Staffordshire Police,-1.680315,52.611440,On or near Parking Area,E01029864,Tamworth 009E,Unable to prosecute suspect
b139719ae310b7eab88aa1bb61947a68b2ad573483e261e820922d475d318e35,2019-12,Staffordshire Police,Staffordshire Police,-1.653037,52.630188,On or near NEMESIA,E01029820,Tamworth 003A,Unable to prosecute suspect
492901d387787b57026de60a18bdee724a081e2844a2904fb3de24ee41e09476,2019-12,Staffordshire Police,Staffordshire Police,-1.945406,52.764268,On or near CAMPBELL CLOSE,E01029401,Cannock Chase 002C,Unable to prosecute suspect
6e1153ef5fd9ef2a262009324d01fd76434b4314c1ae956842387f42194f8960,2019-12,Staffordshire Police,Staffordshire Police,,,No location,,,Unable to prosecute suspect
2b5d3b8c160c8013ad3b55bf79e2cd2102fb3483beeadf1ec5a668d4e720728f,2019-12,Staffordshire Police,Staffordshire Police,-2.153405,52.908219,On or near FIELD HOUSE COURT,E01029744,Stafford 003B,Unable to prosecute suspect
31ba630040b434809e362e6f7a442aa61ee444eebef01861d38ed5bb3ccfeb12,2019-12,Staffordshire Police,Staffordshire Police,-1.948107,52.761159,On or near MARCH BANKS,E01029403,Cannock Chase 002D,Unable to prosecute suspect
303884d7f7444b5c2c327e4a389f41c5cccf154521b4e322091369bd7947ef96,2019-12,Staffordshire Police,Staffordshire Police,,,No location,,,Unable to prosecute suspect
160a59e9a35fc01228ce3aa38409ba75318d685c6918070706ae25e0720b8dfd,2019-12,Staffordshire Police,Staffordshire Police,-2.146548,52.902942,On or near CHRISTCHURCH WAY,E01029745,Stafford 003C,Unable to prosecute suspect
fcf9ff9b7912e50975ccf627d30fd7d8991cfee9ef3fbc7524297c6b88f4b7ab,2019-12,Staffordshire Police,Staffordshire Police,-2.137502,52.792976,On or near ASPEN CROFT,E01029715,Stafford 013A,Unable to prosecute suspect
7763da750a19265773ebb54b085e0d450964101b770cb90b4fc1b4383b16a65e,2019-12,Staffordshire Police,Staffordshire Police,,,No location,,,Unable to prosecute suspect
ee6c939d14c737111be637cbad81416565eb2b041506ab180401b1f1a0afbb2c,2019-12,Staffordshire Police,Staffordshire Police,-1.688213,52.595162,On or near MAXSTOKE CLOSE,E01029862,Tamworth 009C,Unable to prosecute suspect
23e3bd25663bbe2c32641ae0f46a89fc966a88a3bb73c2f1c13b103e557f1e6a,2019-12,Staffordshire Police,Staffordshire Police,-2.106873,52.724265,On or near LITTLE MARSH GROVE,E01029655,South Staffordshire 001A,Unable to prosecute suspect
932bfed63675d125952b3b16e32f9ebea41ae01c49a3a48ae42a6180a37076b1,2019-12,Staffordshire Police,Staffordshire Police,-1.927989,52.748743,On or near OAKTREE ROAD,E01029346,Cannock Chase 003B,Unable to prosecute suspect
05b412830d64c9fcd200fb9ef8219e2c5016d5d47467aca87d094e5a0ad3bb3c,2019-12,Staffordshire Police,Staffordshire Police,-2.137502,52.792976,On or near ASPEN CROFT,E01029715,Stafford 013A,Unable to prosecute suspect
663104aececf0c3dba7d0bfcd4c8dd147c95ee5981f475a290bb162dc6aacbdc,2019-12,Staffordshire Police,Staffordshire Police,-1.663181,52.619438,On or near GRESLEY,E01029840,Tamworth 007A,Unable to prosecute suspect
8950772de38e9dd12fb68f89719cbf6d9ed445e47f54475d1685ba4e00fdf951,2019-12,Staffordshire Police,Staffordshire Police,-2.204092,52.461033,On or near THE STEWPONEY,E01029652,South Staffordshire 014D,Unable to prosecute suspect
db56c693b4aac6137d46a314210271c9b2e1f7f66a5412ba8a2256772fa1de58,2019-12,Staffordshire Police,Staffordshire Police,,,No location,,,Unable to prosecute suspect
6da197fd763a862abeac471eb05d140fa07666e3b24e6994e3051e5c3a7dfdd1,2019-12,Staffordshire Police,Staffordshire Police,,,No location,,,Unable to prosecute suspect
66d8448a38c48697d303de9d35b8876d5a8290e9c5eb563ca70d516318788ca1,2019-12,Staffordshire Police,Staffordshire Police,-2.044350,52.712915,On or near KING CUP DRIVE,E01029647,South Staffordshire 002C,Unable to prosecute suspect
2e9182363d56b5533c2c72ff81ea3749a433e486e605b8c3d78882a1837fd007,2019-12,Staffordshire Police,Staffordshire Police,-1.611639,52.803703,On or near HAMILTON ROAD,E01029471,East Staffordshire 010D,Unable to prosecute suspect
d2dea2f2399148f0886a08b97a36740793f02607fda093a9bd124f0782178a31,2019-12,Staffordshire Police,Staffordshire Police,-2.189880,52.626083,On or near PRIMROSE GARDENS,E01029627,South Staffordshire 008D,Unable to prosecute suspect
856cb22c725980d5b865e18e82758cdb79d7653a99ed8a780d439c768c840e92,2019-12,Staffordshire Police,Staffordshire Police,-1.662333,52.618348,On or near FARINGDON,E01029843,Tamworth 007C,Unable to prosecute suspect
e8a1a69a18715584ca68df66e666b8bced66fa34f833ba712cf110f9f5eeb2bb,2019-12,Staffordshire Police,Staffordshire Police,-1.930070,52.679309,On or near SYCAMORE ROAD,E01029497,Lichfield 006E,Unable to prosecute suspect
0df1247f705be6c9f1fc14fe5bc8cab1d04777fc231916ffcf7e50b68abb5687,2019-12,Staffordshire Police,Staffordshire Police,-1.824310,52.676565,On or near UPPER ST JOHN STREET,E01029519,Lichfield 007E,Unable to prosecute suspect
79e988559326b1ca23ca4c5469239e0c0c37e4a292c5a2822d360ec65faa7b1b,2019-12,Staffordshire Police,Staffordshire Police,-2.020385,52.714324,On or near BROADWAY,E01029385,Cannock Chase 004B,Unable to prosecute suspect
40f896e12662299cc6f2ae032dd6a184e53478ba39101056080ffd795b41d090,2019-12,Staffordshire Police,Staffordshire Police,-2.026173,52.690060,On or near CHURCH STREET,E01029367,Cannock Chase 011E,Unable to prosecute suspect
731c35107f83d2cba1252c556e8aabfd1edc6c1aea539747d17bd53b005c5390,2019-12,Staffordshire Police,Staffordshire Police,-2.019348,52.710710,On or near FESTIVAL MEWS,E01029357,Cannock Chase 007D,Unable to prosecute suspect
ccb9b87061b7be722db700ad1c3cabd4fbbef30c38e4a8dc41f6539960c1461c,2019-12,Staffordshire Police,Staffordshire Police,-1.660233,52.637787,On or near BRANCASTER CLOSE,E01029822,Tamworth 003C,Unable to prosecute suspect
bb68e1deed60bfca274e6cecbf2c9bc30e501a7ec36fd6d83e799275f8006005,2019-12,Staffordshire Police,Staffordshire Police,-1.701757,52.626769,On or near Shopping Area,E01029835,Tamworth 002A,Unable to prosecute suspect
674f22b044a34af8e22bc20fa7cea1101fe1b5e53cd0e036be6ccfffc0b7257b,2019-12,Staffordshire Police,Staffordshire Police,-1.810515,52.685875,On or near ROWAN CLOSE,E01029484,Lichfield 005B,Unable to prosecute suspect
f8c97722c9313d27716d1715d74e0938ec0073452fc2cb0f5e1a90e8bafe0d72,2019-12,Staffordshire Police,Staffordshire Police,-1.700517,52.628924,On or near HIGH BROOME COURT,E01029835,Tamworth 002A,Unable to prosecute suspect
857fa9e640af4dbc453b8bfdab57651c2e456e80e68f8f33ebe716cd0de1108f,2019-12,Staffordshire Police,Staffordshire Police,-2.045872,52.682916,On or near SALCOMBE CLOSE,E01029363,Cannock Chase 012E,Unable to prosecute suspect
5406a7a39dbb6cb606ff1b84f8c55b2631d4b19db3d994f833d19fe14a035084,2019-12,Staffordshire Police,Staffordshire Police,-1.662333,52.618348,On or near FARINGDON,E01029843,Tamworth 007C,Unable to prosecute suspect
59ede88d840d2eae368cc9bef9c7168640b444c554db7531b7e80b29aa8ca45e,2019-12,Staffordshire Police,Staffordshire Police,-1.799830,52.825951,On or near B5234,E01029473,East Staffordshire 006E,Unable to prosecute suspect
7a315474eaf75ef12d763bf8614b30398a7e9906a9fc6310c34f6ca00661636f,2019-12,Staffordshire Police,Staffordshire Police,-2.067477,52.783436,On or near ELM AVENUE,E01029731,Stafford 014D,Unable to prosecute suspect
fe12cee27a450314d807f1c9eebdea4120e89ec1eb65e8ac98451b521d747313,2019-12,Staffordshire Police,Staffordshire Police,-1.729358,52.618907,On or near FRENCH AVENUE,E01029502,Lichfield 012B,Unable to prosecute suspect
ec97398a56a9b7a13c9883e8ca0d95f39ac5694a43723154ad3b76cf3850f02b,2019-12,Staffordshire Police,Staffordshire Police,-1.668850,52.629640,On or near HOPLEYS CLOSE,E01029832,Tamworth 004C,Unable to prosecute suspect
26a40e61290f72cca4f6e3386a5a37cb57ad6bed02a34963cbca8b86153bdaea,2019-12,Staffordshire Police,Staffordshire Police,-1.668850,52.629640,On or near HOPLEYS CLOSE,E01029832,Tamworth 004C,Unable to prosecute suspect
bc5fb61075ab95c52f287b11c699b1f98b7d74fc430ec97f836b566a30eec43d,2019-12,Staffordshire Police,Staffordshire Police,-1.633242,52.822344,On or near LONGFELLOW CLOSE,E01029427,East Staffordshire 008B,Unable to prosecute suspect
9615be41407c9bec95249807bb9c2c4ce320f05d4f0f75669c0226ce83ce2841,2019-12,Staffordshire Police,Staffordshire Police,-2.014192,52.652998,On or near WELL LANE,E01029638,South Staffordshire 005A,Unable to prosecute suspect
a80a440f360ac6af5ecf842e2daa6ecce07796647381bbdd6a3ede925e366461,2019-12,Staffordshire Police,Staffordshire Police,-1.870245,52.907187,On or near JOHNSON ROAD,E01029433,East Staffordshire 002D,Unable to prosecute suspect
57cf20acab00a17e8aafbdff8418801c5471e989918ebb121331341ebe29021a,2019-12,Staffordshire Police,Staffordshire Police,-1.643956,52.615022,On or near LOWFORCE,E01029855,Tamworth 008A,Unable to prosecute suspect
09b170ad338b6b2ed89c50d96a96044d6b498517808ceeafd39734d9ed3ef980,2019-12,Staffordshire Police,Staffordshire Police,-2.139839,52.897215,On or near WILLOW ROAD,E01029740,Stafford 003A,Unable to prosecute suspect
b8db99c4e01d01784e297d71390718041fea97be5c37ae37359dd9ecd5237053,2019-12,Staffordshire Police,Staffordshire Police,-2.170315,52.548747,On or near STOURBRIDGE ROAD,E01029673,South Staffordshire 012B,Unable to prosecute suspect
63baaa394d26a7eda5280b917e50c30fe2a99a16f3cfcbdcc16d81d5722201d9,2019-12,Staffordshire Police,Staffordshire Police,-2.139839,52.897215,On or near WILLOW ROAD,E01029740,Stafford 003A,Unable to prosecute suspect
e40df30a95f01c910507efc1203a66a8587eb26d422b87c96028ebb60cbbd661,2019-12,Staffordshire Police,Staffordshire Police,-1.870245,52.907187,On or near JOHNSON ROAD,E01029433,East Staffordshire 002D,Unable to prosecute suspect
7f10983aeef7659870c6f470e8b629263a4b42ebdd25326ed4c1016da15e73f6,2019-12,Staffordshire Police,Staffordshire Police,-1.964288,52.670919,On or near VICTORIA COURT,E01029397,Cannock Chase 013D,Unable to prosecute suspect
ade6536ec5142f51931a7ef1d21579756b8289cab88a49fa1d4093e0aad5e251,2019-12,Staffordshire Police,Staffordshire Police,-2.113690,52.811753,On or near Hospital,E01029725,Stafford 009D,Unable to prosecute suspect
69d33b145f09bfda01f222a50a72b25d258088d0db827b62fe0ad3d081cf6e8c,2019-12,Staffordshire Police,Staffordshire Police,-1.885408,52.682214,On or near ST MATTHEW'S AVENUE,E01029508,Lichfield 003C,Unable to prosecute suspect
e1081ea866d040a404310a9a8af2638b6d352dadc03b6207145e8dec0bdc510a,2019-12,Staffordshire Police,Staffordshire Police,-2.014283,52.703412,On or near CANNOCK ROAD,E01029350,Cannock Chase 008B,Unable to prosecute suspect
e17e95603f3934deb59dea854eb54d93346e0ccfa929691b0f8d9c221c9b4f6a,2019-12,Staffordshire Police,Staffordshire Police,-1.938457,52.678729,On or near Supermarket,E01029497,Lichfield 006E,Unable to prosecute suspect
8389684e56c58bc575bee4aeb16f596221d5b35a35d5deb62a7f84ada603deb5,2019-12,Staffordshire Police,Staffordshire Police,-1.838078,52.693045,On or near WINDMILL LANE,E01029492,Lichfield 004A,Unable to prosecute suspect
25ebfea4b466989be3c95c4550339c324d2811538f82dd10a6be48f1b7bb7ab5,2019-12,Staffordshire Police,Staffordshire Police,-2.002829,52.717490,On or near MARY STREET,E01029387,Cannock Chase 005C,Unable to prosecute suspect
ee8b86d5fcfac0c25e74671ca274051a29f8eb9d1e8b4f0b8474b038e073041d,2019-12,Staffordshire Police,Staffordshire Police,-2.045872,52.682916,On or near SALCOMBE CLOSE,E01029363,Cannock Chase 012E,Unable to prosecute suspect
e02df1fee9ff18c157b9454d604c6128bf212fdb89361ce7b9c8db0652d2f63e,2019-12,Staffordshire Police,Staffordshire Police,-1.838014,52.694214,On or near OAKENFIELD,E01029492,Lichfield 004A,Unable to prosecute suspect
63fba14693707418014d1ad97aabdbaa64b1c30e061e9c9d024dd7516460ad01,2019-12,Staffordshire Police,Staffordshire Police,-1.694888,52.614049,On or near ATHERSTONE STREET,E01029504,Lichfield 012D,Unable to prosecute suspect
10b47182fab2f62977e3470a1303ed73632b670b510855900acd179dee96b279,2019-12,Staffordshire Police,Staffordshire Police,-1.990619,52.701488,On or near SHARON WAY,E01029392,Cannock Chase 009E,Unable to prosecute suspect
d12c8cd7f819f6d80a3364494cb5e33f584d7c90af78187cef2b9084f73f0722,2019-12,Staffordshire Police,Staffordshire Police,-2.170525,52.701563,On or near GARDEN LANE,E01029668,South Staffordshire 003C,Unable to prosecute suspect
7d39f09577d1ea2c59f33403ec417a2d68816f1d22e7b2026cae0ca42cdc245f,2019-12,Staffordshire Police,Staffordshire Police,-2.118131,52.802607,On or near Sports/Recreation Area,E01029701,Stafford 010E,Unable to prosecute suspect
a60959b73c59d769f1a6f458cfe4fe1c20d8570139fa780b5ea7481b1b7c914a,2019-12,Staffordshire Police,Staffordshire Police,-1.934266,52.682152,On or near Shopping Area,E01029494,Lichfield 006C,Unable to prosecute suspect
8776f2752e62abe15e0c5d41c6efbbe1a675e0328076e8e407f26e265fbc5ba7,2019-12,Staffordshire Police,Staffordshire Police,,,No location,,,Unable to prosecute suspect
9e808436563dde2f69f51408eea04b0082bc0828488666732f63c1883190a586,2019-12,Staffordshire Police,Staffordshire Police,-1.838014,52.694214,On or near OAKENFIELD,E01029492,Lichfield 004A,Unable to prosecute suspect
338aa742e1ebd2c0276bb6f19b75407b312d3515878a43134320680f4ad21092,2019-12,Staffordshire Police,Staffordshire Police,-1.838014,52.694214,On or near OAKENFIELD,E01029492,Lichfield 004A,Unable to prosecute suspect
54976f4966fc1b5d546264306442d13c5611afe38933e1389c0ffa9ade0c19c3,2019-12,Staffordshire Police,Staffordshire Police,-1.601040,52.801286,On or near YARROW CLOSE,E01029418,East Staffordshire 012A,Unable to prosecute suspect
8bf78bc5dc6434363a4a2df5ea55a3aeaf8683af5e2e25727a10deda11d7bc01,2019-12,Staffordshire Police,Staffordshire Police,-2.019663,52.654885,On or near ANSON ROAD,E01029640,South Staffordshire 005C,Unable to prosecute suspect
9fc42c6e6ed4c9477fa76ede58d5b9f8ae27be38f2dfd1980139b5fe1870a490,2019-12,Staffordshire Police,Staffordshire Police,-2.100254,52.807577,On or near ST THOMAS STREET,E01029722,Stafford 009C,Unable to prosecute suspect
f04947e0539c76d7ddb16c78bdbf03fd5d175fc6635ada803df2a63d2af1732d,2019-12,Staffordshire Police,Staffordshire Police,-1.704038,52.634740,On or near RICHMOND CLOSE,E01029836,Tamworth 002B,Unable to prosecute suspect
b0501b39b3ea78c6001ec41641c12772616ed03c21421148d5774061c9a9680d,2019-12,Staffordshire Police,Staffordshire Police,-1.918474,52.679265,On or near MOOR CLOSE,E01029528,Lichfield 010C,Unable to prosecute suspect
de54264165b825f7d9f10300c4a564a2b07a5e2c658f4aadb220265f9b158a98,2019-12,Staffordshire Police,Staffordshire Police,-1.949913,52.749851,On or near WORCHESTER CLOSE,E01029374,Cannock Chase 003E,Unable to prosecute suspect
b841b15fb35f1c59909f165650b70560b680c553ace1b739397ab1e02603feac,2019-12,Staffordshire Police,Staffordshire Police,-2.021387,52.703500,On or near BOWES DRIVE,E01029358,Cannock Chase 007E,Unable to prosecute suspect
20cc78f2425232137cf52fe84c83a53dfa44a429e093fd30adc4421cddb4f38d,2019-12,Staffordshire Police,Staffordshire Police,-1.971036,52.709414,On or near WARREN CLOSE,E01029399,Cannock Chase 006C,Unable to prosecute suspect
bb870ea38345d903f85bc99ec4c40c0ae8ee452a2c1dca47b3ad5ad810b61b1f,2019-12,Staffordshire Police,Staffordshire Police,-1.872369,52.907980,On or near ASHBOURNE ROAD,E01029433,East Staffordshire 002D,Unable to prosecute suspect
e6de2d9334a718088a35a5a84be136ddae4eee59902c12768cb82ca3423d5eaf,2019-12,Staffordshire Police,Staffordshire Police,-1.971036,52.709414,On or near WARREN CLOSE,E01029399,Cannock Chase 006C,Unable to prosecute suspect
2d2f9244adf069b7f0499433e0f26a08c9355060969852361571f117fc82d591,2019-12,Staffordshire Police,Staffordshire Police,-1.826627,52.692867,On or near MILLER CLOSE,E01029501,Lichfield 004C,Unable to prosecute suspect
ef5e49bd303691dfa976fb7174228f5387f1de8e65e4d5e4ccfdb8d27643f1e5,2019-12,Staffordshire Police,Staffordshire Police,-1.994156,52.705570,On or near NEW STREET,E01029391,Cannock Chase 009D,Unable to prosecute suspect
65608c079c8e8fe35362c8664663f1560871436ef8d7837f319ee3a2b9d8c394,2019-12,Staffordshire Police,Staffordshire Police,,,No location,,,Unable to prosecute suspect
44cfbfb40ab4bda88539c3b6a62e9efaf1a2a23b71932cc4df6e38ce2cbc46c2,2019-12,Staffordshire Police,Staffordshire Police,-2.151303,52.906612,On or near TUNLEY STREET,E01029744,Stafford 003B,Unable to prosecute suspect
03c92ac4d725f47a815abbb3c169f621c5ba9a8f4619bfce7b9c7aabe73ff1da,2019-12,Staffordshire Police,Staffordshire Police,-2.137143,52.895501,On or near DE-WINT ROAD,E01029740,Stafford 003A,Unable to prosecute suspect
ed6430949360598041c040851b6e5afffeb16c8b947c024674f26fddfcfaabdc,2019-12,Staffordshire Police,Staffordshire Police,-1.679008,52.620426,On or near Pedestrian Subway,E01029828,Tamworth 006D,Unable to prosecute suspect
7f7bfe350b794126f799785cf87a27e12f5887836f5dbd9b5c9270a0fc7731d8,2019-12,Staffordshire Police,Staffordshire Police,-1.643104,52.812315,On or near EDWARD STREET,E01029447,East Staffordshire 009C,Unable to prosecute suspect
a988828786f0dd23149d1e091974b027533eeb295b9a1250efa50363d4854f82,2019-12,Staffordshire Police,Staffordshire Police,-1.662166,52.626582,On or near ABELIA,E01029845,Tamworth 007D,Unable to prosecute suspect
922af93332e01e1c0828a9d08f05f920e2ba47bc9256dd7fbf5a6361ac46c3fa,2019-12,Staffordshire Police,Staffordshire Police,-1.626134,52.780872,On or near LAUREL GROVE,E01029453,East Staffordshire 014E,Unable to prosecute suspect
94696998eef6b29548578fc0bbc701d8779075f96bd2bacaea5b52cb5b5ac4c9,2019-12,Staffordshire Police,Staffordshire Police,-2.032357,52.688854,On or near Parking Area,E01029365,Cannock Chase 011C,Unable to prosecute suspect
5b0836d994dc0aef0007b764c0c8861aadc2c96890e0170fad41c63973a3d7e5,2019-12,Staffordshire Police,Staffordshire Police,,,No location,,,Unable to prosecute suspect
c2b5dcd80cbcc78f75ca44cfcf2ecf06f12a8aeb04fb9578597e1e384e169ada,2019-12,Staffordshire Police,Staffordshire Police,,,No location,,,Unable to prosecute suspect
dd328cae23da1db45fd087bb27127d1a875076865ed89c6ec0633de15d81e866,2019-12,Staffordshire Police,Staffordshire Police,-1.971036,52.709414,On or near WARREN CLOSE,E01029399,Cannock Chase 006C,Unable to prosecute suspect
a2a9f65684fbbd6669dcee6240e02189e1448559b2f9717aa81a6dcc03f6895e,2019-12,Staffordshire Police,Staffordshire Police,-1.663181,52.619438,On or near GRESLEY,E01029840,Tamworth 007A,Unable to prosecute suspect
35ab07643096271eb37730e44bf9cb62d2d75d77411fa4400211ebc3c56571fa,2019-12,Staffordshire Police,Staffordshire Police,-2.038956,52.689670,On or near HATHERTON HOLLOW,E01029364,Cannock Chase 011B,Unable to prosecute suspect
6eaed443965ae40e6e675812cb3a1a6c782e8247fabe8456b1c000c616d68a6d,2019-12,Staffordshire Police,Staffordshire Police,-2.120535,52.813724,On or near FRIAR STREET,E01029691,Stafford 010B,Unable to prosecute suspect
21e319127619e46fadc3e20063484048daeb589dd84ebc1f548572a365beb8ab,2019-12,Staffordshire Police,Staffordshire Police,-1.717347,52.763810,On or near HOLLAND PARK,E01029442,East Staffordshire 015D,Unable to prosecute suspect
43d315f1c8f6400a9bc8831b18633ef20dcc632b759bf2ea87da3a8cb25d54f3,2019-12,Staffordshire Police,Staffordshire Police,-1.633723,52.800510,On or near Shopping Area,E01032896,East Staffordshire 011F,Unable to prosecute suspect
05b81c074c1c5897bacda2a0eba5e1f0749065a8f8fd224930d419a398bb2f64,2019-12,Staffordshire Police,Staffordshire Police,-1.699526,52.635547,On or near ALFRED STREET,E01029851,Tamworth 002E,Unable to prosecute suspect
8dfef97421f0c4d002f54c9573dcacacb2ff469144063672278498c76b3874da,2019-12,Staffordshire Police,Staffordshire Police,-2.150073,52.890523,On or near BEACON RISE,E01029755,Stafford 004E,Unable to prosecute suspect
8732441a0f1ab83f92ef1e681fb284b3b23b40fea572cf084ff2f91983e9dd20,2019-12,Staffordshire Police,Staffordshire Police,-1.912885,52.678021,On or near TUDOR PARK GARDENS,E01029475,Lichfield 009A,Unable to prosecute suspect
ac5b3551aa94ad332fec2d118d7dc8648e49e0e98474397c2d7f32b3a883e41c,2019-12,Staffordshire Police,Staffordshire Police,-1.660969,52.628619,On or near WOODLAND ROAD,E01029844,Tamworth 004E,Unable to prosecute suspect
3275fb322be172ac1a6404568c44f0395e07938be8be364ce98249bcd4734a28,2019-12,Staffordshire Police,Staffordshire Police,-1.645385,52.794559,On or near SOUTH UXBRIDGE STREET,E01029407,East Staffordshire 011A,Unable to prosecute suspect
690c374ca0a66da9d55537403606af9eb23d66fcf96305b3d8b5e48d528b0ae3,2019-12,Staffordshire Police,Staffordshire Police,-1.660969,52.628619,On or near WOODLAND ROAD,E01029844,Tamworth 004E,Unable to prosecute suspect
979e8dd48bfbe98d29b963b52c28ebca20b087001eb247b4654156d3d9881b5e,2019-12,Staffordshire Police,Staffordshire Police,,,No location,,,Unable to prosecute suspect
d42e0b2039be42016ba6e738030192fc03ceff67d1d72cd3797027ce987d8a9d,2019-12,Staffordshire Police,Staffordshire Police,-1.606438,52.807983,On or near REDMOOR CLOSE,E01029470,East Staffordshire 010C,Unable to prosecute suspect
2efc36afaae9b8625131e41c159493750f1f9491d26aae874d652fb1777b2ea2,2019-12,Staffordshire Police,Staffordshire Police,-2.033345,52.685347,On or near ST JOHN'S CLOSE,E01029360,Cannock Chase 012B,Unable to prosecute suspect
3d419394c19e20c51a9621d0c39d9ec61b98425f42c19d074b47dcd042937b33,2019-12,Staffordshire Police,Staffordshire Police,-2.086311,52.815687,On or near DYSON WAY,E01029732,Stafford 011E,Unable to prosecute suspect
61a9699ef1d8e153ca1ac65141fad9dbb1cde880298553c5a1cb0c865352208b,2019-12,Staffordshire Police,Staffordshire Police,,,No location,,,Unable to prosecute suspect
dcaf2e312859a8dd64b6c562e1fad6324b2dddc0bbd6db8f39c74681191c0aab,2019-12,Staffordshire Police,Staffordshire Police,-2.128766,52.792617,On or near TURNEY GROVE,E01029737,Stafford 012C,Unable to prosecute suspect
fb455268a3ad8adc6f12897fa3edaf52d0e0a53c33b5aebb5fb50814b6419562,2019-12,Staffordshire Police,Staffordshire Police,-2.061360,52.662278,On or near A460,E01029621,South Staffordshire 002A,Unable to prosecute suspect
f03c807f321f848e8b6bd405900247740baebbdb5c53ccfe2d4c4ea06d1d6957,2019-12,Staffordshire Police,Staffordshire Police,,,No location,,,Unable to prosecute suspect
ea6ac1cd409101c9237d31f1f691f0cf8aa3685ecc4f8a216fb97e47ae1d80c2,2019-12,Staffordshire Police,Staffordshire Police,-1.664152,52.598701,On or near LIBERTY ROAD,E01029869,Tamworth 010E,Unable to prosecute suspect
3e6ff44beb34257a22196f3abf1e8538b641ccd0e8942c781f416242144d13c4,2019-12,Staffordshire Police,Staffordshire Police,-2.040569,52.659023,On or near PINFOLD LANE,E01029624,South Staffordshire 004D,Unable to prosecute suspect
afa4b7e52786db3dc3b7710614edb7eac1568eaa67197b288af1d2832e871c8a,2019-12,Staffordshire Police,Staffordshire Police,-1.935389,52.763490,On or near MARKET STREET,E01029404,Cannock Chase 002E,Unable to prosecute suspect
1c28fff2a910f88e6f6fb0ade80b6414e899307d094e2d3dc61d35a0a0ba07eb,2019-12,Staffordshire Police,Staffordshire Police,,,No location,,,Unable to prosecute suspect
42efd967d5aa8fc7064bcc574666844016f82e6a489b440adb204fff776e64de,2019-12,Staffordshire Police,Staffordshire Police,-1.698386,52.648687,On or near HAWTHORNE AVENUE,E01029852,Tamworth 001D,Unable to prosecute suspect
17ef5d23f53bb25839aad7afeec0a92170e30c71b8c73a4da967b2bfc56e7665,2019-12,Staffordshire Police,Staffordshire Police,-1.645123,52.795772,On or near THE ROPEWALK,E01029408,East Staffordshire 011B,Unable to prosecute suspect
a1839c735afb1fb685fd29e42027a955130fb59a2650978a2775a938c75fa239,2019-12,Staffordshire Police,Staffordshire Police,-2.146548,52.902942,On or near CHRISTCHURCH WAY,E01029745,Stafford 003C,Unable to prosecute suspect
a765b6f7345f857b17cd52290210ac41cb6ea76cd609287e636c558c525b7c80,2019-12,Staffordshire Police,Staffordshire Police,-1.644297,52.822432,On or near NORTHFIELD ROAD,E01029434,East Staffordshire 007A,Unable to prosecute suspect
1109fa867669fa6ba39926c6ba0b99eedcc2db3212f44bf1a1b415cc474f21c5,2019-12,Staffordshire Police,Staffordshire Police,-1.684290,52.621294,On or near BRIGHT CRESCENT,E01029827,Tamworth 006C,Unable to prosecute suspect
2ab51084fe9599dfd877e57a23292289d6d50abed131495b543f9887b2f8f030,2019-12,Staffordshire Police,Staffordshire Police,-2.137822,52.791043,On or near SYCAMORE LANE,E01029715,Stafford 013A,Unable to prosecute suspect
617f927629714d9278aa7a8a3cf87c144266676b2a7432d32f502e8d0504744b,2019-12,Staffordshire Police,Staffordshire Police,-1.691537,52.853164,On or near FERRERS AVENUE,E01029464,East Staffordshire 004D,Unable to prosecute suspect
c22d8ebc46135eccd6e1d125da73149d33e50c068f33d7f91cfbbdfcb16c0fc6,2019-12,Staffordshire Police,Staffordshire Police,,,No location,,,Unable to prosecute suspect
d3f4804b2d2f8aa95b24d9f400cdca3730f7aa59bdb17411294bff0e4390d738,2019-12,Staffordshire Police,Staffordshire Police,-1.953506,52.742706,On or near HEDNESFORD ROAD,E01029370,Cannock Chase 001C,Unable to prosecute suspect
7fa5d14495307684fe8a96170658f7c7044523c35d818f524c7d8c12df79eada,2019-12,Staffordshire Police,Staffordshire Police,,,No location,,,Unable to prosecute suspect
df77e08d17dba70ede01ed917c7f44e7dfa60346147b4a99a48f54b42f14ae30,2019-12,Staffordshire Police,Staffordshire Police,,,No location,,,Unable to prosecute suspect
367205f4d2ff49fceb3868592fe064ce925c6d0bdc05ccea8641be8bf5d040f8,2019-12,Staffordshire Police,Staffordshire Police,,,No location,,,Unable to prosecute suspect
fc70e27ad806eacc79799222ccc411e56a006cdf11c97c96b588ddc3dfa5fddf,2019-12,Staffordshire Police,Staffordshire Police,-1.693384,52.632645,On or near Shopping Area,E01029835,Tamworth 002A,Unable to prosecute suspect
bb9a09bb1b9bcd9ced9f95264cd68ecc76c48b2332fe5a9cdf2079a7817131f6,2019-12,Staffordshire Police,Staffordshire Police,-2.009328,52.718371,On or near HILLSIDE CLOSE,E01029386,Cannock Chase 005B,Unable to prosecute suspect
5b649c045dfd4fb4e8cafb3de0113fdc8503328fc441ad474e2027033325cb90,2019-12,Staffordshire Police,Staffordshire Police,-1.699424,52.792685,On or near MANOR CROFT,E01029440,East Staffordshire 015B,Unable to prosecute suspect
baaa07308ea05e05327f153edae09830bce6ed3037262323587e6a6bebf4bfc0,2019-12,Staffordshire Police,Staffordshire Police,-1.861538,52.900894,On or near DOVE BANK,E01029460,East Staffordshire 003B,Unable to prosecute suspect
8550766b119ced8e202fdcafdb16a44faadbc9c3523756303130a5aa6c71ccb0,2019-12,Staffordshire Police,Staffordshire Police,-1.827596,52.683312,On or near BREADMARKET STREET,E01029526,Lichfield 004E,Unable to prosecute suspect
a2caa7e18f78a690ba6b79e5ebadc75d54470596627acdaff86e3c921a3d3883,2019-12,Staffordshire Police,Staffordshire Police,-1.827596,52.683312,On or near BREADMARKET STREET,E01029526,Lichfield 004E,Unable to prosecute suspect
b5670013b6647bde97b8a0d7c5624b77aaaeed01d2767b75d80c062e5908c7ed,2019-12,Staffordshire Police,Staffordshire Police,-2.109524,52.936494,On or near MODDERSHALL OAKS,E01029683,Stafford 002C,Unable to prosecute suspect
e767ecfcbdc0d965fa7cf95120af4e5b7052642940c535979aa28db9b963a3b9,2019-12,Staffordshire Police,Staffordshire Police,-2.028729,52.661193,On or near NEW HORSE ROAD,E01029622,South Staffordshire 004B,Unable to prosecute suspect
5355eff06c9ae0256fb9adb1c2bc3c6dc7b2570344afa34502079ecbd3d988d1,2019-12,Staffordshire Police,Staffordshire Police,,,No location,,,Unable to prosecute suspect
be9a0d3ec1dbc15f7ed2226fa8144bac2a56ef2365e57848181c0c6e36fe1c3a,2019-12,Staffordshire Police,Staffordshire Police,-1.606576,52.814025,On or near DALEBROOK ROAD,E01029469,East Staffordshire 010B,Unable to prosecute suspect
6e693b3a1676eb757076e142b9e026cdb7dc11fc47c881e87f9c6b0a86965277,2019-12,Staffordshire Police,Staffordshire Police,-1.648688,52.612402,On or near RAYGILL,E01029857,Tamworth 008C,Unable to prosecute suspect
1d2a3bc1f8dab232d97edd393fbcbc854e46b7c45188eddad3127616e61b6622,2019-12,Staffordshire Police,Staffordshire Police,-1.688213,52.595162,On or near MAXSTOKE CLOSE,E01029862,Tamworth 009C,Unable to prosecute suspect
7755d9a55885c989e88fa5ec4972b2afe18dd984a792e4aaa2fdbbd274c0c72c,2019-12,Staffordshire Police,Staffordshire Police,-1.688213,52.595162,On or near MAXSTOKE CLOSE,E01029862,Tamworth 009C,Unable to prosecute suspect
cafc8eef0ccb6650bc71057a6c7e4e6f39ec534b4d33ab30e5205166ce24a8bd,2019-12,Staffordshire Police,Staffordshire Police,-1.951567,52.768092,On or near Pedestrian Subway,E01029371,Cannock Chase 001D,Unable to prosecute suspect
c7926cf5eb19387bbfe0bcd2ed97c1cd0e010449b7bd4c2f4b12738e2ad0f0cf,2019-12,Staffordshire Police,Staffordshire Police,-1.917942,52.678717,On or near FRANKLIN DRIVE,E01029528,Lichfield 010C,Unable to prosecute suspect
031e4b5100c680169dbf1d4620d8e793b23ef47a36a324ef7e0147f5f32f7eba,2019-12,Staffordshire Police,Staffordshire Police,-1.653269,52.821398,On or near NORTON ROAD,E01029435,East Staffordshire 007B,Unable to prosecute suspect
ecac09dafdee42d9262a6ad7dd29df9c58eb1769005e84a6a200469cba0b1682,2019-12,Staffordshire Police,Staffordshire Police,-2.028259,52.711320,On or near PHILIP GROVE,E01029357,Cannock Chase 007D,Unable to prosecute suspect
ecac09dafdee42d9262a6ad7dd29df9c58eb1769005e84a6a200469cba0b1682,2019-12,Staffordshire Police,Staffordshire Police,-2.028259,52.711320,On or near PHILIP GROVE,E01029357,Cannock Chase 007D,Unable to prosecute suspect
a8517189bdb0eb85d816573f630b5b4ecd12fbfeef99b6e44dc0d42acc59227b,2019-12,Staffordshire Police,Staffordshire Police,-1.917942,52.678717,On or near FRANKLIN DRIVE,E01029528,Lichfield 010C,Unable to prosecute suspect
2a6844d1688f0ee15124592bf95f7037225c2261a7cf30df06da3d96f0f0df0c,2019-12,Staffordshire Police,Staffordshire Police,-2.201193,53.052137,On or near EDGE STREET,E01014252,Stoke-on-Trent 009D,Unable to prosecute suspect
b6398f4a1aaaf3a36930996e6b6e5182555d774292ccbecff18986d35ba57882,2019-12,Staffordshire Police,Staffordshire Police,,,No location,,,Unable to prosecute suspect
e7b87914195051effa6f75a1255a0ed933baa5c74dbc57ff6fe6dccdf05505d8,2019-12,Staffordshire Police,Staffordshire Police,,,No location,,,Unable to prosecute suspect
ff09dc315b0549ff7af9d39d83fdcec9c62d3a83d2c68882aca1d08eed9ebc5f,2019-12,Staffordshire Police,Staffordshire Police,-2.201193,53.052137,On or near EDGE STREET,E01014252,Stoke-on-Trent 009D,Unable to prosecute suspect
f85f4b263f182f4d26b52f07153f18b03b1def9528a05fca00f803fc6b654860,2019-12,Staffordshire Police,Staffordshire Police,,,No location,,,Unable to prosecute suspect
45bbef3b75edff9b5acb6804bfae035d98dae3819e2b8badeb254bc0f2113052,2019-12,Staffordshire Police,Staffordshire Police,-2.192792,53.001551,On or near SILLITOE PLACE,E01014295,Stoke-on-Trent 019B,Unable to prosecute suspect
18acb0750677f5dfbb427258a450656f984b3f215a9371049e7d18cb4bf2e6dd,2019-12,Staffordshire Police,Staffordshire Police,-2.130696,52.980654,On or near LILLESHALL STREET,E01014306,Stoke-on-Trent 029B,Unable to prosecute suspect
4392d5fbbaf62c57ec346b0d53ac4bef8326d671d3529f1fcbf50e52aed5f486,2019-12,Staffordshire Police,Staffordshire Police,-2.253558,53.044827,On or near Sports/Recreation Area,E01029547,Newcastle-under-Lyme 007A,Unable to prosecute suspect
ada68e0a415b7ffe25d1746274f50bbbccd9393fd9d23a6ea9ed7ca6621148cb,2019-12,Staffordshire Police,Staffordshire Police,-2.194934,53.056902,On or near THORNLEY ROAD,E01014244,Stoke-on-Trent 006D,Unable to prosecute suspect
70dce7889246fa3d9b0f0e0a912df2a20507476dad28242bbda2d598991afbdc,2019-12,Staffordshire Police,Staffordshire Police,-2.179255,53.014220,On or near COLLEGE ROAD,E01014281,Stoke-on-Trent 015A,Unable to prosecute suspect
dbd5ab3cf58e487da08b601c1dc65e4b99117673910c74c9d7c453415208ca2e,2019-12,Staffordshire Police,Staffordshire Police,-2.192877,52.993847,On or near LONDON ROAD,E01014338,Stoke-on-Trent 023A,Unable to prosecute suspect
d296ba54134a166771e3300be9239e2022877b714dc3969633467dc91361b234,2019-12,Staffordshire Police,Staffordshire Police,-1.986108,52.978272,On or near MACKENZIE CRESCENT,E01029783,Staffordshire Moorlands 011B,Unable to prosecute suspect
67f436bab4e40961d1546de0a333fc21a4753a2450eb741dea8c3853b4b266bf,2019-12,Staffordshire Police,Staffordshire Police,-2.220376,52.993260,On or near GLOUCESTER GRANGE,E01029549,Newcastle-under-Lyme 014A,Unable to prosecute suspect
457114460aa939b2ea75c840746f8c69ecfee0a0a7bb88bd4a798901d2ac3d7e,2019-12,Staffordshire Police,Staffordshire Police,-2.217339,53.061951,On or near JACQUELINE STREET,E01014354,Stoke-on-Trent 005A,Unable to prosecute suspect
ebc7c427b1107b5ba0ff8a0c81a95e29226a1a3a9395b1c0314f0cef49482cd6,2019-12,Staffordshire Police,Staffordshire Police,-2.226416,53.037196,On or near TEMPLAR TERRACE,E01029583,Newcastle-under-Lyme 008A,Unable to prosecute suspect
486923bb284ae4c8be13cb816935964eaa9ff7f2523b56587a03c303fa010c47,2019-12,Staffordshire Police,Staffordshire Police,-2.105253,52.991251,On or near CARBERRY WAY,E01014362,Stoke-on-Trent 025E,Unable to prosecute suspect
bcd561f48f84dd92a1a1ad2619b7b5cb17923a853a4d4d64ea97eba18c72a039,2019-12,Staffordshire Police,Staffordshire Police,-2.209317,53.044706,On or near AITKEN STREET,E01014250,Stoke-on-Trent 009B,Unable to prosecute suspect
2148a6192c8f7f970bcccc535afe1cf2a4d7141600041ea344493e39eaf6f63e,2019-12,Staffordshire Police,Staffordshire Police,-2.132705,53.019036,On or near LEICESTER PLACE,E01014221,Stoke-on-Trent 017B,Unable to prosecute suspect
3662b0fb45daed253b3601a370308e4e139db3cd2ee6c754201987e1c1a3499f,2019-12,Staffordshire Police,Staffordshire Police,-2.099202,52.989791,On or near NEW KINGSWAY,E01014365,Stoke-on-Trent 024C,Unable to prosecute suspect
20f652cb2d02bd959f652a155b5f2fa9e83268ce454b508436dbf1764930a132,2019-12,Staffordshire Police,Staffordshire Police,-2.181856,53.016193,On or near CROSTON STREET,E01014281,Stoke-on-Trent 015A,Unable to prosecute suspect
256c748d2e5f8a82b05ab49f780b5c7053db0e29f608315ebfc9e3523bdc78ef,2019-12,Staffordshire Police,Staffordshire Police,-2.124847,53.018262,On or near NORWICH ROAD,E01014220,Stoke-on-Trent 017A,Unable to prosecute suspect
47fae4e64255dcc49432fc93d94725fc05cc1edcdf963154ad9ed11af1a0d413,2019-12,Staffordshire Police,Staffordshire Police,-2.133269,53.022928,On or near MILLWARD ROAD,E01014218,Stoke-on-Trent 014A,Unable to prosecute suspect
22efb2f6b4ddc91ce8f6acbb84119b4f79bef1562d4f4aa94b48d3b67b60befb,2019-12,Staffordshire Police,Staffordshire Police,-2.022397,53.110042,On or near Sports/Recreation Area,E01029807,Staffordshire Moorlands 005B,Unable to prosecute suspect
478b0efbc3ee992ebaf6b6e758413350a061e2831dcdb1b214f15554191a9703,2019-12,Staffordshire Police,Staffordshire Police,-2.125444,53.013336,On or near RAYLEIGH WAY,E01014222,Stoke-on-Trent 017C,Unable to prosecute suspect
23723ab54234fdc9584aa9b240b76360449e7a04650b0174a918a835204e2d32,2019-12,Staffordshire Police,Staffordshire Police,,,No location,,,Unable to prosecute suspect
ecddbbd4fb3bf090db0cb9332afcaac553c1aecb7e7a391fcd9f925d23d4a8d7,2019-12,Staffordshire Police,Staffordshire Police,-1.978374,52.989165,On or near SHELSLEY ROAD,E01029781,Staffordshire Moorlands 011A,Unable to prosecute suspect
5d044a80dd39e125a832157d80ce75d165f09f213429ff72744282fa6916eeed,2019-12,Staffordshire Police,Staffordshire Police,-2.133269,53.022928,On or near MILLWARD ROAD,E01014218,Stoke-on-Trent 014A,Unable to prosecute suspect
d216a92e202915e256bfd604772cd86b3548b9602ce77ed680eeecd4ce07ae3c,2019-12,Staffordshire Police,Staffordshire Police,-2.164017,52.985476,On or near MEAFORD DRIVE,E01014234,Stoke-on-Trent 026B,Unable to prosecute suspect
255ccc15d613283daaa2893d24cd682dca29d5ce42f974b538bc43ca9a0a1970,2019-12,Staffordshire Police,Staffordshire Police,-2.085678,52.968614,On or near PILSDEN PLACE,E01014315,Stoke-on-Trent 033A,Unable to prosecute suspect
df48495c7de8542e70c15e3c82d638867aef40a89194c0d50c3981bd4f7ded8a,2019-12,Staffordshire Police,Staffordshire Police,-2.048001,53.016593,On or near DAIRYHOUSE LANE,E01029778,Staffordshire Moorlands 012A,Unable to prosecute suspect
aeb78a70dbced748afb4944fbb20aef8f18ec19a2df05d880a382958da045ed7,2019-12,Staffordshire Police,Staffordshire Police,-2.172290,53.114152,On or near WELL STREET,E01029763,Staffordshire Moorlands 003A,Unable to prosecute suspect
8399fe55594a4e8382aabc339bfedabdf5ea9931202a12021219e78ef3c0facb,2019-12,Staffordshire Police,Staffordshire Police,-2.183686,53.050322,On or near LEONARD STREET,E01014248,Stoke-on-Trent 006F,Unable to prosecute suspect
51de8d6a455c45be181cbb9cba0a1cd1d68101ea6354e687158d409432236460,2019-12,Staffordshire Police,Staffordshire Police,-2.151325,52.968099,On or near BARLASTON ROAD,E01014238,Stoke-on-Trent 032D,Unable to prosecute suspect
f39f10eb9272eebb6c62fdc67bef9714020069f12a0b0b2888e847a75d337e64,2019-12,Staffordshire Police,Staffordshire Police,-2.234453,53.086279,On or near THE LOVATTS,E01029588,Newcastle-under-Lyme 002D,Unable to prosecute suspect
f7d4d2f977f60c96cfd80e015b70084296084dd86061133e605ad6df76c77242,2019-12,Staffordshire Police,Staffordshire Police,-2.214117,53.025929,On or near MORETON PARADE,E01029611,Newcastle-under-Lyme 008E,Unable to prosecute suspect
05a65688f780511d2ce8bbb3c3eb71cbe2ca2355800e7be0f8d636ab38d2c29c,2019-12,Staffordshire Police,Staffordshire Police,-2.168532,53.028016,On or near MYNORS STREET,E01014328,Stoke-on-Trent 013C,Unable to prosecute suspect
c2bc0d49f288889d6d8c324c12acd87e53062c6293aaf3c7868c5e4b4724c4e0,2019-12,Staffordshire Police,Staffordshire Police,-2.166229,53.068829,On or near OLDFIELD AVENUE,E01014337,Stoke-on-Trent 004E,Unable to prosecute suspect
509327a85b648dc155fde9c32cfd6c5423fe5283af7584ddc9ae8bd3f598b423,2019-12,Staffordshire Police,Staffordshire Police,-2.156215,53.044051,On or near REPINGTON ROAD,E01014269,Stoke-on-Trent 010A,Unable to prosecute suspect
b6c6efd5c82f2ecf4a54c5b62f7a7e576a6c5af8055e9838ab623bedf9d0cff6,2019-12,Staffordshire Police,Staffordshire Police,-2.238863,53.036111,On or near DIMSDALE PARADE WEST,E01029539,Newcastle-under-Lyme 006C,Unable to prosecute suspect
9a281a4d6c2b2bd1b6bdc6614e2b31bc47fa554421014f335888a22588ceec55,2019-12,Staffordshire Police,Staffordshire Police,-2.155979,52.999564,On or near WEDGWOOD ROAD,E01014274,Stoke-on-Trent 020A,Unable to prosecute suspect
9a281a4d6c2b2bd1b6bdc6614e2b31bc47fa554421014f335888a22588ceec55,2019-12,Staffordshire Police,Staffordshire Police,-2.155979,52.999564,On or near WEDGWOOD ROAD,E01014274,Stoke-on-Trent 020A,Unable to prosecute suspect
443b128cc24059b9f93eb0f600c2b4ad5950bb7a63fbdfb36da28c3bdbc8a164,2019-12,Staffordshire Police,Staffordshire Police,-2.179527,52.968653,On or near MEADOW LANE,E01014350,Stoke-on-Trent 034B,Unable to prosecute suspect
5cef42586653c8416ec6e1623d0fd051c79d548c49d6bc30c4c1044d2d31db34,2019-12,Staffordshire Police,Staffordshire Police,,,No location,,,Unable to prosecute suspect
217840d6653f77549e75a5395d466b30b774075dbc8148e4f9686fb131f7b845,2019-12,Staffordshire Police,Staffordshire Police,,,No location,,,Unable to prosecute suspect
4e1fedcae6d4db3cc78f224b21ac2a9929feaa3b2ecd4eea37a745ea1aae4dc4,2019-12,Staffordshire Police,Staffordshire Police,,,No location,,,Unable to prosecute suspect
fb5d7aec0a29f5363dd6faef6a5e2b4335b0315cd4b31ca7c50adb4f291cb8b2,2019-12,Staffordshire Police,Staffordshire Police,-2.139091,53.025384,On or near WERRINGTON ROAD,E01014213,Stoke-on-Trent 012D,Unable to prosecute suspect
6b143398471fd1c24251d7d7527dd950fdef024212cad1f178b3ee355a86b7e6,2019-12,Staffordshire Police,Staffordshire Police,-2.153951,52.999027,On or near BROGAN STREET,E01014274,Stoke-on-Trent 020A,Unable to prosecute suspect
7f4eb268f0a2b2f03d8f239fbe6c5bdabf27de64a07d6f0bfcfa08db40118ed4,2019-12,Staffordshire Police,Staffordshire Police,-2.132705,53.019036,On or near LEICESTER PLACE,E01014221,Stoke-on-Trent 017B,Unable to prosecute suspect
0c759dab9a997f5088d16be38e2043f0e8205e90057d7ba5ea157bf58a5c1963,2019-12,Staffordshire Police,Staffordshire Police,-2.178589,53.011838,On or near CAULDON ROAD,E01014282,Stoke-on-Trent 016D,Unable to prosecute suspect
e759d563edc20c768ee7159246308974a78a09eeb6ddd50975a1d4b25a937f71,2019-12,Staffordshire Police,Staffordshire Police,,,No location,,,Unable to prosecute suspect
5fafc309ebf0a77c3d2b36a22dd9c995d0e804e29fa36799014d951e8b2d8d18,2019-12,Staffordshire Police,Staffordshire Police,-2.126031,53.004948,On or near PILLAR CLOSE,E01014229,Stoke-on-Trent 017F,Unable to prosecute suspect
75aaa6b3d28b7d37089238be85a285a1d4ac35d94a64b374264b9c4c100b9004,2019-12,Staffordshire Police,Staffordshire Police,-2.137186,53.017188,On or near CRANFIELD PLACE,E01014221,Stoke-on-Trent 017B,Unable to prosecute suspect
177969db874956ec0bf6e1050b337e67c668a42e1d1fa397ee5298f70cf11b06,2019-12,Staffordshire Police,Staffordshire Police,-2.157630,52.974149,On or near GARSDALE CRESCENT,E01014237,Stoke-on-Trent 032C,Unable to prosecute suspect
7e29a0ffb747b4885ef115c17f3cb9ac75f772b7ed05c4aa38177ca5444e3319,2019-12,Staffordshire Police,Staffordshire Police,-2.208876,53.098273,On or near CLARE STREET,E01029581,Newcastle-under-Lyme 001C,Unable to prosecute suspect
974c95cbed72153f5c5a977f76e0611265efceca9a8e02ef9af7b6650f9c92ba,2019-12,Staffordshire Police,Staffordshire Police,-2.184088,53.109514,On or near MEADOWSIDE,E01029773,Staffordshire Moorlands 004D,Unable to prosecute suspect
5036c306cc144c66619a6544df7d1bafdba40cbb0c44813c76e70c0ddb65eecf,2019-12,Staffordshire Police,Staffordshire Police,-2.132225,52.998451,On or near PEVENSEY GROVE,E01014298,Stoke-on-Trent 022B,Unable to prosecute suspect
cde0e83bebbf9504ca8971d58d2dfea7cfc48b945b661703b4b1b3f0eb56fb38,2019-12,Staffordshire Police,Staffordshire Police,-2.209408,53.001846,On or near GRINDLEY HILL COURT,E01014294,Stoke-on-Trent 018F,Unable to prosecute suspect
3d8a6382fa0cf984c3c624f7eff098fc0ee6a85bfe16535f1e0f3e3056c829bf,2019-12,Staffordshire Police,Staffordshire Police,-2.137186,53.017188,On or near CRANFIELD PLACE,E01014221,Stoke-on-Trent 017B,Unable to prosecute suspect
a9aeaa123dc5152ee6de3cf847bbdf9a8b0695fef3296a116706bfe5e5e2baa2,2019-12,Staffordshire Police,Staffordshire Police,-2.184088,53.109514,On or near MEADOWSIDE,E01029773,Staffordshire Moorlands 004D,Unable to prosecute suspect
4b65f9b080a2b03efff950746293a1deb06a4018cb4f1832b5519df6f08cd201,2019-12,Staffordshire Police,Staffordshire Police,-2.247019,53.038566,On or near WRIGHT AVENUE,E01029560,Newcastle-under-Lyme 007D,Unable to prosecute suspect
630569c9baccf322643e2a2e6cf94bfddb6ce5ae8c908e5fbdc1ccee1129e1fd,2019-12,Staffordshire Police,Staffordshire Police,-2.175364,53.116755,On or near Police Station,E01029774,Staffordshire Moorlands 003E,Unable to prosecute suspect
630569c9baccf322643e2a2e6cf94bfddb6ce5ae8c908e5fbdc1ccee1129e1fd,2019-12,Staffordshire Police,Staffordshire Police,-2.175364,53.116755,On or near Police Station,E01029774,Staffordshire Moorlands 003E,Unable to prosecute suspect
d1968506d6019b7aa463b9b5b38e6619901eaa2500a0302d8c04a1ea49aa2dc4,2019-12,Staffordshire Police,Staffordshire Police,-2.128503,53.019508,On or near DORCHESTER WALK,E01014220,Stoke-on-Trent 017A,Unable to prosecute suspect
10d40613eef88f3123d12aab56ddd81f2907bf1f1add47bfeb960a80391a419c,2019-12,Staffordshire Police,Staffordshire Police,-2.198149,53.045454,On or near MARKET PLACE,E01014251,Stoke-on-Trent 009C,Unable to prosecute suspect
10d40613eef88f3123d12aab56ddd81f2907bf1f1add47bfeb960a80391a419c,2019-12,Staffordshire Police,Staffordshire Police,-2.198149,53.045454,On or near MARKET PLACE,E01014251,Stoke-on-Trent 009C,Unable to prosecute suspect
46dd06fe6a2b3670b10057f5f67c4909e57338fb4b162e4f839579566c5e35c7,2019-12,Staffordshire Police,Staffordshire Police,-2.156740,52.966806,On or near URMSTON PLACE,E01014238,Stoke-on-Trent 032D,Unable to prosecute suspect
87ec67106007d92d6543d5a98ae8b4215776dff113d452910dec3a19f1852ccf,2019-12,Staffordshire Police,Staffordshire Police,-2.190121,53.000674,On or near PENKHULL NEW ROAD,E01014345,Stoke-on-Trent 019E,Unable to prosecute suspect
49f0879d09301733cbf6a32e3fbb5581bb7cf62987642d9cae529b8627d6636b,2019-12,Staffordshire Police,Staffordshire Police,-2.224366,52.992740,On or near DEVON CLOSE,E01029549,Newcastle-under-Lyme 014A,Unable to prosecute suspect
459ac45ac6dcf5fe2c661289123e6719fed21cafd2d961b36cc32697e07a599a,2019-12,Staffordshire Police,Staffordshire Police,-2.159024,52.972521,On or near INGLEBY ROAD,E01014235,Stoke-on-Trent 032A,Unable to prosecute suspect
511da71395a3ad1004676f12893480fb73d1e2028c54e3b0b9489080d992cb6f,2019-12,Staffordshire Police,Staffordshire Police,-2.244339,53.018239,On or near ST GILE'S ROAD,E01029566,Newcastle-under-Lyme 010C,Unable to prosecute suspect
fd37528851a00d42f52d9bdef5e5fd983df1cebe0b597b50a511fb589bfa2f95,2019-12,Staffordshire Police,Staffordshire Police,-2.129020,53.013062,On or near DAWLISH DRIVE,E01014222,Stoke-on-Trent 017C,Unable to prosecute suspect
1f6e85780544e104f64184356669434b3652b063583466434e1f9b8fb3b6bdfc,2019-12,Staffordshire Police,Staffordshire Police,-2.255091,53.036671,On or near Sports/Recreation Area,E01029559,Newcastle-under-Lyme 007C,Unable to prosecute suspect
ccf7cdc99d60f55741782d4b1d3855e025e0bf3360bf2ee81e37aeebe21ab9ef,2019-12,Staffordshire Police,Staffordshire Police,-2.347036,53.002036,On or near PEAR TREE DRIVE,E01029574,Newcastle-under-Lyme 013C,Unable to prosecute suspect
1362a2ca3847a82cc82971d727bea845285eddb8ddf7ab32fc1f02f6110c5406,2019-12,Staffordshire Police,Staffordshire Police,-2.126365,52.997073,On or near LONGVIEW CLOSE,E01014296,Stoke-on-Trent 022A,Unable to prosecute suspect
4d7df92da3baf122bcdd2b9f3bf72d87f5ab96382526345c7239949a7112e11c,2019-12,Staffordshire Police,Staffordshire Police,-2.224997,52.988001,On or near DENTON CLOSE,E01029589,Newcastle-under-Lyme 015B,Unable to prosecute suspect
4807447c9e7f0cc59b1c2d37f63d0c4923e57144fccb55abbeca984f120ae443,2019-12,Staffordshire Police,Staffordshire Police,-2.226648,52.987567,On or near CARLTON AVENUE,E01029590,Newcastle-under-Lyme 015C,Unable to prosecute suspect
352d09471375bec8facb52bd6e0cc591aaba36ddeb7ee0ec8d0349c430edf417,2019-12,Staffordshire Police,Staffordshire Police,-2.214846,53.028651,On or near BARBER'S SQUARE,E01029611,Newcastle-under-Lyme 008E,Unable to prosecute suspect
466ff9ce462520f8b881ffb8b6bb153bbeb57f60031be84d935196e618e78341,2019-12,Staffordshire Police,Staffordshire Police,-2.172659,52.986264,On or near DENNIS VIOLLET AVENUE,E01014234,Stoke-on-Trent 026B,Unable to prosecute suspect
d0d21daeb328ebdb4036fb1b2db2fdacdb50618c8b8646f2af033382b4e0d215,2019-12,Staffordshire Police,Staffordshire Police,-2.177443,53.037594,On or near SNEYD STREET,E01014249,Stoke-on-Trent 011A,Unable to prosecute suspect
85b3794ad3a433744cc3e2d00c30593a4b9af56e0773255df4d8c104f4eb0de2,2019-12,Staffordshire Police,Staffordshire Police,,,No location,,,Unable to prosecute suspect
a92ee81159e8b6b71f0923be1e0a572cbf6c38f97f3d578e7b7a227ac7447d41,2019-12,Staffordshire Police,Staffordshire Police,-2.181228,53.008616,On or near STATION ROAD,E01014284,Stoke-on-Trent 016F,Unable to prosecute suspect
b9375daa62e5264cfd99ac81ad969865bf174e4a56c66bfa1603bc1ece1dc38f,2019-12,Staffordshire Police,Staffordshire Police,-2.229920,53.025926,On or near MILEHOUSE LANE,E01029552,Newcastle-under-Lyme 006D,Unable to prosecute suspect
e145e78f3bc40f21c209ec4bf62ee7c6337e1c4e47894c2bdbe2bae6e6b0030d,2019-12,Staffordshire Police,Staffordshire Police,-2.163392,52.973935,On or near EASTFIELD CLOSE,E01014237,Stoke-on-Trent 032C,Unable to prosecute suspect
03e4786136fa88fb10633e6057dc4b7ba85b643a7b3e27b7aac79adec1475e34,2019-12,Staffordshire Police,Staffordshire Police,-2.148249,53.022218,On or near RUXLEY ROAD,E01014230,Stoke-on-Trent 014F,Unable to prosecute suspect
fcd20ebae4771e2e7cc13f32a6c7c831b3abda306df0179dda9b896cf6c73985,2019-12,Staffordshire Police,Staffordshire Police,-2.256926,53.084327,On or near ORCHARD CRESCENT,E01029541,Newcastle-under-Lyme 003B,Unable to prosecute suspect
2965d6be6365895b8fcabef22b909c42eef54cd899d4ad58e8ac2f6726699b3b,2019-12,Staffordshire Police,Staffordshire Police,-2.256926,53.084327,On or near ORCHARD CRESCENT,E01029541,Newcastle-under-Lyme 003B,Unable to prosecute suspect
c7543df7fd57bdd5105263d10757834a49a99aa30ee883f5d2cf067c91d6b1f3,2019-12,Staffordshire Police,Staffordshire Police,-2.175113,53.051567,On or near KIRK STREET,E01014246,Stoke-on-Trent 008A,Unable to prosecute suspect
60e9867aedcb2f06eab89ab097bde9e75ea0ce9592bfa7c2eb155b07d0ca6dc2,2019-12,Staffordshire Police,Staffordshire Police,-2.234453,53.086279,On or near THE LOVATTS,E01029588,Newcastle-under-Lyme 002D,Unable to prosecute suspect
57e07450afa77cd3f356caf3af6dd709ae4f710a81dbb3f72a0a865dbfd57695,2019-12,Staffordshire Police,Staffordshire Police,-2.101283,52.975245,On or near COBHAM PLACE,E01014317,Stoke-on-Trent 031D,Unable to prosecute suspect
06da4d0646624ba897c3ab7a5e6865397b3ab056fa13f2cae6e37fc2761850f1,2019-12,Staffordshire Police,Staffordshire Police,-2.121253,53.007138,On or near SYDENHAM PLACE,E01014223,Stoke-on-Trent 017D,Unable to prosecute suspect
58876ddbefd72c223c0bcb3ba59cf5ecb9b096c2c9d43b495b80f1f663979405,2019-12,Staffordshire Police,Staffordshire Police,-2.169772,53.036302,On or near CHELL STREET,E01014256,Stoke-on-Trent 011D,Unable to prosecute suspect
fa940f7f6d70febb12c96584102b55630d9f3ddd54f1ecbcd2d7553cfe0912bf,2019-12,Staffordshire Police,Staffordshire Police,-2.230377,52.988512,On or near HUMBER WAY,E01029591,Newcastle-under-Lyme 014C,Unable to prosecute suspect
196330398481e38e4fe3027a79e7c07639f773596077b1952816c1969f4b7afe,2019-12,Staffordshire Police,Staffordshire Police,-2.126814,52.997540,On or near WESTONVIEW AVENUE,E01014296,Stoke-on-Trent 022A,Unable to prosecute suspect
06edc04fbf0476e937be0e71448bee49e3e44ed82c2d8b72cf4af881d6915f6f,2019-12,Staffordshire Police,Staffordshire Police,-2.200228,53.004882,On or near SHARMAN CLOSE,E01014290,Stoke-on-Trent 018C,Unable to prosecute suspect
e7b9acfabb292f5b2c34c979199699221512b0ff7d5be296f8a7f3f3f54691c0,2019-12,Staffordshire Police,Staffordshire Police,-2.244815,53.039065,On or near BEASLEY AVENUE,E01029558,Newcastle-under-Lyme 006E,Unable to prosecute suspect
e7b9acfabb292f5b2c34c979199699221512b0ff7d5be296f8a7f3f3f54691c0,2019-12,Staffordshire Police,Staffordshire Police,-2.244815,53.039065,On or near BEASLEY AVENUE,E01029558,Newcastle-under-Lyme 006E,Unable to prosecute suspect
72be5976bd36b70d9add3e6758f84f3e62df2fd3be13573242553f6f7260c6a3,2019-12,Staffordshire Police,Staffordshire Police,-2.126814,52.997540,On or near WESTONVIEW AVENUE,E01014296,Stoke-on-Trent 022A,Unable to prosecute suspect
8fae8c627973d0b98dd1c539a54f65cab28b972f8767889de6836079592efec5,2019-12,Staffordshire Police,Staffordshire Police,-2.103243,52.979036,On or near CORNELIOUS STREET,E01014321,Stoke-on-Trent 028A,Unable to prosecute suspect
b9994fbb93a96b1b091ce8424c5057cc7663efc72866baee7048a7f390d55442,2019-12,Staffordshire Police,Staffordshire Police,-2.244144,53.023237,On or near ROBERTSON DRIVE,E01029554,Newcastle-under-Lyme 010B,Unable to prosecute suspect
7f31fcef8f8b7b8226227fcd0cfa783fb6ffd42976583ea2762f6dddf92be045,2019-12,Staffordshire Police,Staffordshire Police,-2.125444,53.013336,On or near RAYLEIGH WAY,E01014222,Stoke-on-Trent 017C,Unable to prosecute suspect
5945df5b24126fab5a4ea81c7be0f0b8e8a3399250dab435f314dbc0479acdd4,2019-12,Staffordshire Police,Staffordshire Police,-2.245237,52.987323,On or near HAVELET DRIVE,E01029608,Newcastle-under-Lyme 015G,Unable to prosecute suspect
919842370cd82787d4b18244481546b74deac2a1708bd6608794289f1b6f2f10,2019-12,Staffordshire Police,Staffordshire Police,-2.088691,52.971318,On or near Petrol Station,E01014315,Stoke-on-Trent 033A,Unable to prosecute suspect
2a523718332ff05ebbd55230720d75a1ba28e5017d80c14c62046f9e7ae5ed45,2019-12,Staffordshire Police,Staffordshire Police,-2.183183,53.012596,On or near STOKE ROAD,E01014283,Stoke-on-Trent 016E,Unable to prosecute suspect
f8e809725ff07c87475a1338663b762c4cd4364231df0affb9936589ab383b4b,2019-12,Staffordshire Police,Staffordshire Police,-2.192355,53.060853,On or near DART AVENUE,E01014242,Stoke-on-Trent 006B,Unable to prosecute suspect
e6bd6aa5548d4370c05b9d765eee58322bc00f367f5b2630f7b6096acb68a27a,2019-12,Staffordshire Police,Staffordshire Police,-2.155828,52.965873,On or near VENTNOR GROVE,E01014238,Stoke-on-Trent 032D,Unable to prosecute suspect
f195171f2b9f0a914351fc527f35678877336fb9bcd5d16e75cf5ad4ce5872de,2019-12,Staffordshire Police,Staffordshire Police,-2.186136,52.999287,On or near YEAMAN STREET,E01014345,Stoke-on-Trent 019E,Unable to prosecute suspect
4c600ae58b49f8925e26415857021078d2eeac2655c2196ee880d077fcd97ffc,2019-12,Staffordshire Police,Staffordshire Police,-2.185819,53.032925,On or near DERWENT STREET,E01014254,Stoke-on-Trent 011C,Unable to prosecute suspect
d2515f29000debdbcb8f4187c4b02433b9ecc459fb9514ba19373163469555e8,2019-12,Staffordshire Police,Staffordshire Police,-2.179168,53.101198,On or near Sports/Recreation Area,E01029771,Staffordshire Moorlands 004B,Unable to prosecute suspect
cc5af8d6554a0b314d41afe58321ee4a0a801f9d4b575a86202a2767ad5b14f3,2019-12,Staffordshire Police,Staffordshire Police,-2.254637,53.043162,On or near CROSS STREET,E01029548,Newcastle-under-Lyme 007B,Unable to prosecute suspect
fb80e0ae195771fcb5a62d6d1f6dbdb8b05b9224b804dc80ea406076ea047771,2019-12,Staffordshire Police,Staffordshire Police,-2.104657,52.978703,On or near EAST GROVE,E01014321,Stoke-on-Trent 028A,Unable to prosecute suspect
2d2c8b96773f2fa59d71072705de682caaa0f1c223d480c3114038becce59584,2019-12,Staffordshire Police,Staffordshire Police,-2.104576,52.976087,On or near EDNAM PLACE,E01014316,Stoke-on-Trent 031C,Unable to prosecute suspect
ab7136d600f89ecbc65b6e3897e95175c30af6e5d88cf7c9085228f45437a7be,2019-12,Staffordshire Police,Staffordshire Police,-2.173466,53.053762,On or near QUINTON WALK,E01014246,Stoke-on-Trent 008A,Unable to prosecute suspect
64063cbf42ea85a3e05d0ce6fbfb235b756c22cb1ed684a107efd3c85f7cf638,2019-12,Staffordshire Police,Staffordshire Police,-2.227867,53.021112,On or near ST MICHAEL'S ROAD,E01029553,Newcastle-under-Lyme 010A,Unable to prosecute suspect
78ed91d16b8382954612b3eee0cdc10f19eecad867ab897c51d3d1395fd9722a,2019-12,Staffordshire Police,Staffordshire Police,-2.127705,52.981485,On or near MANDELA WAY,E01014305,Stoke-on-Trent 029A,Unable to prosecute suspect
4b3720655f59ea33566d23b97c870c324b35905c2f15dc4dff88a8f38b5dc5bd,2019-12,Staffordshire Police,Staffordshire Police,,,No location,,,Unable to prosecute suspect
3b1f52b6c2f267d98f3b442fadcc151ff353a7e81767c371c76275fc03f7c708,2019-12,Staffordshire Police,Staffordshire Police,-2.159910,53.059148,On or near MEERE CLOSE,E01014332,Stoke-on-Trent 004B,Unable to prosecute suspect
05c9b5bb59b0617b8dbd8a77dc0c886c958488d09d9d8dbc4dac68920a518fef,2019-12,Staffordshire Police,Staffordshire Police,-2.193267,53.037776,On or near EMERSON ROAD,E01014255,Stoke-on-Trent 009E,Unable to prosecute suspect
1460b0b8c7492e1afb716827ff502b3d6f339a8e535a3d3dd5f4bd3bc4aac524,2019-12,Staffordshire Police,Staffordshire Police,-2.142153,53.018054,On or near ARCLID WAY,E01014226,Stoke-on-Trent 014D,Unable to prosecute suspect
b48b438ef1087cc06944dbee9635ef554fbb183f8e42d44ecfb76a1e1e5d59ca,2019-12,Staffordshire Police,Staffordshire Police,-2.205865,53.058942,On or near Pedestrian Subway,E01014356,Stoke-on-Trent 005C,Unable to prosecute suspect
4dbefc51638b331976bb0edf746251117ae343cb4c9d6ee53d01053ec6fc7a11,2019-12,Staffordshire Police,Staffordshire Police,-2.192840,52.972309,On or near DEANSBERRY CLOSE,E01014348,Stoke-on-Trent 030B,Unable to prosecute suspect
7fa19840bd193f355576cf9d5ec13569c1e4bec7c90ac1bc84f0fea1619c4ff8,2019-12,Staffordshire Police,Staffordshire Police,-2.183193,52.997395,On or near WINDSMOOR STREET,E01014339,Stoke-on-Trent 019C,Unable to prosecute suspect
d5120b39620cf92e7d4f94d41d3d85f7a81c079ab3694ecefa28cb80c851a058,2019-12,Staffordshire Police,Staffordshire Police,-2.184743,53.035821,On or near FURNIVAL STREET,E01014254,Stoke-on-Trent 011C,Unable to prosecute suspect
93840e3198fb8dfbe75e1f0223b8720c37c5a781145a3874a24b1cd0abbb409f,2019-12,Staffordshire Police,Staffordshire Police,-2.231245,53.039488,On or near LONGSHAW AVENUE,E01029538,Newcastle-under-Lyme 006B,Unable to prosecute suspect
94d15dce005e01d5a8a14a7690768d02281c68edc3259a32f701b091cbb3f171,2019-12,Staffordshire Police,Staffordshire Police,-2.141137,53.017210,On or near ZENNOR GROVE,E01014226,Stoke-on-Trent 014D,Unable to prosecute suspect
e9ebd81433932b52590fb390db51ce6f2e22a2767c7238af34568336a092d4a5,2019-12,Staffordshire Police,Staffordshire Police,-2.141137,53.017210,On or near ZENNOR GROVE,E01014226,Stoke-on-Trent 014D,Unable to prosecute suspect
bd474f4e43963d0d254fb8fb50afa6a0ed2bfa897760666ffa214ee4d08d80ba,2019-12,Staffordshire Police,Staffordshire Police,-2.110856,52.980108,On or near RAILWAY ROAD,E01014364,Stoke-on-Trent 024B,Unable to prosecute suspect
0a3019d5ebfb62bedcb852315314c69fafcada558de5a8ebf291d0f01e91d285,2019-12,Staffordshire Police,Staffordshire Police,-2.215264,53.073641,On or near MAUREEN AVENUE,E01014360,Stoke-on-Trent 002D,Unable to prosecute suspect
495595587ecb117018567339997f50358fdccfc11844605ba51c7f83ebacad3b,2019-12,Staffordshire Police,Staffordshire Police,-2.174012,53.115076,On or near MOORFIELD AVENUE,E01029766,Staffordshire Moorlands 003D,Unable to prosecute suspect
3cefa97809db2b7869e48a777c7a9420f5509a4167f28587a2f915730048af5b,2019-12,Staffordshire Police,Staffordshire Police,-2.167994,53.062094,On or near MALLORIE ROAD,E01014336,Stoke-on-Trent 004D,Unable to prosecute suspect
ac2d61cd24019f2427b9e5aa5dacdb2033279ac77e766241f936fc9a16bfabd0,2019-12,Staffordshire Police,Staffordshire Police,-2.141524,53.039728,On or near BEARD GROVE,E01014217,Stoke-on-Trent 012E,Unable to prosecute suspect
6f5106179767f45fe60972b46c2d8ca340f2cd9e0482704404a4773412582899,2019-12,Staffordshire Police,Staffordshire Police,-2.207307,53.060854,On or near MACHIN STREET,E01014355,Stoke-on-Trent 005B,Unable to prosecute suspect
90789d895616aec97cba81177197d4a881fff241ecfeb974664ac0b7d29b6fbc,2019-12,Staffordshire Police,Staffordshire Police,-2.229485,53.022574,On or near LINDEN CLOSE,E01029555,Newcastle-under-Lyme 011A,Unable to prosecute suspect
1c00c0daa10eafae01dc59724911f1fb5c33d0b6a9b023610423f786d6c5d409,2019-12,Staffordshire Police,Staffordshire Police,-2.139091,53.025384,On or near WERRINGTON ROAD,E01014213,Stoke-on-Trent 012D,Unable to prosecute suspect
04b3925f6b6b8682ff16a395ac62ae6461a79fa36b5ef66808955b627f584204,2019-12,Staffordshire Police,Staffordshire Police,-2.141137,53.017210,On or near ZENNOR GROVE,E01014226,Stoke-on-Trent 014D,Unable to prosecute suspect
27a6b2686a4bbf727ec9910492dde841b78396f814bf73d6118a4868722652e5,2019-12,Staffordshire Police,Staffordshire Police,-2.174828,53.113564,On or near COLE STREET,E01029763,Staffordshire Moorlands 003A,Unable to prosecute suspect
ababceaf7e18b263d5d7a3940012d63b4297e16846414244809344600bcd950c,2019-12,Staffordshire Police,Staffordshire Police,-2.128301,52.981538,On or near BASILDON GROVE,E01014305,Stoke-on-Trent 029A,Unable to prosecute suspect
00ea04b34b0ec0211ee7cdde030878ec0bf8a929c7f2bb472d8867fc4d023d3b,2019-12,Staffordshire Police,Staffordshire Police,-2.095636,52.966997,On or near CONSTABLE CLOSE,E01014318,Stoke-on-Trent 033B,Unable to prosecute suspect
0cbe476692392eb245fca063c282cd3c6399769e5b1007fd89875cb1dfee5307,2019-12,Staffordshire Police,Staffordshire Police,-2.013612,53.105746,On or near EAST STREET,E01029806,Staffordshire Moorlands 001B,Unable to prosecute suspect
26a5a5d3eda177328ecd2ae906d3a82a3db801d222c03644cdc1f2bb01fc904b,2019-12,Staffordshire Police,Staffordshire Police,-2.106090,53.022407,On or near ASH GROVE,E01029818,Staffordshire Moorlands 009D,Unable to prosecute suspect
c43db30b53204bc8f2a6cdc94b0608f1f807bfff5b57f586680157906d1cc0d8,2019-12,Staffordshire Police,Staffordshire Police,-2.173466,53.053762,On or near QUINTON WALK,E01014246,Stoke-on-Trent 008A,Unable to prosecute suspect
c616ba0d387cc57f62dad3f744d590a88b04aba495e475d72d94d10c752eaf9d,2019-12,Staffordshire Police,Staffordshire Police,-2.173466,53.053762,On or near QUINTON WALK,E01014246,Stoke-on-Trent 008A,Unable to prosecute suspect
cef78ff48b14b9c61a7efae28f195c9d14ec3241f8f47eed6e8600fa02d640ff,2019-12,Staffordshire Police,Staffordshire Police,,,No location,,,Unable to prosecute suspect
07fd9133379f30a4581ceccaefa601194d8a72708a4471f08905df100b408efd,2019-12,Staffordshire Police,Staffordshire Police,-2.153984,53.041708,On or near BOUVERIE PARADE,E01014269,Stoke-on-Trent 010A,Unable to prosecute suspect
bd4906c8c6b3d265f5bf70eb8ca9538cbcde0045bde20acdb5fdf73749b941a0,2019-12,Staffordshire Police,Staffordshire Police,-2.208548,53.009030,On or near CORONATION ROAD,E01014289,Stoke-on-Trent 018B,Unable to prosecute suspect
cf7668d95034bdc26ec3a2ac2c62683559c6eab57b365e862a4684fddb19e659,2019-12,Staffordshire Police,Staffordshire Police,-2.206325,53.008459,On or near ROSEMARY EDMAN CLOSE,E01014290,Stoke-on-Trent 018C,Unable to prosecute suspect
02802a2fc8b92f3d76f972518dc5633c4d466d4e11d1a01ef0d832d1cf9375fb,2019-12,Staffordshire Police,Staffordshire Police,-2.200228,53.004882,On or near SHARMAN CLOSE,E01014290,Stoke-on-Trent 018C,Unable to prosecute suspect
f656366c1171ab9f6b4703ca864f25a42f0935a588589563537c6b752b059e0a,2019-12,Staffordshire Police,Staffordshire Police,-2.101382,52.966768,On or near SWALLOW CLOSE,E01014319,Stoke-on-Trent 033C,Unable to prosecute suspect
2780b878e439285cfd51546a9a9bb6f318499cbd2dc5a1c407248083b729b801,2019-12,Staffordshire Police,Staffordshire Police,-2.134796,52.982025,On or near BATTISSON CRESCENT,E01014306,Stoke-on-Trent 029B,Unable to prosecute suspect
dd357020ba8d46681f6f5fcb6d5316e78a8497f995a3f6c357b3c3145c9cd3b4,2019-12,Staffordshire Police,Staffordshire Police,-2.134698,52.993540,On or near FLACKETT STREET,E01014298,Stoke-on-Trent 022B,Unable to prosecute suspect
161d829c252d155f0d2765aaa64af723c92ed4d7bed7584c59100ffe850c5ebf,2019-12,Staffordshire Police,Staffordshire Police,-2.165290,53.065352,On or near HOLLOWOOD PLACE,E01014336,Stoke-on-Trent 004D,Unable to prosecute suspect
9593cfa638bae6c3156e125a00137d1842361df2d20d8178dee3bc7fd06969f3,2019-12,Staffordshire Police,Staffordshire Police,-2.137913,53.057908,On or near FELSTED STREET,E01014272,Stoke-on-Trent 007F,Unable to prosecute suspect
4e438d21261e59c007dd3a872c9a4213b973b077270dee36cf2e2f05acfe08c8,2019-12,Staffordshire Police,Staffordshire Police,-2.175289,53.025021,On or near STAFFORD LANE,E01014287,Stoke-on-Trent 015D,Unable to prosecute suspect
eb8a770339ef35d749ead06f103e7ab0145c85b0c1ee6aff0047c3ffe55aa8e4,2019-12,Staffordshire Police,Staffordshire Police,-2.160963,53.009401,On or near ELSWICK ROAD,E01033216,Stoke-on-Trent 016G,Unable to prosecute suspect
bb6bcf1dd0ddb2dfbcc9ab26756b1d6ea30b75e862cc96a5d345fa7decbf6ea5,2019-12,Staffordshire Police,Staffordshire Police,-2.168465,53.026263,On or near DANE WALK,E01014330,Stoke-on-Trent 013E,Unable to prosecute suspect
5e25083bc303b64e0343ad5145df1eb010c2ca24f102356941105889222fa678,2019-12,Staffordshire Police,Staffordshire Police,-2.216909,53.059462,On or near PLEX STREET,E01014354,Stoke-on-Trent 005A,Unable to prosecute suspect
d32ead6182f013cdc3bd46329d6000180c99be8e8826c145c3a9f2e2857bc61c,2019-12,Staffordshire Police,Staffordshire Police,-2.215040,53.061722,On or near HENRY STREET,E01014361,Stoke-on-Trent 005D,Unable to prosecute suspect
f53102fbe043c4fa1f24ed05e0199195997d7f94d89a97431448386cb3384cd6,2019-12,Staffordshire Police,Staffordshire Police,-2.183843,53.003237,On or near WELCH STREET,E01014345,Stoke-on-Trent 019E,Unable to prosecute suspect
dbfd62ced8a70f48b8091efc1481f7128bd7a025d00b2be330523cc1a907e2bc,2019-12,Staffordshire Police,Staffordshire Police,-2.189788,52.999560,On or near BOUGHEY STREET,E01014345,Stoke-on-Trent 019E,Unable to prosecute suspect
07d2f388ac526464924649428cb0aff3b80f5d200572bacd675c5985de5bc514,2019-12,Staffordshire Police,Staffordshire Police,-2.125360,52.999699,On or near SARK PLACE,E01014296,Stoke-on-Trent 022A,Unable to prosecute suspect
44649e00784798579bfd0c709b371b3d5749c52b069a5683f1e728c0289d39d5,2019-12,Staffordshire Police,Staffordshire Police,-2.167988,53.029949,On or near LOWER MAYER STREET,E01014328,Stoke-on-Trent 013C,Unable to prosecute suspect
063c03f257b689ad55003bdd6506c81354068d24f3c83e2f622f2dd6151b8a36,2019-12,Staffordshire Police,Staffordshire Police,-2.221560,53.015020,On or near SIDMOUTH AVENUE,E01029578,Newcastle-under-Lyme 011B,Unable to prosecute suspect
bad758dc19a01c6c3a886a2d3b55b28b317e3118e7ee918ac3edff2c21712991,2019-12,Staffordshire Police,Staffordshire Police,-2.193506,53.047835,On or near Pedestrian Subway,E01014247,Stoke-on-Trent 009A,Unable to prosecute suspect
6ebc9abdc566552265c45c38a7f505eeb1f2aae20c3bfbd4b72c10f8b6079df0,2019-12,Staffordshire Police,Staffordshire Police,-2.145812,52.993482,On or near OLDFIELD STREET,E01014273,Stoke-on-Trent 021A,Unable to prosecute suspect
d0fbde80b893f02aee0a55c0143cf4c30e40f9013f9ba5e23fe0eb30395ab5ea,2019-12,Staffordshire Police,Staffordshire Police,-2.205155,52.988136,On or near CROSBY ROAD,E01014342,Stoke-on-Trent 023C,Unable to prosecute suspect
5fc80fb2e7210feed7f2b9a0077b1f2ec3bd712421b6ad0c843728a77a212ca0,2019-12,Staffordshire Police,Staffordshire Police,-2.105698,52.971861,On or near ANSON ROAD,E01014316,Stoke-on-Trent 031C,Unable to prosecute suspect
8e421710b35005b4f9cf5e84e4dcc697a8307bd9a749f8c4b13c1a5c82839866,2019-12,Staffordshire Police,Staffordshire Police,-2.174846,53.022424,On or near Parking Area,E01014287,Stoke-on-Trent 015D,Unable to prosecute suspect
32e57fad9e717ef86bdf7a3cdfa29c1df4c1a7520b39adcf7b05762b0eec2d46,2019-12,Staffordshire Police,Staffordshire Police,-2.200228,53.004882,On or near SHARMAN CLOSE,E01014290,Stoke-on-Trent 018C,Unable to prosecute suspect
62d1645a08afeef8ed91a2e8263d3fb709fdeb2d5ab849df1546cc88e83d425a,2019-12,Staffordshire Police,Staffordshire Police,-2.118414,53.009927,On or near GALLOWAY ROAD,E01014223,Stoke-on-Trent 017D,Unable to prosecute suspect
e752a4b2903c77d3a31417bfcc361c676c723c952c4dc3a055d079de73e03845,2019-12,Staffordshire Police,Staffordshire Police,,,No location,,,Unable to prosecute suspect
ff4fcd41ce1e601180b3a43b0c6489707031f18c8ce25867596c2bf2c0da2f8e,2019-12,Staffordshire Police,Staffordshire Police,-2.165907,53.054969,On or near TUDOR ROSE COURT,E01014268,Stoke-on-Trent 008C,Unable to prosecute suspect
720ee7f7205516649898ab0837cdec81ac49a2c88aed70aa8c1399f30a2dae0e,2019-12,Staffordshire Police,Staffordshire Police,-2.190825,52.994758,On or near LYCHGATE CLOSE,E01014340,Stoke-on-Trent 019D,Unable to prosecute suspect
977a4251ef0e44b426b8c87a9579980dc9d3895e0070bebff48abea69a680785,2019-12,Staffordshire Police,Staffordshire Police,-2.189337,53.066557,On or near VICKERS ROAD,E01014262,Stoke-on-Trent 003B,Unable to prosecute suspect
5de2bcc86e6237b6728f5dd9ba88855ba44a4ed6d84ab8f31310e58973773142,2019-12,Staffordshire Police,Staffordshire Police,-2.209408,53.001846,On or near GRINDLEY HILL COURT,E01014294,Stoke-on-Trent 018F,Unable to prosecute suspect
d81bcf3414adf3bca39e58fa25b0290c7abca8b6936ed7cfa675549316494c4d,2019-12,Staffordshire Police,Staffordshire Police,-2.170491,53.108627,On or near CHURCH CLOSE,E01029765,Staffordshire Moorlands 003C,Unable to prosecute suspect
e1d0f1703306450ab7113ee9830382f8fabc044dab035e0e6afd7dfa9aefb7fd,2019-12,Staffordshire Police,Staffordshire Police,-2.127531,53.018637,On or near KENDAL GROVE,E01014220,Stoke-on-Trent 017A,Unable to prosecute suspect
21fc509eec40b7bffabd51483dce5446022cda5f931dcfba3f4c3aa320b96129,2019-12,Staffordshire Police,Staffordshire Police,-2.132611,52.993309,On or near SMITH STREET,E01014300,Stoke-on-Trent 022C,Unable to prosecute suspect
b7d9772a4baa950d5e53678691aaf049b469e1a4b4f3fb27c236b700b8a5a3d4,2019-12,Staffordshire Police,Staffordshire Police,-2.132611,52.993309,On or near SMITH STREET,E01014300,Stoke-on-Trent 022C,Unable to prosecute suspect
19ad78cd133ff4fb696cb56f915fff3fb126a957dbbb20befc48ba64d40b8f1a,2019-12,Staffordshire Police,Staffordshire Police,-2.149155,52.986619,On or near ANGLESEY DRIVE,E01014313,Stoke-on-Trent 027D,Unable to prosecute suspect
50d8c35948beb0a3f4af70421c352fbc3d8d9c71eb67ae8cfe1898f162787b60,2019-12,Staffordshire Police,Staffordshire Police,-2.135384,52.998610,On or near FORSYTE ROAD,E01014297,Stoke-on-Trent 021D,Unable to prosecute suspect
9a73cd0e4f59bff378108982a7e2f5b1eea7168b27cb48e1fbfa1768869119d0,2019-12,Staffordshire Police,Staffordshire Police,-2.179964,53.059272,On or near BARLEYFIELDS,E01014333,Stoke-on-Trent 003D,Unable to prosecute suspect
f77a2de82fdcde327f0c71fc04cf92383e8cec8e9eb539c5f10b84cb3e34dcea,2019-12,Staffordshire Police,Staffordshire Police,-2.232512,53.017193,On or near MELLARD STREET,E01029555,Newcastle-under-Lyme 011A,Unable to prosecute suspect
357aa69217d30a521e8bd5aa71978fb4f92f66775c4242d034fb573986660226,2019-12,Staffordshire Police,Staffordshire Police,-2.232813,53.039836,On or near DAYSON PLACE,E01029538,Newcastle-under-Lyme 006B,Unable to prosecute suspect
8489033abd1fc29d1ee2b94d8f99ecfe7c0a4b28364d64a89e9593887f25381b,2019-12,Staffordshire Police,Staffordshire Police,-2.118414,53.009927,On or near GALLOWAY ROAD,E01014223,Stoke-on-Trent 017D,Unable to prosecute suspect
8431960638a074c5d5464c125fd981ab6262269e0a523791a28a535563a8a164,2019-12,Staffordshire Police,Staffordshire Police,-2.134904,52.983230,On or near SUMMER ROW,E01014306,Stoke-on-Trent 029B,Unable to prosecute suspect
a57e4570c30050e4f4f42e4a251c7ffd0906cdf2c33430040d615bf844175a71,2019-12,Staffordshire Police,Staffordshire Police,-2.034779,53.108313,On or near BARRACKS WAY,E01029814,Staffordshire Moorlands 005E,Unable to prosecute suspect
5c4e047320e5bbf76a2fa1900d1e90c28b1b3086b2c7db84da906bd13240606a,2019-12,Staffordshire Police,Staffordshire Police,-2.132611,52.993309,On or near SMITH STREET,E01014300,Stoke-on-Trent 022C,Unable to prosecute suspect
f9be1051fa2f488ee99e4bebe3085327df166f40cff712d7c8f55d5389547b80,2019-12,Staffordshire Police,Staffordshire Police,-2.224629,53.089165,On or near Parking Area,E01029565,Newcastle-under-Lyme 001B,Unable to prosecute suspect
a0a48dee6d22f10a956296ca7969b6a1f50fa6603ed3f8f7dd94b8d4774de126,2019-12,Staffordshire Police,Staffordshire Police,-2.234453,53.086279,On or near THE LOVATTS,E01029588,Newcastle-under-Lyme 002D,Unable to prosecute suspect
dc4f8140aa4bf05c46dc5a5be9b77b243a13f3d33a8099df637c0173542b2493,2019-12,Staffordshire Police,Staffordshire Police,-2.160604,52.977031,On or near BEDALE PLACE,E01014236,Stoke-on-Trent 032B,Unable to prosecute suspect
c277c43f84cf433d262dfed14c6a637ec1e0e1b8144a156fbce5e789b45f1165,2019-12,Staffordshire Police,Staffordshire Police,-2.092931,52.983333,On or near BONDFIELD WAY,E01014366,Stoke-on-Trent 028B,Unable to prosecute suspect
bbaed7e411a5c4244e7d6f45678d606237811ac9b1ea2c269277d11209b5af3c,2019-12,Staffordshire Police,Staffordshire Police,,,No location,,,Unable to prosecute suspect
24f87a33ff06da5db7697396a5b3598cece27a38768ab359467548cd819dc4ff,2019-12,Staffordshire Police,Staffordshire Police,-2.182672,53.039950,On or near SUDLOW STREET,E01014249,Stoke-on-Trent 011A,Unable to prosecute suspect
24f87a33ff06da5db7697396a5b3598cece27a38768ab359467548cd819dc4ff,2019-12,Staffordshire Police,Staffordshire Police,-2.182672,53.039950,On or near SUDLOW STREET,E01014249,Stoke-on-Trent 011A,Unable to prosecute suspect
24f87a33ff06da5db7697396a5b3598cece27a38768ab359467548cd819dc4ff,2019-12,Staffordshire Police,Staffordshire Police,-2.182672,53.039950,On or near SUDLOW STREET,E01014249,Stoke-on-Trent 011A,Unable to prosecute suspect
6e07ad7e4b89e21642e36fea9d21dcb8d3741b26ac199fc7099a6f219c38b3eb,2019-12,Staffordshire Police,Staffordshire Police,-2.172625,52.992727,On or near KEMBALL AVENUE,E01014277,Stoke-on-Trent 020D,Unable to prosecute suspect
1321893caf98f54db738654d02136daf86fed4c162acf5fe54028e1b1a2c5d96,2019-12,Staffordshire Police,Staffordshire Police,-2.235832,53.019038,On or near RAMSEY ROAD,E01029554,Newcastle-under-Lyme 010B,Unable to prosecute suspect
186cb669f385ced89762680840e154c291b452b31a58eb2da1a500941296e765,2019-12,Staffordshire Police,Staffordshire Police,-2.204972,53.065605,On or near HALLFIELD GROVE,E01014359,Stoke-on-Trent 002C,Unable to prosecute suspect
faa7ec08f61ce3007bb6650fa14f12cd25c54d0e12099affeb4ea404058eae60,2019-12,Staffordshire Police,Staffordshire Police,-2.034779,53.108313,On or near BARRACKS WAY,E01029814,Staffordshire Moorlands 005E,Unable to prosecute suspect
0e6fd15b3961d1ee792c1d88c056d46d69a7c7976b308ccf03506dec6d5df722,2019-12,Staffordshire Police,Staffordshire Police,-2.105698,52.971861,On or near ANSON ROAD,E01014316,Stoke-on-Trent 031C,Unable to prosecute suspect
0637dd0a92f20358bb06c798cc05d0182b1ffd73e5027b462ed4edb0e9edcbf2,2019-12,Staffordshire Police,Staffordshire Police,-2.214887,53.004021,On or near Further/Higher Educational Building,E01014294,Stoke-on-Trent 018F,Unable to prosecute suspect
1c74faf75720f757bc1763d0844c27716067a9ace3fedc883db9ace80081a0a7,2019-12,Staffordshire Police,Staffordshire Police,-2.210230,53.057577,On or near HIGH STREET,E01014354,Stoke-on-Trent 005A,Unable to prosecute suspect
2208dd70c7ee535600ba95f00c1fc8b42e38ab7abc17eaebf8dee2ed2151c077,2019-12,Staffordshire Police,Staffordshire Police,-2.244820,53.005725,On or near ROTHESAY AVENUE,E01029599,Newcastle-under-Lyme 010F,Unable to prosecute suspect
5c1e5dbe28a51e3c72aad781548d3e9861511cb1bd3ccc7ab889df75aa98440b,2019-12,Staffordshire Police,Staffordshire Police,,,No location,,,Unable to prosecute suspect
c96f59b313a5d421ec2f9d02d65fda2791bb082e3ce5668592a69817c00eccd0,2019-12,Staffordshire Police,Staffordshire Police,-2.128441,52.988765,On or near ROYSTON WALK,E01014302,Stoke-on-Trent 022D,Unable to prosecute suspect
670968e935215fbc0a87c3b5292394eb788a87a2a667297013981414d7a2bda2,2019-12,Staffordshire Police,Staffordshire Police,-2.207821,53.003539,On or near OLIVER ROAD,E01014294,Stoke-on-Trent 018F,Unable to prosecute suspect
215cc9d496b0ec86b0ad128863dfa217ae774bf3b03c960f460d8e68b88b222c,2019-12,Staffordshire Police,Staffordshire Police,-2.131316,52.998389,On or near ARUNDEL WAY,E01014298,Stoke-on-Trent 022B,Unable to prosecute suspect
c3a8794f355c33e7d38862910105ad182a5e3a7da8c9c2b4409e7258f07152a2,2019-12,Staffordshire Police,Staffordshire Police,-2.168274,53.061267,On or near BARKS DRIVE,E01014331,Stoke-on-Trent 004A,Unable to prosecute suspect
e0f8440a56eca40b7d6a6ca1995766a7ce9f30a19bb8cdb643c883bd68216c37,2019-12,Staffordshire Police,Staffordshire Police,-2.205014,53.008623,On or near FORSYTH CLOSE,E01014290,Stoke-on-Trent 018C,Unable to prosecute suspect
7532a502b90bbc681baa3bc12e1bf62cefdb8e01b89f81daf0565d8aa40c1b55,2019-12,Staffordshire Police,Staffordshire Police,-2.257766,53.090015,On or near CONGLETON ROAD SOUTH,E01029542,Newcastle-under-Lyme 003C,Unable to prosecute suspect
ca305799438430f32c9aca90238dc2b0f4515e242c4526512497631384a9d207,2019-12,Staffordshire Police,Staffordshire Police,-2.217295,53.011747,On or near YORK STREET,E01029603,Newcastle-under-Lyme 011D,Unable to prosecute suspect
0f58d860a6f98e9e8e7cff28185ff330e127cf01e9a62bf82d9b872d7f4034ca,2019-12,Staffordshire Police,Staffordshire Police,-2.332875,53.005358,On or near KINGFISHER CLOSE,E01029573,Newcastle-under-Lyme 013B,Unable to prosecute suspect
1e26aa6902e74be8b40c1ed4f51321e5beffc4fff5f2107fa0542dd0ee21fb8a,2019-12,Staffordshire Police,Staffordshire Police,-2.206325,53.008459,On or near ROSEMARY EDMAN CLOSE,E01014290,Stoke-on-Trent 018C,Unable to prosecute suspect
bb5303583a56d01889fc9d7dfcf055d5cab3c873fde0b067a143dde8643e13f9,2019-12,Staffordshire Police,Staffordshire Police,-2.140102,52.992249,On or near GOLDENHILL ROAD,E01014302,Stoke-on-Trent 022D,Unable to prosecute suspect
af01e4b60e76864caaf1de30467a97491a4824554b30033bd600f661a1f69700,2019-12,Staffordshire Police,Staffordshire Police,-2.140760,53.016006,On or near YOULGREAVE AVENUE,E01014226,Stoke-on-Trent 014D,Unable to prosecute suspect
f1dbdf3eb44bb888f55b45b8fe19d3d2c17f869737088c137d6c817c7e3bee6f,2019-12,Staffordshire Police,Staffordshire Police,-2.161716,52.975726,On or near BROADOAK WAY,E01014236,Stoke-on-Trent 032B,Unable to prosecute suspect
67aa8fd1bdb76e2e7cd95a659ef19857fbf20268d88d30161fd8511d3fc1d34e,2019-12,Staffordshire Police,Staffordshire Police,-2.161470,52.985642,On or near CENTRAL DRIVE,E01014240,Stoke-on-Trent 026D,Unable to prosecute suspect
6793b64a18f057aed46ed6fb2a7b7c50cc27a0f2d0bfa88d4e97b1f1baf6623b,2019-12,Staffordshire Police,Staffordshire Police,-2.099377,52.981611,On or near BROWNFIELD ROAD,E01014367,Stoke-on-Trent 028C,Unable to prosecute suspect
c8d8652935c5c1a52eade26f5988c9f3809ed8a09c821b5f0d1a39242b9b6a11,2019-12,Staffordshire Police,Staffordshire Police,-2.004292,53.112408,On or near THORNCLIFF ROAD,E01029806,Staffordshire Moorlands 001B,Unable to prosecute suspect
f9459baf3966ee4fef4182d15100d36133b201630bdd318e4c9c6a25ff2ff79d,2019-12,Staffordshire Police,Staffordshire Police,,,No location,,,Unable to prosecute suspect
dc6642e89b10e5cccd8106ef51989851e60b6c338d01a91a0be30bc9b659c86f,2019-12,Staffordshire Police,Staffordshire Police,-2.243453,53.009188,On or near WAIN AVENUE,E01029598,Newcastle-under-Lyme 010E,Unable to prosecute suspect
64e142eac1b60b06270d57f0c4de8a096cbd3adb85b9395507ab08d2977d8413,2019-12,Staffordshire Police,Staffordshire Police,-2.096128,52.967509,On or near LYSANDER ROAD,E01014318,Stoke-on-Trent 033B,Unable to prosecute suspect
2c167742a1288fc1e503bf719d117f7474d54e29f944c3a70f74f703989fb9f4,2019-12,Staffordshire Police,Staffordshire Police,-2.137489,53.013970,On or near WYNFORD PLACE,E01014226,Stoke-on-Trent 014D,Unable to prosecute suspect
6f70915002631186f18a0b41113e0fca59f5fe5ee7cab9561935dd3f54b198c1,2019-12,Staffordshire Police,Staffordshire Police,-2.133587,52.995663,On or near LONGLEY ROAD,E01014298,Stoke-on-Trent 022B,Unable to prosecute suspect
b3c5d2590bfb789f6787d89f0a25a90542ec01cb83b20ada0936588f75442917,2019-12,Staffordshire Police,Staffordshire Police,-1.980296,52.954755,On or near BARNFIELD ROAD,E01029790,Staffordshire Moorlands 013D,Unable to prosecute suspect
c5fb7bd58710be025d3ca499b773834cdc65e5c3b81e5bb56748aed2bcaa9358,2019-12,Staffordshire Police,Staffordshire Police,-2.206325,53.008459,On or near ROSEMARY EDMAN CLOSE,E01014290,Stoke-on-Trent 018C,Unable to prosecute suspect
5bea0340cc3783682423aa56d4e86fb4d20ce37ed07056a3e0eee72f1b42fa98,2019-12,Staffordshire Police,Staffordshire Police,-2.288474,53.019839,On or near DROITWICH CLOSE,E01029593,Newcastle-under-Lyme 012B,Unable to prosecute suspect
91c692ec907f56dee54418b2c261ced27bbc1d32d27464a086e12595e1d8b7e1,2019-12,Staffordshire Police,Staffordshire Police,-2.254626,53.046326,On or near BIRCH HOUSE ROAD,E01029547,Newcastle-under-Lyme 007A,Unable to prosecute suspect
877272592c63fb4b5e685c525399d78363325b4ce3ca6e1654678fde488142a5,2019-12,Staffordshire Police,Staffordshire Police,-2.255678,53.047582,On or near LABURNUM PLACE,E01029547,Newcastle-under-Lyme 007A,Unable to prosecute suspect
5ecd9f8a1252260d9dc46d43c5ae30ca073d84eb1bb7f1f53dd8dcd3b6239775,2019-12,Staffordshire Police,Staffordshire Police,-2.229297,53.015113,On or near SHAW STREET,E01029604,Newcastle-under-Lyme 011E,Unable to prosecute suspect
7ae1698f95d81d8171ccf82251bcddf71bc688fb59a8f6a7d04e688122501653,2019-12,Staffordshire Police,Staffordshire Police,,,No location,,,Unable to prosecute suspect
a0a1cc4fc7229fcec46e2d7b5cb2a13f9af5742c424a8eeae246d3a7c0f2a68b,2019-12,Staffordshire Police,Staffordshire Police,-2.141406,52.994818,On or near CARRON STREET,E01014278,Stoke-on-Trent 021B,Unable to prosecute suspect
799c802486cb72bc574199ba1cb27255c39ed2e7d5c05a8c2b8f61f3447dab86,2019-12,Staffordshire Police,Staffordshire Police,-2.228058,52.992229,On or near GRASMERE AVENUE,E01029591,Newcastle-under-Lyme 014C,Unable to prosecute suspect
c86d8d72bd5491a980a82cc85b8d7c18e7c6beafd37710d013d99e2c1b51b709,2019-12,Staffordshire Police,Staffordshire Police,-2.103349,52.973445,On or near HARROWBY ROAD,E01014317,Stoke-on-Trent 031D,Unable to prosecute suspect
f60dcd9c9b3926aa1fea9cb53995a25a5eabaf9119b71d37c962c30ad5c43d6b,2019-12,Staffordshire Police,Staffordshire Police,-2.125752,53.006423,On or near HAILWOOD CLOSE,E01014229,Stoke-on-Trent 017F,Unable to prosecute suspect
2892e9f72bea69b680deaa397bfbcbdb8746a112ada65acd3693635392187275,2019-12,Staffordshire Police,Staffordshire Police,-2.022888,53.105700,On or near DERBY STREET,E01029804,Staffordshire Moorlands 005A,Unable to prosecute suspect
50baf0db44a7b31d0371e4c4d68faf8a4580dfdb680d8ed595ac11e039aacd30,2019-12,Staffordshire Police,Staffordshire Police,-2.103313,52.977059,On or near Parking Area,E01014316,Stoke-on-Trent 031C,Unable to prosecute suspect
022a620b06dc3e0146cdc3e2cf1f98ff55b31666532b354cd8d799c74120368e,2019-12,Staffordshire Police,Staffordshire Police,-2.127243,52.976253,On or near AYRESHIRE GROVE,E01014312,Stoke-on-Trent 029D,Unable to prosecute suspect
282dc0f216b8bf5517fc60ed1aefce2b86e8ee36272ce9babb3b841f8a6ffcfa,2019-12,Staffordshire Police,Staffordshire Police,-2.164074,52.992703,On or near GROVE AVENUE,E01014279,Stoke-on-Trent 020E,Unable to prosecute suspect
4ef5d7302cbb1799ed2d3b9836f754f9ff83d7085ce0e8997644e9ad1292c5e5,2019-12,Staffordshire Police,Staffordshire Police,-2.102050,52.972161,On or near OGMORE GROVE,E01014317,Stoke-on-Trent 031D,Unable to prosecute suspect
cf1f50250202a73b0535b5f3217e40d1bd9774dd78ebfcdc646d09f52c67be74,2019-12,Staffordshire Police,Staffordshire Police,-2.183193,52.997395,On or near WINDSMOOR STREET,E01014339,Stoke-on-Trent 019C,Unable to prosecute suspect
25e531ad28dca60ca315b4bca183a3d7944ba8103e25509b79345f227ad178bb,2019-12,Staffordshire Police,Staffordshire Police,-1.984745,52.959232,On or near CAVENDISH ROAD,E01029790,Staffordshire Moorlands 013D,Unable to prosecute suspect
832f9f74c12b3cb616ec9ade16433b64bb7dbcbce9c33cf347aaa1491e73ae29,2019-12,Staffordshire Police,Staffordshire Police,-2.147170,52.994245,On or near BARON STREET,E01014279,Stoke-on-Trent 020E,Unable to prosecute suspect
4de372f155846037172f955b75b65ad5da70832b74e0f9f5a2407df19f10acc8,2019-12,Staffordshire Police,Staffordshire Police,,,No location,,,Unable to prosecute suspect
ddb45dfe5ea96a25159b0fd531d3919a4dc121b36b3108c34d87effc5ecc1567,2019-12,Staffordshire Police,Staffordshire Police,-2.180929,53.011781,On or near BERESFORD STREET,E01014283,Stoke-on-Trent 016E,Unable to prosecute suspect
a589cb7686e3bbd84f885ae83653fa2b39d1d5057430b7112b7a7ee9747e0f00,2019-12,Staffordshire Police,Staffordshire Police,-2.212599,53.041716,On or near SCOTT LIDGETT ROAD,E01014250,Stoke-on-Trent 009B,Unable to prosecute suspect
34cda3459774fc3d3ccf318c1331d6b7eee78c1ab3c4006ee25c3cab1d5432a3,2019-12,Staffordshire Police,Staffordshire Police,-2.177441,53.029890,On or near LOWER BRYAN STREET,E01014330,Stoke-on-Trent 013E,Unable to prosecute suspect
3db6709c29a01aadd0a16fd3e444d398838ca29b567df8ecbdbf0a49b7f64fce,2019-12,Staffordshire Police,Staffordshire Police,-2.177441,53.029890,On or near LOWER BRYAN STREET,E01014330,Stoke-on-Trent 013E,Unable to prosecute suspect
a125f4554bbb4511c06aa8a562a1b784535322f4208b36f4c614e3f95148a9a8,2019-12,Staffordshire Police,Staffordshire Police,-2.185474,53.028934,On or near CENTURY STREET,E01014254,Stoke-on-Trent 011C,Unable to prosecute suspect
235b79ea93a5bba031324cd8f068ffaada2b44bfedaaaddf877073918eca72b0,2019-12,Staffordshire Police,Staffordshire Police,-1.989219,52.986812,On or near Police Station,E01029787,Staffordshire Moorlands 011D,Unable to prosecute suspect
ce8fad7b4e44f35432efb246ea8a3d02619cb280fd75c29c7f0d5a3f7662cdcd,2019-12,Staffordshire Police,Staffordshire Police,-2.127687,52.995499,On or near CLEWLOW PLACE,E01014300,Stoke-on-Trent 022C,Unable to prosecute suspect
b159df53d2a24f8c912c9e40c2ca8c3fdd425b7e8848376e55cb3e9cb46363b6,2019-12,Staffordshire Police,Staffordshire Police,-2.132658,53.013400,On or near WELLFIELD ROAD,E01014224,Stoke-on-Trent 017E,Unable to prosecute suspect
d90ff3ba5362650767cfd10d6d976468058e2d3cd09223f528e906b98f502953,2019-12,Staffordshire Police,Staffordshire Police,-2.152126,52.967307,On or near WYNDHAM ROAD,E01014238,Stoke-on-Trent 032D,Unable to prosecute suspect
1786a5b3cbefc529e3b3359e5485b7b2078c6216524d5601d2e17b408ef6cd30,2019-12,Staffordshire Police,Staffordshire Police,-2.214026,53.031637,On or near NEW STREET,E01029611,Newcastle-under-Lyme 008E,Unable to prosecute suspect
47c7fac00dda287bde34e8c03035ddb1fed464881694dd8ddb990b6fd956da6d,2019-12,Staffordshire Police,Staffordshire Police,-2.102050,52.972161,On or near OGMORE GROVE,E01014317,Stoke-on-Trent 031D,Unable to prosecute suspect
f722d62b7755ac3f6a5de587dd83ce0c0f2f1c044d57f7f90c4c824188bc5428,2019-12,Staffordshire Police,Staffordshire Police,,,No location,,,Unable to prosecute suspect
9e9a8dbd7e5fb7d510ca269b44d89ba6cba290f9a89e67646244a3195c076d34,2019-12,Staffordshire Police,Staffordshire Police,-2.132194,53.017427,On or near AYLESBURY ROAD,E01014222,Stoke-on-Trent 017C,Unable to prosecute suspect
4b14261b734abd10432268d28bab768ffec8f5159dd97d9396c41f20ae18ff00,2019-12,Staffordshire Police,Staffordshire Police,-2.190825,52.994758,On or near LYCHGATE CLOSE,E01014340,Stoke-on-Trent 019D,Unable to prosecute suspect
e3f0b104c486537330758770fd15964cc7b4440714fb4ac5636a8f7ff52bd5e9,2019-12,Staffordshire Police,Staffordshire Police,-2.192355,53.060853,On or near DART AVENUE,E01014242,Stoke-on-Trent 006B,Unable to prosecute suspect
ee9aca277c711c0820e3812581a3f40940d3283a720f476fcbef279967f814a9,2019-12,Staffordshire Police,Staffordshire Police,-2.254936,53.086057,On or near WOODSHUTT'S STREET,E01029541,Newcastle-under-Lyme 003B,Unable to prosecute suspect
842f299d551ced8a39d8a2fa077d89b391084ed5b8950ccf9be38f17af4f1cb7,2019-12,Staffordshire Police,Staffordshire Police,-2.208670,53.062003,On or near FULLER STREET,E01014355,Stoke-on-Trent 005B,Unable to prosecute suspect
69a848666edd8b91fcc7ca1b9eca3a3c9363f2a876903f502050dd22349356f8,2019-12,Staffordshire Police,Staffordshire Police,-2.132382,53.020421,On or near TROWBRIDGE CRESCENT,E01014218,Stoke-on-Trent 014A,Unable to prosecute suspect
5c7b0a03562fc9f386cd8088892b07c650c8ad6d3ec211cfdd0f0204320e45c6,2019-12,Staffordshire Police,Staffordshire Police,-2.225082,53.015930,On or near DELAMERE GROVE,E01029578,Newcastle-under-Lyme 011B,Unable to prosecute suspect
7416999c5bd4da6284dae568ba56c69e206e2feeabfbb4986d80f11f444c0707,2019-12,Staffordshire Police,Staffordshire Police,-2.253237,53.048495,On or near APPLECROFT,E01029545,Newcastle-under-Lyme 004C,Unable to prosecute suspect
d94a51f7399cdba2afd9022001254bc5dd7faf12308c2812931c4411bc17ba57,2019-12,Staffordshire Police,Staffordshire Police,-2.226757,53.011118,On or near Shopping Area,E01029604,Newcastle-under-Lyme 011E,Unable to prosecute suspect
d94a51f7399cdba2afd9022001254bc5dd7faf12308c2812931c4411bc17ba57,2019-12,Staffordshire Police,Staffordshire Police,-2.226757,53.011118,On or near Shopping Area,E01029604,Newcastle-under-Lyme 011E,Unable to prosecute suspect
d94a51f7399cdba2afd9022001254bc5dd7faf12308c2812931c4411bc17ba57,2019-12,Staffordshire Police,Staffordshire Police,-2.226757,53.011118,On or near Shopping Area,E01029604,Newcastle-under-Lyme 011E,Unable to prosecute suspect
d94a51f7399cdba2afd9022001254bc5dd7faf12308c2812931c4411bc17ba57,2019-12,Staffordshire Police,Staffordshire Police,-2.226757,53.011118,On or near Shopping Area,E01029604,Newcastle-under-Lyme 011E,Unable to prosecute suspect
d94a51f7399cdba2afd9022001254bc5dd7faf12308c2812931c4411bc17ba57,2019-12,Staffordshire Police,Staffordshire Police,-2.226757,53.011118,On or near Shopping Area,E01029604,Newcastle-under-Lyme 011E,Unable to prosecute suspect
50c298b1fe22aa086791f720dcae0bf9c3fa45a6c5696846d72621e1845d35a3,2019-12,Staffordshire Police,Staffordshire Police,-2.226757,53.011118,On or near Shopping Area,E01029604,Newcastle-under-Lyme 011E,Unable to prosecute suspect
fb1d8040ea6f9b8c5500e07a177d66569ff4de4b1f7dbe0d0bdc8d411e0b432c,2019-12,Staffordshire Police,Staffordshire Police,-1.974003,53.048951,On or near CHURCHFIELD COURT,E01029803,Staffordshire Moorlands 007B,Unable to prosecute suspect
58bbfae70731513a349f0759bd17e9dae99b80c3f3b96efd065bb9c68766dc32,2019-12,Staffordshire Police,Staffordshire Police,-2.172365,53.017061,On or near GUNNELL CLOSE,E01014287,Stoke-on-Trent 015D,Unable to prosecute suspect
1490a6821b98a9834bda9664147146837b1895d1030da3e918daca59b127a15b,2019-12,Staffordshire Police,Staffordshire Police,-2.254626,53.046326,On or near BIRCH HOUSE ROAD,E01029547,Newcastle-under-Lyme 007A,Unable to prosecute suspect
3e5910ee1c07e4a2ee7c41ad29d5350f85ddad02ca382f9e407bc48add574e3b,2019-12,Staffordshire Police,Staffordshire Police,-2.122485,53.010750,On or near BITTERNE PLACE,E01014223,Stoke-on-Trent 017D,Unable to prosecute suspect
9b1413aa64956325c673e7d1cbc9c469bf03ce2a4d9abefae4aee945600b6d7d,2019-12,Staffordshire Police,Staffordshire Police,-2.167772,53.032080,On or near MYATT STREET,E01014329,Stoke-on-Trent 013D,Unable to prosecute suspect
dd62cd25022a9bbeffd717f15cb3465bd36f2a294ad607abb5b6c448798c0118,2019-12,Staffordshire Police,Staffordshire Police,-2.185736,53.006650,On or near LIVERPOOL ROAD,E01014293,Stoke-on-Trent 019A,Unable to prosecute suspect
9fc748ca860d814c6888917d6470cb6f986585c9af9d33bc30571feb991d4b62,2019-12,Staffordshire Police,Staffordshire Police,-2.234241,53.022610,On or near KING STREET,E01029553,Newcastle-under-Lyme 010A,Unable to prosecute suspect
9fc748ca860d814c6888917d6470cb6f986585c9af9d33bc30571feb991d4b62,2019-12,Staffordshire Police,Staffordshire Police,-2.234241,53.022610,On or near KING STREET,E01029553,Newcastle-under-Lyme 010A,Unable to prosecute suspect
7b85cad7203c2c4020632cc3db7041472d348c17af7579a622eb4eaede6df09e,2019-12,Staffordshire Police,Staffordshire Police,,,No location,,,Unable to prosecute suspect
67bf2583c2df609e29d012b309bb5a9b135f9246acbfd070552f8389a21b653f,2019-12,Staffordshire Police,Staffordshire Police,-2.035401,53.064725,On or near HAZELHURST DRIVE,E01029792,Staffordshire Moorlands 006A,Unable to prosecute suspect
460bab2b33cac7ee4f69b04a7e3a902beeead98540e96e3fbd5f15dbac76f9eb,2019-12,Staffordshire Police,Staffordshire Police,-2.253237,53.048495,On or near APPLECROFT,E01029545,Newcastle-under-Lyme 004C,Unable to prosecute suspect
70d738817f0afce85da98fc42bb4f6e384f18dc95e105b14760d6fae3c17d165,2019-12,Staffordshire Police,Staffordshire Police,-2.168274,53.061267,On or near BARKS DRIVE,E01014331,Stoke-on-Trent 004A,Unable to prosecute suspect
416834ba55428c2f5b21b608e5da15a8a20fce485b6a16fcac5ceed8afff776d,2019-12,Staffordshire Police,Staffordshire Police,-2.142171,52.982880,On or near GOMS MILL ROAD,E01014311,Stoke-on-Trent 027C,Unable to prosecute suspect
941563a54b4b73ed4f4c8c2cd7b52b3c416133d12ad1c49852cc2dd3a548d184,2019-12,Staffordshire Police,Staffordshire Police,-2.168274,53.061267,On or near BARKS DRIVE,E01014331,Stoke-on-Trent 004A,Unable to prosecute suspect
d37ae720f6ad5c0e17615644613a3ad3823f9cc6749e357f15dee484c7e78608,2019-12,Staffordshire Police,Staffordshire Police,-2.258276,53.080387,On or near COVERT GARDENS,E01029540,Newcastle-under-Lyme 003A,Unable to prosecute suspect
550b26f6d5fb6d037efb036ab59c0d51d669a3dec04c5ffb3705270002f53ab4,2019-12,Staffordshire Police,Staffordshire Police,-2.118626,53.005558,On or near MOFFAT GROVE,E01014223,Stoke-on-Trent 017D,Unable to prosecute suspect
35d87da503aedc8dd4b6a4f41a0c1b8986d58ce99b5937ac65e70d69b7f3a2b2,2019-12,Staffordshire Police,Staffordshire Police,-2.229407,53.086415,On or near SILVERWOOD,E01029565,Newcastle-under-Lyme 001B,Unable to prosecute suspect
3ca8f45d7a887e56a1024aa0d8e91fc00decac93c956232219cf022b0a370f12,2019-12,Staffordshire Police,Staffordshire Police,-2.172897,53.023299,On or near BIRCH TERRACE,E01014287,Stoke-on-Trent 015D,Unable to prosecute suspect
f6e6f595f4ba2cf7e8a129ac6a3c871bc155ef44fc70a22f2d2728f5d06c420b,2019-12,Staffordshire Police,Staffordshire Police,-2.152488,52.977231,On or near ANSMEDE GROVE,E01014233,Stoke-on-Trent 026A,Unable to prosecute suspect
48b4a169267d8cf2f0c7cd6240dd60e0921721b85b524299375e24b031209e9d,2019-12,Staffordshire Police,Staffordshire Police,-2.185736,53.006650,On or near LIVERPOOL ROAD,E01014293,Stoke-on-Trent 019A,Unable to prosecute suspect
4eb4174ffaad12bcb1e8d0f879dbc46f821ec17533cb59ea63db8dce1fa96f91,2019-12,Staffordshire Police,Staffordshire Police,-2.202400,53.077367,On or near DRUMBURN CLOSE,E01014258,Stoke-on-Trent 001B,Unable to prosecute suspect
b95580a9b786489a79b5682bc65d95026ad4dbf3937ac7d4ce4bf5bce6185708,2019-12,Staffordshire Police,Staffordshire Police,-2.202400,53.077367,On or near DRUMBURN CLOSE,E01014258,Stoke-on-Trent 001B,Unable to prosecute suspect
23eaadad21b09bc6574d99ca9c70238f0ad42dd70fe9342ec47aada8c9eecea3,2019-12,Staffordshire Police,Staffordshire Police,,,No location,,,Unable to prosecute suspect
2b48c424beb7fd8219397ef3b716fa831d970fdb8cec5d30bc91360adbf15213,2019-12,Staffordshire Police,Staffordshire Police,-2.221785,52.992151,On or near BEDFORD CRESCENT,E01029549,Newcastle-under-Lyme 014A,Unable to prosecute suspect
8ee4430b661569470c90e4c0a783bc31d343da552ff8f175789d791df1a89508,2019-12,Staffordshire Police,Staffordshire Police,-2.194431,53.021531,On or near BELMONT ROAD,E01014285,Stoke-on-Trent 015B,Unable to prosecute suspect
b106d096993067ef8036bb4528408faed0f686f35d983550068266303e37fea4,2019-12,Staffordshire Police,Staffordshire Police,-2.204957,53.002861,On or near LODGE ROAD,E01014294,Stoke-on-Trent 018F,Unable to prosecute suspect
948f57a5f597af691aae0623f50a989fe16d8435689ccae986bac216c2ff0343,2019-12,Staffordshire Police,Staffordshire Police,-2.136869,52.987506,On or near THE STRAND,E01014302,Stoke-on-Trent 022D,Unable to prosecute suspect
6c789469b0f04d9fa7144b7206f60b516002284443b50bf3cf616787d2baf5e1,2019-12,Staffordshire Police,Staffordshire Police,-2.258211,53.047109,On or near CHERRY CLOSE,E01029548,Newcastle-under-Lyme 007B,Unable to prosecute suspect
79fc78699574db331e2e01d63439d1138e744970366ba658e35beb5b5efd5b9b,2019-12,Staffordshire Police,Staffordshire Police,-2.218537,53.077374,On or near MOBBERLEY ROAD,E01014357,Stoke-on-Trent 002A,Unable to prosecute suspect
07b2baba87247da25b99e93a9c8d9a12aa2998293226b44eb789512f21329d5e,2019-12,Staffordshire Police,Staffordshire Police,-2.144705,53.032236,On or near SCHOOL ROAD,E01014210,Stoke-on-Trent 012A,Unable to prosecute suspect
b6e64d711c2673233454e64b683f917a38aec719d28df6d3513a8fc5361d3de9,2019-12,Staffordshire Police,Staffordshire Police,-2.165579,53.117056,On or near ASQUITH CLOSE,E01029770,Staffordshire Moorlands 002C,Unable to prosecute suspect
86f76ed8ca33608821555c141b775fed1d149d532a8ff2dad42564c4abc78988,2019-12,Staffordshire Police,Staffordshire Police,-2.025397,53.106337,On or near Parking Area,E01029804,Staffordshire Moorlands 005A,Unable to prosecute suspect
98b40fe78e9e8fa1c1a6d4b43e03891660c16a42b4c874054d0359abfe2179c4,2019-12,Staffordshire Police,Staffordshire Police,-2.152523,52.995532,On or near MILFORD STREET,E01014274,Stoke-on-Trent 020A,Unable to prosecute suspect
001ab703999c31b60cd7470955848d48e7d385347075e88ee66f9083ed362551,2019-12,Staffordshire Police,Staffordshire Police,-2.121675,53.003299,On or near NEWCOMEN GROVE,E01014229,Stoke-on-Trent 017F,Unable to prosecute suspect
9a8ba5f31617437507b216fce5b8eebc94a20e1bbdd6de1720b8e38c61f2c9c6,2019-12,Staffordshire Police,Staffordshire Police,-2.173544,53.110106,On or near WARWICK STREET,E01029765,Staffordshire Moorlands 003C,Unable to prosecute suspect
7dff78cd51e0d702cc2ae908b921b8734b18c5a47a81ee69a1c220024fde57ee,2019-12,Staffordshire Police,Staffordshire Police,-2.227081,52.982118,On or near HADLEIGH CLOSE,E01029589,Newcastle-under-Lyme 015B,Unable to prosecute suspect
23dd161fb08051df5e8ddda3e2a12cc6e260ef30209ae53454c618cd9f2d8e09,2019-12,Staffordshire Police,Staffordshire Police,,,No location,,,Unable to prosecute suspect
98d6578e77c011af9d94a4c5b87cf61ce2c3780bdcd428ae0e7010e490b6c92b,2019-12,Staffordshire Police,Staffordshire Police,-2.192054,53.006460,On or near RICHMOND STREET,E01014293,Stoke-on-Trent 019A,Unable to prosecute suspect
4e0e32d53c2b5a82bac2ebccea5604ecf1b33d5cb67fb0e4d0f12903fccd3619,2019-12,Staffordshire Police,Staffordshire Police,-2.096128,52.967509,On or near LYSANDER ROAD,E01014318,Stoke-on-Trent 033B,Unable to prosecute suspect
0a08195518a87346857d423efde478cb439796eb9a97c222054806572eb3f541,2019-12,Staffordshire Police,Staffordshire Police,-2.175289,53.025021,On or near STAFFORD LANE,E01014287,Stoke-on-Trent 015D,Unable to prosecute suspect
b008c5fbba758151a98d86a2167ca2647db18dca074f22f5f8f13b5518d6b9db,2019-12,Staffordshire Police,Staffordshire Police,-2.207821,53.003539,On or near OLIVER ROAD,E01014294,Stoke-on-Trent 018F,Unable to prosecute suspect
337365ea75538543f53b7f7f9063ebfdf585b0ad1bc1fccaff572cc958eec711,2019-12,Staffordshire Police,Staffordshire Police,-2.192740,53.039970,On or near CAMOYS ROAD,E01014251,Stoke-on-Trent 009C,Unable to prosecute suspect
6e1da34dff18d4a77c0e973f71402a997ade752e981f5144acdce9f504c96fc1,2019-12,Staffordshire Police,Staffordshire Police,-2.222146,53.091193,On or near SPEY DRIVE,E01029563,Newcastle-under-Lyme 002B,Unable to prosecute suspect
946fd01631a9b71b83ef7a26f2d40533f96b1368936a62c44517f1d741ebbc8d,2019-12,Staffordshire Police,Staffordshire Police,-2.101283,52.975245,On or near COBHAM PLACE,E01014317,Stoke-on-Trent 031D,Unable to prosecute suspect
92f44928170c83ad1a52b094e6ea4409a4d862d4b29784c52b74154e8cc52fb5,2019-12,Staffordshire Police,Staffordshire Police,-2.168274,53.061267,On or near BARKS DRIVE,E01014331,Stoke-on-Trent 004A,Unable to prosecute suspect
01ba92b50aef4a29784223c45f9284403e974b947b133c48fb78acf7f338c952,2019-12,Staffordshire Police,Staffordshire Police,-2.287337,53.050665,On or near BOON HILL ROAD,E01029534,Newcastle-under-Lyme 005C,Unable to prosecute suspect
a3cbfa26df054127f91eddad6afbe1899a55a3172cd1c47ab8e0cb44c8ded55c,2019-12,Staffordshire Police,Staffordshire Police,-2.114474,52.979673,On or near MEIR ROAD,E01014322,Stoke-on-Trent 031E,Unable to prosecute suspect
c119697999ca59497f94eafd7cbbb0865055bba5e9b53649e6b7c455640c44eb,2019-12,Staffordshire Police,Staffordshire Police,-2.175587,53.017614,On or near HARDING ROAD,E01014287,Stoke-on-Trent 015D,Unable to prosecute suspect
121ecbb344d7c3af00fcaeea07f02d4949a9269cf88f6b3cb8bb7bd64742175c,2019-12,Staffordshire Police,Staffordshire Police,-2.169064,52.965909,On or near ALDERFLAT DRIVE,E01014236,Stoke-on-Trent 032B,Unable to prosecute suspect
6d9146d6775aaaa6ba4c8283b883b48cccc7e6616a1b89d84007fed7abe56ae5,2019-12,Staffordshire Police,Staffordshire Police,-2.190112,53.039363,On or near BLEAK PLACE,E01014249,Stoke-on-Trent 011A,Unable to prosecute suspect
6d9146d6775aaaa6ba4c8283b883b48cccc7e6616a1b89d84007fed7abe56ae5,2019-12,Staffordshire Police,Staffordshire Police,-2.190112,53.039363,On or near BLEAK PLACE,E01014249,Stoke-on-Trent 011A,Unable to prosecute suspect
fad7807c7b7e9185a1db0c507e72ec8c3626c522d9420658596fffca7998a7be,2019-12,Staffordshire Police,Staffordshire Police,-2.174616,53.020816,On or near BRUNSWICK PLACE,E01014287,Stoke-on-Trent 015D,Unable to prosecute suspect
426474fb54a6397a74538782ae4a2574303411ddad0bdfbb1b06b37491a73e31,2019-12,Staffordshire Police,Staffordshire Police,-2.195467,52.993339,On or near FAIRBANK AVENUE,E01014338,Stoke-on-Trent 023A,Unable to prosecute suspect
29a7cbd29fd937065992fe98099b69997b684bff40981b6b7304da5d5fe50892,2019-12,Staffordshire Police,Staffordshire Police,-2.136833,53.023148,On or near THEODORE ROAD,E01014218,Stoke-on-Trent 014A,Unable to prosecute suspect
65c9bdd5fa3b7598f3f36406dab77d504b8a9e5445db8b8e784f80142ef82b64,2019-12,Staffordshire Police,Staffordshire Police,-2.168532,53.028016,On or near MYNORS STREET,E01014328,Stoke-on-Trent 013C,Unable to prosecute suspect
6c00dc0942989c20a51da70d011150b6c449f094e2ff87b0fbb73b6f8674d10e,2019-12,Staffordshire Police,Staffordshire Police,-2.170099,53.024490,On or near PERRY CLOSE,E01014231,Stoke-on-Trent 016B,Unable to prosecute suspect
b1fe2124ec7cdc49eb3c8d809bc21158babe4ef35d3df5b8a7616e0618aa2b80,2019-12,Staffordshire Police,Staffordshire Police,-2.121786,53.016270,On or near REEDHAM WAY,E01014220,Stoke-on-Trent 017A,Unable to prosecute suspect
2532df430ea766de04070a12145bb8cd6382ecc0c3fc8b293639899670ca0526,2019-12,Staffordshire Police,Staffordshire Police,-2.183078,53.040678,On or near FRASER STREET,E01014249,Stoke-on-Trent 011A,Unable to prosecute suspect
a915a8940d2880559b0d6770baa6467e50a975e95f99df6b55be82a5945a1902,2019-12,Staffordshire Police,Staffordshire Police,,,No location,,,Unable to prosecute suspect
a915a8940d2880559b0d6770baa6467e50a975e95f99df6b55be82a5945a1902,2019-12,Staffordshire Police,Staffordshire Police,,,No location,,,Unable to prosecute suspect
dc82f34356c6867b5e4ba6c7c529b4c427e9d8759883d51d09280f4777aac03b,2019-12,Staffordshire Police,Staffordshire Police,-2.122826,52.978362,On or near UPPER BELGRAVE ROAD,E01014307,Stoke-on-Trent 029C,Unable to prosecute suspect
9ae1059b224e0960df40aabf2f530e42f03d95b7a0a2548b3aa28a13a35a808f,2019-12,Staffordshire Police,Staffordshire Police,-2.142153,53.018054,On or near ARCLID WAY,E01014226,Stoke-on-Trent 014D,Unable to prosecute suspect
ade44fceca996402a2ca902221c01a1a7cdb511448f663b944009e123f439ee2,2019-12,Staffordshire Police,Staffordshire Police,,,No location,,,Unable to prosecute suspect
fabedbaf5c7e5c35b24d98620fa4aa27d189fa0b1d85dec5f3ff2d7e77c2aa7e,2019-12,Staffordshire Police,Staffordshire Police,-2.222521,53.019243,On or near HYACINTH COURT,E01029578,Newcastle-under-Lyme 011B,Unable to prosecute suspect
673eb1c115cc8dccf12109cb35bc2159d1a010cb36967c75d0d7e3817da0d3d1,2019-12,Staffordshire Police,Staffordshire Police,-2.171244,53.023823,On or near POTTERIES WAY,E01014231,Stoke-on-Trent 016B,Unable to prosecute suspect
69b3a13ccfea531abcb9312210749e35a24c4cdccc8fbfce7f23644efed76e9c,2019-12,Staffordshire Police,Staffordshire Police,-2.188909,53.077901,On or near OVERSLEY ROAD,E01014260,Stoke-on-Trent 001D,Unable to prosecute suspect
60f701f3ce8c52530fc0f386443cc6e10be4fb8ae5c4f2f7f708df1581774c2e,2019-12,Staffordshire Police,Staffordshire Police,-2.158477,53.042655,On or near FITZHERBERT ROAD,E01014269,Stoke-on-Trent 010A,Unable to prosecute suspect
2bd6a6a2c49c4c972a2bc41fccdf443bbb62234a4cd39e9e75d415e276eb4466,2019-12,Staffordshire Police,Staffordshire Police,-2.089220,53.025585,On or near DRAW-WELL LANE,E01029780,Staffordshire Moorlands 009B,Unable to prosecute suspect
fac8810e61dd6658af18dd25c8f8c485d9d7a7705e81021fe20f27841de7da46,2019-12,Staffordshire Police,Staffordshire Police,-2.134812,53.015681,On or near FARLEIGH GROVE,E01014221,Stoke-on-Trent 017B,Unable to prosecute suspect
53902725ab077bab09f93d8ab07057929d9986f44e8a20a761d8efdbd4fc85e6,2019-12,Staffordshire Police,Staffordshire Police,,,No location,,,Unable to prosecute suspect
53902725ab077bab09f93d8ab07057929d9986f44e8a20a761d8efdbd4fc85e6,2019-12,Staffordshire Police,Staffordshire Police,,,No location,,,Unable to prosecute suspect
768831c54e871f4eba77543905976ca214eb67466b3405e6ac6a4679e75a4238,2019-12,Staffordshire Police,Staffordshire Police,-2.207612,53.090275,On or near MEADOW COURT,E01029581,Newcastle-under-Lyme 001C,Unable to prosecute suspect
a868a42ab81eb78f2b4ebae198fa268348343dabe4d755decf60d4c5b86bc141,2019-12,Staffordshire Police,Staffordshire Police,-2.190450,53.004368,On or near OXFORD CRESCENT,E01014293,Stoke-on-Trent 019A,Unable to prosecute suspect
708d4638b82e12f7a4dd9b61d0a665f5c1381f18f7483395e401dccd360ae469,2019-12,Staffordshire Police,Staffordshire Police,,,No location,,,Unable to prosecute suspect
0811f0c732a8f134fff16a48d5efcbadfb65c0b8f6e281289b9089042001779c,2019-12,Staffordshire Police,Staffordshire Police,-2.147170,52.994245,On or near BARON STREET,E01014279,Stoke-on-Trent 020E,Unable to prosecute suspect
f5f36858a2081959981cc405ed1c7571e23f2f780be09e97d85f5bb96d648caa,2019-12,Staffordshire Police,Staffordshire Police,-2.215264,53.073641,On or near MAUREEN AVENUE,E01014360,Stoke-on-Trent 002D,Unable to prosecute suspect
a19712b82cfd62d026d566d19bcb244bcf0f7da46f3c5913ca402a8020411c99,2019-12,Staffordshire Police,Staffordshire Police,-2.185474,53.028934,On or near CENTURY STREET,E01014254,Stoke-on-Trent 011C,Unable to prosecute suspect
a19712b82cfd62d026d566d19bcb244bcf0f7da46f3c5913ca402a8020411c99,2019-12,Staffordshire Police,Staffordshire Police,-2.185474,53.028934,On or near CENTURY STREET,E01014254,Stoke-on-Trent 011C,Unable to prosecute suspect
3c9a449689f3c78eef2ef4a1a8fd0ea2ea6119303de231ff0b7ab3dc754d86ce,2019-12,Staffordshire Police,Staffordshire Police,-2.196190,53.024809,On or near PEBBLE MILL STREET,E01014285,Stoke-on-Trent 015B,Unable to prosecute suspect
3c9a449689f3c78eef2ef4a1a8fd0ea2ea6119303de231ff0b7ab3dc754d86ce,2019-12,Staffordshire Police,Staffordshire Police,-2.196190,53.024809,On or near PEBBLE MILL STREET,E01014285,Stoke-on-Trent 015B,Unable to prosecute suspect
3c3ea1bf92c045e7455f77c1264197a942dba4ff20514c7183ac7352f73b7fb7,2019-12,Staffordshire Police,Staffordshire Police,-2.121286,53.008351,On or near HOMESTEAD STREET,E01014224,Stoke-on-Trent 017E,Unable to prosecute suspect
d7de99d091b7e03c5f6f1cac76183bc40fe0a1b6b54bd35e41be3d3b216a1b3e,2019-12,Staffordshire Police,Staffordshire Police,-2.141135,52.993866,On or near FOLEY STREET,E01014273,Stoke-on-Trent 021A,Unable to prosecute suspect
f89c2b078c7dfe601256e79dadee6eeb037825d225fb13fb5942aeeb6d4fc6d1,2019-12,Staffordshire Police,Staffordshire Police,-2.134394,53.054047,On or near MALSTONE AVENUE,E01014215,Stoke-on-Trent 007B,Unable to prosecute suspect
3f4a1abaa7be8eae936bd1176235ee4192dde48fe4dd7d8c16c11444b767d577,2019-12,Staffordshire Police,Staffordshire Police,,,No location,,,Unable to prosecute suspect
120b348bf9e8ba4fb1d44822ab953bb9d4d5eabe289adcd080af5f6b6d1e9b91,2019-12,Staffordshire Police,Staffordshire Police,-2.246654,53.000750,On or near LUGANO CLOSE,E01029601,Newcastle-under-Lyme 015E,Unable to prosecute suspect
ab520a36643aa445c6948a49a744bfa06845042c22c0cce4928a49bee2676de2,2019-12,Staffordshire Police,Staffordshire Police,-2.237979,53.019096,On or near RONALDSWAY DRIVE,E01029554,Newcastle-under-Lyme 010B,Unable to prosecute suspect
db4c5b905e42e98b273c2af128915f9b50e1e6069b9525a4717a2d6e4484f6dd,2019-12,Staffordshire Police,Staffordshire Police,-2.197833,53.087137,On or near CARR STREET,E01014264,Stoke-on-Trent 001E,Unable to prosecute suspect
3770fb77b6be9a1cacf6364896f17f04dfc0d7895457d18460e890c21d051d44,2019-12,Staffordshire Police,Staffordshire Police,-2.205924,53.086862,On or near STATION ROAD,E01014258,Stoke-on-Trent 001B,Unable to prosecute suspect
34166d6052e398c974017e0378413b7244514d18c11e6d61076449329c160031,2019-12,Staffordshire Police,Staffordshire Police,-2.133823,53.033354,On or near BRIERYHURST CLOSE,E01014211,Stoke-on-Trent 012B,Unable to prosecute suspect
f63e8c4dda35d136a758cfc07ae7ec25c26aa5bc0f83214fb70c6aed290292cf,2019-12,Staffordshire Police,Staffordshire Police,-2.177582,52.969824,On or near EARLSBROOK DRIVE,E01014350,Stoke-on-Trent 034B,Unable to prosecute suspect
c25cb886f7523fc205b84ce2505092b7891f9433385c766376816f3312391068,2019-12,Staffordshire Police,Staffordshire Police,-2.234507,53.011193,On or near CASTLE KEEP MEWS,E01029598,Newcastle-under-Lyme 010E,Unable to prosecute suspect
429312dc813cfe52ba3cc4b2580829f2d40762ddf26506a6015187b97cfdb39b,2019-12,Staffordshire Police,Staffordshire Police,-2.174096,53.047047,On or near PRESTON STREET,E01014266,Stoke-on-Trent 008B,Unable to prosecute suspect
2bb68e1ea84bf4d6c782654321d20e27a0864742ccc4e8740bb519d507ae9698,2019-12,Staffordshire Police,Staffordshire Police,-2.249537,53.022686,On or near MENDIP PLACE,E01029568,Newcastle-under-Lyme 007E,Unable to prosecute suspect
7f9af31bc096879e5d3522072a81bb32715b16102dba2960eb87ecada2dbc411,2019-12,Staffordshire Police,Staffordshire Police,-2.141135,52.993866,On or near FOLEY STREET,E01014273,Stoke-on-Trent 021A,Unable to prosecute suspect
756d000ecbf6227d2ff76489f8f8fe233e06c73273eab68897e690d0a92a8c1a,2019-12,Staffordshire Police,Staffordshire Police,-2.130974,53.057493,On or near QUARRY CLOSE,E01014214,Stoke-on-Trent 007A,Unable to prosecute suspect
bf411c226ba1f5d0cf4d4884e12e861cf996bad97a05d8ee44ecf9c6d821e6df,2019-12,Staffordshire Police,Staffordshire Police,-2.198149,53.045454,On or near MARKET PLACE,E01014251,Stoke-on-Trent 009C,Unable to prosecute suspect
fa139ef9536510eedfcf93a73802bcedcdf39eb1b8500c6dbbdfac756737d6d6,2019-12,Staffordshire Police,Staffordshire Police,-2.194402,52.991822,On or near RACECOURSE ROAD,E01014343,Stoke-on-Trent 023D,Unable to prosecute suspect
f186ecb530cd597d928fef5310cd344c7015f172452064c153d7b26408b35ef2,2019-12,Staffordshire Police,Staffordshire Police,-2.100554,52.988145,On or near WESTON ROAD,E01014365,Stoke-on-Trent 024C,Unable to prosecute suspect
9970d5ef0a788cc040075e03b4bbe30c4e090adfb8097bc8f960211c7152677c,2019-12,Staffordshire Police,Staffordshire Police,-2.130662,52.999082,On or near WIGMORE PLACE,E01014296,Stoke-on-Trent 022A,Unable to prosecute suspect
344b497ef1a4db7ab047de2362a1930cd07e6584546f113f0d7aca8833fef8cf,2019-12,Staffordshire Police,Staffordshire Police,-2.154121,52.975637,On or near CHILWORTH GROVE,E01014236,Stoke-on-Trent 032B,Unable to prosecute suspect
3e2c3c1f3f097be8ad6fb9ec5a11a6b3f2ac2144937fd6d094ffccc6bbdaedf9,2019-12,Staffordshire Police,Staffordshire Police,-1.987937,52.988448,On or near CROFT ROAD,E01029787,Staffordshire Moorlands 011D,Unable to prosecute suspect
c4764aee7be688f82195597b03143877e1de32050d32c02956f72cef4b9ec62b,2019-12,Staffordshire Police,Staffordshire Police,-2.043273,53.102737,On or near EDGEHILL ROAD,E01029816,Staffordshire Moorlands 006F,Unable to prosecute suspect
cf8097fba952bb6cc2e5adcae4494b732c3ef929feaef043eb73b7377420f7c7,2019-12,Staffordshire Police,Staffordshire Police,-2.181082,52.966565,On or near BROUGH LANE,E01014350,Stoke-on-Trent 034B,Unable to prosecute suspect
b9b8662cd7759554e619317a8176d34d27ac89f635bfd9b97203737ef76afce0,2019-12,Staffordshire Police,Staffordshire Police,-2.172734,53.042266,On or near BETHELL ROAD,E01014253,Stoke-on-Trent 011B,Unable to prosecute suspect
3fb742a96ea081f96239b89017e7e0caf7c4bac6268c17443e2b6364af271aa5,2019-12,Staffordshire Police,Staffordshire Police,-2.183343,53.001116,On or near LONSDALE STREET,E01014345,Stoke-on-Trent 019E,Unable to prosecute suspect
d2b97ec4af772bd232cb571defb42102f1cfa24c14f858b3a893754a3ed306fb,2019-12,Staffordshire Police,Staffordshire Police,-2.106452,52.976004,On or near CHARNWOOD ROAD,E01014316,Stoke-on-Trent 031C,Unable to prosecute suspect
1ea015af82a6b78d49ce385e5ca5fafd16f0a4bfcbf69f57a86923f4fa3f4261,2019-12,Staffordshire Police,Staffordshire Police,-2.220706,53.075366,On or near MURRAY STREET,E01014358,Stoke-on-Trent 002B,Unable to prosecute suspect
d746913ce929170c0fc166f4879266417741c1b3441420f7c9100653bb7cfa57,2019-12,Staffordshire Police,Staffordshire Police,-2.177100,53.055851,On or near HAYES STREET,E01014334,Stoke-on-Trent 003E,Unable to prosecute suspect
370c054850dc520213267faa54c1a6c6f9fcf7441e53d5700520264c3f65c7c2,2019-12,Staffordshire Police,Staffordshire Police,,,No location,,,Unable to prosecute suspect
4e63ce84487fa9fcd9a25b27eb0db5913dba737e622e6e7a84350d5052c9a7db,2019-12,Staffordshire Police,Staffordshire Police,-2.305849,53.040030,On or near STATION WALKS,E01029556,Newcastle-under-Lyme 005E,Unable to prosecute suspect
28d5051871f9f0dd0272e115ab5011e9a1132fc5107778f825c1a4d4a6bf388b,2019-12,Staffordshire Police,Staffordshire Police,-2.172897,53.023299,On or near BIRCH TERRACE,E01014287,Stoke-on-Trent 015D,Unable to prosecute suspect
28d5051871f9f0dd0272e115ab5011e9a1132fc5107778f825c1a4d4a6bf388b,2019-12,Staffordshire Police,Staffordshire Police,-2.172897,53.023299,On or near BIRCH TERRACE,E01014287,Stoke-on-Trent 015D,Unable to prosecute suspect
42e84247217551427b5f9e8297a5671c08c061e509acaaf27541b530fe108f87,2019-12,Staffordshire Police,Staffordshire Police,-2.135426,52.997693,On or near HATHERSAGE CLOSE,E01014297,Stoke-on-Trent 021D,Unable to prosecute suspect
1183b63381c3e6c31d254d3a0893a89626d347e9ec14936b0414153e76d111cf,2019-12,Staffordshire Police,Staffordshire Police,-2.168500,53.023764,On or near MULBERRY STREET,E01014231,Stoke-on-Trent 016B,Unable to prosecute suspect
c6988d66975dd62c73e45653d609fbd101648253c878c724eded65d17864bf17,2019-12,Staffordshire Police,Staffordshire Police,-2.257766,53.090015,On or near CONGLETON ROAD SOUTH,E01029542,Newcastle-under-Lyme 003C,Unable to prosecute suspect
4c30c0514e8e7daaeb531fb42182af2d0f34ce7356f7bb9a43cd06d66e0316a4,2019-12,Staffordshire Police,Staffordshire Police,-2.163840,52.981980,On or near PARKVIEW CLOSE,E01014234,Stoke-on-Trent 026B,Unable to prosecute suspect
ad4e8bfe38ff2ecda8f289b778ba3ec4f9f04e2c49d64a353a64b5a8f4e78226,2019-12,Staffordshire Police,Staffordshire Police,-2.168527,53.064943,On or near THURSFIELD PLACE,E01014336,Stoke-on-Trent 004D,Unable to prosecute suspect
ab50edabef0e1f9382fe938829a8f5f6d129a4cd727a5befae708b94f7384a40,2019-12,Staffordshire Police,Staffordshire Police,-2.185053,53.003864,On or near CHURCH STREET,E01014293,Stoke-on-Trent 019A,Unable to prosecute suspect
ab50edabef0e1f9382fe938829a8f5f6d129a4cd727a5befae708b94f7384a40,2019-12,Staffordshire Police,Staffordshire Police,-2.185053,53.003864,On or near CHURCH STREET,E01014293,Stoke-on-Trent 019A,Unable to prosecute suspect
8fada82891045f86dfbddf2ddc2a8241a163c2e38bf2613a006d3f40124cdbbd,2019-12,Staffordshire Police,Staffordshire Police,-2.025604,53.102508,On or near ALBION STREET,E01029811,Staffordshire Moorlands 005C,Unable to prosecute suspect
78bc060ea01ed49cc80741437e9eb416a90fd4b5845db817b2e02750107ff3d7,2019-12,Staffordshire Police,Staffordshire Police,-2.141406,52.994818,On or near CARRON STREET,E01014278,Stoke-on-Trent 021B,Unable to prosecute suspect
1f50ee1f9361503a29dacfbeb4365d966ae1cc145f7233a9bd5cbcd7e75d3f02,2019-12,Staffordshire Police,Staffordshire Police,-2.291348,53.056975,On or near DIGLAKE STREET,E01029534,Newcastle-under-Lyme 005C,Unable to prosecute suspect
8acfcde6fe5b8fbb6e79b6ee886661fed1547291b19b9205876039e2c220d293,2019-12,Staffordshire Police,Staffordshire Police,-2.268451,53.081856,On or near LINLEY ROAD,E01029595,Newcastle-under-Lyme 003E,Unable to prosecute suspect
bcdb672a37ebb52beab2b7e6a8728f8a930d44b58b50f93a3229c5669d6e577b,2019-12,Staffordshire Police,Staffordshire Police,-2.142940,53.026188,On or near CENTRAL AVENUE,E01014219,Stoke-on-Trent 014B,Unable to prosecute suspect
3509b869964c701878ef252eece43f77e1d38194ed65b26c6ae30921b1b486e8,2019-12,Staffordshire Police,Staffordshire Police,-2.218417,53.071433,On or near MARLDON PLACE,E01014358,Stoke-on-Trent 002B,Unable to prosecute suspect
83f5e59cf939adeb913013e7140fb0a7d4be078890dcab7e8a505ccfc68cbad7,2019-12,Staffordshire Police,Staffordshire Police,-2.252933,53.039875,On or near CASTLE STREET,E01029559,Newcastle-under-Lyme 007C,Unable to prosecute suspect
c7f9d992a00a0b5665eb2d01a434c5f4c69cf06daf6e02dd0bd87c4a870a8a61,2019-12,Staffordshire Police,Staffordshire Police,-2.102069,52.986283,On or near SPRINKWOOD GROVE,E01014364,Stoke-on-Trent 024B,Unable to prosecute suspect
19fb6888360754a8682af6871cf2e303d754b270b4b6c29db20e7902049e34ac,2019-12,Staffordshire Police,Staffordshire Police,-2.172897,53.023299,On or near BIRCH TERRACE,E01014287,Stoke-on-Trent 015D,Unable to prosecute suspect
19fb6888360754a8682af6871cf2e303d754b270b4b6c29db20e7902049e34ac,2019-12,Staffordshire Police,Staffordshire Police,-2.172897,53.023299,On or near BIRCH TERRACE,E01014287,Stoke-on-Trent 015D,Unable to prosecute suspect
5d45115339b92dbde402dd2987e5f0b10107052f8ff0e48c5f676aebc0814bce,2019-12,Staffordshire Police,Staffordshire Police,-2.095534,52.981587,On or near STANSMORE ROAD,E01014367,Stoke-on-Trent 028C,Unable to prosecute suspect
f2d3a35649d83a8d0162500fcf3f11a47bc5caffd59eefb206e7821ee0e73fd5,2019-12,Staffordshire Police,Staffordshire Police,-2.106851,52.968705,On or near SANDON OLD ROAD,E01014319,Stoke-on-Trent 033C,Unable to prosecute suspect
e11e3d88c4f1305dd464dfcd830fc5859963b043b6127ba2bf76f1f032b565fa,2019-12,Staffordshire Police,Staffordshire Police,-2.163818,53.062621,On or near ST NICHOLAS AVENUE,E01014331,Stoke-on-Trent 004A,Unable to prosecute suspect
7bf9e887f9b9368e3075c6dab1cabb768a6406b29ba93fe663916bf13472ea3b,2019-12,Staffordshire Police,Staffordshire Police,-2.188625,53.047168,On or near MOORLAND ROAD,E01014249,Stoke-on-Trent 011A,Unable to prosecute suspect
ee2eed751e38a7343f8e9333a76822f096361f10e864d7557ef488de45c66dd6,2019-12,Staffordshire Police,Staffordshire Police,-2.136761,53.019409,On or near TRURO PLACE,E01014221,Stoke-on-Trent 017B,Unable to prosecute suspect
ec34b2c0ee38989dbeac731142d2fc3bff74f891d88e06f584eed9aba8b7571c,2019-12,Staffordshire Police,Staffordshire Police,-2.141135,52.993866,On or near FOLEY STREET,E01014273,Stoke-on-Trent 021A,Unable to prosecute suspect
75ea04f9134e3992114d892024e9bc1186178d64c811a65c264e36dad0a0143d,2019-12,Staffordshire Police,Staffordshire Police,-2.225244,53.009773,On or near Nightclub,E01029604,Newcastle-under-Lyme 011E,Unable to prosecute suspect
00e25070bf291064359f1de611b958043cc086619eef8698e432c88607005d07,2019-12,Staffordshire Police,Staffordshire Police,,,No location,,,Unable to prosecute suspect
5d8ebbf33b4190add60ae53fa833f6d830b957a754c53312d441462137a6a4b7,2019-12,Staffordshire Police,Staffordshire Police,-2.170891,53.028812,On or near GRAFTON STREET,E01014330,Stoke-on-Trent 013E,Unable to prosecute suspect
d5235a08ca65bcc362b7327ec7ad386ce6d4132eba69c1797389a95b85708683,2019-12,Staffordshire Police,Staffordshire Police,-2.227044,52.992096,On or near CONISTON GROVE,E01029591,Newcastle-under-Lyme 014C,Unable to prosecute suspect
de4a37d56ca6b1e220e5b10d7f916209145f6c23c511a07c03a7e0e01a3256c9,2019-12,Staffordshire Police,Staffordshire Police,-1.892199,52.987959,On or near Park/Open Space,E01029761,Staffordshire Moorlands 010A,Unable to prosecute suspect
36f7330b85b64e94d388693090ad860cd30dbb8a0f23cffb070180ace218c3c4,2019-12,Staffordshire Police,Staffordshire Police,-2.188942,53.051366,On or near TELLWRIGHT STREET,E01014247,Stoke-on-Trent 009A,Unable to prosecute suspect
a979756f45997fac7cc9bc3c3b058eea64bbcce5c6e2b6dea1f0d53415942e5f,2019-12,Staffordshire Police,Staffordshire Police,-1.920598,52.951611,On or near QUARRY ROAD,E01029788,Staffordshire Moorlands 013C,Unable to prosecute suspect
bb8ae19cef406d306dc25d21ed16dd1d10542ec18734835dd53061fb16926f6d,2019-12,Staffordshire Police,Staffordshire Police,-2.167795,52.999557,On or near UPPER FURLONG STREET,E01014275,Stoke-on-Trent 020B,Unable to prosecute suspect
804d9a4afa4ad38286196df38e9ed8e0237568033db78a111ba50b1d8c5f53cd,2019-12,Staffordshire Police,Staffordshire Police,-2.196190,53.024809,On or near PEBBLE MILL STREET,E01014285,Stoke-on-Trent 015B,Unable to prosecute suspect
021cc8dbc6e737bb8d2dcd7aa7518bb582c5260c549f0c0c1fbf512351c8dca2,2019-12,Staffordshire Police,Staffordshire Police,-2.090807,52.978894,On or near DENEWOOD PLACE,E01014367,Stoke-on-Trent 028C,Unable to prosecute suspect
7d630800141a1703ecc0dac8809682f7a7a29c80430b24371a11309843fb0c9b,2019-12,Staffordshire Police,Staffordshire Police,-2.131125,52.989472,On or near BATHURST STREET,E01014302,Stoke-on-Trent 022D,Unable to prosecute suspect
93da7b7714f4092e5489ac4ce9c44f64c94f7193fec4bea0eb3b9c622f9bdd75,2019-12,Staffordshire Police,Staffordshire Police,-2.216275,53.063940,On or near SUMMERBANK ROAD,E01014361,Stoke-on-Trent 005D,Unable to prosecute suspect
ac24cda1f2201abb5021d51daaab68ba7ee661886c5d62682351d0de8e31fa7b,2019-12,Staffordshire Police,Staffordshire Police,-2.185120,53.029816,On or near LOWTHER STREET,E01014254,Stoke-on-Trent 011C,Unable to prosecute suspect
f703a7248fe7c6494a44d900abcb2e2af5c0efd2288f31ac8ab1ee78bc54e0f3,2019-12,Staffordshire Police,Staffordshire Police,-2.189312,53.016685,On or near LOMAS STREET,E01014281,Stoke-on-Trent 015A,Unable to prosecute suspect
cadc4733877ba3f945bc9abe69232c66628b33a35accc592f91c9be29e2b9381,2019-12,Staffordshire Police,Staffordshire Police,-2.221684,53.073962,On or near WILSON WAY,E01014358,Stoke-on-Trent 002B,Unable to prosecute suspect
6030564ef3f3ff4883d87e951f72eaada2b0efc47d2d3dcbf4db998f87adc05d,2019-12,Staffordshire Police,Staffordshire Police,-2.143630,53.023014,On or near SORREL CLOSE,E01014219,Stoke-on-Trent 014B,Unable to prosecute suspect
da5f4c3bb23ec65a061d64720d4e41dd28063fb99ddf8feeea875f9a5c42504f,2019-12,Staffordshire Police,Staffordshire Police,,,No location,,,Unable to prosecute suspect
71573f8aa6742f8dbdb317fba75b9f18cf430aaba179ba62d7cd4fe8af4b9a15,2019-12,Staffordshire Police,Staffordshire Police,-2.240066,53.011083,On or near HEDLEY PLACE,E01029598,Newcastle-under-Lyme 010E,Unable to prosecute suspect
b6aeb4088da7afc5cf2b1cb6c56d57e6a26b50261bfa1e2aa45a5889a4cd8014,2019-12,Staffordshire Police,Staffordshire Police,-2.137230,53.021593,On or near CAUSELEY GARDENS,E01014218,Stoke-on-Trent 014A,Unable to prosecute suspect
49ffc1817d727b147c6fc2f2211f51ea680ab16b62d1134e61011a813033ebeb,2019-12,Staffordshire Police,Staffordshire Police,-2.077148,53.028092,On or near WITHYSTAKES ROAD,E01029779,Staffordshire Moorlands 009A,Unable to prosecute suspect
15e10bb99d73b89759367562f9e3066a742c8dc651e4e423282e0fb7e52f8b20,2019-12,Staffordshire Police,Staffordshire Police,-2.216275,53.063940,On or near SUMMERBANK ROAD,E01014361,Stoke-on-Trent 005D,Unable to prosecute suspect
dad5f94fc7fe35fb97e6e5d7962e754e6e52c192947463c046431a0f8bccd11e,2019-12,Staffordshire Police,Staffordshire Police,-2.222676,52.991430,On or near HEREFORD AVENUE,E01029549,Newcastle-under-Lyme 014A,Unable to prosecute suspect
25ea0d631a3e8a3e09fe543e682bb4dbf0849d8213c655750c7b17a9a3e9023c,2019-12,Staffordshire Police,Staffordshire Police,-2.167188,53.062176,On or near PINFOLD AVENUE,E01014336,Stoke-on-Trent 004D,Unable to prosecute suspect
904e69a0416bcd4f0b8be5c089885e259c1974ef553bbade98f5213a91471d45,2019-12,Staffordshire Police,Staffordshire Police,-2.221684,53.073962,On or near WILSON WAY,E01014358,Stoke-on-Trent 002B,Unable to prosecute suspect
a86ef2d7c61b89cded590ef4a1944a351ed143472608fe8e8ce00a77ef99e2bf,2019-12,Staffordshire Police,Staffordshire Police,-2.148691,52.994611,On or near BISHOP STREET,E01014279,Stoke-on-Trent 020E,Unable to prosecute suspect
7dd8ed500fa8a3b1e5c88f3dd7732dd0cee4b017ce760ce4514530cfa8047722,2019-12,Staffordshire Police,Staffordshire Police,-2.170419,53.049003,On or near PEDLEY GROVE,E01014268,Stoke-on-Trent 008C,Unable to prosecute suspect
202b0a3626cfd7f4098b3e9f86c013511328ed8de8575606bcdbe28990bfa006,2019-12,Staffordshire Police,Staffordshire Police,-2.195642,53.065072,On or near SCOTT ROAD,E01014241,Stoke-on-Trent 006A,Unable to prosecute suspect
60d776cade839764c71baa900d1f0ce7c8d149a9ce4d77531cfd824ae3c4ecb7,2019-12,Staffordshire Police,Staffordshire Police,-2.168474,52.997911,On or near ALMA STREET,E01014276,Stoke-on-Trent 020C,Unable to prosecute suspect
cfa12609720f8d35c23e68e3e8fad8aed44a647ea8f4351d1fbd26904e2e1ce0,2019-12,Staffordshire Police,Staffordshire Police,-2.210230,53.057577,On or near HIGH STREET,E01014354,Stoke-on-Trent 005A,Unable to prosecute suspect
23497da2167f2764571af37dbde1eec1ebd31db1b02a42c8e0162ba17bc9c0f8,2019-12,Staffordshire Police,Staffordshire Police,-2.194476,53.057928,On or near REYNOLDS ROAD,E01014244,Stoke-on-Trent 006D,Unable to prosecute suspect
2e68a9de667202cf49828a70e66b13a19c624a8fe47019b82eae843d7e6dcb7e,2019-12,Staffordshire Police,Staffordshire Police,-2.179494,52.960518,On or near PADSTOW WAY,E01014352,Stoke-on-Trent 034D,Unable to prosecute suspect
a9a8bcecf50337fc2aee1557d1350c919bdba950a551b75c6918392f609fd1b7,2019-12,Staffordshire Police,Staffordshire Police,-2.178153,53.025323,On or near GITANA STREET,E01014287,Stoke-on-Trent 015D,Unable to prosecute suspect
d3cba072934f2920b89be09b4b26a82c2081f3f69f54c4fb910c16cc9cf5d5eb,2019-12,Staffordshire Police,Staffordshire Police,-2.178153,53.025323,On or near GITANA STREET,E01014287,Stoke-on-Trent 015D,Unable to prosecute suspect
fdce614651b434eb2b1bd462a2f118a8db7586516e0e7c746c7d814815bb2b93,2019-12,Staffordshire Police,Staffordshire Police,-2.193043,53.067773,On or near HIGH LANE,E01014262,Stoke-on-Trent 003B,Unable to prosecute suspect
dd7fd4643fca82dc91b9b78de06682d35feca012471aca56d091ca4c00abaa4b,2019-12,Staffordshire Police,Staffordshire Police,-2.154774,52.975115,On or near CONSETT ROAD,E01014235,Stoke-on-Trent 032A,Unable to prosecute suspect
29212160fee1b7f6613f955acf7bf4cef03288ec54a2094a17b72e0bc3152d46,2019-12,Staffordshire Police,Staffordshire Police,-2.110556,52.967560,On or near GRAVELLY BANK,E01014319,Stoke-on-Trent 033C,Unable to prosecute suspect
99f2c0addcdde4d7157cbdcf93b41bb1b2f1bba73231026fcc0bcfac57ed6d75,2019-12,Staffordshire Police,Staffordshire Police,-2.169301,53.030316,On or near FREE TRADE STREET,E01014330,Stoke-on-Trent 013E,Unable to prosecute suspect
99f2c0addcdde4d7157cbdcf93b41bb1b2f1bba73231026fcc0bcfac57ed6d75,2019-12,Staffordshire Police,Staffordshire Police,-2.169301,53.030316,On or near FREE TRADE STREET,E01014330,Stoke-on-Trent 013E,Unable to prosecute suspect
8529fd5b7e343ee59efe56c1ba2564513dbcb87f4c972eb637233a269221f365,2019-12,Staffordshire Police,Staffordshire Police,-2.170419,53.049003,On or near PEDLEY GROVE,E01014268,Stoke-on-Trent 008C,Unable to prosecute suspect
d0b33c7ae331ab3e64a870ced5ce5791ebc20f5bbd55f6b6f542a82a60d24339,2019-12,Staffordshire Police,Staffordshire Police,-2.165290,53.065352,On or near HOLLOWOOD PLACE,E01014336,Stoke-on-Trent 004D,Unable to prosecute suspect
f46c5b9c101835d4c8bf9083e2b71d408ddd8bb933b0b73568b4d701a4802a4b,2019-12,Staffordshire Police,Staffordshire Police,-2.165290,53.065352,On or near HOLLOWOOD PLACE,E01014336,Stoke-on-Trent 004D,Unable to prosecute suspect
5878222e602d5504f9c27c370a27a329a0a9426080ded6f2a5b76b2e557e9cb9,2019-12,Staffordshire Police,Staffordshire Police,-2.254637,53.043162,On or near CROSS STREET,E01029548,Newcastle-under-Lyme 007B,Unable to prosecute suspect
a4c488bc971cefbe93b1db0ab3223a1731f76448be52fd48abd23ba5b9e93fb1,2019-12,Staffordshire Police,Staffordshire Police,,,No location,,,Unable to prosecute suspect
7d9f13ff5ee4b470916dfc30da2a6099c133bf858c98efe634668875a3767ff3,2019-12,Staffordshire Police,Staffordshire Police,-2.107820,52.981019,On or near BOX LANE,E01014364,Stoke-on-Trent 024B,Unable to prosecute suspect
a96ab71c5d43c94d1736f794c9f13b5c834239dbb55a8ed5340ca309c06cf3db,2019-12,Staffordshire Police,Staffordshire Police,-2.116933,52.980291,On or near SALTDEAN CLOSE,E01014307,Stoke-on-Trent 029C,Unable to prosecute suspect
583017fc9e158b61695e67127534e77c53b3c26a67a5b789ecdf9fdc84e0c15b,2019-12,Staffordshire Police,Staffordshire Police,-2.246901,53.077804,On or near WESTMORLAND AVENUE,E01029540,Newcastle-under-Lyme 003A,Unable to prosecute suspect
361f0f7277d5e421197ed0336842dad64166b95a5da5fd6b30304d5b8bfe2405,2019-12,Staffordshire Police,Staffordshire Police,-2.194767,53.046403,On or near JACKSON STREET,E01014247,Stoke-on-Trent 009A,Unable to prosecute suspect
4b302b631206e1e643e359e92fcdd311721ea95e25ae2fe1b8fc21c1698c58c7,2019-12,Staffordshire Police,Staffordshire Police,-2.233292,53.026297,On or near BRANT AVENUE,E01029552,Newcastle-under-Lyme 006D,Unable to prosecute suspect
744d85926ce75dbfbbb8521feb8c11a1cb1befb8595e47cf0a43aa592a846d13,2019-12,Staffordshire Police,Staffordshire Police,-2.223209,53.022622,On or near HEATH PLACE,E01029577,Newcastle-under-Lyme 009A,Unable to prosecute suspect
744d85926ce75dbfbbb8521feb8c11a1cb1befb8595e47cf0a43aa592a846d13,2019-12,Staffordshire Police,Staffordshire Police,-2.223209,53.022622,On or near HEATH PLACE,E01029577,Newcastle-under-Lyme 009A,Unable to prosecute suspect
6cbc7422c47782a367c87a5de177c43240fdadf85a4fb20af23d271eb231271f,2019-12,Staffordshire Police,Staffordshire Police,-2.235765,53.004161,On or near BROOKSIDE CLOSE,E01029600,Newcastle-under-Lyme 014D,Unable to prosecute suspect
8ecf2886f94f788cc57200770a40ba58685376ea9bd95af30661f3eb1fbc2231,2019-12,Staffordshire Police,Staffordshire Police,-2.097459,52.983176,On or near BROOKHOUSE ROAD,E01014366,Stoke-on-Trent 028B,Unable to prosecute suspect
96b14a89f8a2028cfb7e0e6490908e8cf803ec274ed7461f0002439481311b54,2019-12,Staffordshire Police,Staffordshire Police,-2.235160,53.038069,On or near OLDCASTLE AVENUE,E01029539,Newcastle-under-Lyme 006C,Unable to prosecute suspect
e52721a5fefc756e9b695471731a9fe22233fb0fab702d151012b88fb89001a3,2019-12,Staffordshire Police,Staffordshire Police,-2.164350,53.026161,On or near MARGARET STREET,E01014328,Stoke-on-Trent 013C,Unable to prosecute suspect
e140ae526024c9a08c732aa8207bb51356b5e0ce27f5b15ce6a2d98b004e9f98,2019-12,Staffordshire Police,Staffordshire Police,-2.137489,53.013970,On or near WYNFORD PLACE,E01014226,Stoke-on-Trent 014D,Unable to prosecute suspect
9ea4bad0023472d392eaa3e727a08d7ebbbff5f82125a4f8416aeeb7bb88492e,2019-12,Staffordshire Police,Staffordshire Police,-2.209127,53.063881,On or near NEW HAYES ROAD,E01014359,Stoke-on-Trent 002C,Unable to prosecute suspect
81548a8f99518f24e235b6e99c295235bea738bb6d61158840e61aaa45aecbfe,2019-12,Staffordshire Police,Staffordshire Police,-2.167994,53.062094,On or near MALLORIE ROAD,E01014336,Stoke-on-Trent 004D,Unable to prosecute suspect
1a5632c9e4330681559065f7181dd81c7bcae7dcd1b618eba67e18dfb84112a4,2019-12,Staffordshire Police,Staffordshire Police,-2.217856,53.075694,On or near GARBETT STREET,E01014357,Stoke-on-Trent 002A,Unable to prosecute suspect
4a551e8699fcd06e8c55145f02a8abdfaa1f79986e717f3c327e2787fe299cd9,2019-12,Staffordshire Police,Staffordshire Police,-2.183183,53.012596,On or near STOKE ROAD,E01014283,Stoke-on-Trent 016E,Unable to prosecute suspect
8ee907a1b8de7fcf27eea6f7b68454dc0ddf811a6b3f4e80438add9a67bc4ad4,2019-12,Staffordshire Police,Staffordshire Police,-1.987068,52.954405,On or near NEW ROAD,E01029791,Staffordshire Moorlands 013E,Unable to prosecute suspect
a64683f1208ba3e7da183eef7c254f5fa80773611a99d42965fc43a6bc88739e,2019-12,Staffordshire Police,Staffordshire Police,-2.225840,53.029727,On or near ST GEORGE'S AVENUE SOUTH,E01029612,Newcastle-under-Lyme 009E,Unable to prosecute suspect
752a4e5d38ae54c1a89f67e7e92ed7c08cb6fff7eca0fa5efdb70d5c7cab4a93,2019-12,Staffordshire Police,Staffordshire Police,-2.097580,52.984039,On or near BIRD ROAD,E01014366,Stoke-on-Trent 028B,Unable to prosecute suspect
752a4e5d38ae54c1a89f67e7e92ed7c08cb6fff7eca0fa5efdb70d5c7cab4a93,2019-12,Staffordshire Police,Staffordshire Police,-2.097580,52.984039,On or near BIRD ROAD,E01014366,Stoke-on-Trent 028B,Unable to prosecute suspect
151dce75f3b5412225f3e7858f99618c6917e49fb85a85898e5f094c7be3d1db,2019-12,Staffordshire Police,Staffordshire Police,-2.097580,52.984039,On or near BIRD ROAD,E01014366,Stoke-on-Trent 028B,Unable to prosecute suspect
151dce75f3b5412225f3e7858f99618c6917e49fb85a85898e5f094c7be3d1db,2019-12,Staffordshire Police,Staffordshire Police,-2.097580,52.984039,On or near BIRD ROAD,E01014366,Stoke-on-Trent 028B,Unable to prosecute suspect
0a794cdd62744be0b4a1cb4f821264eb175ae408aaa0bcb558bbec9165513dcb,2019-12,Staffordshire Police,Staffordshire Police,,,No location,,,Unable to prosecute suspect
1b76446c00ad70629770f6077b2547c2780b7c2c5860182365cca5fbe51d6cfb,2019-12,Staffordshire Police,Staffordshire Police,-2.015883,53.106932,On or near OSBORNE STREET,E01029806,Staffordshire Moorlands 001B,Unable to prosecute suspect
60dbf5ca90715930c0c5ff4f6ecbdfdd6d02a1c509e9c2535e5eca8a56487976,2019-12,Staffordshire Police,Staffordshire Police,-2.169751,53.034585,On or near CHELL STREET,E01014256,Stoke-on-Trent 011D,Unable to prosecute suspect
b0b72f7788f8f22e4691e8856b17a8d5fe426bc15cd93515a0981407f49f4447,2019-12,Staffordshire Police,Staffordshire Police,-2.255106,53.054370,On or near GATEWAY,E01029545,Newcastle-under-Lyme 004C,Unable to prosecute suspect
9d1ce0be111225b596fbb105bb6c43e73268c0199596a4e30782bdbcef0dc496,2019-12,Staffordshire Police,Staffordshire Police,-2.255106,53.054370,On or near GATEWAY,E01029545,Newcastle-under-Lyme 004C,Unable to prosecute suspect
2a770e7463ec74b9036e4547501328fe9a9ada3f2fca3b682358e27dc5c55e59,2019-12,Staffordshire Police,Staffordshire Police,-2.255106,53.054370,On or near GATEWAY,E01029545,Newcastle-under-Lyme 004C,Unable to prosecute suspect
764ea0144e2e32f3b63fa5eda6f9404c77f5c4e47a13ab15737cb146ba747f5c,2019-12,Staffordshire Police,Staffordshire Police,-2.255106,53.054370,On or near GATEWAY,E01029545,Newcastle-under-Lyme 004C,Unable to prosecute suspect
ab8e293ac9279c9c1bab92759fbdf537377418ac1404e92051aee4f4cbe325d9,2019-12,Staffordshire Police,Staffordshire Police,-2.149716,53.049534,On or near COTSWOLD CRESCENT,E01014267,Stoke-on-Trent 007E,Unable to prosecute suspect
8b2ca427b0462648688cd47edd838dc7aa486245cc4905207f541324b104e7dd,2019-12,Staffordshire Police,Staffordshire Police,-2.187587,52.997055,On or near FLETCHER ROAD,E01014340,Stoke-on-Trent 019D,Unable to prosecute suspect
243d97fb7ca90e665044aeb2f26100d0493d7d869d36fe57f4a73667794aa414,2019-12,Staffordshire Police,Staffordshire Police,-2.158676,52.999525,On or near PHILIP STREET,E01014274,Stoke-on-Trent 020A,Unable to prosecute suspect
a37fac0e7b28bb3159e6d1bb766e52bd05c8ca1023398c070591a2424dd2acf5,2019-12,Staffordshire Police,Staffordshire Police,-2.174869,53.024330,On or near ALBION SQUARE,E01014287,Stoke-on-Trent 015D,Unable to prosecute suspect
7fc11f5cd78db113ce0ec6178e213ab748e45deb658d6bc939f796104ef68927,2019-12,Staffordshire Police,Staffordshire Police,-2.097404,52.978862,On or near COLCLOUGH ROAD,E01014368,Stoke-on-Trent 028D,Unable to prosecute suspect
f6317ffbda7b4482a5b856455e447d7e555b9ad3e26cdcc509c6511f9d70dfdd,2019-12,Staffordshire Police,Staffordshire Police,-2.266314,53.079066,On or near BARRIE GARDENS,E01029595,Newcastle-under-Lyme 003E,Unable to prosecute suspect
9ea8948a03796b588fef19d73732e41e10908c91bf4274fb1fd1f1cf9d7a54d3,2019-12,Staffordshire Police,Staffordshire Police,-1.972493,53.219193,On or near Park/Open Space,E01029797,Staffordshire Moorlands 001A,Unable to prosecute suspect
1f53f7ec10f7629d47036f6de38cf18e63543dc78d375edf6f4330bf2236072a,2019-12,Staffordshire Police,Staffordshire Police,-2.130274,52.998678,On or near CLAYFIELD GROVE,E01014296,Stoke-on-Trent 022A,Unable to prosecute suspect
47d8ca81ec163d1852a1b2261ab1cd22535e878eceaba6b1a14566a29b33b69d,2019-12,Staffordshire Police,Staffordshire Police,-2.276564,53.003758,On or near THE COVERT,E01029576,Newcastle-under-Lyme 012A,Unable to prosecute suspect
932b182def92f8a3864113ac89fdf6e75a0e23cd3f397cec2c03677b9464f566,2019-12,Staffordshire Police,Staffordshire Police,-2.175147,53.023224,On or near Theatre/Concert Hall,E01014287,Stoke-on-Trent 015D,Unable to prosecute suspect
3cb15680842301e41ba0fe9b8e318b640ea9a2b0db6816b5648519b7e83faf6f,2019-12,Staffordshire Police,Staffordshire Police,-2.175147,53.023224,On or near Theatre/Concert Hall,E01014287,Stoke-on-Trent 015D,Unable to prosecute suspect
52cc5e7401a13ccacbea333c9faabfb2a72a43f55bd20ca159b8becce56776d2,2019-12,Staffordshire Police,Staffordshire Police,-2.179964,53.059272,On or near BARLEYFIELDS,E01014333,Stoke-on-Trent 003D,Unable to prosecute suspect
3a9be9da103dfc555b6f02bd988615d1e86043dbf08d6a59e941a9ece497fdab,2019-12,Staffordshire Police,Staffordshire Police,-2.202014,53.052234,On or near BURNHAYS ROAD,E01014252,Stoke-on-Trent 009D,Unable to prosecute suspect
0ee4dcfffddd2b840549ac75ab35b6c200ed02009161ed156916fa993510e185,2019-12,Staffordshire Police,Staffordshire Police,-2.114388,52.980986,On or near UTTOXETER ROAD,E01014307,Stoke-on-Trent 029C,Unable to prosecute suspect
65a331bb3e14bfbba4a4275b6157574486be6d72396dd96ffc04e13310bf4db8,2019-12,Staffordshire Police,Staffordshire Police,-2.167294,53.035613,On or near BURNLEY STREET,E01014323,Stoke-on-Trent 013A,Unable to prosecute suspect
66989ea4dd7c106759c882d17494fb105ef74ec961af007adebc03ae981fdbe8,2019-12,Staffordshire Police,Staffordshire Police,-2.194400,53.074099,On or near PETERSFIELD ROAD,E01014259,Stoke-on-Trent 001C,Unable to prosecute suspect
f6a60cf8f08d368ed20abb876cc579a3f1e85493f05e84ebe438eb390328c0fc,2019-12,Staffordshire Police,Staffordshire Police,-2.134650,53.030810,On or near WELBECK PLACE,E01014212,Stoke-on-Trent 012C,Unable to prosecute suspect
f2e3f6774d949c0a591c0a4f9697f77adb681d1a69988e14e08843667f4b4890,2019-12,Staffordshire Police,Staffordshire Police,-2.178085,53.048542,On or near A5272,E01014249,Stoke-on-Trent 011A,Unable to prosecute suspect
a61926d7cabd1083d80bcdfd46405f1169bb342b7163a84f439ee00f7eb3d4ca,2019-12,Staffordshire Police,Staffordshire Police,-2.199639,53.067816,On or near NAYLOR STREET,E01014241,Stoke-on-Trent 006A,Unable to prosecute suspect
7211bf913b12d6c50e9a330fa377a843e6402b318b632def5d0c1adf3f3105b5,2019-12,Staffordshire Police,Staffordshire Police,-2.207890,53.061213,On or near WILKS STREET,E01014355,Stoke-on-Trent 005B,Unable to prosecute suspect
a80b01b455b446878adb042caf42260c55f4f2913d23eed4cef9fd8fd6396080,2019-12,Staffordshire Police,Staffordshire Police,-2.123112,52.979494,On or near ARGYLL ROAD,E01014305,Stoke-on-Trent 029A,Unable to prosecute suspect
ec193d3b49ce272429ae5fb92fc3d74a4b43ee8956acdaac78ad83b0b26feaca,2019-12,Staffordshire Police,Staffordshire Police,-2.188258,53.072392,On or near RIVINGTON CRESCENT,E01014261,Stoke-on-Trent 003A,Unable to prosecute suspect
5dd5981bc23c22a665d458ecba62d754c72f18e3537a17b2b160605faaaf5ed8,2019-12,Staffordshire Police,Staffordshire Police,-2.129163,52.995866,On or near SPEEDWALL STREET,E01014300,Stoke-on-Trent 022C,Unable to prosecute suspect
0a03f483c58d9b8c8c5e23ea74f4c7334605c1ecf4e469a6f13a3d74d582e597,2019-12,Staffordshire Police,Staffordshire Police,-2.207074,53.040387,On or near BURGESS STREET,E01014251,Stoke-on-Trent 009C,Unable to prosecute suspect
54836c2b35e459cdacb94000cbe6b3da70678088ebba1a539e6753a8e1b9bca4,2019-12,Staffordshire Police,Staffordshire Police,-2.140282,53.029572,On or near BRYANT ROAD,E01014213,Stoke-on-Trent 012D,Unable to prosecute suspect
c053a11949de30f1c628bc6dd2f721e1f8f7e408669e3ffebfbb45f1d29fdf48,2019-12,Staffordshire Police,Staffordshire Police,-2.222521,53.019243,On or near HYACINTH COURT,E01029578,Newcastle-under-Lyme 011B,Unable to prosecute suspect
0c8d7b852805ccb09b8fbd0d62c2cdb9e85dc2af96d2b5aac9cd21f3e75610fe,2019-12,Staffordshire Police,Staffordshire Police,-2.205658,52.984243,On or near ASHCROFT AVENUE,E01014344,Stoke-on-Trent 023E,Unable to prosecute suspect
0c8d7b852805ccb09b8fbd0d62c2cdb9e85dc2af96d2b5aac9cd21f3e75610fe,2019-12,Staffordshire Police,Staffordshire Police,-2.205658,52.984243,On or near ASHCROFT AVENUE,E01014344,Stoke-on-Trent 023E,Unable to prosecute suspect
6d5b85959a362912940d6c2445fd838d9ffd9959fe74663927e1f71d41b766dc,2019-12,Staffordshire Police,Staffordshire Police,-2.101578,52.974157,On or near MOLLISON ROAD,E01014317,Stoke-on-Trent 031D,Unable to prosecute suspect
7cf1806444702c5a48a2c010f519ec802ba2394a874f792b895b7f9627f586e9,2019-12,Staffordshire Police,Staffordshire Police,-2.259711,53.075700,On or near CHESTER ROAD,E01029596,Newcastle-under-Lyme 004E,Unable to prosecute suspect
8355d3d8d7e2fb2c54e945363879abfa9932665b18f95d559fa9370b1faf9d96,2019-12,Staffordshire Police,Staffordshire Police,-2.183078,53.040678,On or near FRASER STREET,E01014249,Stoke-on-Trent 011A,Unable to prosecute suspect
ff5b4ba96fd29c491019a8539807ae6f99d4a9abdebf3264a5ae1821c9be496a,2019-12,Staffordshire Police,Staffordshire Police,-2.234993,53.023804,On or near POPLAR COURT,E01029553,Newcastle-under-Lyme 010A,Unable to prosecute suspect
7fea4b985aac78181bf77e55f8a735a8ef4fea8aa81e1d4829b5c7ccbe8695b7,2019-12,Staffordshire Police,Staffordshire Police,-2.162288,53.064637,On or near KNYPERSLEY ROAD,E01014335,Stoke-on-Trent 004C,Unable to prosecute suspect
7692f4c8074eebaef71dff198d2393a906615dc864806220374ceb37d448b89c,2019-12,Staffordshire Police,Staffordshire Police,-2.233392,53.039214,On or near CAULDON AVENUE,E01029539,Newcastle-under-Lyme 006C,Unable to prosecute suspect
8e4e458677b674241d6ce4ee6bd71bba7fd41f02e9edb68b84644ce91af95946,2019-12,Staffordshire Police,Staffordshire Police,-2.163500,53.041884,On or near NOBLETT ROAD,E01014271,Stoke-on-Trent 008E,Unable to prosecute suspect
44f91d028526621aa3bba12c1f781b831bfc10c2ab4b79b60e2ae17bfbc757a1,2019-12,Staffordshire Police,Staffordshire Police,-2.175805,53.027304,On or near Shopping Area,E01014287,Stoke-on-Trent 015D,Unable to prosecute suspect
4edf4259c9a9abbc4746c596ac7f3b81725dd9bda3488236468ec3aac9cba744,2019-12,Staffordshire Police,Staffordshire Police,-2.197179,52.989902,On or near GROSVENOR AVENUE,E01014343,Stoke-on-Trent 023D,Unable to prosecute suspect
725656fbb741e4ed76332646b7a3edd4d0e53ea248fcf4548a45563551e13c42,2019-12,Staffordshire Police,Staffordshire Police,-2.185271,53.068621,On or near FORD AVENUE,E01014261,Stoke-on-Trent 003A,Unable to prosecute suspect
a7403d101a2dfff3a25714ee46f8c7a0b2f1ec5027cd96b72a0616994b2e5b9a,2019-12,Staffordshire Police,Staffordshire Police,,,No location,,,Unable to prosecute suspect
5f042e5b007c329aebdab320e48274149c2cca8eb8a55b1758e9afd36045cd68,2019-12,Staffordshire Police,Staffordshire Police,-2.199701,53.068131,On or near BENSON STREET,E01014241,Stoke-on-Trent 006A,Unable to prosecute suspect
5d00a841758cf8790cd37a29698bc85dc6423fbd1194b25127b654a29c6bd31b,2019-12,Staffordshire Police,Staffordshire Police,-2.217906,53.076548,On or near ST JOSEPH STREET,E01014357,Stoke-on-Trent 002A,Unable to prosecute suspect
11361eb864426b483a6b7fa56d1113014e041f5c490061876a825fe65accef72,2019-12,Staffordshire Police,Staffordshire Police,-2.116067,52.979537,On or near MEIR ROAD,E01014307,Stoke-on-Trent 029C,Unable to prosecute suspect
f5943e014ee690c6e2a1d51c257d80552d2080731504b93aa1dc484d0c054d0d,2019-12,Staffordshire Police,Staffordshire Police,-2.016512,53.111490,On or near BALL HAYE GREEN,E01029808,Staffordshire Moorlands 001C,Unable to prosecute suspect
b9636ec7c8b153d5915eaa6e387da45d952479a54c1210f7ba12dd01360d1045,2019-12,Staffordshire Police,Staffordshire Police,-2.192995,53.053804,On or near SANDRA CLOSE,E01014244,Stoke-on-Trent 006D,Unable to prosecute suspect
fd4f6327eb389b070ffbe135e57b70bbc3c661afdd754cdfcca02368bb7d7b85,2019-12,Staffordshire Police,Staffordshire Police,-2.242619,53.009217,On or near ST PATRICK'S DRIVE,E01029598,Newcastle-under-Lyme 010E,Unable to prosecute suspect
92ca8e7ed875a8efb9ea7acafc16dd241d87ec9b01b911716f5ebbd3ccafb176,2019-12,Staffordshire Police,Staffordshire Police,-2.164017,52.985476,On or near MEAFORD DRIVE,E01014234,Stoke-on-Trent 026B,Unable to prosecute suspect
c730d2790482c12e1159f75e932317a88f7b9c32217d920d1f49f3069800bfaa,2019-12,Staffordshire Police,Staffordshire Police,-2.194934,53.056902,On or near THORNLEY ROAD,E01014244,Stoke-on-Trent 006D,Unable to prosecute suspect
567bbd9e411602d6c7740fc8f74063e51e25210830e36e9d0e222fcd54ede9ef,2019-12,Staffordshire Police,Staffordshire Police,-2.163547,52.999051,On or near Parking Area,E01014274,Stoke-on-Trent 020A,Unable to prosecute suspect
ff102b5a80eb57daafc9ca29f52963bda0a3e6bbbf0b2ec5bad340618f2fbe13,2019-12,Staffordshire Police,Staffordshire Police,-2.217491,53.023909,On or near BELLEFIELD VIEW,E01029577,Newcastle-under-Lyme 009A,Unable to prosecute suspect
a26105bd2c978a8228e89091712d0c95796ad7d38052df34e140b81a7dec1433,2019-12,Staffordshire Police,Staffordshire Police,-2.226798,53.030463,On or near ST GEORGE'S AVENUE NORTH,E01029612,Newcastle-under-Lyme 009E,Unable to prosecute suspect
1539b69a9a0a361eb69d89dd1b8e19bc221f433efb3c237cc273e66cc3b40b86,2019-12,Staffordshire Police,Staffordshire Police,-2.172734,53.042266,On or near BETHELL ROAD,E01014253,Stoke-on-Trent 011B,Unable to prosecute suspect
73718a55e38ebe51a896cce15f94f4749536f24852fc38f1bb35861693fe6aaa,2019-12,Staffordshire Police,Staffordshire Police,-2.155514,52.973667,On or near FALLOW FIELD,E01014235,Stoke-on-Trent 032A,Unable to prosecute suspect
f9a7780dd5d623396b099cae05291bf75dacbaef132967c682c7981b1aaf3ec5,2019-12,Staffordshire Police,Staffordshire Police,-2.224993,53.035967,On or near LAWSON TERRACE,E01029585,Newcastle-under-Lyme 008C,Unable to prosecute suspect
4e2e4d919a433aa46ad48596e3ddab62f973db9dbb539da14e76325c8eebd86a,2019-12,Staffordshire Police,Staffordshire Police,-2.148691,52.994611,On or near BISHOP STREET,E01014279,Stoke-on-Trent 020E,Unable to prosecute suspect
e1410c7a1b18c6c56a593c2dced34cc95dc2968483813f40020bff8c9f23d266,2019-12,Staffordshire Police,Staffordshire Police,-2.226798,53.030463,On or near ST GEORGE'S AVENUE NORTH,E01029612,Newcastle-under-Lyme 009E,Unable to prosecute suspect
a8dde6144f377db9037a11faf5a0a8ee531ca744c2d0822be9b2ddef402b4f0f,2019-12,Staffordshire Police,Staffordshire Police,-2.195642,53.065072,On or near SCOTT ROAD,E01014241,Stoke-on-Trent 006A,Unable to prosecute suspect
40dbb42f57a0e51fac90a13262925928a4df52bcd4345734a9227b5b660adb6c,2019-12,Staffordshire Police,Staffordshire Police,-2.137054,52.989681,On or near MOULTON ROAD,E01014302,Stoke-on-Trent 022D,Unable to prosecute suspect
b0f43b1e9b5a9017ca8176b95b1f2aeb9f3bc2df929a3986f20849661ff0ea51,2019-12,Staffordshire Police,Staffordshire Police,-2.178949,53.041223,On or near ELLIS STREET,E01014249,Stoke-on-Trent 011A,Unable to prosecute suspect
0b4070849dcf3b40d93e50a0bd114a1e43add76501b2b2948c6c013c09fcff25,2019-12,Staffordshire Police,Staffordshire Police,-2.129305,53.008711,On or near TILBROOK CLOSE,E01014229,Stoke-on-Trent 017F,Unable to prosecute suspect
96da9c7d868972871fa5b9cfd6513bc6942cae47b40cdd3fbdc0724455c63611,2019-12,Staffordshire Police,Staffordshire Police,-2.130403,52.992215,On or near TUSCAN STREET,E01014302,Stoke-on-Trent 022D,Unable to prosecute suspect
0b0890a1ac4b9be7ac54745a2c0601f5975dc0ab83c4b595f7d7f4ec14be206b,2019-12,Staffordshire Police,Staffordshire Police,-2.158609,53.042070,On or near RALPH DRIVE,E01014269,Stoke-on-Trent 010A,Unable to prosecute suspect
83eebe4c25a44ad097b45c32366182c838f2aba521a1d75ad17b3dddbed8d491,2019-12,Staffordshire Police,Staffordshire Police,-2.126525,52.980560,On or near WINDSOR AVENUE,E01014305,Stoke-on-Trent 029A,Unable to prosecute suspect
fc33dd44ccf1842d00715e591a0b21b6a97809ce11bc7e55c4fe851773148e10,2019-12,Staffordshire Police,Staffordshire Police,-2.111485,52.975649,On or near BARTHOLOMEW ROAD,E01014322,Stoke-on-Trent 031E,Unable to prosecute suspect
762c1c6643ec22b481ab295355fddaec832e925f2bc4d74030d404f05ecd41d8,2019-12,Staffordshire Police,Staffordshire Police,-2.204972,53.065605,On or near HALLFIELD GROVE,E01014359,Stoke-on-Trent 002C,Unable to prosecute suspect
762c1c6643ec22b481ab295355fddaec832e925f2bc4d74030d404f05ecd41d8,2019-12,Staffordshire Police,Staffordshire Police,-2.204972,53.065605,On or near HALLFIELD GROVE,E01014359,Stoke-on-Trent 002C,Unable to prosecute suspect
2748cb1aae7d0f403499108cc5de83b7a8309495e850967f126b8bd9b15756c7,2019-12,Staffordshire Police,Staffordshire Police,-2.178593,53.066915,On or near BENTLEY ROAD,E01014263,Stoke-on-Trent 003C,Unable to prosecute suspect
b3ffb6f069e2edad3660236b8627ba401b9fff51bffcb47c9bb7ec242bc074c7,2019-12,Staffordshire Police,Staffordshire Police,-2.170576,53.024669,On or near HORDLEY STREET,E01014231,Stoke-on-Trent 016B,Unable to prosecute suspect
033e43cdbfdaa87bec81ad4425f370f899150c3077aaf9fed45aa698cc3a1fca,2019-12,Staffordshire Police,Staffordshire Police,-2.157725,53.000317,On or near WILEMAN STREET,E01014274,Stoke-on-Trent 020A,Unable to prosecute suspect
ac58802d2f30bb03a106864438156c3d84824115137ca7cab8b4bee5122ab987,2019-12,Staffordshire Police,Staffordshire Police,-2.170171,53.107261,On or near MAYFIELD COURT,E01029771,Staffordshire Moorlands 004B,Unable to prosecute suspect
1865dfdbce1d8ad84af1529ee9fe913d1e715d0d13ebda8cb6bb1e3e37789727,2019-12,Staffordshire Police,Staffordshire Police,-2.025604,53.102508,On or near ALBION STREET,E01029811,Staffordshire Moorlands 005C,Unable to prosecute suspect
3aab1497ca662aa331d948ebddf0c1a371b315ed3e0839bf5b95ff17ca9f6f5d,2019-12,Staffordshire Police,Staffordshire Police,-2.184088,53.109514,On or near MEADOWSIDE,E01029773,Staffordshire Moorlands 004D,Unable to prosecute suspect
c4b177a35a2cfbe256ff907888a2f897dc7f410c93838218e751b71dd2d8f8d2,2019-12,Staffordshire Police,Staffordshire Police,-2.153791,52.966702,On or near Supermarket,E01014238,Stoke-on-Trent 032D,Unable to prosecute suspect
65f10a842376e28d8463c0350486aafa32a777d6bf9e5a20a551b2817faf4543,2019-12,Staffordshire Police,Staffordshire Police,-2.126284,53.010036,On or near HOUSEFIELD ROAD,E01014224,Stoke-on-Trent 017E,Unable to prosecute suspect
409d09cefd74239914a59cf42719f8146c3cae0d6f023ef3a33ee4b493430af0,2019-12,Staffordshire Police,Staffordshire Police,-2.126284,53.010036,On or near HOUSEFIELD ROAD,E01014224,Stoke-on-Trent 017E,Unable to prosecute suspect
8f9741e4c5fde6132172f1a2ee0840827296d1d36c76408731b3e23860fcb920,2019-12,Staffordshire Police,Staffordshire Police,-2.229323,52.994906,On or near LANGDALE ROAD,E01029607,Newcastle-under-Lyme 014F,Unable to prosecute suspect
dbf5be40db2651ec80afcf1fc7a78c33b7d3a251ff4fea40e99e3beab0def632,2019-12,Staffordshire Police,Staffordshire Police,-2.157725,53.000317,On or near WILEMAN STREET,E01014274,Stoke-on-Trent 020A,Unable to prosecute suspect
414c7dc8a7a4243d759d8ad9ae468182616a5fbd7eca2a36b49e201e9cc9726f,2019-12,Staffordshire Police,Staffordshire Police,-2.207720,53.059829,On or near PARK TERRACE,E01014355,Stoke-on-Trent 005B,Unable to prosecute suspect
7b6e0df231eb2ea5848926a5ba80fdc4d0f3954ebc8729f90ec6f38ed8fe51ab,2019-12,Staffordshire Police,Staffordshire Police,-2.232264,53.012654,On or near CASTLE HILL ROAD,E01029604,Newcastle-under-Lyme 011E,Unable to prosecute suspect
99fd37f67d52da61ca3bda6726ce7664ee6cd9bbf417573cc7d3a7f60541ace0,2019-12,Staffordshire Police,Staffordshire Police,-2.185271,53.068621,On or near FORD AVENUE,E01014261,Stoke-on-Trent 003A,Unable to prosecute suspect
85fc7523d6b29c65dd28bbd1ae051f3ee11dc1c0ab5d05e827b2d3630e99869a,2019-12,Staffordshire Police,Staffordshire Police,-2.098863,52.978375,On or near KINGSLEY STREET,E01014368,Stoke-on-Trent 028D,Unable to prosecute suspect
343b465fd238d3f326f14073db7a616d66a82b7eb49a82ba1038e79cd01d4f35,2019-12,Staffordshire Police,Staffordshire Police,-2.157113,52.979463,On or near BEECH ROAD,E01014234,Stoke-on-Trent 026B,Unable to prosecute suspect
c73aa49905efaf300a7793b856ba5d20fb15089cf973d1cc5e401c8471ccd855,2019-12,Staffordshire Police,Staffordshire Police,-2.201083,53.009321,On or near HARTSHILL ROAD,E01014291,Stoke-on-Trent 018D,Unable to prosecute suspect
68e07aff4b1bd0f141925967ba6127455534e703d935156d826f463175fb766f,2019-12,Staffordshire Police,Staffordshire Police,-2.168766,53.114607,On or near JUBILEE CLOSE,E01029766,Staffordshire Moorlands 003D,Unable to prosecute suspect
0482f58ee54748e93ab084b11b4146a703f81e6113d1b4ec757bcfdd89061713,2019-12,Staffordshire Police,Staffordshire Police,-2.169301,53.030316,On or near FREE TRADE STREET,E01014330,Stoke-on-Trent 013E,Unable to prosecute suspect
c8f0afc7112370b746355a9637ca7c8ec93aecf17f1e0a8034f4262a488b5ec1,2019-12,Staffordshire Police,Staffordshire Police,-2.297344,53.056708,On or near OLD ROAD,E01029532,Newcastle-under-Lyme 005A,Unable to prosecute suspect
c36a736fa4ae353e16cdb0e7b6e8f8afff69bf03254e2ac5f8c1941a15834bea,2019-12,Staffordshire Police,Staffordshire Police,-2.201841,53.082267,On or near ROBIN CLOSE,E01014264,Stoke-on-Trent 001E,Unable to prosecute suspect
059d8e719e751ba34e5a5e83a7317ba9dc85dc5b52d1281fcd048c48c321aa37,2019-12,Staffordshire Police,Staffordshire Police,-2.202902,53.044457,On or near BILLINGE STREET,E01014251,Stoke-on-Trent 009C,Unable to prosecute suspect
14f0b58ad928a6aaca6b4c6a3c6b2ac152999c3e88e456c3c1290cbef321127e,2019-12,Staffordshire Police,Staffordshire Police,-2.164017,52.985476,On or near MEAFORD DRIVE,E01014234,Stoke-on-Trent 026B,Unable to prosecute suspect
6d849270f1f18a2cde2848153b8c75b699846409de4fac2bf311cb500cc83c26,2019-12,Staffordshire Police,Staffordshire Police,-2.188942,53.051366,On or near TELLWRIGHT STREET,E01014247,Stoke-on-Trent 009A,Unable to prosecute suspect
10e99f96f961cecde18ef73a02a70b765118c2ef86c4020ba9c899e29bb95510,2019-12,Staffordshire Police,Staffordshire Police,-2.139601,52.984941,On or near EDENSOR ROAD,E01014311,Stoke-on-Trent 027C,Unable to prosecute suspect
841c27e7f52ca805606baadc884d1c6297a3837de07290a91d5477494c081802,2019-12,Staffordshire Police,Staffordshire Police,-2.108697,52.974330,On or near SEDDON ROAD,E01014316,Stoke-on-Trent 031C,Unable to prosecute suspect
9be590911bcb82b3b05987840cb613a126c49d7f71ea782454e696ebee23b39f,2019-12,Staffordshire Police,Staffordshire Police,-1.984018,52.994191,On or near EPSOM CLOSE,E01029781,Staffordshire Moorlands 011A,Unable to prosecute suspect
a399e1e6da750ea73215f9fe7e8d4caa5e52ca0eaf87782d2a8da3be9bc1a30c,2019-12,Staffordshire Police,Staffordshire Police,-2.181123,53.004877,On or near GLEBE STREET,E01014293,Stoke-on-Trent 019A,Unable to prosecute suspect
1aa0953305e89eb7fa728019280012099740d7d1cc9b6fc9be9494124c087315,2019-12,Staffordshire Police,Staffordshire Police,-2.274384,53.017157,On or near THE BRIGHTON,E01029593,Newcastle-under-Lyme 012B,Unable to prosecute suspect
c062bd49e9fa975b67be5ffc4e4f0829bfb7170d8d517e7292b53fec5152de64,2019-12,Staffordshire Police,Staffordshire Police,-2.219936,53.073596,On or near FAWFIELD DRIVE,E01014358,Stoke-on-Trent 002B,Unable to prosecute suspect
0596ade96a2f32c2dbb6059695fa14453cb03951b7ec6344a313602354ff2f0e,2019-12,Staffordshire Police,Staffordshire Police,-2.187960,53.004093,On or near EPWORTH STREET,E01014345,Stoke-on-Trent 019E,Unable to prosecute suspect
e2ab5c90f0b7f9816b875a516d2bd9c14e72e15fd3908ea270d7d150b7e24b80,2019-12,Staffordshire Police,Staffordshire Police,-2.167487,53.070014,On or near MILL VIEW,E01014337,Stoke-on-Trent 004E,Unable to prosecute suspect
34f4f0c49d47832a331eb5c279aa18c665ebe6cf4aea2e091bdf30c572c0bb8e,2019-12,Staffordshire Police,Staffordshire Police,,,No location,,,Unable to prosecute suspect
810f58af62575a2ed5e069aad11b096dc79b4e513684f546ae9c44f85b24aa3d,2019-12,Staffordshire Police,Staffordshire Police,-2.225244,53.009773,On or near Nightclub,E01029604,Newcastle-under-Lyme 011E,Unable to prosecute suspect
deb56672c7b22941da7aa1cbed0a73943f8cff157f3131c8785b6d2e0d810183,2019-12,Staffordshire Police,Staffordshire Police,-2.259920,53.070891,On or near SPRINGHEAD CLOSE,E01029597,Newcastle-under-Lyme 003F,Unable to prosecute suspect
e00e0a4e2c826adb78e76a0050952c7c1734bc1cdb0c3822c9e3594677cec417,2019-12,Staffordshire Police,Staffordshire Police,-2.187460,53.005604,On or near HARTSHILL ROAD,E01014345,Stoke-on-Trent 019E,Unable to prosecute suspect
8ebf89cb9894e0e14a01bdd0b23721268d6b4041bc680a0f201ca0461c74d028,2019-12,Staffordshire Police,Staffordshire Police,-2.188942,53.051366,On or near TELLWRIGHT STREET,E01014247,Stoke-on-Trent 009A,Unable to prosecute suspect
85941bf68bb64780fad9dc97032d3c2b36b109efd6d063ec6771593d366db8d9,2019-12,Staffordshire Police,Staffordshire Police,-2.166308,53.062294,On or near PEASCROFT ROAD,E01014331,Stoke-on-Trent 004A,Unable to prosecute suspect
27380bf8be6695a1b87702f3802699b0be9ed7df2a78f7b05cc47dbd5728cfad,2019-12,Staffordshire Police,Staffordshire Police,-2.150804,52.972684,On or near HINTON CLOSE,E01014235,Stoke-on-Trent 032A,Unable to prosecute suspect
19c3746ae5dd21e1580583b792dca36bd5297e7d0508c47c40eb5b068099e2fe,2019-12,Staffordshire Police,Staffordshire Police,-2.177415,53.027185,On or near NEW HALL STREET,E01014287,Stoke-on-Trent 015D,Unable to prosecute suspect
cbba7d6be1be7cfb9bc5e257d34d9a69081d59baa131c8e3924047a72fda2d34,2019-12,Staffordshire Police,Staffordshire Police,-2.092931,52.983333,On or near BONDFIELD WAY,E01014366,Stoke-on-Trent 028B,Unable to prosecute suspect
2e6b96375a9f7b0ee51ffed81e82f726c6fa4e799140d68a78a027c41255a07f,2019-12,Staffordshire Police,Staffordshire Police,-1.984018,52.991836,On or near CHURCHILL ROAD,E01029782,Staffordshire Moorlands 010B,Unable to prosecute suspect
6887a461e09a5db79cb9d751db7fc68701ba9eb29ed651788a629c12c279a0df,2019-12,Staffordshire Police,Staffordshire Police,-2.192628,53.021687,On or near DUNDEE ROAD,E01014285,Stoke-on-Trent 015B,Unable to prosecute suspect
26d5070bae88972bf3d4cf1c8664b3efdf9a18897f1bb19c4e0f6648dacf340a,2019-12,Staffordshire Police,Staffordshire Police,-2.179061,52.974685,On or near BENGAL GROVE,E01014347,Stoke-on-Trent 034A,Unable to prosecute suspect
10f9239f0887d8f1bebfdba22962ad01b77fdb05798d2bac2d665ea90ec7024a,2019-12,Staffordshire Police,Staffordshire Police,-2.187068,53.039009,On or near ELDER ROAD,E01014249,Stoke-on-Trent 011A,Unable to prosecute suspect
e45e4eb52f9dee1249ffe6f77f8aa1246bc81f3616afeb2b2a91ca51e94fadff,2019-12,Staffordshire Police,Staffordshire Police,-2.157119,52.977099,On or near ASHBY CRESCENT,E01014236,Stoke-on-Trent 032B,Unable to prosecute suspect
2a9c29c4983f4795adc00ae1ace6f08d790d13c5b3df5759adc0b9bf8e081977,2019-12,Staffordshire Police,Staffordshire Police,-2.157119,52.977099,On or near ASHBY CRESCENT,E01014236,Stoke-on-Trent 032B,Unable to prosecute suspect
1de514330fd2f5e88b0aa42dcecc56ece8f3e805e6b967f54f947efbb452c47c,2019-12,Staffordshire Police,Staffordshire Police,-2.224742,53.079475,On or near WOODSTOCK STREET,E01014357,Stoke-on-Trent 002A,Unable to prosecute suspect
7ffad3546aa117ef6e2642b9d66e1413f3fc072f61b374e3b91718d99e677f72,2019-12,Staffordshire Police,Staffordshire Police,-2.192740,53.039970,On or near CAMOYS ROAD,E01014251,Stoke-on-Trent 009C,Unable to prosecute suspect
98af53af9621cc7d6a07709e761aea756084c2c035809441d283a2c64f23e723,2019-12,Staffordshire Police,Staffordshire Police,-2.143721,53.001072,On or near SHARDLOW CLOSE,E01014280,Stoke-on-Trent 021C,Unable to prosecute suspect
f6e6c406edd447000e31746d3a2b07a46b7292a7d3c074040982f418d2b5d2bc,2019-12,Staffordshire Police,Staffordshire Police,-2.166910,52.997913,On or near WATKIN STREET,E01014276,Stoke-on-Trent 020C,Unable to prosecute suspect
47d00350b27f7b3269a4a1ca23449261a5db268d02ba75e3fa5af87b609519ba,2019-12,Staffordshire Police,Staffordshire Police,-2.253431,53.086672,On or near MILLSTONE AVENUE,E01029541,Newcastle-under-Lyme 003B,Unable to prosecute suspect
a4ffb3cc92774743d2ade9f56980c2b750351f009e90a301f7566fba7fc12e53,2019-12,Staffordshire Police,Staffordshire Police,-2.176253,53.009217,On or near LEEK ROAD,E01014282,Stoke-on-Trent 016D,Unable to prosecute suspect
aa32d24841a45f38ef6f572b11a5335ae9b3c9892347a7ecedc9d77a83557342,2019-12,Staffordshire Police,Staffordshire Police,-2.200322,53.066997,On or near PITTS HILL BANK,E01014241,Stoke-on-Trent 006A,Unable to prosecute suspect
fc3d3287f036a1f8edadc815f92ac730ddabb9784e9074b6bd33f5cc269713e6,2019-12,Staffordshire Police,Staffordshire Police,,,No location,,,Unable to prosecute suspect
803a0ca50441eb2b2349e910dd3a88ff5e9ea9a067a08c8bb55012f4578dda61,2019-12,Staffordshire Police,Staffordshire Police,-2.102069,52.986283,On or near SPRINKWOOD GROVE,E01014364,Stoke-on-Trent 024B,Unable to prosecute suspect
40deb5c1d25432bf5552e0c670e794610831b7de1558d6defb5e769aee7a62fa,2019-12,Staffordshire Police,Staffordshire Police,-2.197833,53.087137,On or near CARR STREET,E01014264,Stoke-on-Trent 001E,Unable to prosecute suspect
e09debf1fcfb3011f992cf5876ed20886ba0177d533a19b837448acd1010b0fc,2019-12,Staffordshire Police,Staffordshire Police,-2.118619,52.992200,On or near AMBLECOTE DRIVE,E01014301,Stoke-on-Trent 025B,Unable to prosecute suspect
bfc63f11d1d5f96de18a7ed144fe049e461b20016e1a4ac2a7f6e9f5300775fc,2019-12,Staffordshire Police,Staffordshire Police,-2.208876,53.098273,On or near CLARE STREET,E01029581,Newcastle-under-Lyme 001C,Unable to prosecute suspect
96d3c925a1b0ad3c8953d26e6f793935f191e0c3a3d1151dc59a54d4be9f62f8,2019-12,Staffordshire Police,Staffordshire Police,-2.093827,53.148677,On or near REACLIFFE ROAD,E01029802,Staffordshire Moorlands 002D,Unable to prosecute suspect
2a6533df98dd450b4319e06fb13bd6079725672f042f84e32db19bf220918269,2019-12,Staffordshire Police,Staffordshire Police,-2.153791,52.966702,On or near Supermarket,E01014238,Stoke-on-Trent 032D,Unable to prosecute suspect
0520ff52f8dedecd086315d66e29dbc20978c276e802726bf230a9cc03c7b262,2019-12,Staffordshire Police,Staffordshire Police,-2.184133,53.018662,On or near GROVE PLACE,E01014286,Stoke-on-Trent 015C,Unable to prosecute suspect
e3fd4e26adaaccca44f74727bb84f0eec0ca9707e84048f7fbbeb32a15e3c3e7,2019-12,Staffordshire Police,Staffordshire Police,-2.174396,53.025418,On or near Shopping Area,E01014287,Stoke-on-Trent 015D,Unable to prosecute suspect
4a64f87b0def44c8ad283f54b675aab24c9beb0bc49af03213300bb35e9d9af0,2019-12,Staffordshire Police,Staffordshire Police,-2.034121,53.106272,On or near GROVE STREET,E01029814,Staffordshire Moorlands 005E,Unable to prosecute suspect
63d5f668b6118f836ca88ab65450faa3bdb2dbfd4cee9f58d30133a76245792b,2019-12,Staffordshire Police,Staffordshire Police,-2.178338,53.008711,On or near THORNTON ROAD,E01014283,Stoke-on-Trent 016E,Unable to prosecute suspect
a8db9323668c48302b2e07fdb78893ffe47d781c249640234c55706b0753b258,2019-12,Staffordshire Police,Staffordshire Police,-2.120236,53.005790,On or near COWLEY WAY,E01014223,Stoke-on-Trent 017D,Unable to prosecute suspect
a8db9323668c48302b2e07fdb78893ffe47d781c249640234c55706b0753b258,2019-12,Staffordshire Police,Staffordshire Police,-2.120236,53.005790,On or near COWLEY WAY,E01014223,Stoke-on-Trent 017D,Unable to prosecute suspect
a8db9323668c48302b2e07fdb78893ffe47d781c249640234c55706b0753b258,2019-12,Staffordshire Police,Staffordshire Police,-2.120236,53.005790,On or near COWLEY WAY,E01014223,Stoke-on-Trent 017D,Unable to prosecute suspect
6ac5ad1a6779e7fc229270284a3e0c75d5631e7702dcb906dc919cb93a936de3,2019-12,Staffordshire Police,Staffordshire Police,-2.209446,53.009712,On or near EGERTON ROAD,E01014289,Stoke-on-Trent 018B,Unable to prosecute suspect
a8ebc6f4b660753281b6d7fa53ddd62b840d02dba380a63828e15fea801ff993,2019-12,Staffordshire Police,Staffordshire Police,-2.232510,53.016698,On or near ASHFIELDS NEW ROAD,E01029555,Newcastle-under-Lyme 011A,Unable to prosecute suspect
3951f09279c54a6faa860f8b75289a7799855fe97fe2f6bbf7ddaa99de279a3f,2019-12,Staffordshire Police,Staffordshire Police,-2.232510,53.016698,On or near ASHFIELDS NEW ROAD,E01029555,Newcastle-under-Lyme 011A,Unable to prosecute suspect
cb3c1911b9180caf046b4977a5f166c9594902751bcc9762ab250b772b459627,2019-12,Staffordshire Police,Staffordshire Police,-2.030655,53.106516,On or near WEST STREET,E01029814,Staffordshire Moorlands 005E,Unable to prosecute suspect
641b22ecac5e76ce931a266c5aa3811513a2e4532b0d08c6a98016c596327ccd,2019-12,Staffordshire Police,Staffordshire Police,-2.157780,52.998995,On or near PARK PLACE,E01014274,Stoke-on-Trent 020A,Unable to prosecute suspect
1c410e8a143bf31c0168987ec72a76bd3425c980db1e836050749110ff256876,2019-12,Staffordshire Police,Staffordshire Police,-2.119042,53.005297,On or near STIRLING CLOSE,E01014223,Stoke-on-Trent 017D,Unable to prosecute suspect
1c410e8a143bf31c0168987ec72a76bd3425c980db1e836050749110ff256876,2019-12,Staffordshire Police,Staffordshire Police,-2.119042,53.005297,On or near STIRLING CLOSE,E01014223,Stoke-on-Trent 017D,Unable to prosecute suspect
cd89ba19a5fe507655300906fea309ae65c1864c1bc59546872bdd179ef16962,2019-12,Staffordshire Police,Staffordshire Police,-1.989908,52.969265,On or near Park/Open Space,E01029784,Staffordshire Moorlands 013A,Unable to prosecute suspect
2c9eddf0a252431f25ba5e5c62428fd1cdf3e6f8790bb4a24e25c30e0a3198c9,2019-12,Staffordshire Police,Staffordshire Police,,,No location,,,Unable to prosecute suspect
7f6130f4cf678d6923e094b2ba3c095515de525dffbb026c680e49b2b5a97d7a,2019-12,Staffordshire Police,Staffordshire Police,-2.163339,53.003276,On or near EDWARD STREET,E01014276,Stoke-on-Trent 020C,Unable to prosecute suspect
d26db8d976721e27c8118cd4b0af093ee638464cac443f69d86e84ab890b51c6,2019-12,Staffordshire Police,Staffordshire Police,-2.212278,53.091579,On or near JASMINE CRESCENT,E01029581,Newcastle-under-Lyme 001C,Unable to prosecute suspect
10b1f291cfe1331c48893e9b447f33f9ca1f6699d6b8d6b9ed717445b7e73d15,2019-12,Staffordshire Police,Staffordshire Police,,,No location,,,Unable to prosecute suspect
d869f1dbddf2fdaf6589fe0d61623ff36378353551b1e8a3538d96c615da00a0,2019-12,Staffordshire Police,Staffordshire Police,-2.103512,52.979576,On or near BRIGHT STREET,E01014321,Stoke-on-Trent 028A,Unable to prosecute suspect
6f990f860413b9ff70b439839584d46d8bc0fc88e6e58c1028e5fd926f2f4f47,2019-12,Staffordshire Police,Staffordshire Police,-2.131679,52.980752,On or near DUNROBIN STREET,E01014306,Stoke-on-Trent 029B,Unable to prosecute suspect
8e9a680653d1188a6c8eea6ae91bbc9c36dfa5751e223a0fa997ecb9bbff28dc,2019-12,Staffordshire Police,Staffordshire Police,-2.206928,53.041025,On or near WOOLRICH STREET,E01014251,Stoke-on-Trent 009C,Unable to prosecute suspect
9b28cf7a6034e09e5f22fb691443fadaf3b90d7b7b33b45e39a76bd12be2febe,2019-12,Staffordshire Police,Staffordshire Police,-2.128143,53.018933,On or near RUTHIN ROAD,E01014220,Stoke-on-Trent 017A,Unable to prosecute suspect
f76abfe9a0d6f6c90ff33cec5c1e7d3c143a00abbe13311b1d24c14859cb27df,2019-12,Staffordshire Police,Staffordshire Police,-2.249632,53.036422,On or near HOGARTH PLACE,E01029560,Newcastle-under-Lyme 007D,Unable to prosecute suspect
a2475753557c8e438ce3c3190fedd2d9d071afe7686bdc3311d0cd685ad576f2,2019-12,Staffordshire Police,Staffordshire Police,-2.179196,53.068343,On or near CORNHILL ROAD,E01014263,Stoke-on-Trent 003C,Unable to prosecute suspect
7f96838c4c9575fdb95e5f54f2adadcde2966171ce2bb37b14875de5499ac20f,2019-12,Staffordshire Police,Staffordshire Police,-2.217361,53.033635,On or near FAULDS COURT,E01029609,Newcastle-under-Lyme 008D,Unable to prosecute suspect
84aef5520074991d69c913b594f984cb9006f4e1f63cec35f9e8220c7f1753ae,2019-12,Staffordshire Police,Staffordshire Police,-2.158878,53.001861,On or near LAUREN CLOSE,E01014275,Stoke-on-Trent 020B,Unable to prosecute suspect
08e6bdd141a6a3b111d699f60b89693167b2d7dbd780ab88039c47d130db773f,2019-12,Staffordshire Police,Staffordshire Police,-2.181443,53.049013,On or near GARLICK STREET,E01014248,Stoke-on-Trent 006F,Unable to prosecute suspect
4f8e84c16c5bfd0869de46c21c2a3f72481e8ea5cda02b5d998f982e5fca51a6,2019-12,Staffordshire Police,Staffordshire Police,-2.206068,53.063967,On or near FURLONG ROAD,E01014355,Stoke-on-Trent 005B,Unable to prosecute suspect
ea78470cc350a2bed1a8e4dbd43c0300e228b22fdd83edbe7dd332f938269fcb,2019-12,Staffordshire Police,Staffordshire Police,-2.166308,53.062294,On or near PEASCROFT ROAD,E01014331,Stoke-on-Trent 004A,Unable to prosecute suspect
7899c5d2d695bbb15a1bf52a70abad5f274f987008c1e55aca463d5f1d7a958f,2019-12,Staffordshire Police,Staffordshire Police,-2.234668,53.013431,On or near DUNKIRK COURT,E01029604,Newcastle-under-Lyme 011E,Unable to prosecute suspect
70b31a281267de45c3524e601a777e96458f6fab56f661608a4c8efcb6bec8a4,2019-12,Staffordshire Police,Staffordshire Police,-2.206928,53.041025,On or near WOOLRICH STREET,E01014251,Stoke-on-Trent 009C,Unable to prosecute suspect
11cbca6f0dd73b60bcffadbb73f51fcc4d835f86767db242e117d3522672211a,2019-12,Staffordshire Police,Staffordshire Police,-2.122686,53.013132,On or near BEVERLEY DRIVE,E01014220,Stoke-on-Trent 017A,Unable to prosecute suspect
adf3d6ab522805e16137c27d9c7d790bf5f056daf9673c815bdc40491b9d068e,2019-12,Staffordshire Police,Staffordshire Police,-2.235768,53.020980,On or near ALBERMARLE ROAD,E01029553,Newcastle-under-Lyme 010A,Unable to prosecute suspect
4d128cd641b808a2d8b31f75fcb171e935a3c5c950272183132a59d50ae4ff4d,2019-12,Staffordshire Police,Staffordshire Police,-2.118414,53.009927,On or near GALLOWAY ROAD,E01014223,Stoke-on-Trent 017D,Unable to prosecute suspect
615d7f9410db4f1c41d08935521069cfbef2de2d4209ae490aa78107ea363b73,2019-12,Staffordshire Police,Staffordshire Police,-2.243244,53.035509,On or near BOOTH STREET,E01029559,Newcastle-under-Lyme 007C,Unable to prosecute suspect
7f23a7b93c3a6e44083cb05836c083a560b0d1c7ed024b91997aabc43833af36,2019-12,Staffordshire Police,Staffordshire Police,-2.108254,52.975751,On or near WATERHEAD ROAD,E01014322,Stoke-on-Trent 031E,Unable to prosecute suspect
3fa598683f65aed652644db015cfcb89da28a94e9485ef9688953e1ad0ac395f,2019-12,Staffordshire Police,Staffordshire Police,-2.178057,53.009214,On or near SPENCER ROAD,E01014283,Stoke-on-Trent 016E,Unable to prosecute suspect
b2251a53370ca001c7ce2c91975c83445ff160563cf73d2d9ff4d2126db14c42,2019-12,Staffordshire Police,Staffordshire Police,-2.140730,52.992949,On or near PACKETT STREET,E01014273,Stoke-on-Trent 021A,Unable to prosecute suspect
d234ff0264d963be745e3c8da7ac62252b2a8a1b04dd8339979249ddffcab41f,2019-12,Staffordshire Police,Staffordshire Police,-2.018633,53.111310,On or near NELSON STREET,E01029808,Staffordshire Moorlands 001C,Unable to prosecute suspect
13811500a61251e3765501afb55c59057a5277c417c3e9cbca4f0327f9e85fe2,2019-12,Staffordshire Police,Staffordshire Police,-2.223707,53.078479,On or near RODGERS STREET,E01014357,Stoke-on-Trent 002A,Unable to prosecute suspect
0a88eaddce66a277c6fbc9021254fbc5cc13ecf906bd94659e77ca18ea82b897,2019-12,Staffordshire Police,Staffordshire Police,-2.179885,53.029689,On or near A50,E01014287,Stoke-on-Trent 015D,Unable to prosecute suspect
957ecbf6332a8fd87b8a48eb712150d26cf6c6c41222233b3dd604ec460479fd,2019-12,Staffordshire Police,Staffordshire Police,-2.140842,52.981731,On or near GLENCOE STREET,E01014311,Stoke-on-Trent 027C,Unable to prosecute suspect
890ab54cfbf2662b3e11a19c85bb84e5997c426a05adcbdfe437d7cf1064e5b4,2019-12,Staffordshire Police,Staffordshire Police,-2.170145,53.040122,On or near Supermarket,E01014253,Stoke-on-Trent 011B,Unable to prosecute suspect
a0e5816f4857b8e0e8d801b2e9cb34ec3aeb75f2c2c6760890ac14ac2212022d,2019-12,Staffordshire Police,Staffordshire Police,-2.188727,53.073848,On or near FARINGTON PLACE,E01014260,Stoke-on-Trent 001D,Unable to prosecute suspect
aca3babfc466a8bab6ac143f3e67c4772d5b464a5f6d80ab69d0597efaa2d89a,2019-12,Staffordshire Police,Staffordshire Police,-2.099202,52.989791,On or near NEW KINGSWAY,E01014365,Stoke-on-Trent 024C,Unable to prosecute suspect
81ac0c554fc065e6bcb4542e933af22ff735afa0445e3d636aed2f63857c2022,2019-12,Staffordshire Police,Staffordshire Police,-2.168474,52.997911,On or near ALMA STREET,E01014276,Stoke-on-Trent 020C,Unable to prosecute suspect
40b2b6f86989bc51d9fd2a056ed5022b2785e6ff9f292fb0bae1812e6ab833c3,2019-12,Staffordshire Police,Staffordshire Police,-2.140021,53.036269,On or near TRANTER ROAD,E01014211,Stoke-on-Trent 012B,Unable to prosecute suspect
7974b0ad04be2183971ff13ded5962df17e895529f5f916971cb174fc8404e74,2019-12,Staffordshire Police,Staffordshire Police,-2.149270,53.049984,On or near MAUNDERS ROAD,E01014267,Stoke-on-Trent 007E,Unable to prosecute suspect
9e03357e5d8b1bced272444d597f25d527e98d89f3d9640fe5ce3ccf51e61d4c,2019-12,Staffordshire Police,Staffordshire Police,-2.288491,53.053710,On or near BRINDLEYS WAY,E01029533,Newcastle-under-Lyme 005B,Unable to prosecute suspect
a1d9069af4f82a05dd4a74194e47239d7000aae461d9440d3645c62af0acaf91,2019-12,Staffordshire Police,Staffordshire Police,-2.140102,53.024448,On or near MARY ROSE CLOSE,E01014219,Stoke-on-Trent 014B,Unable to prosecute suspect
fda65a78c11f1596fc9e2ef4aa152927d907c7790feda9e1d3aa4c383611d302,2019-12,Staffordshire Police,Staffordshire Police,-2.194934,53.056902,On or near THORNLEY ROAD,E01014244,Stoke-on-Trent 006D,Unable to prosecute suspect
a74499eb93a5d9eca9cb914da3550030d873c633444ff9ee9433c9504ae77b8d,2019-12,Staffordshire Police,Staffordshire Police,-2.024172,53.105115,On or near RUSSELL STREET,E01029804,Staffordshire Moorlands 005A,Unable to prosecute suspect
051797c688b44305877ee5fbdd6b8c412d35e8aef7bc53cda9b2c2da2b854bc1,2019-12,Staffordshire Police,Staffordshire Police,-2.133269,53.022928,On or near MILLWARD ROAD,E01014218,Stoke-on-Trent 014A,Unable to prosecute suspect
89fc3c103e23bcee5e54c32a4fc4d108a49d6d914044fd1922475d5b89048c24,2019-12,Staffordshire Police,Staffordshire Police,-2.170323,53.028382,On or near Parking Area,E01014330,Stoke-on-Trent 013E,Unable to prosecute suspect
eb8020909308696c4a2371b5c15ead3483be51d1237dac3fadd782773020ca6b,2019-12,Staffordshire Police,Staffordshire Police,-2.194976,53.043176,On or near BAPTIST STREET,E01014251,Stoke-on-Trent 009C,Unable to prosecute suspect
a0c83fc40075e0d76b6e58a98bb782612855e5ae0c1aa2136a4d9883fd3be8d5,2019-12,Staffordshire Police,Staffordshire Police,-2.136098,53.035896,On or near PRIORY ROAD,E01014211,Stoke-on-Trent 012B,Unable to prosecute suspect
970e596b6612e99652ec577a9bd152f5739c7347a59b43d6993181dd31215135,2019-12,Staffordshire Police,Staffordshire Police,-2.186558,53.034910,On or near REMER STREET,E01014255,Stoke-on-Trent 009E,Unable to prosecute suspect
f67cbd92f313761dd62a92ee987fb873d367eba1ecc3fed6ea05e84cd81f1bb3,2019-12,Staffordshire Police,Staffordshire Police,-2.201142,52.986705,On or near MARINA ROAD,E01014343,Stoke-on-Trent 023D,Unable to prosecute suspect
5dca15d94ca595e17eb06392611e11504f086d274c89f5a83496de840437a3db,2019-12,Staffordshire Police,Staffordshire Police,-2.122503,52.980106,On or near FURNACE ROAD,E01014307,Stoke-on-Trent 029C,Unable to prosecute suspect
4e0614eb6dcce4c8c68c3ab07f4380f841cca46444ab3b39727506f50a4775b2,2019-12,Staffordshire Police,Staffordshire Police,-2.136098,53.035896,On or near PRIORY ROAD,E01014211,Stoke-on-Trent 012B,Unable to prosecute suspect
ad7fc839b40dd9eea9addef71c2eff87a04cff46f98c2922e624c1f02d5a128d,2019-12,Staffordshire Police,Staffordshire Police,-2.142890,53.020040,On or near FOUNDRY LANE,E01014219,Stoke-on-Trent 014B,Unable to prosecute suspect
8685b0c5e6964bfee80c9b5149e4e92195e0e76d683f94389ff2d879b2946c77,2019-12,Staffordshire Police,Staffordshire Police,-2.148958,52.981208,On or near MASEFIELD ROAD,E01014308,Stoke-on-Trent 027A,Unable to prosecute suspect
7391ee5029c7b3e1c0c3ee19559145467be5e114e6d973b1a2f79ab2a2fdaef4,2019-12,Staffordshire Police,Staffordshire Police,-2.179025,53.113351,On or near BELLRINGER CLOSE,E01029774,Staffordshire Moorlands 003E,Unable to prosecute suspect
7bef5312a4e43b2be6189c8e161eb635a2f39908fe2a8925edf613a69faea67b,2019-12,Staffordshire Police,Staffordshire Police,-2.189626,53.050978,On or near STANFIELD ROAD,E01014247,Stoke-on-Trent 009A,Unable to prosecute suspect
c0ac57d8595995c42fa8e31d474e42c1125355154c8341a0f7bf0a69fe1af2cf,2019-12,Staffordshire Police,Staffordshire Police,-2.123378,53.015486,On or near BRUNDALL OVAL,E01014220,Stoke-on-Trent 017A,Unable to prosecute suspect
3e9bc94617903543df8e33bbbac1134e9278583e4e568978912aa74e42f8030e,2019-12,Staffordshire Police,Staffordshire Police,-2.228058,52.992229,On or near GRASMERE AVENUE,E01029591,Newcastle-under-Lyme 014C,Unable to prosecute suspect
78cf09e37f426f4c5d5116a46aa7f96474205f483e8c8e094c8768b182ade29c,2019-12,Staffordshire Police,Staffordshire Police,-2.137260,53.040299,On or near ABBOTS ROAD,E01014217,Stoke-on-Trent 012E,Unable to prosecute suspect
be8f3769424ac984cb35d3064a362d30530019b7c86ac263d5503741e45e0b7d,2019-12,Staffordshire Police,Staffordshire Police,-2.207699,53.055505,On or near WILLIAMSON STREET,E01014356,Stoke-on-Trent 005C,Unable to prosecute suspect
e36afcf4dd4864b19264b0ffe732b2d52fac87ef9951cf39ebeb9b399800381d,2019-12,Staffordshire Police,Staffordshire Police,-2.238049,53.029191,On or near BRYMBO ROAD,E01029553,Newcastle-under-Lyme 010A,Unable to prosecute suspect
755328ffbc93b938a932b95cde50690e7395c7988ec8b4fc0106d9bfd47d73bb,2019-12,Staffordshire Police,Staffordshire Police,-2.247903,53.078215,On or near CUMBERLAND CLOSE,E01029540,Newcastle-under-Lyme 003A,Unable to prosecute suspect
bed6c663482e72b90179921cfd49a898a4918c69c135a9cefb3b992a0b9f46fc,2019-12,Staffordshire Police,Staffordshire Police,-2.026487,53.105366,On or near ST EDWARD STREET,E01029804,Staffordshire Moorlands 005A,Unable to prosecute suspect
9690242dcc47011272d5abaac867ad8ce7f6461741516713e9aaa48490ac4d3d,2019-12,Staffordshire Police,Staffordshire Police,-2.202014,53.052234,On or near BURNHAYS ROAD,E01014252,Stoke-on-Trent 009D,Unable to prosecute suspect
7851163f6dfd2988f9d301f9806455a6b142a650905245cd9cd550038f120730,2019-12,Staffordshire Police,Staffordshire Police,-2.207612,53.090275,On or near MEADOW COURT,E01029581,Newcastle-under-Lyme 001C,Unable to prosecute suspect
4d69ad4951a25c9a959b63f136c125bdb76caaf1b7120c090778fa59876b7540,2019-12,Staffordshire Police,Staffordshire Police,-2.210230,53.057577,On or near HIGH STREET,E01014354,Stoke-on-Trent 005A,Unable to prosecute suspect
30e480d530364b289382ea0c6313e00b0d0cb6263a438f39a5dd91e293286a9d,2019-12,Staffordshire Police,Staffordshire Police,-2.115361,52.977299,On or near BOLBERRY CLOSE,E01014322,Stoke-on-Trent 031E,Unable to prosecute suspect
7b1df94cbc18963bc13c0bf609fcd61322cca8439045a94827a51965bdc95d45,2019-12,Staffordshire Police,Staffordshire Police,,,No location,,,Unable to prosecute suspect
6bb6c413e2ffbc71490c5cb59a02ffdc89e9a6cc5a3acf94e337bbbbde3d0a6f,2019-12,Staffordshire Police,Staffordshire Police,-2.135926,53.033613,On or near GREASLEY ROAD,E01014211,Stoke-on-Trent 012B,Unable to prosecute suspect
6ea1214c23f3f2c5178e9ebf5865186fdfde710d18d846739b76c60efed7230c,2019-12,Staffordshire Police,Staffordshire Police,-2.222554,53.008357,On or near GROSVENOR ROAD,E01029602,Newcastle-under-Lyme 011C,Unable to prosecute suspect
2be89c05c47fcdec014d13625942bbfe87a6208e67cb1cb93bf6780abaf90087,2019-12,Staffordshire Police,Staffordshire Police,-2.160542,53.044477,On or near MILTON ROAD,E01014271,Stoke-on-Trent 008E,Unable to prosecute suspect
8559bcc194c5d9ec5e5f46f9cd0a44d9679bcb4b9c7030676c97cb8a395f0c47,2019-12,Staffordshire Police,Staffordshire Police,-2.176212,53.119639,On or near STATION ROAD,E01029774,Staffordshire Moorlands 003E,Unable to prosecute suspect
b681e2a223c56974ee44aece813195d52a58e984fdde3b7a7b4d75ee00d6493c,2019-12,Staffordshire Police,Staffordshire Police,-2.188317,53.051735,On or near LAWTON STREET,E01014245,Stoke-on-Trent 006E,Unable to prosecute suspect
148a10f60b040501a8ac7d76a64e70f84684d14d8683d9617c44dbe1f84bf546,2019-12,Staffordshire Police,Staffordshire Police,-2.259619,53.087818,On or near CHAPEL STREET,E01029542,Newcastle-under-Lyme 003C,Unable to prosecute suspect
bfa88e2548b1512c23ee3da4b06e790d0debd8b127ed61f4fcf88a32a7ecdcea,2019-12,Staffordshire Police,Staffordshire Police,-2.220120,53.077623,On or near GOLF LINKS CLOSE,E01014357,Stoke-on-Trent 002A,Unable to prosecute suspect
8f0e59f21416054f6717fc2d2bce5d6ce857e2f657273f2b0dce2e7b8de717ab,2019-12,Staffordshire Police,Staffordshire Police,-2.176710,53.040696,On or near STANWAY AVENUE,E01014253,Stoke-on-Trent 011B,Unable to prosecute suspect
b03f4de1438d1af503d8ab901f191eab9de9fdffb510f28b208e62c7cb5e4554,2019-12,Staffordshire Police,Staffordshire Police,-2.154956,53.025733,On or near ROYDEN AVENUE,E01014213,Stoke-on-Trent 012D,Unable to prosecute suspect
8e2424840b1fcff785d49e3d90a1ed807e11aa906f35306bb8cac44a0f72e85e,2019-12,Staffordshire Police,Staffordshire Police,-2.242805,53.087341,On or near STATION ROAD,E01029588,Newcastle-under-Lyme 002D,Unable to prosecute suspect
5cce8d04d80cb2fc932dea6048342582b857eaf201c441c9115e20614ccf5ffa,2019-12,Staffordshire Police,Staffordshire Police,-2.153949,53.023640,On or near WESTACRE,E01014230,Stoke-on-Trent 014F,Unable to prosecute suspect
f7b7a0219659e2e4d7be364944a80fa70a2ef090de5c100d37b5de709b150caa,2019-12,Staffordshire Police,Staffordshire Police,-2.124929,53.005183,On or near CANARY ROAD,E01014229,Stoke-on-Trent 017F,Unable to prosecute suspect
f2e27b7686af46f627e17c80fda163a5454b5e57f5ccc534217b251f49a4cd59,2019-12,Staffordshire Police,Staffordshire Police,-2.136165,53.076212,On or near CROSS EDGE,E01029777,Staffordshire Moorlands 008D,Unable to prosecute suspect
50d48258c0966604a2c3bdec7ab17c0dcd3483b04c1bddbe8c5f85dbd1d8d827,2019-12,Staffordshire Police,Staffordshire Police,-2.167487,53.070014,On or near MILL VIEW,E01014337,Stoke-on-Trent 004E,Unable to prosecute suspect
ae7abc434a4e475208dff3ca25a72b1b6d30c87c0f46ef83de7625281e7f671c,2019-12,Staffordshire Police,Staffordshire Police,,,No location,,,Unable to prosecute suspect
1b8d385b9f4ab782f7776f66d84a66ca329cf93d86f7cfc0681a8197a77a8faf,2019-12,Staffordshire Police,Staffordshire Police,-2.178539,52.967297,On or near LINDUM AVENUE,E01014351,Stoke-on-Trent 034C,Unable to prosecute suspect
a43f7fe5345be3a01f0caca450271d08c281e47ad2d3a0ce782f669181ed8727,2019-12,Staffordshire Police,Staffordshire Police,-2.105810,52.981174,On or near OAK PLACE,E01014321,Stoke-on-Trent 028A,Unable to prosecute suspect
ea7daee7a9b68ae431eaabb8fe0ed8e8314835de89f54596791f0c144e65e3d7,2019-12,Staffordshire Police,Staffordshire Police,-2.097249,52.982601,On or near LEASON ROAD,E01014366,Stoke-on-Trent 028B,Unable to prosecute suspect
6a6d24e62756f5e670e64790317d404c08186d1326d9069092cdb82917bf9cd7,2019-12,Staffordshire Police,Staffordshire Police,-2.097249,52.982601,On or near LEASON ROAD,E01014366,Stoke-on-Trent 028B,Unable to prosecute suspect
06a4f069c131ed9b3d964ffcd3e1a0b357458645682890b9924b724dffa4d283,2019-12,Staffordshire Police,Staffordshire Police,-2.109633,52.979202,On or near WARWICK AVENUE,E01014322,Stoke-on-Trent 031E,Unable to prosecute suspect
4a2176d87b5d0b7e57bfacfc69c24b15475d1a60333b2565b9b742d1f00805e2,2019-12,Staffordshire Police,Staffordshire Police,-2.179885,53.029689,On or near A50,E01014287,Stoke-on-Trent 015D,Unable to prosecute suspect
670bd2352f3336b7b55f8f9d29be5e6432833cfb260bd9cbad7b03eb683d1b57,2019-12,Staffordshire Police,Staffordshire Police,-2.143832,53.025324,On or near STEVENSON ROAD,E01014219,Stoke-on-Trent 014B,Unable to prosecute suspect
306546950b1de2b59dbbb8eb1b0e677ebb99f3d7aa8f8a358c2dc98572719a75,2019-12,Staffordshire Police,Staffordshire Police,-2.178094,53.112247,On or near WEST STREET,E01029774,Staffordshire Moorlands 003E,Unable to prosecute suspect
8e0e5fb997ce387d9915cf7e13f6c96eeec1d2be6ec6ba2265d007bbf72b4643,2019-12,Staffordshire Police,Staffordshire Police,-2.172290,53.114152,On or near WELL STREET,E01029763,Staffordshire Moorlands 003A,Unable to prosecute suspect
18268a62bf8a810e6f0e10c43d9ebea2dd4f8a4824b9ef3966b0c8b879502bb3,2019-12,Staffordshire Police,Staffordshire Police,-2.205793,53.043922,On or near NEWPORT STREET,E01014250,Stoke-on-Trent 009B,Unable to prosecute suspect
0a708b2300e5b3122dbe05f1b505cdf4933cb5f500a2c5678f33669400f252e6,2019-12,Staffordshire Police,Staffordshire Police,-1.972493,53.219193,On or near Park/Open Space,E01029797,Staffordshire Moorlands 001A,Unable to prosecute suspect
adf1322930a23fd07d361036d035bef9eab3e0944520248a53b3e40f22532c3b,2019-12,Staffordshire Police,Staffordshire Police,,,No location,,,Unable to prosecute suspect
9ef156311f889e6153281a30ab0d06c1a0bba1cf22321bd540038ed1c1ae6381,2019-12,Staffordshire Police,Staffordshire Police,-2.125657,52.983977,On or near MALT LANE,E01014302,Stoke-on-Trent 022D,Unable to prosecute suspect
9ef156311f889e6153281a30ab0d06c1a0bba1cf22321bd540038ed1c1ae6381,2019-12,Staffordshire Police,Staffordshire Police,-2.125657,52.983977,On or near MALT LANE,E01014302,Stoke-on-Trent 022D,Unable to prosecute suspect
d8546c67851374c5ec99f79baedef837e2a49c2271c5f0fcceb30f0c4e9f0055,2019-12,Staffordshire Police,Staffordshire Police,-2.125657,52.983977,On or near MALT LANE,E01014302,Stoke-on-Trent 022D,Unable to prosecute suspect
3d15e73362c7cb22ffca8237e899ccdd403e85d1002462b937769be095fc7be0,2019-12,Staffordshire Police,Staffordshire Police,-2.243141,53.091313,On or near HAMPSHIRE GARDENS,E01029564,Newcastle-under-Lyme 002C,Unable to prosecute suspect
3d2e8f973827eea0346c4173d4d60dddd2ff7c3334fe49155fba22729d5c6514,2019-12,Staffordshire Police,Staffordshire Police,-2.170878,53.051833,On or near PEGROY GROVE,E01014268,Stoke-on-Trent 008C,Unable to prosecute suspect
07b89e26e9e87575daa6edfab02cb12850991c6a314b67a8eed266fff1a1737e,2019-12,Staffordshire Police,Staffordshire Police,-2.211491,53.056092,On or near LASCELLES STREET,E01014356,Stoke-on-Trent 005C,Unable to prosecute suspect
b715221206865762ce63df2a9c97b4390f6bd1043b4f59f7827ae9fbbad39cf5,2019-12,Staffordshire Police,Staffordshire Police,-2.207821,53.003539,On or near OLIVER ROAD,E01014294,Stoke-on-Trent 018F,Unable to prosecute suspect
19b0974c3c1aa5cdfff1724090b0b1b75e547e728e0e52acfc2fc907b90cff25,2019-12,Staffordshire Police,Staffordshire Police,-2.055925,52.965557,On or near GLEBE CLOSE,E01029798,Staffordshire Moorlands 012C,Unable to prosecute suspect
f232352bbae60eb4973451c37424b309431411ed32b22f5bc0aa6ac3f4cbc98a,2019-12,Staffordshire Police,Staffordshire Police,-2.156730,52.976389,On or near BEACONSFIELD DRIVE,E01014236,Stoke-on-Trent 032B,Unable to prosecute suspect
6afa7f1ba23916aeed64b5c27fc0cdfd76f454934145826179b63a3dd32ba52d,2019-12,Staffordshire Police,Staffordshire Police,-2.153716,53.050257,On or near DOWNFIELD PLACE,E01014267,Stoke-on-Trent 007E,Unable to prosecute suspect
efd114f05547247d99a91aa15e71866c40e8d0480e36261f4bfe00c86c05da1a,2019-12,Staffordshire Police,Staffordshire Police,-2.144916,53.033045,On or near LEEK ROAD,E01014210,Stoke-on-Trent 012A,Unable to prosecute suspect
918e4ea11c1aea75f8c58c3ee3220d43cd31b8748a7eb1e79db5dfc261b2c336,2019-12,Staffordshire Police,Staffordshire Police,-2.235131,53.081999,On or near WINDMILL AVENUE,E01029586,Newcastle-under-Lyme 001E,Unable to prosecute suspect
59b0088d37c6e150bc21f71b0004b9a8ce65a60c88485652e25e633b9565c33d,2019-12,Staffordshire Police,Staffordshire Police,-2.216872,53.061017,On or near KNIGHT STREET,E01014354,Stoke-on-Trent 005A,Unable to prosecute suspect
24f76a9fe467ed26ee3b76a4f20877f0aa30b7c26ac784a1a1198c4c47000250,2019-12,Staffordshire Police,Staffordshire Police,-2.120356,52.973852,On or near ACORN RISE,E01014310,Stoke-on-Trent 031A,Unable to prosecute suspect
c0f4d6835472a76dab4970a21addcd257c1244e34c803f756eca3745741e6fbd,2019-12,Staffordshire Police,Staffordshire Police,-2.287920,53.017251,On or near ILKLEY PLACE,E01029593,Newcastle-under-Lyme 012B,Unable to prosecute suspect
88f91be2df0f1ed38ad48e9af6dfb677bf775544b7ccac74a12c4bc391fa37d7,2019-12,Staffordshire Police,Staffordshire Police,-2.029582,53.109716,On or near HENCROFT,E01029807,Staffordshire Moorlands 005B,Unable to prosecute suspect
672873b50e8f4807220e4cb2c2c22014138219ba52ed1948ee34e453fd532a36,2019-12,Staffordshire Police,Staffordshire Police,-2.216416,53.008728,On or near LANCASTER ROAD,E01029603,Newcastle-under-Lyme 011D,Unable to prosecute suspect
0251c921465a0cb4affcdb12bad45ec6fe6e969c545d551d707e8c11c6b61b5d,2019-12,Staffordshire Police,Staffordshire Police,-2.195981,53.047660,On or near MOUNTFORD STREET,E01014247,Stoke-on-Trent 009A,Unable to prosecute suspect
337ae9e225aa230800875b76990e5459e25ae68193b58b388d22199f6c5ad0d4,2019-12,Staffordshire Police,Staffordshire Police,-2.170568,53.033981,On or near ELDON STREET,E01014256,Stoke-on-Trent 011D,Unable to prosecute suspect
fd7a1212dfa0954ef656192dd4b93f636c75990ea8dfeec5817db6faa06a2c24,2019-12,Staffordshire Police,Staffordshire Police,-2.232456,53.092566,On or near PARK VIEW ROAD,E01029561,Newcastle-under-Lyme 002A,Unable to prosecute suspect
eed213e70f30286f881691dd9cb38e600ac8ac0ca3539492f133de26762f3392,2019-12,Staffordshire Police,Staffordshire Police,-2.129850,52.986669,On or near LANDON STREET,E01014302,Stoke-on-Trent 022D,Unable to prosecute suspect
bee7ac9c6f92a937c118e80d4035eedd9839610488da7b9daeea4327d89b127f,2019-12,Staffordshire Police,Staffordshire Police,,,No location,,,Unable to prosecute suspect
3141349efa1f6595838a7e26c7300e447564cf2ee3c2836e7856621af4ac2f51,2019-12,Staffordshire Police,Staffordshire Police,-2.164798,53.026268,On or near ELIZABETH STREET,E01014328,Stoke-on-Trent 013C,Unable to prosecute suspect
7a452fb9e89c77489b1906c5cb6a9e7c72f8ba6ea07ee6c5e694c3be8d45f41e,2019-12,Staffordshire Police,Staffordshire Police,-1.981487,52.953587,On or near GREAT WOOD ROAD,E01029790,Staffordshire Moorlands 013D,Unable to prosecute suspect
cda88f197362054647ff89d1836028e6717727ca8c7f47556a3e529c14443396,2019-12,Staffordshire Police,Staffordshire Police,-2.178539,52.967297,On or near LINDUM AVENUE,E01014351,Stoke-on-Trent 034C,Unable to prosecute suspect
7bc33e6236c891326acfc6977a9154be4664bfe50b0352558ef9979888291e7d,2019-12,Staffordshire Police,Staffordshire Police,-2.224645,53.078064,On or near SHANNON DRIVE,E01014357,Stoke-on-Trent 002A,Unable to prosecute suspect
dc2b86754cb5fd9fa22e64212c9db9bfcad49631b20e103c5cc7195dcbfc28c9,2019-12,Staffordshire Police,Staffordshire Police,-2.162046,52.976238,On or near APPLEFORD PLACE,E01014236,Stoke-on-Trent 032B,Unable to prosecute suspect
fbd6e6b4bd43a6ea5dd79bc78bf95136c6312f436c6de2a54d6e55e969634306,2019-12,Staffordshire Police,Staffordshire Police,-2.177969,53.060237,On or near HARTLAND AVENUE,E01014333,Stoke-on-Trent 003D,Unable to prosecute suspect
440da30d1b2f099e93e8961d601aceb3cd5ef2ccd4e34b1a820e5320f7694d14,2019-12,Staffordshire Police,Staffordshire Police,-2.179025,53.113351,On or near BELLRINGER CLOSE,E01029774,Staffordshire Moorlands 003E,Unable to prosecute suspect
7012e3d9fbd64d7620f23f71b0c81a5b5bce06c21890a27c6fc5139f2effd52c,2019-12,Staffordshire Police,Staffordshire Police,-2.169948,53.005217,On or near Further/Higher Educational Building,E01014276,Stoke-on-Trent 020C,Unable to prosecute suspect
aa51a54f81f7155565b8f6a26515b0751a5e0676c6e8a989464af27f106342a3,2019-12,Staffordshire Police,Staffordshire Police,-2.216303,53.060542,On or near MC KINLEY STREET,E01014354,Stoke-on-Trent 005A,Unable to prosecute suspect
6365fceb718a4bdfee8aa8aed7f854c0340574749d358534e1fb24e02ec970c5,2019-12,Staffordshire Police,Staffordshire Police,-2.209579,53.110937,On or near CHURCH LANE,E01029582,Newcastle-under-Lyme 001D,Unable to prosecute suspect
55b418039a433180534c5824cd514256bbefd0bd05adda74b948e3ed377d7778,2019-12,Staffordshire Police,Staffordshire Police,-2.176372,52.965206,On or near CARDIGAN GROVE,E01014351,Stoke-on-Trent 034C,Unable to prosecute suspect
76974d8f67d945bab2cb4d6349d25afffa3744b1a2b7afae9ef662996efec685,2019-12,Staffordshire Police,Staffordshire Police,-2.176372,52.965206,On or near CARDIGAN GROVE,E01014351,Stoke-on-Trent 034C,Unable to prosecute suspect
65b5b091360a2f72a636756b8ee898feb4b66bd27a31c63a6bd042eab5bce72e,2019-12,Staffordshire Police,Staffordshire Police,-2.125232,53.012086,On or near HAMBLE WAY,E01014222,Stoke-on-Trent 017C,Unable to prosecute suspect
4665a98c97dcd495df0ceb36ce72cb233d69031af3e1a99340e6a1ef54eb572b,2019-12,Staffordshire Police,Staffordshire Police,-2.219206,53.094488,On or near WOODHALL ROAD,E01029562,Newcastle-under-Lyme 001A,Unable to prosecute suspect
58ee2e5a90d7851df9b21e0e0e971e8ee397d2416b03367423b3c78388d9537c,2019-12,Staffordshire Police,Staffordshire Police,-2.129098,53.053810,On or near FLASH LANE,E01014214,Stoke-on-Trent 007A,Unable to prosecute suspect
5e5cc436b9dcebb097b4bcc2204232bd32e29e951de2558d0e715d3732a092fc,2019-12,Staffordshire Police,Staffordshire Police,,,No location,,,Unable to prosecute suspect
4768d1d37a94ccefe020ecacabedcfd4af17eeeeff213a2ebfb4defd49765cfc,2019-12,Staffordshire Police,Staffordshire Police,-2.025397,53.106337,On or near Parking Area,E01029804,Staffordshire Moorlands 005A,Unable to prosecute suspect
4bdd56512e14499682c0df57cd616deec6fb5974b22238b3a82057f57200ddde,2019-12,Staffordshire Police,Staffordshire Police,-2.256918,53.045422,On or near HAZEL ROAD,E01029548,Newcastle-under-Lyme 007B,Unable to prosecute suspect
4bdd56512e14499682c0df57cd616deec6fb5974b22238b3a82057f57200ddde,2019-12,Staffordshire Police,Staffordshire Police,-2.256918,53.045422,On or near HAZEL ROAD,E01029548,Newcastle-under-Lyme 007B,Unable to prosecute suspect
5accc02f65914452c2e750eb1f5bedea9efdaf226ccfc5ea0c8ef61e752ecaab,2019-12,Staffordshire Police,Staffordshire Police,-2.215710,53.037558,On or near ST EDMUND'S AVENUE,E01029584,Newcastle-under-Lyme 008B,Unable to prosecute suspect
3c378cc4abe90a9937c954c2e08921415531a5d9fef0254b6e5757720469527d,2019-12,Staffordshire Police,Staffordshire Police,-2.135964,53.017189,On or near TRIMLEY WAY,E01014221,Stoke-on-Trent 017B,Unable to prosecute suspect
ef0be5047aba8ce36175f34396d727fad3ad4e1ae642dfcbea2caf64e6caa4fa,2019-12,Staffordshire Police,Staffordshire Police,-2.198620,52.975931,On or near Supermarket,E01014346,Stoke-on-Trent 030A,Unable to prosecute suspect
13f8cdc97091012e5154a9c9cc6be139570760f289ef87a2b39141a7d991df0a,2019-12,Staffordshire Police,Staffordshire Police,-2.219260,53.064015,On or near SHACKLETON DRIVE,E01014360,Stoke-on-Trent 002D,Unable to prosecute suspect
29b2cd9130b08ca48e47850d99a3ff877d76911fdb43ea53ef7db28b950e4c42,2019-12,Staffordshire Police,Staffordshire Police,-2.130274,52.998678,On or near CLAYFIELD GROVE,E01014296,Stoke-on-Trent 022A,Unable to prosecute suspect
9e837c0812ae1ca5a7b2c0c5a210195e8cac5aeb87fea6a0b6176618192c07a7,2019-12,Staffordshire Police,Staffordshire Police,-2.130274,52.998678,On or near CLAYFIELD GROVE,E01014296,Stoke-on-Trent 022A,Unable to prosecute suspect
45cfe197ae0cd04295335ca070e01f08897e1a07b24f5908e329249d0edff243,2019-12,Staffordshire Police,Staffordshire Police,,,No location,,,Unable to prosecute suspect
87ba8ea0f9f2fde4f4e5dd538611f5fcb2df9b283b3821810e1029e78b65e909,2019-12,Staffordshire Police,Staffordshire Police,-2.216275,53.063940,On or near SUMMERBANK ROAD,E01014361,Stoke-on-Trent 005D,Unable to prosecute suspect
aedbb2090d1e81436ad2864eff03c51364fd95df387c958d8f36f16f197fa520,2019-12,Staffordshire Police,Staffordshire Police,-2.255465,53.006547,On or near KEELE ROAD,E01029594,Newcastle-under-Lyme 012C,Unable to prosecute suspect
54418625e635c40f996312955af137f3ad987460deb11d8cc8a89fb41d3a3358,2019-12,Staffordshire Police,Staffordshire Police,-2.174846,53.022424,On or near Parking Area,E01014287,Stoke-on-Trent 015D,Unable to prosecute suspect
c1a6452f4faedebc25abfac35cfd2716b0fef0282770980894ff3acc24c31cbe,2019-12,Staffordshire Police,Staffordshire Police,-2.190401,53.074384,On or near COPPULL PLACE,E01014260,Stoke-on-Trent 001D,Unable to prosecute suspect
d6e7743b1f8a1c4ea4d51022ed335f9ff9a4546b705cbe350a6e7a5242acfd03,2019-12,Staffordshire Police,Staffordshire Police,-2.132705,53.019036,On or near LEICESTER PLACE,E01014221,Stoke-on-Trent 017B,Unable to prosecute suspect
fd5db20a266730551133e20ee2f7c000bd038fcf3857683d12e117b25bd9d9b2,2019-12,Staffordshire Police,Staffordshire Police,-2.180714,53.017516,On or near SHELTON FARM ROAD,E01014287,Stoke-on-Trent 015D,Unable to prosecute suspect
6bf23632d71b399ae94e3a954dd8f445693ce574b153a848b3a0957c0381a9c8,2019-12,Staffordshire Police,Staffordshire Police,-2.179643,53.093251,On or near CHILDERPLAY ROAD,E01029771,Staffordshire Moorlands 004B,Unable to prosecute suspect
2d0fa796f47f02097840ea3bc775bb47ba6c0ce4c76f62db81d6cb3b120b0474,2019-12,Staffordshire Police,Staffordshire Police,-2.176447,53.115054,On or near TUNSTALL ROAD,E01029774,Staffordshire Moorlands 003E,Unable to prosecute suspect
ee4fd15d4e65c741291fff5a405c489805b3aab72c507300d9a7a3f6b3ac9982,2019-12,Staffordshire Police,Staffordshire Police,-2.176447,53.115054,On or near TUNSTALL ROAD,E01029774,Staffordshire Moorlands 003E,Unable to prosecute suspect
b5e130c639fbb1665ab34a52303fde3732af7ba23008386a33ee1fc3642440d0,2019-12,Staffordshire Police,Staffordshire Police,-2.186711,53.015053,On or near CEMETERY ROAD,E01014283,Stoke-on-Trent 016E,Unable to prosecute suspect
cb83fe0a15215f7525c83dd72f577e74323da8b47a98bdd0f485b9a7ba149416,2019-12,Staffordshire Police,Staffordshire Police,-2.281493,53.014588,On or near UNDERWOOD ROAD,E01029593,Newcastle-under-Lyme 012B,Unable to prosecute suspect
c0e8b8e624c34018adeee46788a1b98051f30bf46aca7675c0f574e128c05218,2019-12,Staffordshire Police,Staffordshire Police,-2.223983,53.030980,On or near SOUTH TERRACE,E01029610,Newcastle-under-Lyme 009D,Unable to prosecute suspect
3f7ddc321658629398cf3d6f9597a2363ed35fd902acae0d7a0e37236b555679,2019-12,Staffordshire Police,Staffordshire Police,-2.185465,53.033806,On or near DOUGLAS STREET,E01014254,Stoke-on-Trent 011C,Unable to prosecute suspect
7690f05f76a1ec10e53612cf440d8434c1fb26c3b3da8e6e7d43de73db228d86,2019-12,Staffordshire Police,Staffordshire Police,-2.093932,52.977660,On or near LYME ROAD,E01014368,Stoke-on-Trent 028D,Unable to prosecute suspect
742cb0aa7e7a6416d3ef6dad991935b62242c7afefb4968c33771f04a011da75,2019-12,Staffordshire Police,Staffordshire Police,-2.130651,53.014903,On or near BRASSINGTON WAY,E01014222,Stoke-on-Trent 017C,Unable to prosecute suspect
39401d4c0824dc17aee9aa650aed92a0f448fe0b9e3d174abdf1eecdde59d56b,2019-12,Staffordshire Police,Staffordshire Police,-2.243643,53.019040,On or near ST BERNARD'S ROAD,E01029566,Newcastle-under-Lyme 010C,Unable to prosecute suspect
aa67cba051c44bbc08b500d4d534a904c584a1f91b8cecdbd6223cdb3dd12f44,2019-12,Staffordshire Police,Staffordshire Police,,,No location,,,Unable to prosecute suspect
0729760dbf27d3c5df4429787d5d26819757ceb18a307e5afee3e7910736e3c1,2019-12,Staffordshire Police,Staffordshire Police,-2.132658,53.013400,On or near WELLFIELD ROAD,E01014224,Stoke-on-Trent 017E,Unable to prosecute suspect
ced0213f4db961c2e2e8e9a0d924728db68703d990fbbc215f056c40a7ae5532,2019-12,Staffordshire Police,Staffordshire Police,-2.174869,53.024330,On or near ALBION SQUARE,E01014287,Stoke-on-Trent 015D,Unable to prosecute suspect
f59fa66fd97dd19458efb162b2488ffd3c650e234402e1a1e8248b05be58c123,2019-12,Staffordshire Police,Staffordshire Police,-2.151831,52.997808,On or near WOODEND STREET,E01014274,Stoke-on-Trent 020A,Unable to prosecute suspect
3ca081375a473b9a17eafb42c307a239dfbdb2ed1de5a1329eb441fbd505a03c,2019-12,Staffordshire Police,Staffordshire Police,-2.185950,53.049537,On or near MAY STREET,E01014248,Stoke-on-Trent 006F,Unable to prosecute suspect
3ca081375a473b9a17eafb42c307a239dfbdb2ed1de5a1329eb441fbd505a03c,2019-12,Staffordshire Police,Staffordshire Police,-2.185950,53.049537,On or near MAY STREET,E01014248,Stoke-on-Trent 006F,Unable to prosecute suspect
a56f402c0d0c7da19031f1ac8d0e6f991ca3c6e7ec71887845d02bcb2b84513e,2019-12,Staffordshire Police,Staffordshire Police,-2.193372,52.981306,On or near THERESA CLOSE,E01014346,Stoke-on-Trent 030A,Unable to prosecute suspect
c15d62d3071ce5acec2af10ad565d92dec91b7fcea18638608a8a9e99bb5c55e,2019-12,Staffordshire Police,Staffordshire Police,-2.094244,52.984366,On or near HENDERSON GROVE,E01014366,Stoke-on-Trent 028B,Unable to prosecute suspect
4642d09355204839db809ea8ea9172e0b443e2574c23af0f2844cf83b0b7ea5d,2019-12,Staffordshire Police,Staffordshire Police,-2.284099,53.030088,On or near HIGH LANE,E01029556,Newcastle-under-Lyme 005E,Unable to prosecute suspect
1f15929026c47ad0917cb2e391baf1c08195667bea11246c7df9af2593dd66de,2019-12,Staffordshire Police,Staffordshire Police,-2.156935,52.987796,On or near WHITCLIFFE PLACE,E01014239,Stoke-on-Trent 026C,Unable to prosecute suspect
1f4bb603e487d50260cfa2ac39c735bef7f6e4dbec481a5076b31aee05a42d9a,2019-12,Staffordshire Police,Staffordshire Police,-2.157376,53.043618,On or near BAGOT GROVE,E01014269,Stoke-on-Trent 010A,Unable to prosecute suspect
e64f471fcc1b78d3cc9062edb71f9997dda5df47685a2239f9de0a3b32bf2e75,2019-12,Staffordshire Police,Staffordshire Police,-2.179671,53.106995,On or near CROSSFIELD AVENUE,E01029771,Staffordshire Moorlands 004B,Unable to prosecute suspect
22907d04ebe98a3c6e64a658144e3e1b5a171acd5e5766b6595e6c5c67645c19,2019-12,Staffordshire Police,Staffordshire Police,-2.099430,52.978842,On or near WOODGATE STREET,E01014368,Stoke-on-Trent 028D,Unable to prosecute suspect
c4f76f7a9c4a643cc08834fa2d2a92351e93b23a6ccfa2f154aae19bc2add1e7,2019-12,Staffordshire Police,Staffordshire Police,-2.157376,53.043618,On or near BAGOT GROVE,E01014269,Stoke-on-Trent 010A,Unable to prosecute suspect
fdb505b0e54cf47a56366d94b9a9dc4dcf92653b634b39922e9e7f45c512623f,2019-12,Staffordshire Police,Staffordshire Police,-2.096758,52.989424,On or near PRINCESS DRIVE,E01014365,Stoke-on-Trent 024C,Unable to prosecute suspect
76673c808ba2f5f3d2d47d5e1fe45c6e6498d582c2bc8230bcb8c670b3d2d7eb,2019-12,Staffordshire Police,Staffordshire Police,-2.143247,52.992937,On or near FOLEY PLACE,E01014273,Stoke-on-Trent 021A,Unable to prosecute suspect
76673c808ba2f5f3d2d47d5e1fe45c6e6498d582c2bc8230bcb8c670b3d2d7eb,2019-12,Staffordshire Police,Staffordshire Police,-2.143247,52.992937,On or near FOLEY PLACE,E01014273,Stoke-on-Trent 021A,Unable to prosecute suspect
23aedf95b0711901fa530735dd9c75531ce028bcd84708e830a9ad6aef193dd4,2019-12,Staffordshire Police,Staffordshire Police,-2.132658,53.013400,On or near WELLFIELD ROAD,E01014224,Stoke-on-Trent 017E,Unable to prosecute suspect
a2af8998bb107a7c171a270c672a5204227ecb99f160173ea9725a194457b087,2019-12,Staffordshire Police,Staffordshire Police,,,No location,,,Unable to prosecute suspect
1c946b52162ac568b6b31ca08c44c1c2a9d605cc89d470c3e0c14bdf20e2a4bc,2019-12,Staffordshire Police,Staffordshire Police,,,No location,,,Unable to prosecute suspect
ddece8fdd8782c00c39bc44cb217ab26208ac20b5a14f797aa4fcc98c6dccf41,2019-12,Staffordshire Police,Staffordshire Police,,,No location,,,Unable to prosecute suspect
18874ce35b008ed3074a034551648aaf63ccfe2255dab5779e5e5c717556ae29,2019-12,Staffordshire Police,Staffordshire Police,-2.222825,53.003107,On or near TANSEY WAY,E01029551,Newcastle-under-Lyme 014B,Unable to prosecute suspect
5bb3975cf42a6635ecdfff3755bec78f57fe27fce378b2b62c344903feae38bc,2019-12,Staffordshire Police,Staffordshire Police,-2.136324,53.022493,On or near LILLYDALE ROAD,E01014218,Stoke-on-Trent 014A,Unable to prosecute suspect
3c777da096698d28791541cb60ec32ac3d27cec9fcbcdcafa63f2ee82d4f10cc,2019-12,Staffordshire Police,Staffordshire Police,-1.972493,53.219193,On or near Park/Open Space,E01029797,Staffordshire Moorlands 001A,Unable to prosecute suspect
bfd73d556ae8476ef944d72de5df19af2f2a562d9dc5be473b0dc0fe17518b55,2019-12,Staffordshire Police,Staffordshire Police,-2.101834,52.987946,On or near PARTON GROVE,E01014365,Stoke-on-Trent 024C,Unable to prosecute suspect
377072aef44936ae877593f234d2c4afa7e75d5f194b0e5e73d35468e15c18a2,2019-12,Staffordshire Police,Staffordshire Police,-2.173246,52.995288,On or near FENTON HALL CLOSE,E01014277,Stoke-on-Trent 020D,Unable to prosecute suspect
ca8c89054c49ed77caf2394343129a1fe0706d88712900305e565edafb2894e0,2019-12,Staffordshire Police,Staffordshire Police,-2.181730,53.000390,On or near SELWYN STREET,E01014345,Stoke-on-Trent 019E,Unable to prosecute suspect
1d7c536ed701bdd4aa7229bce57f882b2b3d0e869803f8e7231b2c50fc492294,2019-12,Staffordshire Police,Staffordshire Police,-2.181730,53.000390,On or near SELWYN STREET,E01014345,Stoke-on-Trent 019E,Unable to prosecute suspect
1d7c536ed701bdd4aa7229bce57f882b2b3d0e869803f8e7231b2c50fc492294,2019-12,Staffordshire Police,Staffordshire Police,-2.181730,53.000390,On or near SELWYN STREET,E01014345,Stoke-on-Trent 019E,Unable to prosecute suspect
4c0440639ba038136b536ac45265f97838e0e97d1c3562259353005c71b2424e,2019-12,Staffordshire Police,Staffordshire Police,,,No location,,,Unable to prosecute suspect
4f5e9505453573af75b7a47936355c50647b667fb96554dc56426620228ae76e,2019-12,Staffordshire Police,Staffordshire Police,-2.126284,53.010036,On or near HOUSEFIELD ROAD,E01014224,Stoke-on-Trent 017E,Unable to prosecute suspect
12fb763a1c7e4c8429e91bd8835ada68c3222b5a79903f6ebce426b823416f62,2019-12,Staffordshire Police,Staffordshire Police,-2.131566,53.055902,On or near CRESTWAY ROAD,E01014214,Stoke-on-Trent 007A,Unable to prosecute suspect
7f08df809f30f11fc1d013f71bc5b1c379e7b2ffc6c2293e14879ca00d0ba271,2019-12,Staffordshire Police,Staffordshire Police,-2.161331,53.000258,On or near HITCHMAN STREET,E01014275,Stoke-on-Trent 020B,Unable to prosecute suspect
2f196512cfc30001494fe87d216e72f47f616a5aaf57e9c6132f18e6d8548121,2019-12,Staffordshire Police,Staffordshire Police,-2.233797,52.990115,On or near SEABRIDGE LANE,E01029590,Newcastle-under-Lyme 015C,Unable to prosecute suspect
54cb480a7ce61c035e63d5337032d10c86f6ea5dd9d04055e7cd0cd496f9d16f,2019-12,Staffordshire Police,Staffordshire Police,-2.143239,53.048922,On or near MILLRISE ROAD,E01014265,Stoke-on-Trent 007D,Unable to prosecute suspect
49e7c8c0e393b76a3031670986266ae3ac9286130273d3bd41e15d7b7099bac5,2019-12,Staffordshire Police,Staffordshire Police,-2.039216,52.961879,On or near DRAYCOTT OLD ROAD,E01029789,Staffordshire Moorlands 012B,Unable to prosecute suspect
61f3221d04b3953119f8641621d37e13955ad8168bbedf359f02a81e1b40d74b,2019-12,Staffordshire Police,Staffordshire Police,-2.144918,53.051275,On or near CAISTOR CLOSE,E01014267,Stoke-on-Trent 007E,Unable to prosecute suspect
7f7b60bff9c42aa4498aac0cb460e0ba39e2654c5d16d195a9fabf6efaf57cf2,2019-12,Staffordshire Police,Staffordshire Police,-2.291348,53.056975,On or near DIGLAKE STREET,E01029534,Newcastle-under-Lyme 005C,Unable to prosecute suspect
caa11e9fa3c3a9a970a5c3c4dbebde9b9b662374d891e95a831097a7c72cb223,2019-12,Staffordshire Police,Staffordshire Police,-2.126284,53.010036,On or near HOUSEFIELD ROAD,E01014224,Stoke-on-Trent 017E,Unable to prosecute suspect
977e8ecf6014cc4015f39468fdb0d0db0b559ac1d80bc073b10ca33c3012725d,2019-12,Staffordshire Police,Staffordshire Police,-2.176447,53.115054,On or near TUNSTALL ROAD,E01029774,Staffordshire Moorlands 003E,Unable to prosecute suspect
b43554ec5f600387adf212872434875821e0a9250494dd7fd3c24098320fbf0a,2019-12,Staffordshire Police,Staffordshire Police,-2.231245,53.039488,On or near LONGSHAW AVENUE,E01029538,Newcastle-under-Lyme 006B,Unable to prosecute suspect
c9f5b65091d61987192a02050abf9f542fef0cea7544d13a4049b0c0378109a0,2019-12,Staffordshire Police,Staffordshire Police,-2.233035,53.011834,On or near STANIER STREET,E01029604,Newcastle-under-Lyme 011E,Unable to prosecute suspect
9e5a3180419eb7d86e7d767e3b6f2bcfe7b54740a24a6dd4a36a26850d462a7d,2019-12,Staffordshire Police,Staffordshire Police,-2.089448,53.027724,On or near MOUNT CLOSE,E01029780,Staffordshire Moorlands 009B,Unable to prosecute suspect
55aeb87b87068f879de189767f2842fcaa3317761a09ee1cf38092b30cae355b,2019-12,Staffordshire Police,Staffordshire Police,-2.220709,53.073037,On or near FERNEY PLACE,E01014358,Stoke-on-Trent 002B,Unable to prosecute suspect
1631397e4a36dab4d7906239bc0346240df1bba8689b8e6d70871cddbaa777a6,2019-12,Staffordshire Police,Staffordshire Police,,,No location,,,Unable to prosecute suspect
693fb319981473e0df681636fbbdb8e03b02699691faf041fb736089ed29149a,2019-12,Staffordshire Police,Staffordshire Police,-2.150736,53.021289,On or near BREWESTER ROAD,E01014230,Stoke-on-Trent 014F,Unable to prosecute suspect
172d12db2fb044c26c4f4b5994099a8d044b1dfcc3af72e94985e8d982b1ce3f,2019-12,Staffordshire Police,Staffordshire Police,-2.120209,53.012307,On or near LOWTHORPE WAY,E01014223,Stoke-on-Trent 017D,Unable to prosecute suspect
0b7c5be78912c9a672c6eddd35b48509169d32db93fe9c372f18e75124cff8de,2019-12,Staffordshire Police,Staffordshire Police,-2.232501,53.042686,On or near DENRY CRESCENT,E01029538,Newcastle-under-Lyme 006B,Unable to prosecute suspect
da3c7cc8793f6914c73f8bc17679ec1004f5c5fe90cc8fbe0e03a7297bd3af9e,2019-12,Staffordshire Police,Staffordshire Police,-1.944324,53.021138,On or near JUBILEE DRIVE,E01029795,Staffordshire Moorlands 010C,Unable to prosecute suspect
e57baa68184f79383911043869b87854a28c02402763537671e1c9efd04ae912,2019-12,Staffordshire Police,Staffordshire Police,-2.143194,52.994852,On or near BROCKSFORD STREET,E01014273,Stoke-on-Trent 021A,Unable to prosecute suspect
cec6030bb0d079f0c1966086cce82fe1333adfc9b7183a426c030f110ea996bc,2019-12,Staffordshire Police,Staffordshire Police,-2.012237,53.102897,On or near HILL VIEW,E01029805,Staffordshire Moorlands 006C,Unable to prosecute suspect
a69dcd1ce047dbdfb2cff08cf5b2541ac8bf1d6c2acf80d908005ad163185ddb,2019-12,Staffordshire Police,Staffordshire Police,-2.012237,53.102897,On or near HILL VIEW,E01029805,Staffordshire Moorlands 006C,Unable to prosecute suspect
f2dc7fb421ec6643e5beecb9ec047134355631ac254624a67bdc33d578c25d9f,2019-12,Staffordshire Police,Staffordshire Police,-2.232550,53.013156,On or near GREENSIDE,E01029604,Newcastle-under-Lyme 011E,Unable to prosecute suspect
82ab330ed649a734c44fe834bdeff8572c8d05bb11bd5e6ad0ed2bcd8126ba07,2019-12,Staffordshire Police,Staffordshire Police,-2.194934,53.056902,On or near THORNLEY ROAD,E01014244,Stoke-on-Trent 006D,Unable to prosecute suspect
846ed429c57ab85e9358ddb10071dc7aa4b6f13926f75276d131ca346135b6fb,2019-12,Staffordshire Police,Staffordshire Police,,,No location,,,Unable to prosecute suspect
a74dc65be6910ceb543e9dcebb9f9603187bf59387e782c05cef01dc8c753003,2019-12,Staffordshire Police,Staffordshire Police,-2.214611,53.071359,On or near HENSHALL PLACE,E01014360,Stoke-on-Trent 002D,Unable to prosecute suspect
99fe206025fa43484d1ecf24da16e97c4bbe2327bfff708613f24aa9c37c2578,2019-12,Staffordshire Police,Staffordshire Police,-2.199435,53.068796,On or near FRANCIS STREET,E01014241,Stoke-on-Trent 006A,Unable to prosecute suspect
17b0a49fd87938a501526f2d9f10f5616eb5e91b3c585fa41a0e628189305704,2019-12,Staffordshire Police,Staffordshire Police,,,No location,,,Unable to prosecute suspect
61481ce3fd738612a8c2fc5532f216fd58bec359fabdd0fd126e1fdaf47d36ee,2019-12,Staffordshire Police,Staffordshire Police,-2.096573,53.159650,On or near STATION LANE,E01029802,Staffordshire Moorlands 002D,Unable to prosecute suspect
8da3c624a865dcd7c1e1bed24c10e26c1a8199ed65fbaf019a12371e5bf16645,2019-12,Staffordshire Police,Staffordshire Police,-2.193056,53.064070,On or near CARLTON AVENUE,E01014242,Stoke-on-Trent 006B,Unable to prosecute suspect
62ba6aa22f80ce1184469d2bb0322c6f440ac353b2ec5893612fe26767c80b66,2019-12,Staffordshire Police,Staffordshire Police,-2.187820,53.030234,On or near SHAW STREET,E01014254,Stoke-on-Trent 011C,Unable to prosecute suspect
4ebc1712d489a6c9b2fb2b7fbba875580970fce234c7615d2494d78a1a25270a,2019-12,Staffordshire Police,Staffordshire Police,-2.136761,53.019409,On or near TRURO PLACE,E01014221,Stoke-on-Trent 017B,Unable to prosecute suspect
382cc7083df08c8872cea8af13c77a9de700970f3dc4cb23e2c1b4a02b8194e3,2019-12,Staffordshire Police,Staffordshire Police,-2.153984,53.041708,On or near BOUVERIE PARADE,E01014269,Stoke-on-Trent 010A,Unable to prosecute suspect
937e0dde5a5ba78b3675bb3aa08b867622cf1936d0ebdc2ce6742c805c249d10,2019-12,Staffordshire Police,Staffordshire Police,-2.136761,53.019409,On or near TRURO PLACE,E01014221,Stoke-on-Trent 017B,Unable to prosecute suspect
e50e9cae835c35f73c2d0c8d9fd2bf604d59f3fb40e0e4daab87f101337b273a,2019-12,Staffordshire Police,Staffordshire Police,-2.136761,53.019409,On or near TRURO PLACE,E01014221,Stoke-on-Trent 017B,Unable to prosecute suspect
934cc438d0f2fc442417b3902aa561c8f57f1369994986b93c31db7be7beb386,2019-12,Staffordshire Police,Staffordshire Police,-2.180343,53.032025,On or near WHITEHAVEN DRIVE,E01014256,Stoke-on-Trent 011D,Unable to prosecute suspect
ff287046cc2df08fc32f23862a47edf2897686fb1b333df526bc643a29b9410b,2019-12,Staffordshire Police,Staffordshire Police,-2.123112,52.979494,On or near ARGYLL ROAD,E01014305,Stoke-on-Trent 029A,Unable to prosecute suspect
4bab6f4820faa50f920d2574d6153e659287e1260ebc916201eb91aafd12168e,2019-12,Staffordshire Police,Staffordshire Police,,,No location,,,Unable to prosecute suspect
2eb23a0729bc0bb5555b3681df4a185a7655fb2ba60837937bc79c290ed672f6,2019-12,Staffordshire Police,Staffordshire Police,-2.190516,53.022760,On or near GARNET STREET,E01014285,Stoke-on-Trent 015B,Unable to prosecute suspect
54c51d8459c38cd3aa0755abcd7450ef3e6398dc9ec2a63df63926c6447cb747,2019-12,Staffordshire Police,Staffordshire Police,-2.044187,52.988710,On or near NEW ROAD,E01029778,Staffordshire Moorlands 012A,Unable to prosecute suspect
fa64689ecfa40f7e5c59fd5e4133dfb0e69a9833ef96027d11c9ff184187892b,2019-12,Staffordshire Police,Staffordshire Police,-2.143630,53.023014,On or near SORREL CLOSE,E01014219,Stoke-on-Trent 014B,Unable to prosecute suspect
1be59c197eaba446a38a9530133d785c6dff308ccf9521e1992528846df75d6d,2019-12,Staffordshire Police,Staffordshire Police,-2.189312,53.016685,On or near LOMAS STREET,E01014281,Stoke-on-Trent 015A,Unable to prosecute suspect
73f16cd346a65fc55d4ad4e0d3eeff34461fb9fc3989dbf70a8db1d0e58c5611,2019-12,Staffordshire Police,Staffordshire Police,-2.179853,53.021922,On or near Parking Area,E01014287,Stoke-on-Trent 015D,Unable to prosecute suspect
621a357c48317e734e8c1319ddfd1b6f478269c0864b1a37756572defe0a4ad9,2019-12,Staffordshire Police,Staffordshire Police,-2.156215,53.044051,On or near REPINGTON ROAD,E01014269,Stoke-on-Trent 010A,Unable to prosecute suspect
94f8f10b154c41e8bb53c761f59a341166cdfc6b6ad12afe86a23ebd40ad4fe2,2019-12,Staffordshire Police,Staffordshire Police,-2.181123,53.004877,On or near GLEBE STREET,E01014293,Stoke-on-Trent 019A,Unable to prosecute suspect
81a34a3c59268b34735df776a5f06caaa44d83af51d7979df6412a9eac7ddc82,2019-12,Staffordshire Police,Staffordshire Police,-2.170419,53.049003,On or near PEDLEY GROVE,E01014268,Stoke-on-Trent 008C,Unable to prosecute suspect
d537a6403ae4bcea23ad048b81c8a9d0073368f3ec58621c09a33d97a39742a8,2019-12,Staffordshire Police,Staffordshire Police,-2.192579,53.010639,On or near NORTH STREET,E01014291,Stoke-on-Trent 018D,Unable to prosecute suspect
6cee2c8e56e6619e89f249f6406057ae438928d01f09d3bd5cecc66893151801,2019-12,Staffordshire Police,Staffordshire Police,-2.255106,53.054370,On or near GATEWAY,E01029545,Newcastle-under-Lyme 004C,Unable to prosecute suspect
389a3ee6c61ca63442d0293e37f8ece3c9604fb3159c78e226427b78ff91357e,2019-12,Staffordshire Police,Staffordshire Police,-2.134840,52.981657,On or near FERN PLACE,E01014306,Stoke-on-Trent 029B,Unable to prosecute suspect
b630ad4d8c7d31257c9f26bb4250207e54e4677855057ad2301aaf5c40b68eda,2019-12,Staffordshire Police,Staffordshire Police,-2.136670,53.037675,On or near ELMSMERE ROAD,E01014217,Stoke-on-Trent 012E,Unable to prosecute suspect
3f4d52355ebd1312221adfddc3ab7bf11960c7d4be2ee49a1e9f9eccb84f6f5b,2019-12,Staffordshire Police,Staffordshire Police,-2.215264,53.073641,On or near MAUREEN AVENUE,E01014360,Stoke-on-Trent 002D,Unable to prosecute suspect
3f64005899f9916c3b85e38b0a487e14e11333bf37d46782969ca7017b02c3ef,2019-12,Staffordshire Police,Staffordshire Police,,,No location,,,Unable to prosecute suspect
003f3956d588a6a4c78127398fba7a4dfa86284aea2ce797b21ad84bd1241dfb,2019-12,Staffordshire Police,Staffordshire Police,-2.123112,52.979494,On or near ARGYLL ROAD,E01014305,Stoke-on-Trent 029A,Unable to prosecute suspect
b78c08ee82af3eaab50addd4db8cae10961c119cdf01c08083f2f9bd6fe5f5b2,2019-12,Staffordshire Police,Staffordshire Police,-2.202014,53.052234,On or near BURNHAYS ROAD,E01014252,Stoke-on-Trent 009D,Unable to prosecute suspect
4177528c68f04abf42625f3560c9c16be98b013666e98457330b2c011774b262,2019-12,Staffordshire Police,Staffordshire Police,-2.179964,53.059272,On or near BARLEYFIELDS,E01014333,Stoke-on-Trent 003D,Unable to prosecute suspect
9a84df472a9b42b888a7cffd412011771e26815f75d97feb56ff073243e14eb4,2019-12,Staffordshire Police,Staffordshire Police,-2.194400,53.074099,On or near PETERSFIELD ROAD,E01014259,Stoke-on-Trent 001C,Unable to prosecute suspect
66a07e3a4fb07171976e2c9a65e175fca5b07c24a4f70d50672187ae9ec70e0a,2019-12,Staffordshire Police,Staffordshire Police,-2.140282,53.029572,On or near BRYANT ROAD,E01014213,Stoke-on-Trent 012D,Unable to prosecute suspect
b9ed06d69acaf1dc8d8e5abcdca1b034e6e3e86f79b81ef0e1b7768822a7d89c,2019-12,Staffordshire Police,Staffordshire Police,-2.121675,53.003299,On or near NEWCOMEN GROVE,E01014229,Stoke-on-Trent 017F,Unable to prosecute suspect
199c80341430722b83bf0de4306441e1ced34c7d000b904187e41f951d334e2e,2019-12,Staffordshire Police,Staffordshire Police,-2.121675,53.003299,On or near NEWCOMEN GROVE,E01014229,Stoke-on-Trent 017F,Unable to prosecute suspect
6ec79e131509bfa22dd455a01c9ea84be10a59b2ca47109909d4834da1622ff6,2019-12,Staffordshire Police,Staffordshire Police,-2.204972,53.065605,On or near HALLFIELD GROVE,E01014359,Stoke-on-Trent 002C,Unable to prosecute suspect
6ec79e131509bfa22dd455a01c9ea84be10a59b2ca47109909d4834da1622ff6,2019-12,Staffordshire Police,Staffordshire Police,-2.204972,53.065605,On or near HALLFIELD GROVE,E01014359,Stoke-on-Trent 002C,Unable to prosecute suspect
332d19389daf06f8a36acec089b584d0bc4ed64ddaa9934626b9319c461fa69b,2019-12,Staffordshire Police,Staffordshire Police,-2.166229,53.068829,On or near OLDFIELD AVENUE,E01014337,Stoke-on-Trent 004E,Unable to prosecute suspect
f0b7757fc7f8e641ad1ea167ef6e24658f6143455d9c4fd18d880794f935be29,2019-12,Staffordshire Police,Staffordshire Police,-2.148691,52.994611,On or near BISHOP STREET,E01014279,Stoke-on-Trent 020E,Unable to prosecute suspect
4d48006ae4f04079444b5999b0866e32df9e99375e15657cece4a84c3250b84b,2019-12,Staffordshire Police,Staffordshire Police,,,No location,,,Unable to prosecute suspect
f33b4ed8c5d9c363e6a4d1da89b919e6010254caa2f405da9cb3f7741aaea915,2019-12,Staffordshire Police,Staffordshire Police,-2.192630,52.995411,On or near MUNRO STREET,E01014338,Stoke-on-Trent 023A,Unable to prosecute suspect
4bfb1805ef11399c5523e56941c2aad651f45b95936b03a69891945ca2669132,2019-12,Staffordshire Police,Staffordshire Police,-2.235314,53.014373,On or near KNUTTON LANE,E01029604,Newcastle-under-Lyme 011E,Unable to prosecute suspect
4bfb1805ef11399c5523e56941c2aad651f45b95936b03a69891945ca2669132,2019-12,Staffordshire Police,Staffordshire Police,-2.235314,53.014373,On or near KNUTTON LANE,E01029604,Newcastle-under-Lyme 011E,Unable to prosecute suspect
4bfb1805ef11399c5523e56941c2aad651f45b95936b03a69891945ca2669132,2019-12,Staffordshire Police,Staffordshire Police,-2.235314,53.014373,On or near KNUTTON LANE,E01029604,Newcastle-under-Lyme 011E,Unable to prosecute suspect
c86971c81156b962af99d58fbd405d742cb8118d993a8f31ac0ea04b11b0ec7b,2019-12,Staffordshire Police,Staffordshire Police,-2.165222,53.031949,On or near MOUNT STREET,E01014327,Stoke-on-Trent 013B,Unable to prosecute suspect
c7cdf52e3b61d43c39fc09722e5c6d8a7966cc8a3f825ce67a416a5869bb2360,2019-12,Staffordshire Police,Staffordshire Police,-2.108062,52.970600,On or near QUEENSMEAD ROAD,E01014319,Stoke-on-Trent 033C,Unable to prosecute suspect
0a94006e4ae1f42f491af6b147fea43a63becfb34640e7916f6d7480cad0713c,2019-12,Staffordshire Police,Staffordshire Police,-2.186728,52.998234,On or near CORPORATION STREET,E01014340,Stoke-on-Trent 019D,Unable to prosecute suspect
4ce10d4b7c6f055fc130dea72b7175dc58bfa7a43911b4b37246e3ac1b8c3ec4,2019-12,Staffordshire Police,Staffordshire Police,-2.172659,52.986264,On or near DENNIS VIOLLET AVENUE,E01014234,Stoke-on-Trent 026B,Unable to prosecute suspect
beb2fc6265a708ff070dd5079c4d7ddebcffc7a008256fca5836459d1fa9e539,2019-12,Staffordshire Police,Staffordshire Police,-2.207330,52.991233,On or near HILLFIELD AVENUE,E01014344,Stoke-on-Trent 023E,Unable to prosecute suspect
92fd686a4519a76d049e42ecf6a3bfe7339504493b1314c48cfcf43d6f624bac,2019-12,Staffordshire Police,Staffordshire Police,-2.157119,52.977099,On or near ASHBY CRESCENT,E01014236,Stoke-on-Trent 032B,Unable to prosecute suspect
e5978d1f425953c85e872e295cfc1bece710cf08b12ac608ffa53e107180564c,2019-12,Staffordshire Police,Staffordshire Police,-2.157119,52.977099,On or near ASHBY CRESCENT,E01014236,Stoke-on-Trent 032B,Unable to prosecute suspect
11e1a4b35c83295bfc1ae81d0a5b6f8a8c5aa7cdd2b145bb376810e6e216c051,2019-12,Staffordshire Police,Staffordshire Police,-2.253431,53.086672,On or near MILLSTONE AVENUE,E01029541,Newcastle-under-Lyme 003B,Unable to prosecute suspect
837fa7bdd112716d4dd0719db4cb7b6ebfd3bafd8e1e468a932802bc743677b9,2019-12,Staffordshire Police,Staffordshire Police,-2.143721,53.001072,On or near SHARDLOW CLOSE,E01014280,Stoke-on-Trent 021C,Unable to prosecute suspect
aa86917cbb6e6ea81b900edbed05751f3db049094b3603d1f027cbef31f600d4,2019-12,Staffordshire Police,Staffordshire Police,-2.207330,52.991233,On or near HILLFIELD AVENUE,E01014344,Stoke-on-Trent 023E,Unable to prosecute suspect
164eab1556813eebe7f5452e13df95dbd178d740bfb9bba6c1af92ec3d9e5716,2019-12,Staffordshire Police,Staffordshire Police,-2.153791,52.966702,On or near Supermarket,E01014238,Stoke-on-Trent 032D,Unable to prosecute suspect
c2812e67eeaea1ed3cc318e214271d124ebf09ba8fac0b1584ba539bb19f5879,2019-12,Staffordshire Police,Staffordshire Police,-2.137186,53.017188,On or near CRANFIELD PLACE,E01014221,Stoke-on-Trent 017B,Unable to prosecute suspect
fdcff4126c958ca99fadf2cc35ce2a404da58b761e958cb928d6cf8587ec7b2e,2019-12,Staffordshire Police,Staffordshire Police,-2.119042,53.005297,On or near STIRLING CLOSE,E01014223,Stoke-on-Trent 017D,Unable to prosecute suspect
fdcff4126c958ca99fadf2cc35ce2a404da58b761e958cb928d6cf8587ec7b2e,2019-12,Staffordshire Police,Staffordshire Police,-2.119042,53.005297,On or near STIRLING CLOSE,E01014223,Stoke-on-Trent 017D,Unable to prosecute suspect
8eeb5198d0208329f7ebff6847b755af8a5b5e5106fc266d1a234cec342cc4dc,2019-12,Staffordshire Police,Staffordshire Police,-2.178338,53.008711,On or near THORNTON ROAD,E01014283,Stoke-on-Trent 016E,Unable to prosecute suspect
77a3e6eb25f56523995adcca0f61e231fd48df0f81e50dca6158399866a5b131,2019-12,Staffordshire Police,Staffordshire Police,-2.207074,53.040387,On or near BURGESS STREET,E01014251,Stoke-on-Trent 009C,Unable to prosecute suspect
1e3fe454319a3c4f1442dc3a51106fc3507ff99cdcbf62ba3ea0e75359162df3,2019-12,Staffordshire Police,Staffordshire Police,-2.217361,53.033635,On or near FAULDS COURT,E01029609,Newcastle-under-Lyme 008D,Unable to prosecute suspect
f4ee3e8196417da40613362324aa22c1d5012b0fd4847dc65d73b5ed08dfb220,2019-12,Staffordshire Police,Staffordshire Police,-2.127641,53.015239,On or near WINCHESTER AVENUE,E01014222,Stoke-on-Trent 017C,Unable to prosecute suspect
657e48308139f50b2d07b59564d4b1fdc6964a748a7fc5e2852812dd5a4343f0,2019-12,Staffordshire Police,Staffordshire Police,-2.185474,53.028934,On or near CENTURY STREET,E01014254,Stoke-on-Trent 011C,Unable to prosecute suspect
c5a328a078c4f019178b6e599321defe9ed07db99a6f3f946a9d6482267c7a6b,2019-12,Staffordshire Police,Staffordshire Police,-2.222062,52.985094,On or near BARN COURT,E01029589,Newcastle-under-Lyme 015B,Unable to prosecute suspect
008cda5c60b84d699d313c54b59e0ad687dda4007fa9434af5c0490ffbc5ba90,2019-12,Staffordshire Police,Staffordshire Police,-2.178443,53.027102,On or near NEW HALL STREET,E01014287,Stoke-on-Trent 015D,Unable to prosecute suspect
0d043ce823869660a7fa09e9ecf52948e5a3da76c17440e3cb71d801b7fbae3f,2019-12,Staffordshire Police,Staffordshire Police,-2.220709,53.073037,On or near FERNEY PLACE,E01014358,Stoke-on-Trent 002B,Unable to prosecute suspect
ea0b8359982751551aa50900c9e851d5ca91def169972376a0faac6fccfecc40,2019-12,Staffordshire Police,Staffordshire Police,-2.130974,53.057493,On or near QUARRY CLOSE,E01014214,Stoke-on-Trent 007A,Unable to prosecute suspect
2801a85f1ba643446b597122419e40fbf3d33db7cf1797f2f279e1655ed79fc1,2019-12,Staffordshire Police,Staffordshire Police,-2.210522,53.013305,On or near HADRIAN GROVE,E01014288,Stoke-on-Trent 018A,Unable to prosecute suspect
2801a85f1ba643446b597122419e40fbf3d33db7cf1797f2f279e1655ed79fc1,2019-12,Staffordshire Police,Staffordshire Police,-2.210522,53.013305,On or near HADRIAN GROVE,E01014288,Stoke-on-Trent 018A,Unable to prosecute suspect
c46fac5662de29a3b6c0fa1eb6e27f2f1d8e57f7c3786adb61a93d88d324d24c,2019-12,Staffordshire Police,Staffordshire Police,-2.140102,53.024448,On or near MARY ROSE CLOSE,E01014219,Stoke-on-Trent 014B,Unable to prosecute suspect
258ca542c4457e15693f115042004b0fc13b43d3f753e4a97493b8fb3b63423b,2019-12,Staffordshire Police,Staffordshire Police,-2.162394,52.997560,On or near GLEBEDALE ROAD,E01014274,Stoke-on-Trent 020A,Unable to prosecute suspect
e68fd46347888228bfab299e1553f5b71c94e01f613ce65c49a95b1ca7c228dc,2019-12,Staffordshire Police,Staffordshire Police,-2.140842,52.981731,On or near GLENCOE STREET,E01014311,Stoke-on-Trent 027C,Unable to prosecute suspect
e6fb895177a52351ee8ff79d705a0b322b439fe5d2eceffcbf98c4769feeedcb,2019-12,Staffordshire Police,Staffordshire Police,-2.133269,53.022928,On or near MILLWARD ROAD,E01014218,Stoke-on-Trent 014A,Unable to prosecute suspect
929957ad959aabcacafc869ddc5478b5976265e28e29ef56ae650d08f4dc10c1,2019-12,Staffordshire Police,Staffordshire Police,-2.170323,53.028382,On or near Parking Area,E01014330,Stoke-on-Trent 013E,Unable to prosecute suspect
972ff17af8d74e68c3474bc2e9171e74fcb781b9d47c0b978d5b4f2736b4d5e5,2019-12,Staffordshire Police,Staffordshire Police,-2.140730,52.992949,On or near PACKETT STREET,E01014273,Stoke-on-Trent 021A,Unable to prosecute suspect
0081acc44568afbd8a83c9f06ff21b6612ab322db1c30753695ee712143c614f,2019-12,Staffordshire Police,Staffordshire Police,-2.165862,53.062780,On or near SMITHYFIELD ROAD,E01014336,Stoke-on-Trent 004D,Unable to prosecute suspect
96af375ee5c572e2685ce250d320bda1462ed87aa7c1ff5c02ec12205940489d,2019-12,Staffordshire Police,Staffordshire Police,-2.240764,53.085628,On or near ST JOHN'S WOOD,E01029588,Newcastle-under-Lyme 002D,Unable to prosecute suspect
70c608c1fea21673d0374619d3ee7529b9f6e134fe5b5e92daccc47104a40b69,2019-12,Staffordshire Police,Staffordshire Police,,,No location,,,Unable to prosecute suspect
a9960e24f3cd2e4ec8d5b085d5dfa50c342bd32e3d2053c1d48606f409a2eaf1,2019-12,Staffordshire Police,Staffordshire Police,-2.228058,52.992229,On or near GRASMERE AVENUE,E01029591,Newcastle-under-Lyme 014C,Unable to prosecute suspect
e543f5868312c9f6d980fc507160af45fa71d9aabebe3be425cbed11f3ba07d3,2019-12,Staffordshire Police,Staffordshire Police,-2.172659,52.986264,On or near DENNIS VIOLLET AVENUE,E01014234,Stoke-on-Trent 026B,Unable to prosecute suspect
be8eddc4cefa3c2136db526150d7d158cefc05a1944259d40ec1daa21fab0155,2019-12,Staffordshire Police,Staffordshire Police,-2.215415,53.064948,On or near HARDY STREET,E01014361,Stoke-on-Trent 005D,Unable to prosecute suspect
bcddc050e4609a48ffa7d29bc1d74b7a80ce6bad233166f2f98903cf208dcf10,2019-12,Staffordshire Police,Staffordshire Police,-2.127731,52.980298,On or near ROXBURGHE AVENUE,E01014305,Stoke-on-Trent 029A,Unable to prosecute suspect
bcddc050e4609a48ffa7d29bc1d74b7a80ce6bad233166f2f98903cf208dcf10,2019-12,Staffordshire Police,Staffordshire Police,-2.127731,52.980298,On or near ROXBURGHE AVENUE,E01014305,Stoke-on-Trent 029A,Unable to prosecute suspect
2be726d23b986a10ac10d6aba46f74ed51035d0ba3ed491831f3a85c84909bde,2019-12,Staffordshire Police,Staffordshire Police,-2.095206,52.988464,On or near AXON CRESCENT,E01014365,Stoke-on-Trent 024C,Unable to prosecute suspect
d390aa6d19b07652b8e5230f5dc8ac7b36dceb2261c5fcd5748d3fc62cda1050,2019-12,Staffordshire Police,Staffordshire Police,-2.252514,53.034645,On or near LANDSEER PLACE,E01029559,Newcastle-under-Lyme 007C,Unable to prosecute suspect
9ede6dd4bae895f6fa4829e4bb8ff103d9d479cad8165251d5f2a6840647b922,2019-12,Staffordshire Police,Staffordshire Police,-2.254791,53.048932,On or near HOLLY ROAD,E01029547,Newcastle-under-Lyme 007A,Unable to prosecute suspect
084f7cd93d25bec62577d5c031239e2a468f9b78526e686dbe91fd56359b4fb4,2019-12,Staffordshire Police,Staffordshire Police,-2.220120,53.077623,On or near GOLF LINKS CLOSE,E01014357,Stoke-on-Trent 002A,Unable to prosecute suspect
15258687b82ed96bf7e85eaf2a089b1b31848041d20ff90e860f7d1aaf008817,2019-12,Staffordshire Police,Staffordshire Police,-2.168554,53.026056,On or near LINFIELD ROAD,E01014330,Stoke-on-Trent 013E,Unable to prosecute suspect
4c2f9bf8492a3c6fae2dfb0c7e3a1665f43dad6bd168ebcabe35095d02f5c3ff,2019-12,Staffordshire Police,Staffordshire Police,-2.201308,52.984026,On or near STONE ROAD,E01014344,Stoke-on-Trent 023E,Unable to prosecute suspect
99d76066ad68ad80455604a56f470cae3b15be177e6f62acebe7106a116e1a20,2019-12,Staffordshire Police,Staffordshire Police,-2.134672,52.980542,On or near BLANTYRE STREET,E01014309,Stoke-on-Trent 027B,Unable to prosecute suspect
b7a38f095a66b3174b13fa2be4da114c9133d92d278192359e3a2779a034ef6e,2019-12,Staffordshire Police,Staffordshire Police,,,No location,,,Unable to prosecute suspect
5108a1fe2cf89f6e5594dd87ab2d76f5c7bc3f001f24cf83495209ee113f9515,2019-12,Staffordshire Police,Staffordshire Police,-2.105810,52.981174,On or near OAK PLACE,E01014321,Stoke-on-Trent 028A,Unable to prosecute suspect
7aab76b671b0c93896fa28057f5dd57a5277ff4ca5004e307608a36eb3293b74,2019-12,Staffordshire Police,Staffordshire Police,-2.097249,52.982601,On or near LEASON ROAD,E01014366,Stoke-on-Trent 028B,Unable to prosecute suspect
62c5b00c110086605e12cfd9297f57bb6eabc78db6886d274e4ccb9d4028ecb5,2019-12,Staffordshire Police,Staffordshire Police,-2.205793,53.043922,On or near NEWPORT STREET,E01014250,Stoke-on-Trent 009B,Unable to prosecute suspect
4234f1ed434437b628e0a5e6592b9d018fc3fe3cea8ab2246e3ad189e906786e,2019-12,Staffordshire Police,Staffordshire Police,-2.097249,52.982601,On or near LEASON ROAD,E01014366,Stoke-on-Trent 028B,Unable to prosecute suspect
22824e787e5807460ce0333e099d8f4b1e19803aca08b097200fcb272747967e,2019-12,Staffordshire Police,Staffordshire Police,-2.171730,53.022348,On or near HARLEY STREET,E01014231,Stoke-on-Trent 016B,Unable to prosecute suspect
c9cb719d319bc75036a300a0d048da66b15c96994af460f34522928f80eba65d,2019-12,Staffordshire Police,Staffordshire Police,,,No location,,,Unable to prosecute suspect
8b03cb1c847181f685883602b267f945b1b198e12f0bcb0bac1464c9afc50f3b,2019-12,Staffordshire Police,Staffordshire Police,,,No location,,,Unable to prosecute suspect
6e01ce7b3c32d96a15dd7f049121cedb8334e06ea0cf35f1b33ea80d7071e112,2019-12,Staffordshire Police,Staffordshire Police,-2.123431,53.013185,On or near DALTON GROVE,E01014222,Stoke-on-Trent 017C,Unable to prosecute suspect
afee523630756b6c2e94944ea38c9faad4339412e0490c803631953416bbbba0,2019-12,Staffordshire Police,Staffordshire Police,-2.248875,53.050015,On or near BADGERS CROFT,E01029545,Newcastle-under-Lyme 004C,Unable to prosecute suspect
693b3d681e4b39923ca51d670c325f9d9ef44173156ce165380482e7401be792,2019-12,Staffordshire Police,Staffordshire Police,,,No location,,,Unable to prosecute suspect
c3d6594047bc6c6014ef762ef53a5aa2baa3574c38455d8607851636f81ef174,2019-12,Staffordshire Police,Staffordshire Police,-2.020708,53.108801,On or near BALL HAYE ROAD,E01029808,Staffordshire Moorlands 001C,Unable to prosecute suspect
04a930de6e9107655bb3d3268ee522907756ca718882fbe7ca61bd8ece9cba5c,2019-12,Staffordshire Police,Staffordshire Police,-2.097401,52.964362,On or near DILL GROVE,E01014320,Stoke-on-Trent 033D,Unable to prosecute suspect
4ca0e4be7d475c4212c295febdfe4b27c36685a012683d0700bf1f0556a33657,2019-12,Staffordshire Police,Staffordshire Police,-2.257766,53.090015,On or near CONGLETON ROAD SOUTH,E01029542,Newcastle-under-Lyme 003C,Unable to prosecute suspect
6ca0307841de6b335d2a3ea22f2d4ae01f770393f30828eceffc5bd752ce832e,2019-12,Staffordshire Police,Staffordshire Police,-2.115910,52.998477,On or near PARK HALL ROAD,E01014296,Stoke-on-Trent 022A,Unable to prosecute suspect
cb07325913a96b3c5b65b9e1d62e093ea4ec517d192ed29b30e7a9f7cd40cd64,2019-12,Staffordshire Police,Staffordshire Police,,,No location,,,Unable to prosecute suspect
781f95259677f69776a3936aaa1c7ac3a4d61abbae0abb3e3cd9dc868c66bf26,2019-12,Staffordshire Police,Staffordshire Police,,,No location,,,Unable to prosecute suspect
1616d18fc876bf979aa973b3cd7db0e4658c58bb5c85728f3345cde7e96237cb,2019-12,Staffordshire Police,Staffordshire Police,-2.171474,53.029144,On or near MAYER STREET,E01014330,Stoke-on-Trent 013E,Unable to prosecute suspect
b83db4f2eabba1ecb7bcfc43820769e10025d121176737619609734393d59486,2019-12,Staffordshire Police,Staffordshire Police,,,No location,,,Unable to prosecute suspect
ffd18c8351f60d8f5c6266d4b7f7dad39d92fc02f99f14b0e2a3efbdb1224f14,2019-12,Staffordshire Police,Staffordshire Police,-2.128667,52.994356,On or near TIDESWELL ROAD,E01014300,Stoke-on-Trent 022C,Unable to prosecute suspect
ffd18c8351f60d8f5c6266d4b7f7dad39d92fc02f99f14b0e2a3efbdb1224f14,2019-12,Staffordshire Police,Staffordshire Police,-2.128667,52.994356,On or near TIDESWELL ROAD,E01014300,Stoke-on-Trent 022C,Unable to prosecute suspect
fd80efe422e845a9c55a558cbe0580591f5636f7d652b6f9da21467670a5c3d0,2019-12,Staffordshire Police,Staffordshire Police,-2.301824,53.053011,On or near Parking Area,E01029532,Newcastle-under-Lyme 005A,Unable to prosecute suspect
504df0a824a8f9534d1349ccc0ca4182f3555a0a169fe4d3bac69336c6b775ae,2019-12,Staffordshire Police,Staffordshire Police,,,No location,,,Unable to prosecute suspect
9c9872d0c057b3ac8551904103dc5cf1ec34709dd9f52a370d716393dcb69c92,2019-12,Staffordshire Police,Staffordshire Police,-2.092931,52.983333,On or near BONDFIELD WAY,E01014366,Stoke-on-Trent 028B,Unable to prosecute suspect
2f132765cc7a0616d5ae381ab27cec90063c09e7e36547ee6765e17d58d7046d,2019-12,Staffordshire Police,Staffordshire Police,-2.092688,52.995001,On or near DIMMELOW STREET,E01014369,Stoke-on-Trent 024D,Unable to prosecute suspect
c86a828c4dc69dc364102e00ba2d5dff5703934f713a86c0bc21f0ba0c3edc50,2019-12,Staffordshire Police,Staffordshire Police,-2.098863,52.978375,On or near KINGSLEY STREET,E01014368,Stoke-on-Trent 028D,Unable to prosecute suspect
a45541f3f08c03f6ccdab11323a214460fec11b0e6577a00af802eed3faedfc5,2019-12,Staffordshire Police,Staffordshire Police,,,No location,,,Unable to prosecute suspect
bac50e0b35997828f962cbc6c971f5f3bbc4b7144e30b3e78c6672c89f31cd77,2019-12,Staffordshire Police,Staffordshire Police,-2.238164,53.025604,On or near MEADOW LANE,E01029553,Newcastle-under-Lyme 010A,Unable to prosecute suspect
8985bb5a2c3ccfeb35de740877eadcef17b210450b9a3a1b8e1a835e34b43a4b,2019-12,Staffordshire Police,Staffordshire Police,-2.147778,52.976032,On or near POPLAR GROVE,E01014233,Stoke-on-Trent 026A,Unable to prosecute suspect
c8c7f4a30ec0fc4055f4658633c983d4eb87478175fc7c76531feafe918c78cc,2019-12,Staffordshire Police,Staffordshire Police,-2.171599,53.049504,On or near COMMUNITY DRIVE,E01014268,Stoke-on-Trent 008C,Unable to prosecute suspect
8ae7a1f609dfcd27746b91299f4ab780c0df1402e9f9f08f63d0c4b7f961da11,2019-12,Staffordshire Police,Staffordshire Police,-2.110226,52.978320,On or near HIGHFIELD AVENUE,E01014322,Stoke-on-Trent 031E,Unable to prosecute suspect
fc62eb7d72dbbfb011a5b54767dc2744a2e18652e464c25353940c6140a3bec2,2019-12,Staffordshire Police,Staffordshire Police,-2.149662,53.068564,On or near MAPLE CLOSE,E01014335,Stoke-on-Trent 004C,Unable to prosecute suspect
1f1492e37eec97d58b8cc9acddca056daf681f207daa6af258a10f957096df47,2019-12,Staffordshire Police,Staffordshire Police,-2.175482,53.127371,On or near WELL LANE,E01029768,Staffordshire Moorlands 004A,Unable to prosecute suspect
70d25b5ccbbd144fe05afff2fdf15dc8a1a88a35f276eee0ceb3db706886f91d,2019-12,Staffordshire Police,Staffordshire Police,-2.247019,53.038566,On or near WRIGHT AVENUE,E01029560,Newcastle-under-Lyme 007D,Unable to prosecute suspect
ac3a953ccb02af70d45371785085546cd3a939edab28f27ae534f01ad88bf85d,2019-12,Staffordshire Police,Staffordshire Police,-2.193324,53.060635,On or near CROUCH AVENUE,E01014242,Stoke-on-Trent 006B,Unable to prosecute suspect
f0103db21f1c329f2ddd50e4df8cdb1bbd5a20285f9f92f4fa4e5339c8362ee7,2019-12,Staffordshire Police,Staffordshire Police,-2.256069,53.083412,On or near MITCHELL AVENUE,E01029541,Newcastle-under-Lyme 003B,Unable to prosecute suspect
e2b39bfb73fb94743bdbe1452caa90b3f510707713917b7b2fdb6fd1d06951b0,2019-12,Staffordshire Police,Staffordshire Police,-2.189477,53.074727,On or near CHARNOCK PLACE,E01014260,Stoke-on-Trent 001D,Unable to prosecute suspect
e2b39bfb73fb94743bdbe1452caa90b3f510707713917b7b2fdb6fd1d06951b0,2019-12,Staffordshire Police,Staffordshire Police,-2.189477,53.074727,On or near CHARNOCK PLACE,E01014260,Stoke-on-Trent 001D,Unable to prosecute suspect
e2b39bfb73fb94743bdbe1452caa90b3f510707713917b7b2fdb6fd1d06951b0,2019-12,Staffordshire Police,Staffordshire Police,-2.189477,53.074727,On or near CHARNOCK PLACE,E01014260,Stoke-on-Trent 001D,Unable to prosecute suspect
c2d1fc0135ac8eb1b15e0322956d264a76c16486a7abf25ffd58a3e503d4e626,2019-12,Staffordshire Police,Staffordshire Police,-2.204590,53.079601,On or near BRAYSTONES CLOSE,E01014258,Stoke-on-Trent 001B,Unable to prosecute suspect
4f4a9ca3a4f2eff1ac517876ec7f7949054a16125bf1036529fe2ea24bd3eb45,2019-12,Staffordshire Police,Staffordshire Police,-2.090491,52.984485,On or near MANN STREET,E01014366,Stoke-on-Trent 028B,Unable to prosecute suspect
1261ab412e1b1cb9ca334639431709fb7cecc2f9ebf0a6bfb9b61b6e1e6588c0,2019-12,Staffordshire Police,Staffordshire Police,-2.176758,53.066900,On or near BALL HAYES ROAD,E01014263,Stoke-on-Trent 003C,Unable to prosecute suspect
be48e0173eafb39bbb2aca21ad28bc9b97a2c6611f81f394bf766c9de7e58351,2019-12,Staffordshire Police,Staffordshire Police,-2.245672,53.077061,On or near Parking Area,E01029540,Newcastle-under-Lyme 003A,Unable to prosecute suspect
4a3cb562924dd9c2640ea5a76832e0267a3cb6ebe4b56db44e072343b7c66760,2019-12,Staffordshire Police,Staffordshire Police,-1.656014,52.631158,On or near JUNIPER,E01029824,Tamworth 003D,Unable to prosecute suspect
63e39c9ebf68c0ec2c7a5882d579ce3236a118990dfe5f9dfb5ad491600c53c3,2019-12,Staffordshire Police,Staffordshire Police,-1.688675,52.619544,On or near BROADSMEATH,E01029827,Tamworth 006C,Unable to prosecute suspect
ad1323e6d7807dde59e9da5f07a862a1c1f8f91aa105a6a29a08d70eec5ceeb4,2019-12,Staffordshire Police,Staffordshire Police,-1.688675,52.619544,On or near BROADSMEATH,E01029827,Tamworth 006C,Unable to prosecute suspect
fd8d99c11f648e36acd3651d8758852188c1691f73a6d143c8c1336299774889,2019-12,Staffordshire Police,Staffordshire Police,-2.026836,52.684927,On or near TRINITY CLOSE,E01029360,Cannock Chase 012B,Unable to prosecute suspect
bcebe672aa5dc70b94c65eb5fd5cfc850b706dd03178bdc8c35c641d8ce997cf,2019-12,Staffordshire Police,Staffordshire Police,-2.218621,53.032132,On or near HIGH STREET,E01029609,Newcastle-under-Lyme 008D,Unable to prosecute suspect
2664a24f234562c4478793c0ccec05f254f79281df1d3d119b994a686cae3da4,2019-12,Staffordshire Police,Staffordshire Police,-2.193217,53.003357,On or near GRESTY STREET,E01014295,Stoke-on-Trent 019B,Unable to prosecute suspect
076e6da430bb3e051340170ba009db40e4a93e68f60d021a290f59bd849858ee,2019-12,Staffordshire Police,Staffordshire Police,-2.121474,52.979783,On or near ROTHESAY ROAD,E01014307,Stoke-on-Trent 029C,Unable to prosecute suspect
cd4ba2014cd7f2164b84de4c4e1a13e16e397dbb5813983cb19befdc91df906c,2019-12,Staffordshire Police,Staffordshire Police,-2.121426,52.813858,On or near NEW STREET,E01029691,Stafford 010B,Investigation complete; no suspect identified
b8827c7d05e3899149315541c0237cd0dbf2bb620b93a5e920e78a0128c30199,2019-12,Staffordshire Police,Staffordshire Police,-1.666169,52.793594,On or near SPINNEY ROAD,E01029413,East Staffordshire 013A,Investigation complete; no suspect identified
9ab7ac0ce6fbb6b8e065b5ab2caecf7f6ede0ab33e7d18c18ab3a0364a29f8bf,2019-12,Staffordshire Police,Staffordshire Police,-1.666169,52.793594,On or near SPINNEY ROAD,E01029413,East Staffordshire 013A,Investigation complete; no suspect identified
03aeb6f17e6baf74e6128c22bf5ebe9dbaa2d07a0230f72249b42a0b1d82fc9e,2019-12,Staffordshire Police,Staffordshire Police,-2.034749,52.720793,On or near FIR CLOSE,E01029646,South Staffordshire 002B,Investigation complete; no suspect identified
a8302831fcd48a907f3818f827d2bae5782f4e021fd0afae5a63b2202396df2e,2019-12,Staffordshire Police,Staffordshire Police,,,No location,,,Investigation complete; no suspect identified
3a70e9479cccd3111ae4468be9852fe35338d09b9d1774d5c28904d5a057695c,2019-12,Staffordshire Police,Staffordshire Police,,,No location,,,Investigation complete; no suspect identified
bd7afc71b56bcfe9d46b844d119c4d12adc1e68cbd21afb63ef61a759215bfa5,2019-12,Staffordshire Police,Staffordshire Police,-2.023836,52.691148,On or near BEAU COURT,E01029367,Cannock Chase 011E,Investigation complete; no suspect identified
d6ca191f188a0e1b591b40cc9038112e38801827acef43f59ef2d55d4e499ee1,2019-12,Staffordshire Police,Staffordshire Police,,,No location,,,Investigation complete; no suspect identified
84f1f149fa3a7342ebb8db88f0ccfb2966a0ef3fccaa785ec08bedc0db7fd4d5,2019-12,Staffordshire Police,Staffordshire Police,-2.105416,52.795014,On or near Shopping Area,E01029734,Stafford 016C,Investigation complete; no suspect identified
7bb3d2ee68b441331af03d79a9ec2b72d38223a08fe6cdc0bdc61e9ef0f23ca1,2019-12,Staffordshire Police,Staffordshire Police,-1.675859,52.606780,On or near Petrol Station,E01032902,Tamworth 010G,Investigation complete; no suspect identified
be81924d9e38f8504f909bf905dbeebc7546b958ad2c18328e0335e5cffe96fb,2019-12,Staffordshire Police,Staffordshire Police,-2.174091,52.429795,On or near KIDDERMINSTER ROAD,E01029652,South Staffordshire 014D,Investigation complete; no suspect identified
89208a88078722986cd67e82652614d1889ca4540a61d34ed7d8c38517522ffd,2019-12,Staffordshire Police,Staffordshire Police,-1.691830,52.633046,On or near BOLEBRIDGE STREET,E01029838,Tamworth 005C,Investigation complete; no suspect identified
ed1c8e8a8a1bf7d11eaae16000de0621698368b9d4c5ddb6296e13513dfbdfd3,2019-12,Staffordshire Police,Staffordshire Police,-2.114936,52.800488,On or near WOLVERHAMPTON ROAD,E01029701,Stafford 010E,Investigation complete; no suspect identified
a6ca68181636dcfd8e415fe7960c148689befeaace5bff165f48e55cf9db5215,2019-12,Staffordshire Police,Staffordshire Police,-1.974545,52.706880,On or near LONGACRES,E01029399,Cannock Chase 006C,Investigation complete; no suspect identified
8a05fc5f64d361916a98435bfb860380890bf9b2eea6184d03fe8f56feda5bb8,2019-12,Staffordshire Police,Staffordshire Police,-2.278898,52.822510,On or near B5405,E01029708,Stafford 015D,Investigation complete; no suspect identified
f5e35c144f02bc6a3e468988f8929f015fe39c42e373467c7eef3837ac827e6a,2019-12,Staffordshire Police,Staffordshire Police,-1.646928,52.614536,On or near LOTHERSDALE,E01029859,Tamworth 007E,Investigation complete; no suspect identified
742e0b1600b47ebc4c78dd0e6d1d83fa4735fef6c8f778591b41104549a9660d,2019-12,Staffordshire Police,Staffordshire Police,-1.710680,52.640294,On or near NEANDER,E01029848,Tamworth 001C,Investigation complete; no suspect identified
5af5dd44629a066baffc3e2334a8e27a6ca57fdc9faf2ef3d1e15bc5c45acd01,2019-12,Staffordshire Police,Staffordshire Police,-1.710680,52.640294,On or near NEANDER,E01029848,Tamworth 001C,Investigation complete; no suspect identified
a3242f1c6cc3075c43bc422b0984279a2f2e0e5e69a883c8a5ee66a8933664f3,2019-12,Staffordshire Police,Staffordshire Police,-1.868887,52.602395,On or near THE SPINNEY,E01029514,Lichfield 011B,Investigation complete; no suspect identified
9ee26e5d971a113a946938a2ef22eaf3e031251fcd64d6008fffba1c7b695b4c,2019-12,Staffordshire Police,Staffordshire Police,-1.682546,52.609144,On or near DOSTHILL ROAD,E01029864,Tamworth 009E,Investigation complete; no suspect identified
ae8b8470b350396981c56b1281f8639fed6498770322b19497f8beed2c679993,2019-12,Staffordshire Police,Staffordshire Police,-2.131026,52.794674,On or near SWINBURNE CLOSE,E01029737,Stafford 012C,Investigation complete; no suspect identified
f2fe55a62bffe194489b68793c0a3a27beedd85a6c0263652e346727f282f4c8,2019-12,Staffordshire Police,Staffordshire Police,-1.642991,52.797051,On or near UXBRIDGE STREET,E01029408,East Staffordshire 011B,Investigation complete; no suspect identified
4fc0ebadfe0cdaeed52b8822b3e9163ef048c1c3463e5d2d8d5289e56dd22fee,2019-12,Staffordshire Police,Staffordshire Police,-2.206630,52.969292,On or near GREENWAY,E01029748,Stafford 002D,Investigation complete; no suspect identified
197bf1b59d65d51ff8e24fc76315c5657976400d967bd8c448ea405673b36f4a,2019-12,Staffordshire Police,Staffordshire Police,-1.697486,52.633546,On or near SILVER STREET,E01029835,Tamworth 002A,Investigation complete; no suspect identified
fc8d0559d507af9d5bc02b1643757a8dcbbd51b48164519d6b6b69e59e6c9b6f,2019-12,Staffordshire Police,Staffordshire Police,-2.039086,52.653648,On or near Park/Open Space,E01029624,South Staffordshire 004D,Investigation complete; no suspect identified
51d4431bb1f4a79a9a5eb423b512ab625584a5ddaf78c7d54508bf689f84c6ce,2019-12,Staffordshire Police,Staffordshire Police,,,No location,,,Investigation complete; no suspect identified
fdf777c5fe4edac3c6162c77d6cf36bb3f21924eb08919547e4e5ab2b59559d9,2019-12,Staffordshire Police,Staffordshire Police,-1.679848,52.632978,On or near AMINGTON ROAD,E01029834,Tamworth 004D,Investigation complete; no suspect identified
a89dbd041aa175c6cc46d1d0cedb13f35abdec35c7e5d099d88b7af0b57fbb8a,2019-12,Staffordshire Police,Staffordshire Police,-1.628093,52.784051,On or near BRAMBLE COURT,E01029453,East Staffordshire 014E,Investigation complete; no suspect identified
ed5f5efcc598a44b581b6019e21c6d7072aca81e71b1e648c50c985fbca1beae,2019-12,Staffordshire Police,Staffordshire Police,-1.693384,52.632645,On or near Shopping Area,E01029835,Tamworth 002A,Investigation complete; no suspect identified
10bdaec96ca0cd2f3b482022ee21e30c16a863297097aa31343981a098790716,2019-12,Staffordshire Police,Staffordshire Police,-2.035319,52.675287,On or near Shopping Area,E01029359,Cannock Chase 012A,Investigation complete; no suspect identified
b8574e0738dbfa0b87c31266e493b119dc66ac5c8b256be16af63fd62c9b916b,2019-12,Staffordshire Police,Staffordshire Police,,,No location,,,Investigation complete; no suspect identified
3be3f49b4920dddf09de41c2b9ec3c3d0123bbdb6525429983259cfc536e59fe,2019-12,Staffordshire Police,Staffordshire Police,-1.828064,52.681030,On or near ST JOHN STREET,E01029526,Lichfield 004E,Investigation complete; no suspect identified
4a3f01cdff0f7ae303655beb8987292c52e55c999d0e120428a61e1c11b0864f,2019-12,Staffordshire Police,Staffordshire Police,-1.668700,52.802105,On or near Parking Area,E01029416,East Staffordshire 013D,Investigation complete; no suspect identified
ce7fdd219971ebcf1c6fa66e59f8c76f5f8430f5cd4a601217b132212f96d6c4,2019-12,Staffordshire Police,Staffordshire Police,-1.927683,52.673779,On or near BANK CRESCENT,E01029496,Lichfield 010A,Investigation complete; no suspect identified
8fd09903a3479009c78250b1e858f4c82e8323982709aa2e7a78c45211a25c46,2019-12,Staffordshire Police,Staffordshire Police,-2.089944,52.793103,On or near MEADOW RIDGE,E01029758,Stafford 014F,Investigation complete; no suspect identified
910dbff5805dc6e8233e229bd255602603d0d238c22fdfd5dd14812edd8b7f5d,2019-12,Staffordshire Police,Staffordshire Police,-2.081559,52.971556,On or near MAYFIELD DRIVE,E01029702,Stafford 001A,Investigation complete; no suspect identified
c3979f5bb20d87d380beba5350a9fb475cb85d46b23d810258a9c80a3dd371c8,2019-12,Staffordshire Police,Staffordshire Police,,,No location,,,Investigation complete; no suspect identified
9c24ada3232015408a2f6cbe3241a2b9c6ce003e9b882b7cf89615f78f48c4e1,2019-12,Staffordshire Police,Staffordshire Police,-2.233712,52.753505,On or near THE OAKLANDS,E01029688,Stafford 015A,Investigation complete; no suspect identified
ea84dfe46c082eec487343986ff4e3f674e9681b9985d1491d901226987ef4d5,2019-12,Staffordshire Police,Staffordshire Police,-1.896176,52.745133,On or near RUGELEY ROAD,E01029481,Lichfield 001B,Investigation complete; no suspect identified
32cc7f6ab4472ed3d1282bc2db106c0783dcaede82a9b619fad9ea750d723622,2019-12,Staffordshire Police,Staffordshire Police,-1.930310,52.686150,On or near BEECHEN GROVE,E01029490,Lichfield 009D,Investigation complete; no suspect identified
7ca27dc3f1300282b74b864623d11d227afaf9c79a57963b1323482af0d8541c,2019-12,Staffordshire Police,Staffordshire Police,,,No location,,,Investigation complete; no suspect identified
c25bb7dad92ce2955000f2bcb07c9b9a9c6c9b9c8a3ff31958d00e0d1309025b,2019-12,Staffordshire Police,Staffordshire Police,,,No location,,,Investigation complete; no suspect identified
d2bfa3bfd645e1458994da158f5da29582b5a254169785239f06b161bb43f7d3,2019-12,Staffordshire Police,Staffordshire Police,-2.138469,52.789388,On or near BEESTON RIDGE,E01029715,Stafford 013A,Investigation complete; no suspect identified
906348b63e329b67eab82d49b03de6ee66aaac1b269e2c7a6a60666e1c0d3be3,2019-12,Staffordshire Police,Staffordshire Police,-1.701757,52.626769,On or near Shopping Area,E01029835,Tamworth 002A,Investigation complete; no suspect identified
93067241a5836c6a0fd0a66fd177179ce736870b962ce2caf46e5658eb51ae5b,2019-12,Staffordshire Police,Staffordshire Police,-1.631072,52.801761,On or near Shopping Area,E01032896,East Staffordshire 011F,Investigation complete; no suspect identified
10bd2949a1709a0e69cfd867e2ab11af9487e5cb33eb5a4ffb6474f6b325c3e0,2019-12,Staffordshire Police,Staffordshire Police,-1.635219,52.800749,On or near Parking Area,E01032896,East Staffordshire 011F,Investigation complete; no suspect identified
61e77293ca70cfddbb795badc7659e0d6702de83510f9964804ab5210ed6971d,2019-12,Staffordshire Police,Staffordshire Police,-1.843366,52.674884,On or near Supermarket,E01029512,Lichfield 007C,Investigation complete; no suspect identified
7d8a3bef8343d1fb50971dc224f5bba8c37e48602408f1117a488062fff5aab0,2019-12,Staffordshire Police,Staffordshire Police,,,No location,,,Investigation complete; no suspect identified
daf668acfcf6db33f97f45b0671dea2ce291c39e570c73fd1abe3e55bcdd414c,2019-12,Staffordshire Police,Staffordshire Police,-1.897535,52.632629,On or near GARNET CLOSE,E01029523,Lichfield 011E,Investigation complete; no suspect identified
91cf2250b9ef4e4d9f40d41844c3898e96e978e575415e508d7b4158fe647862,2019-12,Staffordshire Police,Staffordshire Police,-1.724568,52.765445,On or near CROWBERRY LANE,E01029441,East Staffordshire 015C,Investigation complete; no suspect identified
2af73f7f6ac3f23477ead8855897343aa96d21d1b5d9253d8ba574d1fb531a0a,2019-12,Staffordshire Police,Staffordshire Police,,,No location,,,Investigation complete; no suspect identified
d7952ec1a5fa594380f6accf8b7d387101699b37b0f6f27eb6f803591a9287dd,2019-12,Staffordshire Police,Staffordshire Police,,,No location,,,Investigation complete; no suspect identified
0e675dfe1f8cdbb9d732bc450e0896fe78ab8274fff17a6cf745f271c2cd875e,2019-12,Staffordshire Police,Staffordshire Police,-1.765409,52.832450,On or near B5017,E01029424,East Staffordshire 006C,Investigation complete; no suspect identified
135f6fbeb41ac0fd64f8c08fdc1de6b3ad3cd51cb0779e386e0e21d822b8a4ec,2019-12,Staffordshire Police,Staffordshire Police,-2.266193,52.588836,On or near OLD SMITHY CLOSE,E01029654,South Staffordshire 010A,Investigation complete; no suspect identified
a68da012b9971ec900c72d8badaf78ac150c9c7a81aca497341e5a099bf96adc,2019-12,Staffordshire Police,Staffordshire Police,-1.875790,52.599642,On or near Hospital,E01029514,Lichfield 011B,Investigation complete; no suspect identified
20b392543ccb853e16cc48e3444dc1ab68ebabafcba0e36aeb4e39b45c6ac3ef,2019-12,Staffordshire Police,Staffordshire Police,-1.792754,52.596910,On or near LONDON ROAD,E01029488,Lichfield 012A,Investigation complete; no suspect identified
53f587bbf3f3bbdf379e9a893c88f0567be6a68b315218c979c2b14b80938eff,2019-12,Staffordshire Police,Staffordshire Police,,,No location,,,Investigation complete; no suspect identified
1323d2ca29d3015850ef18339b8ef234c3f3831c709d6fd4bda37d5779364f98,2019-12,Staffordshire Police,Staffordshire Police,-2.033112,52.689941,On or near HIGH GREEN,E01029365,Cannock Chase 011C,Investigation complete; no suspect identified
1d8f8ba8dc0df471eddfa9dfa0559da9062ab55b2bc0127c94be3f92e4456b74,2019-12,Staffordshire Police,Staffordshire Police,-2.148793,52.902948,On or near NEWCASTLE STREET,E01029745,Stafford 003C,Investigation complete; no suspect identified
b0c627dd0d340d92a458237d59fc36025391582c8bff934e003813213c439f66,2019-12,Staffordshire Police,Staffordshire Police,-2.113231,52.789289,On or near THIRLMERE WAY,E01029727,Stafford 013D,Investigation complete; no suspect identified
cdbf4e5f6bed345383c53c9823cc4890504827a3b6fd2782dd5d7527f26d80ad,2019-12,Staffordshire Police,Staffordshire Police,-2.305719,52.895051,On or near ARN HILL,E01029697,Stafford 005C,Investigation complete; no suspect identified
4ad11b95c7c920e01f186e7b209dec31a8f6035827137841f3ea5521344f2f13,2019-12,Staffordshire Police,Staffordshire Police,-1.842407,52.764644,On or near LICHFIELD ROAD,E01029509,Lichfield 002D,Investigation complete; no suspect identified
2fa5b13b664079817671356bec057208441bbec80ce7ddbfbbde4aaae95ae132,2019-12,Staffordshire Police,Staffordshire Police,-2.035718,52.656499,On or near BOLEYN CLOSE,E01029624,South Staffordshire 004D,Investigation complete; no suspect identified
40218646bf41a4f9915ec516e93336c0e8a24b5d8a39aee99f8972cf537a6cc1,2019-12,Staffordshire Police,Staffordshire Police,-1.711031,52.764244,On or near STATION ROAD,E01029441,East Staffordshire 015C,Investigation complete; no suspect identified
00f7d5fb20d51fef888a647a201e426ec1bc15e9b1a3faceea05bf046c2d7214,2019-12,Staffordshire Police,Staffordshire Police,-2.016887,52.702611,On or near HORTON CLOSE,E01029350,Cannock Chase 008B,Investigation complete; no suspect identified
98a68bc05fbb8d1e91f7d8cf7ad86a7a9fdc7eb647ac673c5c3355e2220faa3d,2019-12,Staffordshire Police,Staffordshire Police,-1.842407,52.764644,On or near LICHFIELD ROAD,E01029509,Lichfield 002D,Investigation complete; no suspect identified
1811e8c9a8490b4db8bdda46217448a230ef9d9cc07ba5fd546e174d3d34fc48,2019-12,Staffordshire Police,Staffordshire Police,-1.915100,52.679793,On or near DALE DRIVE,E01029475,Lichfield 009A,Investigation complete; no suspect identified
18f51fc8b151fae7118c48c2df197a833db4276de86118019eae1be6965ac68d,2019-12,Staffordshire Police,Staffordshire Police,-2.178269,52.626227,On or near FLORENCE ROAD,E01029613,South Staffordshire 008A,Investigation complete; no suspect identified
a35d3c64e21850c4dd1a56295a05a509224569ce558ee1450162973850b8388e,2019-12,Staffordshire Police,Staffordshire Police,-1.930095,52.756296,On or near LOCKSIDE VIEW,E01029345,Cannock Chase 003A,Investigation complete; no suspect identified
14ffa7fbadd151c38ea0600c73f27e5c66c59a725475b5d9385210175500b932,2019-12,Staffordshire Police,Staffordshire Police,-1.644083,52.810457,On or near RICHMOND STREET,E01029445,East Staffordshire 009A,Investigation complete; no suspect identified
ef61fb5fe38daf443c0a152039439d08a4c0a3d55c3222433ef1cb8794198d07,2019-12,Staffordshire Police,Staffordshire Police,-1.941088,52.768267,On or near PORTOBELLO,E01029402,Cannock Chase 001E,Investigation complete; no suspect identified
bee88c7e09dc5e49e1582f0857e87bfd253cb4931ae6f2ce1566617a2289bb78,2019-12,Staffordshire Police,Staffordshire Police,-2.032512,52.659529,On or near Supermarket,E01029623,South Staffordshire 004C,Investigation complete; no suspect identified
5208de8c4107bcaa5626de7ccb169c5254e8b80cbb66a10a5e2fa82c568a2f80,2019-12,Staffordshire Police,Staffordshire Police,-1.683307,52.599950,On or near EAST STREET,E01029861,Tamworth 009B,Investigation complete; no suspect identified
371bd821e5562c35a0a89c88d83e9e41e23d9121aa4daff59387074aff467cee,2019-12,Staffordshire Police,Staffordshire Police,-1.655275,52.621825,On or near CARADOC,E01029841,Tamworth 003E,Investigation complete; no suspect identified
42bd7a2a9eeb5bb587fa957a0dcafe9c3c237ce423dc2d92474a4d4275874973,2019-12,Staffordshire Police,Staffordshire Police,-1.703975,52.626523,On or near VENTURA PARK ROAD,E01029837,Tamworth 005B,Investigation complete; no suspect identified
52e9dc85e7d9de7493b7d9c8997e38f70f34431de0bb089ef415527105309801,2019-12,Staffordshire Police,Staffordshire Police,-1.693480,52.633805,On or near Supermarket,E01029835,Tamworth 002A,Investigation complete; no suspect identified
3164379554c7d61c7d6e8bd4ab9f56cc8667b435efa6e48f839e1ef184a0adc0,2019-12,Staffordshire Police,Staffordshire Police,-2.110968,52.785714,On or near LYRIC CLOSE,E01029729,Stafford 016B,Investigation complete; no suspect identified
6cfb0effb295709484bc6e14f2b07234aabce5a73d47bb36c320d30c1df9331f,2019-12,Staffordshire Police,Staffordshire Police,-2.121426,52.813858,On or near NEW STREET,E01029691,Stafford 010B,Investigation complete; no suspect identified
574618b4852137e957bda8d9ae4f7c508fad37bbcf0da5243d0f33c3ade6f23d,2019-12,Staffordshire Police,Staffordshire Police,-1.688436,52.642809,On or near FLORA CLOSE,E01029854,Tamworth 001F,Investigation complete; no suspect identified
f0312d75b9688b606a5664b1376bf49d341903c2533f295aee8161cc8b566018,2019-12,Staffordshire Police,Staffordshire Police,-2.026673,52.661050,On or near TENNSCORE AVENUE,E01029625,South Staffordshire 004E,Investigation complete; no suspect identified
e77c6637fd9c5c3f3ba28a4892fe561b7df5e3f2e7e54d5d1a1e7aee7a284ca8,2019-12,Staffordshire Police,Staffordshire Police,-2.120926,52.783591,On or near MORTON ROAD,E01029728,Stafford 013E,Investigation complete; no suspect identified
9fecef171b0bda467f66afb4fb133dd99af635e6dc005d0ec4ec488d710ab500,2019-12,Staffordshire Police,Staffordshire Police,,,No location,,,Investigation complete; no suspect identified
11c25f7f115bdc90d2fca1f6b76aa0c7a22f7465f271d937c88a6161273902f6,2019-12,Staffordshire Police,Staffordshire Police,-1.743915,52.847868,On or near OAKFIELDS,E01029424,East Staffordshire 006C,Investigation complete; no suspect identified
d7713304b1b93a4ee4f09c5075fe74972bce6491661bb8a730029fe0896c90a8,2019-12,Staffordshire Police,Staffordshire Police,-2.181632,52.568022,On or near DRIVE FIELDS,E01029672,South Staffordshire 013C,Investigation complete; no suspect identified
61b7afd1ee77911c3da3aaae6700816e778b704f35d069e9b370ac116e5a246b,2019-12,Staffordshire Police,Staffordshire Police,-1.928274,52.673905,On or near PINE GROVE,E01029496,Lichfield 010A,Investigation complete; no suspect identified
b4ad84fb31c4bcc6141671f8b0f89f9e03339e0df7b351044083b67633a61faa,2019-12,Staffordshire Police,Staffordshire Police,-2.213271,52.633289,On or near MOATBROOK LANE,E01029626,South Staffordshire 009A,Investigation complete; no suspect identified
5a15c98c3c13910cf519c515c56d998678e842abf2fa3ced0c82e37cb83c0e85,2019-12,Staffordshire Police,Staffordshire Police,-1.688626,52.611875,On or near PETARD CLOSE,E01029864,Tamworth 009E,Investigation complete; no suspect identified
a0d01eb7f8cc363bc08dfd314962c1a91006858f3feda900fb4432c0820be06b,2019-12,Staffordshire Police,Staffordshire Police,-1.629251,52.803050,On or near Nightclub,E01032896,East Staffordshire 011F,Investigation complete; no suspect identified
795355b07f66ebd94d1b770345092c86fa9c13394420f2d356b5fb8786d6257c,2019-12,Staffordshire Police,Staffordshire Police,-1.983372,52.652287,On or near GROVE LANE,E01029395,Cannock Chase 013B,Investigation complete; no suspect identified
c00487c5c822f7e488b2c448bcf9ad50defe5bd5349364ff63a178bf9b34ddaa,2019-12,Staffordshire Police,Staffordshire Police,-1.923216,52.682334,On or near DURSLEY ROAD,E01029489,Lichfield 009C,Investigation complete; no suspect identified
83a141c2a1f54816b217a2ebb2ac20c5df0354c9a859928506bc468e9a6692b7,2019-12,Staffordshire Police,Staffordshire Police,-2.024080,52.650731,On or near DUNSTON CLOSE,E01029639,South Staffordshire 005B,Investigation complete; no suspect identified
d1c9a4d98862db719779c64bc3176edc9658d0ec49e220199e4ae113a32eb515,2019-12,Staffordshire Police,Staffordshire Police,-2.201111,52.626856,On or near Petrol Station,E01029630,South Staffordshire 009D,Investigation complete; no suspect identified
34aa6b78a7efb32e0be1def3392abb4e19fe476c3ec1f4fe1347d9df03e7123e,2019-12,Staffordshire Police,Staffordshire Police,-2.181881,52.539093,On or near WOOD ROAD,E01029673,South Staffordshire 012B,Investigation complete; no suspect identified
d2822615d5205ceae435ef37731167af6a277f775ecc7623c2abd5735ebd9d22,2019-12,Staffordshire Police,Staffordshire Police,-1.948270,52.748466,On or near TRURO CLOSE,E01029374,Cannock Chase 003E,Investigation complete; no suspect identified
afccf8e00c90b608b0dda973e14e5b310bf4c60a496ab714d8e356885b2c7f5a,2019-12,Staffordshire Police,Staffordshire Police,-1.696639,52.640556,On or near OLD SCHOOL WALK,E01029851,Tamworth 002E,Investigation complete; no suspect identified
0d9dc4e56f9ea2bbe96084b38e7c128bed1ffeb88e9a7fd3bb228f9612b3810a,2019-12,Staffordshire Police,Staffordshire Police,,,No location,,,Investigation complete; no suspect identified
2a1b167706da64671e79d5e475ff871b7ebff6a19c7e165affece726e7301fcb,2019-12,Staffordshire Police,Staffordshire Police,-1.640727,52.792819,On or near ALL SAINTS CROFT,E01029409,East Staffordshire 011C,Investigation complete; no suspect identified
5e25bd77ffb120048c4b38f49c68a367b3fd613af99cadf1ff91c5ac63b5b383,2019-12,Staffordshire Police,Staffordshire Police,-1.653726,52.847918,On or near GLEBE CLOSE,E01029444,East Staffordshire 004B,Investigation complete; no suspect identified
74d90bb449e28e02617bcd2b4185fde9d2bc4436f79f885b50d12ad3d0af314b,2019-12,Staffordshire Police,Staffordshire Police,-1.926572,52.692369,On or near SQUIRRELS HOLLOW,E01029486,Lichfield 003A,Investigation complete; no suspect identified
74d2227a219b2bccf08b708c56d96e11d988476ee7748b935d0cb3b734648295,2019-12,Staffordshire Police,Staffordshire Police,-2.149198,52.895585,On or near ERNALD GARDENS,E01029753,Stafford 003E,Investigation complete; no suspect identified
33061600b11bf323553090e83d3909b788e02b8cf46168b7544823593f951704,2019-12,Staffordshire Police,Staffordshire Police,-2.146548,52.902942,On or near CHRISTCHURCH WAY,E01029745,Stafford 003C,Investigation complete; no suspect identified
6da553a3e237f4b460b24c2586d30147fe0c9863b5b9e06fc3dab78392fffebc,2019-12,Staffordshire Police,Staffordshire Police,-2.029487,52.689906,On or near Parking Area,E01029360,Cannock Chase 012B,Investigation complete; no suspect identified
286cfe49de97677897168c99b8e2814fbd3f3776ab58a63c261dd31c0b7d3bd6,2019-12,Staffordshire Police,Staffordshire Police,-1.872229,52.900132,On or near SPRINGFIELD ROAD,E01029462,East Staffordshire 003D,Investigation complete; no suspect identified
679c9406c2dd1dda2ef741f4c34f1b424cf5cfea88134f70095ece7518b56275,2019-12,Staffordshire Police,Staffordshire Police,-2.108444,52.748409,On or near SWAN LANE,E01029656,South Staffordshire 001B,Investigation complete; no suspect identified
6a2c10ddfda8880187afeb669d6761a81906dc70dcb0766c8cd499d5653fe828,2019-12,Staffordshire Police,Staffordshire Police,-1.838343,52.641229,On or near PINFOLD HILL,E01029521,Lichfield 011C,Investigation complete; no suspect identified
9a41c61919fba014c3fe98904ff8d50bbfbd02cc58e3e6b3ed231e59b5fabfc1,2019-12,Staffordshire Police,Staffordshire Police,-2.097741,52.811309,On or near Hospital,E01029725,Stafford 009D,Investigation complete; no suspect identified
c77b3fc997bd21cc5791e9109bd9428b4830bd92c6b69128bfe3bea3a81d9044,2019-12,Staffordshire Police,Staffordshire Police,-2.017622,52.654489,On or near ORION CLOSE,E01029640,South Staffordshire 005C,Investigation complete; no suspect identified
b5c5ee2a38e04d099ea8dffe7ac776f0e23f76517d88a2cf85f48068521bf96d,2019-12,Staffordshire Police,Staffordshire Police,-1.609691,52.805890,On or near MOUNT STREET,E01029471,East Staffordshire 010D,Investigation complete; no suspect identified
ac2b8e3107b32302e3211539711b961221d1f95424eff5686e3020ae4ff9a3ba,2019-12,Staffordshire Police,Staffordshire Police,-1.648855,52.825862,On or near TUTBURY ROAD,E01029434,East Staffordshire 007A,Investigation complete; no suspect identified
fa893ee9740eb61d10bb664ece0417645a935eea278c6dcfaff7f26525974f0f,2019-12,Staffordshire Police,Staffordshire Police,-1.697580,52.632764,On or near HOLLOWAY,E01029835,Tamworth 002A,Investigation complete; no suspect identified
df0cedcd8e118fcc2d41a9e8fd9693a8ed47112b864d83ce13e907836eec329a,2019-12,Staffordshire Police,Staffordshire Police,-1.953314,52.769935,On or near HIGH RIDGE,E01029371,Cannock Chase 001D,Investigation complete; no suspect identified
8e7f43bd870d1ff6d8748a1f54d9ab7bff1f6e03e3c68118eb53ca7afffac5ef,2019-12,Staffordshire Police,Staffordshire Police,-1.610274,52.783769,On or near MANOR ROAD,E01029452,East Staffordshire 014D,Investigation complete; no suspect identified
e939e1975869f0a9656616b1ca3f1cd38f6f736d5084328cb67205f9d56ac6b8,2019-12,Staffordshire Police,Staffordshire Police,-1.642608,52.798596,On or near PEEL STREET,E01029408,East Staffordshire 011B,Investigation complete; no suspect identified
7ef3ab5b280c87b004b3128365797b9c272214f4e6ec30e175f867ff28494531,2019-12,Staffordshire Police,Staffordshire Police,,,No location,,,Investigation complete; no suspect identified
4c0a4fd6b8df2a266b31895728c6b90ad58a3cd335463db4c444dd7ed493e453,2019-12,Staffordshire Police,Staffordshire Police,-1.925073,52.686479,On or near PARKHILL ROAD,E01029486,Lichfield 003A,Investigation complete; no suspect identified
df7ce21d2aa48cde65c7c8c382fd7deb99623a6db943949a2d0beb5d3b59857a,2019-12,Staffordshire Police,Staffordshire Police,-2.090731,52.814974,On or near MELBOURNE CRESCENT,E01029724,Stafford 011D,Investigation complete; no suspect identified
b96d6668a3b084a70c5e49e07fb197701b13be0b8c1ef8c1efeb0cedd0a2dba1,2019-12,Staffordshire Police,Staffordshire Police,-1.625792,52.782731,On or near HAZELWOOD ROAD,E01029453,East Staffordshire 014E,Investigation complete; no suspect identified
336b24fa4bb7f3cd23cee3de30c358cad7410e5582563efb8bd163bfcc5527c3,2019-12,Staffordshire Police,Staffordshire Police,-2.050270,52.686402,On or near MERIDEN CLOSE,E01029366,Cannock Chase 011D,Investigation complete; no suspect identified
01c513e1c5c830f9ab9394fe8164b3fd64a23d10cfa74eb1189ed06cfb32c94a,2019-12,Staffordshire Police,Staffordshire Police,-2.074015,52.966006,On or near MEADOW CLOSE,E01029702,Stafford 001A,Investigation complete; no suspect identified
9225e40443a046b027569295413a99bfac44385577bf887b8c88929c1a43f656,2019-12,Staffordshire Police,Staffordshire Police,-2.098305,52.680412,On or near STABLE LANE,E01029647,South Staffordshire 002C,Investigation complete; no suspect identified
4cc32978c86413e93c90a0e23e751bbeb8ebac927228b38a7175ace9c140a303,2019-12,Staffordshire Police,Staffordshire Police,-2.065065,52.687833,On or near CHURCH LANE,E01029647,South Staffordshire 002C,Investigation complete; no suspect identified
d9015b442116c22cbcaf1fff71492fbec7a064a77d50c96cf9532d502e1e6692,2019-12,Staffordshire Police,Staffordshire Police,-2.058684,52.629107,On or near PARKS CRESCENT,E01029634,South Staffordshire 007C,Investigation complete; no suspect identified
1c20b36aaa2e7df27a835d7688520cb21be37abfc93fddf419f3fc9c77995e0d,2019-12,Staffordshire Police,Staffordshire Police,-1.830918,52.685052,On or near THE CLOSE,E01029526,Lichfield 004E,Investigation complete; no suspect identified
d8d059990fd8ac613de718c6c2ef6ab7289bc5c4f5c2fb003f5669d3b26a73d8,2019-12,Staffordshire Police,Staffordshire Police,-2.234060,52.591681,On or near NURTON BANK,E01029661,South Staffordshire 010B,Investigation complete; no suspect identified
fe62449d38b2c65e0062cc9912d2c4bd7568903e257893b636e80b7cf1b34f0a,2019-12,Staffordshire Police,Staffordshire Police,-1.631163,52.799729,On or near Further/Higher Educational Building,E01032898,East Staffordshire 011H,Investigation complete; no suspect identified
78a80c34282e6996ba345339ead28af0340e7ffc6beb0697edaeae9234eb7220,2019-12,Staffordshire Police,Staffordshire Police,,,No location,,,Investigation complete; no suspect identified
6daa7d29a1f0d45989559fa32dccb0e8100d4c2480e41f2c11ff6b387340cbd0,2019-12,Staffordshire Police,Staffordshire Police,,,No location,,,Investigation complete; no suspect identified
81fb89de3d79145227b68000083ad1cca03c4e092d16cb726340d56e627851b4,2019-12,Staffordshire Police,Staffordshire Police,,,No location,,,Investigation complete; no suspect identified
bbc055cb2aa9a037d1237fd7cedab59312c8d1730805cb5fa849fb8adae78686,2019-12,Staffordshire Police,Staffordshire Police,,,No location,,,Investigation complete; no suspect identified
d89d1a2ae7b1e10bb6965958b0fe4f81d47e80d0ccc2edeff4904da2217c4003,2019-12,Staffordshire Police,Staffordshire Police,-2.058684,52.629107,On or near PARKS CRESCENT,E01029634,South Staffordshire 007C,Investigation complete; no suspect identified
d835ca6d50fe980c7daf98839b2cca738be5c948349ec2161bcfb7b854375aad,2019-12,Staffordshire Police,Staffordshire Police,,,No location,,,Investigation complete; no suspect identified
30006b091e5ee978aed646c9599d704c5f61001a08039b85a7cb90d721dbc657,2019-12,Staffordshire Police,Staffordshire Police,-1.963172,52.678694,On or near GRANGE ROAD,E01029394,Cannock Chase 013A,Investigation complete; no suspect identified
adf03c2a52acbb942bd5c453bc1a9cc7d0465a57b4d1f283beab12a695c6b0b2,2019-12,Staffordshire Police,Staffordshire Police,-2.234845,52.694271,On or near Petrol Station,E01029668,South Staffordshire 003C,Investigation complete; no suspect identified
a356fd4a63dee0f4878b6b57ba794b0de580e1ad06620ddbf384cb052acf719d,2019-12,Staffordshire Police,Staffordshire Police,-1.934174,52.684022,On or near JOSEPH DEWSBURY CLOSE,E01029494,Lichfield 006C,Investigation complete; no suspect identified
b166fb37a212b4bdeb387fc1874f85d961b4c267bfc6ea345055ae18fca6e48b,2019-12,Staffordshire Police,Staffordshire Police,-1.830789,52.695489,On or near HAWKINS CLOSE,E01029499,Lichfield 004B,Investigation complete; no suspect identified
ea43d0de924074b58939cc392cdc6a81a84be3d6ef4df0423315d5ffb888ef72,2019-12,Staffordshire Police,Staffordshire Police,-1.994719,52.700527,On or near Supermarket,E01029392,Cannock Chase 009E,Investigation complete; no suspect identified
a8fc08a361243191e0a3993181fedde50835986f664c0afb957fe8dbfb9bfcb9,2019-12,Staffordshire Police,Staffordshire Police,-2.124909,52.792082,On or near PARKFIELDS,E01029737,Stafford 012C,Investigation complete; no suspect identified
1961dcf84d76e840661ac1de97096b9853475ce22f3b1c5785c7b4fdf545d99e,2019-12,Staffordshire Police,Staffordshire Police,-1.872740,52.587350,On or near LESLIE ROAD,E01029514,Lichfield 011B,Investigation complete; no suspect identified
46a108608b1c4ed416cb2d6f5c4bda7f24dea5699741ad42d6d47da6c159326c,2019-12,Staffordshire Police,Staffordshire Police,-2.223825,52.948720,On or near A519,E01029749,Stafford 002E,Investigation complete; no suspect identified
d1d4d796e7ca5590c03029250c390041941b65fcb876ae18a2ec4e782328ff7b,2019-12,Staffordshire Police,Staffordshire Police,-1.932392,52.669367,On or near KING STREET,E01029497,Lichfield 006E,Investigation complete; no suspect identified
8b05094758f7fc59f890fb8f8038e6c78fe2cff81e3cc22b7892e63388eb1515,2019-12,Staffordshire Police,Staffordshire Police,-1.639234,52.824565,On or near HARPER AVENUE,E01029437,East Staffordshire 007D,Investigation complete; no suspect identified
3482473a535b9fa41a6aa80820ca33122e9d7f8bde8d1260ba204c3425db0832,2019-12,Staffordshire Police,Staffordshire Police,-1.697580,52.632764,On or near HOLLOWAY,E01029835,Tamworth 002A,Investigation complete; no suspect identified
1217e9d664494633d2590388b8cac9f76a35d7c7a27c579647839323113c246b,2019-12,Staffordshire Police,Staffordshire Police,-2.081263,52.655146,On or near HAVERGAL PLACE,E01029636,South Staffordshire 006C,Investigation complete; no suspect identified
34453a3f5f7a796f53151cc6de114662b58cc9c211d9799fd9a9abc277585d1e,2019-12,Staffordshire Police,Staffordshire Police,-2.081263,52.655146,On or near HAVERGAL PLACE,E01029636,South Staffordshire 006C,Investigation complete; no suspect identified
ea2d71af0dd7ddf08427ee22b29f94b02261e4b3447a4d0eaa69731cd269a28c,2019-12,Staffordshire Police,Staffordshire Police,-2.081263,52.655146,On or near HAVERGAL PLACE,E01029636,South Staffordshire 006C,Investigation complete; no suspect identified
70106b6792bd501b67e62db5b931f25eb2357f3b593ba39fd2c78eb971e1f2dc,2019-12,Staffordshire Police,Staffordshire Police,-1.829032,52.683207,On or near Supermarket,E01029526,Lichfield 004E,Investigation complete; no suspect identified
8ae9340d25547b05608f330ab5a6203e8ec1f8a31aef09240cfd98cff19eef1c,2019-12,Staffordshire Police,Staffordshire Police,,,No location,,,Investigation complete; no suspect identified
21919f2970003f237c159064c74bec5931f80dd8a82dcecd570fa927ac9ea2bd,2019-12,Staffordshire Police,Staffordshire Police,-2.181168,52.841092,On or near Sports/Recreation Area,E01029743,Stafford 006C,Investigation complete; no suspect identified
bd8bead570469ee773dbb96c3ed652358ad2bd7a2ee685a39f77b72ee83aaee9,2019-12,Staffordshire Police,Staffordshire Police,-2.032571,52.678525,On or near DELTA WAY,E01029359,Cannock Chase 012A,Investigation complete; no suspect identified
0d18a0b95dbef4420493fc7c0c0b3f266b62274c590751eeb1c463d747d90da2,2019-12,Staffordshire Police,Staffordshire Police,-2.094759,52.620750,On or near GREENACRES AVENUE,E01029633,South Staffordshire 007B,Investigation complete; no suspect identified
c5796ebdcb7191f7211917d3dd74b4429e7eec552f9f9194a8a039a7ea5bc064,2019-12,Staffordshire Police,Staffordshire Police,-1.632144,52.829434,On or near CRESTWOOD CLOSE,E01029456,East Staffordshire 005C,Investigation complete; no suspect identified
c461964da58a8875dd5b82addd57e8639b54696b8e50f937a9d130dd05368a31,2019-12,Staffordshire Police,Staffordshire Police,-2.105416,52.795014,On or near Shopping Area,E01029734,Stafford 016C,Investigation complete; no suspect identified
505b0484004adf9c7bc28ccb7e1d2d70b32090f4e03afcbbc762a69387342ef6,2019-12,Staffordshire Police,Staffordshire Police,-1.674996,52.611776,On or near HILMORE WAY,E01029829,Tamworth 010A,Investigation complete; no suspect identified
b1086bba9208bfb21753eea50a9c7f84bb7e0721dbc947e3104fab45075fdad3,2019-12,Staffordshire Police,Staffordshire Police,-1.860874,52.894510,On or near CHURCHILL CLOSE,E01029460,East Staffordshire 003B,Investigation complete; no suspect identified
753f8110deb5463ca1bc03b6b14625cdfb82c05840f4c4146f3485932742d779,2019-12,Staffordshire Police,Staffordshire Police,-1.649393,52.830933,On or near HAREHEDGE LANE,E01029466,East Staffordshire 004F,Investigation complete; no suspect identified
b7e34bd143674c6904ab03510c9f5fd8ca39e7552bca3d8fba9ecec0acb37afa,2019-12,Staffordshire Police,Staffordshire Police,-2.114421,52.807726,On or near NORTH WALLS,E01029701,Stafford 010E,Investigation complete; no suspect identified
59603bfaf7512674a681467778790d56a9d385dab0fd41ab6d17690594ab55c1,2019-12,Staffordshire Police,Staffordshire Police,-1.854935,52.602073,On or near POPLAR RISE,E01029513,Lichfield 011A,Investigation complete; no suspect identified
e67728f28e09a74f2dcd8d4f31c1db146352b7659bfe388a6f341510b5b99d64,2019-12,Staffordshire Police,Staffordshire Police,-1.637163,52.816657,On or near THORNLEY STREET,E01029426,East Staffordshire 008A,Investigation complete; no suspect identified
ee8807ffa4b5178bec00de104ce62bda22298965ed48cad0503df1aabd348f91,2019-12,Staffordshire Police,Staffordshire Police,-1.931787,52.677970,On or near Sports/Recreation Area,E01029497,Lichfield 006E,Investigation complete; no suspect identified
9d80773d10936908a2f4f7fddf51a4f112cf976af0186de8be4a6513bb0ca25c,2019-12,Staffordshire Police,Staffordshire Police,-2.148793,52.902948,On or near NEWCASTLE STREET,E01029745,Stafford 003C,Investigation complete; no suspect identified
1001adad402a4473ee1ce940aae98defde4a0c466fbb0fc32d946df7503e02c5,2019-12,Staffordshire Police,Staffordshire Police,-1.680989,52.827355,On or near MAIN ROAD,E01029463,East Staffordshire 004C,Investigation complete; no suspect identified
23e34095fb4276d87779209ba4d539d98f6e8f7327b95ddb3cd424f22c90e2e7,2019-12,Staffordshire Police,Staffordshire Police,,,No location,,,Investigation complete; no suspect identified
247ac860f962888fc7f8838523facf28204e2a71f76971b63323dd6f844c0afd,2019-12,Staffordshire Police,Staffordshire Police,-2.122825,52.815394,On or near STONE ROAD,E01029691,Stafford 010B,Investigation complete; no suspect identified
8accd0917dabf39b81ee93c32c5fdecf98ed1fa0a6bb11284f9f9b69f40d708f,2019-12,Staffordshire Police,Staffordshire Police,-1.639669,52.816863,On or near WILLIAM STREET,E01029427,East Staffordshire 008B,Investigation complete; no suspect identified
0fdaee2e0073c78a7a2ba239eb09ef600d2edadbf0e937b7d79bbf2f7f66a6dd,2019-12,Staffordshire Police,Staffordshire Police,-1.629251,52.803050,On or near Nightclub,E01032896,East Staffordshire 011F,Investigation complete; no suspect identified
bb10ecee7063f59fb05919172ddbd194f21a0b9066fd215e756808df6e84c42c,2019-12,Staffordshire Police,Staffordshire Police,-2.186591,52.623904,On or near WOLVERHAMPTON ROAD,E01029614,South Staffordshire 008B,Investigation complete; no suspect identified
386eb88e53e3b03a67c89e2a72c59e5bd421492a3a59e15042111f4b0c1bb8c0,2019-12,Staffordshire Police,Staffordshire Police,-1.629251,52.803050,On or near Nightclub,E01032896,East Staffordshire 011F,Investigation complete; no suspect identified
ddf88fd57021f73421b2253f3e0100a1e5bf88b22ea5ff1e06111f719882e4b0,2019-12,Staffordshire Police,Staffordshire Police,-1.591619,52.804769,On or near EMPIRE ROAD,E01029472,East Staffordshire 010E,Investigation complete; no suspect identified
17e378ef8af5425edecd0958ad096668dddda7327cc551ba89afe49c27f02997,2019-12,Staffordshire Police,Staffordshire Police,,,No location,,,Investigation complete; no suspect identified
e8d4fc8c07a1eccd3ce5e52578451e78b694696c4243872a767cf9741f4b6178,2019-12,Staffordshire Police,Staffordshire Police,-1.680315,52.611440,On or near Parking Area,E01029864,Tamworth 009E,Investigation complete; no suspect identified
e045a88f789ee57a44f59381bc2fba2ed136550c2e447a6285dcdff55d2862c9,2019-12,Staffordshire Police,Staffordshire Police,-2.121127,52.754672,On or near SCHOOL LANE,E01029656,South Staffordshire 001B,Investigation complete; no suspect identified
93782ce2b4c73225fd5fccde286b13a9e14d38f8016cd137a659bdb1b17b67e3,2019-12,Staffordshire Police,Staffordshire Police,-2.033112,52.689941,On or near HIGH GREEN,E01029365,Cannock Chase 011C,Investigation complete; no suspect identified
509b9477051e34f396cb292835313581fac98e7028f388b74cd8d2235ae59943,2019-12,Staffordshire Police,Staffordshire Police,-1.663494,52.622900,On or near ST CHAD COURT,E01029841,Tamworth 003E,Investigation complete; no suspect identified
97bca3fae92dcc4dbdde9c546f99101f6c4d6988a2be8327971058c894429bce,2019-12,Staffordshire Police,Staffordshire Police,-2.019863,52.704148,On or near REDHILL ROAD,E01029350,Cannock Chase 008B,Investigation complete; no suspect identified
9ed112e77c5ff331458d5a79d8932bd62d51a8b155c09838bc97f2da03d8305a,2019-12,Staffordshire Police,Staffordshire Police,-1.828206,52.682567,On or near BORE STREET,E01029526,Lichfield 004E,Investigation complete; no suspect identified
f434bfdcafe38e5c4ad0643621511b7ce81e5a0d5a7f2db23f824ee1e1d9495a,2019-12,Staffordshire Police,Staffordshire Police,-1.636319,52.827163,On or near ST FRANCIS CLOSE,E01029437,East Staffordshire 007D,Investigation complete; no suspect identified
b7fbef3027d10c304b70b05adf5185da84193a15019332ae12128cdfcfc47a9b,2019-12,Staffordshire Police,Staffordshire Police,-2.086858,52.643851,On or near CANNOCK ROAD,E01029635,South Staffordshire 007D,Investigation complete; no suspect identified
9a8a99d033678a6b42d4d63bedb87e80fa5c0e4d1bbf1f2d657cc5932c979355,2019-12,Staffordshire Police,Staffordshire Police,-1.761055,52.716773,On or near FRADLEY LANE,E01029479,Lichfield 002C,Investigation complete; no suspect identified
6121d5a37119d950ee2a0d1be4c2da4e10ef84d9f258278a48bba026080075a1,2019-12,Staffordshire Police,Staffordshire Police,-2.193581,52.530794,On or near LAMB CRESCENT,E01029679,South Staffordshire 012D,Investigation complete; no suspect identified
8fe8a7683b149ab23ea9ef4b3c2acd53e6ada5b884e2a775558ceb842d01d6ae,2019-12,Staffordshire Police,Staffordshire Police,,,No location,,,Investigation complete; no suspect identified
c7d837d421dcf6c8d04af1f8950534b5d46bfc0537a45122866c939f50c3ac8c,2019-12,Staffordshire Police,Staffordshire Police,-1.691434,52.632568,On or near Pedestrian Subway,E01029838,Tamworth 005C,Investigation complete; no suspect identified
ca54fad4b4c9c1020735b968046bddada69513126bd831f1f4a0188e897a53c1,2019-12,Staffordshire Police,Staffordshire Police,-2.060902,52.630760,On or near VERNON CLOSE,E01029633,South Staffordshire 007B,Investigation complete; no suspect identified
d6284340e32004181e0f5dcf8f4feff00c71b38e3a637cd839cb87013533d4d8,2019-12,Staffordshire Police,Staffordshire Police,-1.626421,52.835673,On or near KNIGHTS COURT,E01029458,East Staffordshire 005E,Investigation complete; no suspect identified
bc1cdfd31782bca9b76fc4fb54ec1815e2b9d8b504a9fd5fe8d6f7507565daff,2019-12,Staffordshire Police,Staffordshire Police,-1.648681,52.814328,On or near OUTWOODS STREET,E01029446,East Staffordshire 009B,Investigation complete; no suspect identified
2cacada54d8623b3e6182a31f7cedd7357cc7a20fcbd3210b9e1f589293bbad7,2019-12,Staffordshire Police,Staffordshire Police,-2.117065,52.726026,On or near Shopping Area,E01029660,South Staffordshire 001F,Investigation complete; no suspect identified
9ad638e1ef2563c50f46afa7b2b6647b7344a0eb55cbbf6c53f8359222dfa589,2019-12,Staffordshire Police,Staffordshire Police,,,No location,,,Investigation complete; no suspect identified
7e351175c3bc90e4797d3f4aa9edc3ae841e1cd5ca7c6cb2d7b5b92847043029,2019-12,Staffordshire Police,Staffordshire Police,-1.894397,52.622647,On or near GRAVELLY LANE,E01010255,Walsall 007C,Investigation complete; no suspect identified
d630b1818d56fd2d3c7e7405bb460cc7932dc337037cd3def423b950c34363bf,2019-12,Staffordshire Police,Staffordshire Police,-1.808678,52.686349,On or near TRENT VALLEY ROAD,E01029484,Lichfield 005B,Investigation complete; no suspect identified
ea03258136a3ebc50d7300d7cad6ebfaf7a3a1753c4d12f9eeee7fecef184ad3,2019-12,Staffordshire Police,Staffordshire Police,-1.812092,52.687199,On or near Sports/Recreation Area,E01029524,Lichfield 005F,Investigation complete; no suspect identified
7d55a51b04a5d31dc7cebfd328a37964389e817339ee9824991ef48cdd88e43a,2019-12,Staffordshire Police,Staffordshire Police,-1.813107,52.685151,On or near WISSAGE COURT,E01029484,Lichfield 005B,Investigation complete; no suspect identified
3bdf217b81447a4ca85e7c3f3dce4ce7b6bf40afb66db9e1b05533ff3e59b0cc,2019-12,Staffordshire Police,Staffordshire Police,-1.681059,52.635004,On or near MOOR LANE,E01029831,Tamworth 004B,Investigation complete; no suspect identified
b668ad2693eec44f98394e575b9e220326e5b90bb226dbf56f2671d3266f56fe,2019-12,Staffordshire Police,Staffordshire Police,,,No location,,,Investigation complete; no suspect identified
8f9934e31d0cdff3c16b8aecf9b9ab356d91807020e47ff9247e318f5859e6eb,2019-12,Staffordshire Police,Staffordshire Police,-1.644043,52.808111,On or near WATERLOO STREET,E01029445,East Staffordshire 009A,Investigation complete; no suspect identified
0022d6da42d9e272c1ff19ac8d968d60cce6dd693d6e8f5879f9b461f0807ce5,2019-12,Staffordshire Police,Staffordshire Police,-2.077970,52.789372,On or near WEEPING CROSS,E01029760,Stafford 014H,Investigation complete; no suspect identified
31188a83481cfe04f14df0d2d53d0bab826afcd67565963cf6b0f6bafcaf5d63,2019-12,Staffordshire Police,Staffordshire Police,-1.692600,52.856187,On or near PARK LANE,E01029464,East Staffordshire 004D,Investigation complete; no suspect identified
95d6e172813e90b61167a3dd8e3cc343ef63667b1aec3c231622a81bcc043bc1,2019-12,Staffordshire Police,Staffordshire Police,-1.818784,52.671649,On or near LONG BRIDGE ROAD,E01029518,Lichfield 007D,Investigation complete; no suspect identified
7217c5cdbd220b92d277d17273009720d34b23c256dc55a68af1d808c55889cb,2019-12,Staffordshire Police,Staffordshire Police,-1.838604,52.642551,On or near ESSINGTON CLOSE,E01029521,Lichfield 011C,Investigation complete; no suspect identified
8e058f8c492a51be54cdce075699a84637b6760bd6af30d77124658f8a900604,2019-12,Staffordshire Police,Staffordshire Police,-1.851251,52.626080,On or near FOOTHERLEY LANE,E01029522,Lichfield 011D,Investigation complete; no suspect identified
e167eaf7137788c2e89c2ae716c42eaaea72e8148a016cc375a3aa65aa626474,2019-12,Staffordshire Police,Staffordshire Police,-2.049167,52.679220,On or near WOLVERHAMPTON ROAD,E01029361,Cannock Chase 012C,Investigation complete; no suspect identified
48552a2afc34b38631a3220bd8c6e26e9e0413f1d400f8ad745461024f8cd8c4,2019-12,Staffordshire Police,Staffordshire Police,-2.180092,52.627762,On or near Supermarket,E01029613,South Staffordshire 008A,Investigation complete; no suspect identified
772b4ae706e0983d2e0ce1809d1aa3c6369a733536035ffe2260dd0abf2655f5,2019-12,Staffordshire Police,Staffordshire Police,-2.057939,52.624577,On or near BUTTERMERE DRIVE,E01029634,South Staffordshire 007C,Investigation complete; no suspect identified
ea6b9033d4d91c9e5cdead34f9b5ad159e99b7de1e66fd4622609912dce8cf9d,2019-12,Staffordshire Police,Staffordshire Police,-1.666933,52.617471,On or near A5,E01029840,Tamworth 007A,Investigation complete; no suspect identified
6d33ada4d66fd69ff37148099c3aab8e0b8bed17b9ff48285dd74bbd9ef13f27,2019-12,Staffordshire Police,Staffordshire Police,-2.147887,52.540794,On or near GOSPEL END ROAD,E01029645,South Staffordshire 013A,Investigation complete; no suspect identified
80f2381cd40270fd460419be57f28ed6cdcd1e42aef4d6acf301c0c9e82fc948,2019-12,Staffordshire Police,Staffordshire Police,,,No location,,,Investigation complete; no suspect identified
18a4c020c81f5fb4e95d9497282b285f89d5bb2fe8916b8b8b41f6ff592125de,2019-12,Staffordshire Police,Staffordshire Police,-1.965559,52.671719,On or near PARK AVENUE,E01029397,Cannock Chase 013D,Investigation complete; no suspect identified
959a8130b1e7bb6a187db9ec41cf86ea66e6051750536d8b70b473d29739866f,2019-12,Staffordshire Police,Staffordshire Police,-1.631072,52.801761,On or near Shopping Area,E01032896,East Staffordshire 011F,Investigation complete; no suspect identified
74cc91ef29e14b0c0c3ac9f129fa9dfb07d554ff73acf26ca2e71e61ffdb9e32,2019-12,Staffordshire Police,Staffordshire Police,-1.611669,52.806994,On or near KENSINGTON ROAD,E01029471,East Staffordshire 010D,Investigation complete; no suspect identified
34bbbed8140f59783aa637482e40eed9da8510175de57db9441a807ca2a6b49c,2019-12,Staffordshire Police,Staffordshire Police,-2.237859,52.587251,On or near GREAT MOOR ROAD,E01029654,South Staffordshire 010A,Investigation complete; no suspect identified
ebc03492808c4c0af4f976d737acaaba6acfb1cc6c1862fa91a67a003fcad6a1,2019-12,Staffordshire Police,Staffordshire Police,-1.920559,52.671257,On or near WHEATCROFT CLOSE,E01029506,Lichfield 009F,Investigation complete; no suspect identified
43fa20c4541b1bc7767c9119776acee868e775b712a65432cd0b045b49655ec9,2019-12,Staffordshire Police,Staffordshire Police,-2.171957,52.674368,On or near THE APPLEYARD,E01029617,South Staffordshire 003A,Investigation complete; no suspect identified
cb1525d1db55de92a2e1010afb13b0f6e0936558afb08e2a23fa5e2760ea8be7,2019-12,Staffordshire Police,Staffordshire Police,-1.825430,52.685089,On or near CROSS KEYS,E01029526,Lichfield 004E,Investigation complete; no suspect identified
bbd00ab7050e77a78c47f0613b32899fbf9446ae06d1db725654142680fc33a8,2019-12,Staffordshire Police,Staffordshire Police,-2.044754,52.630623,On or near BURSNIPS ROAD,E01029632,South Staffordshire 007A,Investigation complete; no suspect identified
077731a9a7909fcb25e38a44f335f0882e9d7a34eddbed3fb31c9d09efa9ac9b,2019-12,Staffordshire Police,Staffordshire Police,-1.641380,52.812652,On or near YORK STREET,E01029447,East Staffordshire 009C,Investigation complete; no suspect identified
ba3ad0bb3dd5947f7388df48487f9d6350d998d49141a8aa71520d74f15d1502,2019-12,Staffordshire Police,Staffordshire Police,-1.851251,52.626080,On or near FOOTHERLEY LANE,E01029522,Lichfield 011D,Investigation complete; no suspect identified
d9f1e4db7e7369a8abe65a7ac9a9baa791617ee3e1202fb429ea51c4e2d52625,2019-12,Staffordshire Police,Staffordshire Police,-1.851251,52.626080,On or near FOOTHERLEY LANE,E01029522,Lichfield 011D,Investigation complete; no suspect identified
77a89b6c362dacdcdbcdea9ff7c57ae67e18b4858739314d43729991868a7c23,2019-12,Staffordshire Police,Staffordshire Police,-1.792614,52.770447,On or near KING STREET,E01029473,East Staffordshire 006E,Investigation complete; no suspect identified
1e4798ce2df10e91c061467cd29ff9d84f30b2dbfa27749440d2bf393cfbdd14,2019-12,Staffordshire Police,Staffordshire Police,,,No location,,,Investigation complete; no suspect identified
3ac6101b8add0afd7550c6bc3477f14b9ce70db4624d73c450fc5e7e0c97246c,2019-12,Staffordshire Police,Staffordshire Police,-1.823636,52.675027,On or near UPPER ST JOHN STREET,E01029518,Lichfield 007D,Investigation complete; no suspect identified
5983c7207908da7dcc499b27353244969df9c125330ef7158315d560353f3570,2019-12,Staffordshire Police,Staffordshire Police,-2.187810,52.536180,On or near SUNRIDGE AVENUE,E01029675,South Staffordshire 013E,Investigation complete; no suspect identified
1cb1c6217b76b1abc945b77b93a1ca398bf907688ff7a1c9d623e49e0d666914,2019-12,Staffordshire Police,Staffordshire Police,-2.047057,52.683680,On or near ELLESMERE ROAD,E01029363,Cannock Chase 012E,Investigation complete; no suspect identified
97521de1588338634f390ef525570c8f43f44faf927985524d852d557928d081,2019-12,Staffordshire Police,Staffordshire Police,-1.850250,52.676979,On or near SORREL CLOSE,E01029512,Lichfield 007C,Investigation complete; no suspect identified
efc74ec4a32fdf5d7d101f3ae88adfd32da485fcf2e555005ecc1f7519f23190,2019-12,Staffordshire Police,Staffordshire Police,-2.016149,52.667120,On or near Petrol Station,E01029642,South Staffordshire 004G,Investigation complete; no suspect identified
708a7f91138063544c3abd30f553a332aa9246bbe123812b9b93fefcaffd5256,2019-12,Staffordshire Police,Staffordshire Police,-2.081559,52.971556,On or near MAYFIELD DRIVE,E01029702,Stafford 001A,Investigation complete; no suspect identified
8eb23a2e569c3c3945afa20af4fcc42bae8ec5b2d229e84845b170e367b29bff,2019-12,Staffordshire Police,Staffordshire Police,-2.081559,52.971556,On or near MAYFIELD DRIVE,E01029702,Stafford 001A,Investigation complete; no suspect identified
d609440d46141a52fb02f4ccfa489ba2b60b5559b7f7e0f6835532f168e48c49,2019-12,Staffordshire Police,Staffordshire Police,-1.606398,52.807480,On or near GAINSBOROUGH WAY,E01029470,East Staffordshire 010C,Investigation complete; no suspect identified
cae4b66b96f8d67f2b693e92225b8340f246b9dd41d1930d8013eea90fd92459,2019-12,Staffordshire Police,Staffordshire Police,-2.081559,52.971556,On or near MAYFIELD DRIVE,E01029702,Stafford 001A,Investigation complete; no suspect identified
67678c835b4c82f24aea3cbfd865bacbd84f270c22638a088c56e27ad3cd766e,2019-12,Staffordshire Police,Staffordshire Police,-1.632771,52.818468,On or near SYDNEY STREET,E01029429,East Staffordshire 008D,Investigation complete; no suspect identified
b513bb98c5c55ad9d7791d516791000758574a6768f4131c38e9c820bf9349c7,2019-12,Staffordshire Police,Staffordshire Police,-1.821586,52.749953,On or near YOXALL ROAD,E01029509,Lichfield 002D,Investigation complete; no suspect identified
d316942bb488f681130c4a14200d3b29543e6a5e80a93db292688fb399efcf67,2019-12,Staffordshire Police,Staffordshire Police,-1.693384,52.632645,On or near Shopping Area,E01029835,Tamworth 002A,Investigation complete; no suspect identified
354b868d5793688ec4531eb727c057594d9d0dcd3a63235fb21e4e11cdcb32e8,2019-12,Staffordshire Police,Staffordshire Police,-1.699101,52.628543,On or near LADY MEADOW CLOSE,E01029835,Tamworth 002A,Investigation complete; no suspect identified
0252246c4b31b581aa9e6ff87cff2a137f24f8e8630844e8294383db774757c5,2019-12,Staffordshire Police,Staffordshire Police,-1.906637,52.681162,On or near BROWNING ROAD,E01029475,Lichfield 009A,Investigation complete; no suspect identified
b6176cc7712afa90e70c6aa602b740ea96673c4cbaccb8e7bb9da2a5b91d2fa7,2019-12,Staffordshire Police,Staffordshire Police,-2.184633,52.481679,On or near LAWNSWOOD,E01029652,South Staffordshire 014D,Investigation complete; no suspect identified
537b7cba3cf73fa6a1e9338780c70a71ba5a4447fa5a8e805dde10576b9c1191,2019-12,Staffordshire Police,Staffordshire Police,-2.041237,52.662053,On or near LODGE VIEW,E01029621,South Staffordshire 002A,Investigation complete; no suspect identified
16a356a52df2cbab9d56d4cbce77e1f880a6ab5fedb58ec4bfd2f593fa277b10,2019-12,Staffordshire Police,Staffordshire Police,-1.638621,52.798251,On or near WOOD COURT,E01032898,East Staffordshire 011H,Investigation complete; no suspect identified
37a92c8291f07fe42c1d623cacad5e91872d5eb5459e03e43f7d2a33d7150f08,2019-12,Staffordshire Police,Staffordshire Police,,,No location,,,Investigation complete; no suspect identified
3e069a87b726d7d088f2d7bcfbe5c9aad8b87a867b1f377e48c4e70a9f8b7f34,2019-12,Staffordshire Police,Staffordshire Police,-2.090092,52.642815,On or near SOUTH CRESCENT,E01029635,South Staffordshire 007D,Investigation complete; no suspect identified
4f83ea5caa257f3a9b564c4524d4f6101325a7e9319256cd41f556dc44085b81,2019-12,Staffordshire Police,Staffordshire Police,-1.852866,52.602493,On or near CLARENCE ROAD,E01029513,Lichfield 011A,Investigation complete; no suspect identified
752bd25792db458a27a83bafded1749429090041c5bc246d609e85d0a9305e10,2019-12,Staffordshire Police,Staffordshire Police,-2.207577,52.632185,On or near WOOD ROAD,E01029626,South Staffordshire 009A,Investigation complete; no suspect identified
96764052a9476bd80776878195c30b13751ab691d71f1d9f593981ea9b06b2f2,2019-12,Staffordshire Police,Staffordshire Police,-2.056428,52.643716,On or near M6,E01029635,South Staffordshire 007D,Investigation complete; no suspect identified
e889e9954460665e2581e8265cf61beda999f56b8e61e84430a4e4e077b80d1b,2019-12,Staffordshire Police,Staffordshire Police,-2.031517,52.694293,On or near GRAINGER COURT,E01029367,Cannock Chase 011E,Investigation complete; no suspect identified
7cef6dc5f880ef74654cf697a3e53377d97a1066f7adceee96ec970238dcb207,2019-12,Staffordshire Police,Staffordshire Police,-1.837799,52.676423,On or near THACKER DRIVE,E01032900,Lichfield 004G,Investigation complete; no suspect identified
b8882bff645121205c1b97069f526d7acc93554c191550b263ca2e8d14c39dd4,2019-12,Staffordshire Police,Staffordshire Police,-2.030601,52.674552,On or near WATLING STREET,E01029359,Cannock Chase 012A,Investigation complete; no suspect identified
72a52bbb1fbea90e9dc0d376df48cde665e9d2f64fb9a12e850ed8548a61bf4c,2019-12,Staffordshire Police,Staffordshire Police,-2.030601,52.674552,On or near WATLING STREET,E01029359,Cannock Chase 012A,Investigation complete; no suspect identified
44131db745439c0fb731a2f98c09297b5ffba3f1d67fa39fc65f9aac841b4889,2019-12,Staffordshire Police,Staffordshire Police,-1.912885,52.678021,On or near TUDOR PARK GARDENS,E01029475,Lichfield 009A,Investigation complete; no suspect identified
92a9bca297ac4afad357ced9c6ae3e0eb056386eb0879f30452e940b795f97f2,2019-12,Staffordshire Police,Staffordshire Police,-1.695942,52.634585,On or near CORPORATION STREET,E01029835,Tamworth 002A,Investigation complete; no suspect identified
6f8bf8ad9d8c6ce979f0297355907f0663672f57a7ca115acd3288e134b20824,2019-12,Staffordshire Police,Staffordshire Police,-1.794161,52.671779,On or near Sports/Recreation Area,E01029530,Lichfield 008C,Investigation complete; no suspect identified
1de8b77df96f0b749ba2e1f844783b8073d39aeb227c334042e27d520fb35664,2019-12,Staffordshire Police,Staffordshire Police,-2.039694,52.687845,On or near MAPLE CRESCENT,E01029365,Cannock Chase 011C,Investigation complete; no suspect identified
3f02fba258c073d8bd392de7391158496b0f0836303429c309ca561a271f7088,2019-12,Staffordshire Police,Staffordshire Police,-1.633082,52.804356,On or near WYLLIE MEWS,E01032896,East Staffordshire 011F,Investigation complete; no suspect identified
02e5859351c0aad29689a6557691e70f4ad27ffb252631acf8c4582fb0d3a23d,2019-12,Staffordshire Police,Staffordshire Police,-1.622016,52.795889,On or near ST PETERS COURT,E01029451,East Staffordshire 014C,Investigation complete; no suspect identified
2d56f830ddaf73387be64cb2e9ad3f1fbd53abc811fb1ae8744455bf31200ea6,2019-12,Staffordshire Police,Staffordshire Police,-2.199124,52.894631,On or near Conference/Exhibition Centre,E01029747,Stafford 005E,Investigation complete; no suspect identified
ed2b24730a7abdd21f67810e649a97ad84d19b864350c40ebe586080e50d7cef,2019-12,Staffordshire Police,Staffordshire Police,-2.199124,52.894631,On or near Conference/Exhibition Centre,E01029747,Stafford 005E,Investigation complete; no suspect identified
684cb112c4b1fa2d85567866c16e2aa3aa74f97f3f6ddbe700caaa23c59fe3b4,2019-12,Staffordshire Police,Staffordshire Police,-1.857220,52.934445,On or near Parking Area,E01029422,East Staffordshire 001C,Investigation complete; no suspect identified
4dd4604a37eb2e737cbefa15e10510898f4a2ade5640a0f8e135adc36963f9b9,2019-12,Staffordshire Police,Staffordshire Police,-1.790312,52.691020,On or near ASH TREE LANE,E01029530,Lichfield 008C,Investigation complete; no suspect identified
ab24ac08ac37de88ceab3d8a936898af1cf901568243ee4dac864052f1ff94fe,2019-12,Staffordshire Police,Staffordshire Police,-2.117383,52.706914,On or near RODBASTON DRIVE,E01029658,South Staffordshire 001D,Investigation complete; no suspect identified
97b4d5b7ae8e1b378933841ac95e281fdffe750ef403324cc2ab8931b2010522,2019-12,Staffordshire Police,Staffordshire Police,-1.639595,52.825780,On or near ST ALBANS COURT,E01029437,East Staffordshire 007D,Investigation complete; no suspect identified
8612711dcbffd4df5ea3847dc203a3668915e2bc64143eccba4546b9f291a52f,2019-12,Staffordshire Police,Staffordshire Police,-2.202437,52.594104,On or near SEVERN DRIVE,E01029666,South Staffordshire 011C,Investigation complete; no suspect identified
7c65a131aae3908efbcc8f5f8fb6ec928bd1b2e642d95f1014e7c41b69d11b45,2019-12,Staffordshire Police,Staffordshire Police,-2.185932,52.625209,On or near MAGNOLIA GROVE,E01029614,South Staffordshire 008B,Investigation complete; no suspect identified
b8edb8d599ce94fbbd05c53c45a8072a6ef8d9793c92f36e7f0b774027ad1450,2019-12,Staffordshire Police,Staffordshire Police,-1.831369,52.683219,On or near SWAN MEWS,E01032899,Lichfield 004F,Investigation complete; no suspect identified
ea79ec9b593dc35780f6f29ea76831e4063f50c96a2b23f51ac4c8a6a53f6f7a,2019-12,Staffordshire Police,Staffordshire Police,-2.030508,52.690266,On or near Shopping Area,E01029360,Cannock Chase 012B,Investigation complete; no suspect identified
24c5614254585652f119f6bb56099024f982616af808523d2c88562f5ae64fab,2019-12,Staffordshire Police,Staffordshire Police,-1.691506,52.630842,On or near ANKERDRIVE,E01029838,Tamworth 005C,Investigation complete; no suspect identified
65e24f3e5c2d4ce7a1ccca2053aa94bf95cf38f185a09e168fbd47127e91379c,2019-12,Staffordshire Police,Staffordshire Police,-1.697310,52.622605,On or near FAZELEY ROAD,E01029837,Tamworth 005B,Investigation complete; no suspect identified
347aad2ff9d08d3d83b73cf334df2ae7125342ee2d11ba429d129ac6b128d3cb,2019-12,Staffordshire Police,Staffordshire Police,-1.857220,52.934445,On or near Parking Area,E01029422,East Staffordshire 001C,Investigation complete; no suspect identified
3d1061276e37c753004be0221b3250020c53eb5bcba86a761a894740d6dd4396,2019-12,Staffordshire Police,Staffordshire Police,-1.610949,52.794541,On or near REDWOOD DRIVE,E01029419,East Staffordshire 012B,Investigation complete; no suspect identified
06f3ba38294eaeff95d18022c1706efae7ea44f60de3051ba785f49fc4e0d7ba,2019-12,Staffordshire Police,Staffordshire Police,-1.884591,52.694843,On or near FORD LANE,E01029515,Lichfield 003D,Investigation complete; no suspect identified
b434cb0242a046c605809ce2a036b13e7c96b651ab0af592e7b1336c71e4b96e,2019-12,Staffordshire Police,Staffordshire Police,,,No location,,,Investigation complete; no suspect identified
de082ac3f02e78a992ceec1932caef78d9624a58878f65db437cd6084ba558c9,2019-12,Staffordshire Police,Staffordshire Police,-1.862741,52.598693,On or near KEEPERS ROAD,E01029514,Lichfield 011B,Investigation complete; no suspect identified
571951521736da8736f139ff9899b24f384ce234a2bd8fc51fbd634ff5ed917a,2019-12,Staffordshire Police,Staffordshire Police,-1.647750,52.797263,On or near BEECH STREET,E01029408,East Staffordshire 011B,Investigation complete; no suspect identified
e530156d351d2c74ba31fae21338a47fc3bdd2ba7410a3da092a88d15473a542,2019-12,Staffordshire Police,Staffordshire Police,-2.107003,52.650532,On or near OAKS DRIVE,E01029637,South Staffordshire 006D,Investigation complete; no suspect identified
153a8c669765fe7a7c688f98d9931bf8add5d109d92120d4a812701820df5357,2019-12,Staffordshire Police,Staffordshire Police,-2.256209,52.562607,On or near BRIDGNORTH ROAD,E01029667,South Staffordshire 013B,Investigation complete; no suspect identified
7a8d62d7a6789d5204404bc5c3a2950ee4ed79ecca13cc2ab8f820ea2c054176,2019-12,Staffordshire Police,Staffordshire Police,-1.831747,52.950377,On or near Sports/Recreation Area,E01029423,East Staffordshire 001D,Investigation complete; no suspect identified
d9d778030c99f06edf58df28ae9890160c3f114c5923b9fa0972cefdfc63e8ae,2019-12,Staffordshire Police,Staffordshire Police,-1.645545,52.807639,On or near KING EDWARD PLACE,E01029448,East Staffordshire 009D,Investigation complete; no suspect identified
40285ecf74932aff74caff9d8ce7c77e27fd1e049d2659fb56fb9e5c382c038a,2019-12,Staffordshire Police,Staffordshire Police,-1.706559,52.626700,On or near VENTURA PARK ROAD,E01029837,Tamworth 005B,Investigation complete; no suspect identified
2bdddfe6ffd6f2c20585b52d38f175a381a4b45cf0a1a9b1f2fdd0613409947e,2019-12,Staffordshire Police,Staffordshire Police,-1.850340,52.603083,On or near LYDIA CROFT,E01009433,Birmingham 001D,Investigation complete; no suspect identified
3025cc2bd545a68457843767ac2d9585e0e7f41c58403382870cfe3783f1e380,2019-12,Staffordshire Police,Staffordshire Police,-2.032762,52.657237,On or near OAKDENE CLOSE,E01029623,South Staffordshire 004C,Investigation complete; no suspect identified
a724feafab158cd659db58d9b9884ec80fc699fd067e8eecb98819fa4f4b37d7,2019-12,Staffordshire Police,Staffordshire Police,-1.981339,52.705568,On or near ALBERT DAVIE DRIVE,E01029399,Cannock Chase 006C,Investigation complete; no suspect identified
7f3f93aab327c5487611f454417c92e6c79b770747f97b5c26b0efcbc2c27d35,2019-12,Staffordshire Police,Staffordshire Police,-2.056540,52.627643,On or near MITRE CLOSE,E01029633,South Staffordshire 007B,Investigation complete; no suspect identified
37d62ea07d1beabb1852a2f96448a47e66a2ec7ed2fa269df70503d7104b7f35,2019-12,Staffordshire Police,Staffordshire Police,-2.244825,52.550001,On or near Sports/Recreation Area,E01029667,South Staffordshire 013B,Investigation complete; no suspect identified
a37500d5ae527b91adcee59ee442a8609e0b9d4b18a946a685381cd9acc6913f,2019-12,Staffordshire Police,Staffordshire Police,-2.096778,52.645515,On or near BROOKLIME GARDENS,E01029637,South Staffordshire 006D,Investigation complete; no suspect identified
3936d9bf1a2271f1f26730d3efde2e95ff74643d1826387421d9b35fd3fe81e4,2019-12,Staffordshire Police,Staffordshire Police,-1.698284,52.614040,On or near NEW STREET,E01029504,Lichfield 012D,Investigation complete; no suspect identified
98978545e066f511bd54f2b7ce876fe9e45504d7e3f857565f9ae3cd5490ed13,2019-12,Staffordshire Police,Staffordshire Police,-1.638804,52.810181,On or near DERBY STREET EAST,E01029447,East Staffordshire 009C,Investigation complete; no suspect identified
a6156af5893f1ce8114174af7b33087ef0033ef5953a9dbb03b66010dc4d7b52,2019-12,Staffordshire Police,Staffordshire Police,-1.633586,52.797409,On or near Petrol Station,E01032898,East Staffordshire 011H,Investigation complete; no suspect identified
c0b93e0b9a9896e15487e00b8e246ac1ebb8d19bf76f87186db6528f7cd029d7,2019-12,Staffordshire Police,Staffordshire Police,-1.930409,52.754273,On or near ATTLEE CRESCENT,E01029345,Cannock Chase 003A,Investigation complete; no suspect identified
ff0879c31acc8f5a2bfa32616e093fef5a343043939dcb6bc78170c9967a99ed,2019-12,Staffordshire Police,Staffordshire Police,-2.256209,52.562607,On or near BRIDGNORTH ROAD,E01029667,South Staffordshire 013B,Investigation complete; no suspect identified
57f6c30181d44aab13bd125a2937673deaf5faea15b23f441476b2588decef73,2019-12,Staffordshire Police,Staffordshire Police,-2.026321,52.689260,On or near PRICE STREET,E01029360,Cannock Chase 012B,Investigation complete; no suspect identified
fb16017a8b5265f91e630cd91ad7d8a64990e788ed1772fe6a305bc0d5bc973e,2019-12,Staffordshire Police,Staffordshire Police,-1.771641,52.716462,On or near WYNDHAM WOOD CLOSE,E01029479,Lichfield 002C,Investigation complete; no suspect identified
fbf2351de59493ed94b0ea7bfaa5d64374fd456fb8543e68d1681a071d549394,2019-12,Staffordshire Police,Staffordshire Police,-1.771641,52.716462,On or near WYNDHAM WOOD CLOSE,E01029479,Lichfield 002C,Investigation complete; no suspect identified
9f4ab7adb6b4618045de698308842d2a891a1b1aad12cee2982bf37f4016acfb,2019-12,Staffordshire Police,Staffordshire Police,-1.678367,52.633406,On or near GOOSTRY CLOSE,E01029834,Tamworth 004D,Investigation complete; no suspect identified
86e88f414995f04509baffe6f3daa03a47743271403e2b72ed3e0ffc6ffeda3b,2019-12,Staffordshire Police,Staffordshire Police,-1.625075,52.783331,On or near SANDALWOOD ROAD,E01029453,East Staffordshire 014E,Investigation complete; no suspect identified
7b70ece18aa52c92f78e049f68f9dafc2ebefc12110fdfd62c952d107cc83f42,2019-12,Staffordshire Police,Staffordshire Police,,,No location,,,Investigation complete; no suspect identified
00946ed77bce544be2c5c883d87c874f34547dbcd308dcab68c3de414442b776,2019-12,Staffordshire Police,Staffordshire Police,-1.937616,52.760462,On or near BOW STREET,E01029404,Cannock Chase 002E,Investigation complete; no suspect identified
2c50e766d2cf79b74293b5332f0591d3fb2295c4576cc5a6cf00b75118eb96f4,2019-12,Staffordshire Police,Staffordshire Police,-2.180092,52.627762,On or near Supermarket,E01029613,South Staffordshire 008A,Investigation complete; no suspect identified
f270e26eaea5515f2e41725050f368b3714bc8870efdff4764d2e0e6bcb525f9,2019-12,Staffordshire Police,Staffordshire Police,-1.638070,52.800344,On or near ORDISH STREET,E01032898,East Staffordshire 011H,Investigation complete; no suspect identified
fbae64201e27a033f7086131705f80b289235e8b79b26099a6dd45f38a61b6af,2019-12,Staffordshire Police,Staffordshire Police,-2.015404,52.651217,On or near LILAC LANE,E01029638,South Staffordshire 005A,Investigation complete; no suspect identified
525fa54754464f27de91c214396781263e5f8ef7eee1abe204763876c10f3c38,2019-12,Staffordshire Police,Staffordshire Police,-2.115081,52.787912,On or near HAWKSMOOR ROAD,E01029727,Stafford 013D,Investigation complete; no suspect identified
ce4ceb8be588fb5b24ef256d52fd0b58db9b4cfbe68ef527bf837ef99c9d365d,2019-12,Staffordshire Police,Staffordshire Police,-1.829291,52.730501,On or near A515,E01029509,Lichfield 002D,Investigation complete; no suspect identified
3e428a6743a700d879012ca052e13b334f496820e2f74447affb875f31ad3360,2019-12,Staffordshire Police,Staffordshire Police,-1.972459,52.657742,On or near Petrol Station,E01029395,Cannock Chase 013B,Investigation complete; no suspect identified
cb1710dd20d6ba017ccfff8b5feebf891fa4d8905bbe89c4c1b85d89cfb5db36,2019-12,Staffordshire Police,Staffordshire Police,-2.286468,52.849739,On or near HORSLEY LANE,E01029696,Stafford 005B,Investigation complete; no suspect identified
1397ce3859035322b47a685187f14827418b22992c163a9fe52f75af1ad16b4b,2019-12,Staffordshire Police,Staffordshire Police,-2.017185,52.669610,On or near ROMAN VIEW,E01029641,South Staffordshire 004F,Investigation complete; no suspect identified
aac09efba46b59eea6a8889cb6820f0d9582a1eaa9d2c780378d60bef03a75e0,2019-12,Staffordshire Police,Staffordshire Police,-1.982686,52.667354,On or near JACKSON CLOSE,E01029395,Cannock Chase 013B,Investigation complete; no suspect identified
4321ea9aa2e1d2d8b6a203dc255d231312c2a4d3c537e457e52b5a89247944a7,2019-12,Staffordshire Police,Staffordshire Police,-2.032512,52.659529,On or near Supermarket,E01029623,South Staffordshire 004C,Investigation complete; no suspect identified
4997c79115722e3a8b235ce7c4ad54f7e974f8ecef1e0f54f32a93b658328747,2019-12,Staffordshire Police,Staffordshire Police,-2.193581,52.530794,On or near LAMB CRESCENT,E01029679,South Staffordshire 012D,Investigation complete; no suspect identified
c5b77b73ac60019c6fa8f0f68079d8c4c21965e5c2d4099131e879f90b532ad5,2019-12,Staffordshire Police,Staffordshire Police,,,No location,,,Investigation complete; no suspect identified
7fa6ebc6ae74495e04c0ab011b0306834b55470f836a1b2a71fb059c5551d2a6,2019-12,Staffordshire Police,Staffordshire Police,-2.102832,52.800113,On or near CHRISTOPHER TERRACE,E01029699,Stafford 010D,Investigation complete; no suspect identified
3e883d5d0bf5a3be995cf8a5046c4efb1a6410b63559ee91695c8718821b11e8,2019-12,Staffordshire Police,Staffordshire Police,-1.928192,52.679029,On or near ROWAN GROVE,E01029496,Lichfield 010A,Investigation complete; no suspect identified
4e91c6320952ebb37cdc480e623032d136ba952435f030c67b9c194f53010334,2019-12,Staffordshire Police,Staffordshire Police,,,No location,,,Investigation complete; no suspect identified
3c6779819be489344afa278bc5d751c2654a724b6f1f487d9c15efcbbd4a4b9d,2019-12,Staffordshire Police,Staffordshire Police,-2.031721,52.689663,On or near MARKET PLACE,E01029364,Cannock Chase 011B,Investigation complete; no suspect identified
dcbc994bda3e502f1875875fb31efe24fa5fc9151aa0319a92ceabdf76a59cd7,2019-12,Staffordshire Police,Staffordshire Police,-2.001704,52.709543,On or near Parking Area,E01029389,Cannock Chase 005D,Investigation complete; no suspect identified
58807aabc00e76bf55e0900119b377a47805101df859f16cb75b4566c55b7df9,2019-12,Staffordshire Police,Staffordshire Police,,,No location,,,Investigation complete; no suspect identified
8f9521ac9ec32765c31018116c08d5167ae5849ff62e747cae16e6976c3b74df,2019-12,Staffordshire Police,Staffordshire Police,-2.114466,52.785360,On or near Supermarket,E01029729,Stafford 016B,Investigation complete; no suspect identified
35d6b29d75229591c89f60169487ffa2e34a5b4806d91ee95d24d30e9d214099,2019-12,Staffordshire Police,Staffordshire Police,-1.651128,52.844081,On or near Supermarket,E01029444,East Staffordshire 004B,Investigation complete; no suspect identified
a0e963d9cf047f695691024b61920e2a91e06281b59ad0aa0a41cecce07959b0,2019-12,Staffordshire Police,Staffordshire Police,-1.766646,52.623184,On or near SCHOOL LANE,E01029488,Lichfield 012A,Investigation complete; no suspect identified
7207f02dfb7ab92f1dedec36bd8b6060105e82c6e4448742742514676c6cf36d,2019-12,Staffordshire Police,Staffordshire Police,-1.699101,52.628543,On or near LADY MEADOW CLOSE,E01029835,Tamworth 002A,Investigation complete; no suspect identified
f3ca09e2837a660521a1484c68d6dccbec3c8de5ed02db85aadad952aa9948c6,2019-12,Staffordshire Police,Staffordshire Police,-1.826283,52.682448,On or near Theatre/Concert Hall,E01029526,Lichfield 004E,Investigation complete; no suspect identified
53635d0c6bfd60dbdf36687e3606e4d2c175eba3cca11cb315a80839a2d02d26,2019-12,Staffordshire Police,Staffordshire Police,-1.824419,52.689879,On or near ST CHADS CLOSE,E01029501,Lichfield 004C,Investigation complete; no suspect identified
94f786b6d3f88f0df73742bf53397164bccdc000f88a6f88552790a9c2eaa2b4,2019-12,Staffordshire Police,Staffordshire Police,-1.633746,52.803063,On or near Parking Area,E01032896,East Staffordshire 011F,Investigation complete; no suspect identified
77eec939f8ed53d494795c40e00823e17629d34f437c2068529ef6950e923928,2019-12,Staffordshire Police,Staffordshire Police,-2.028605,52.698761,On or near FALLOW FIELD,E01029355,Cannock Chase 007B,Investigation complete; no suspect identified
812e36ce0e96b2fb92c6e2eb7cbcaa066c66b849e75a65140422ce53c922f870,2019-12,Staffordshire Police,Staffordshire Police,-1.953506,52.742706,On or near HEDNESFORD ROAD,E01029370,Cannock Chase 001C,Investigation complete; no suspect identified
2b436a74bf5c3df01d60f305b9cd2000f92a4f8dfb551451408c6ebeeff2f6fa,2019-12,Staffordshire Police,Staffordshire Police,,,No location,,,Investigation complete; no suspect identified
ca9b22ad9d1b7ed8bd6792a9b3fddd79c29fe0f781b88a2508321af6ccdd9476,2019-12,Staffordshire Police,Staffordshire Police,-1.929234,52.747935,On or near RAVENSLEA ROAD,E01029346,Cannock Chase 003B,Investigation complete; no suspect identified
09dd83370baaff1e537afa4fa46b8dd2193baae2d08e23e2a5f769f4da5f41ad,2019-12,Staffordshire Police,Staffordshire Police,-1.675731,52.610241,On or near WATLING STREET,E01032902,Tamworth 010G,Investigation complete; no suspect identified
4fefdc8468f9ce16a5254ceb5c3db77353f467042200c7167a4ac87b68414e26,2019-12,Staffordshire Police,Staffordshire Police,-1.933790,52.762402,On or near MARKET STREET,E01029404,Cannock Chase 002E,Investigation complete; no suspect identified
b912c9b1a8e02fd7cdb622571c17f50f4b06ec26b3d424302f56a5f7862f14ee,2019-12,Staffordshire Police,Staffordshire Police,-1.697580,52.632764,On or near HOLLOWAY,E01029835,Tamworth 002A,Investigation complete; no suspect identified
6531216a619a93beea7f710f9a1ac3d4ffcc8bbbb918483ba34df1205bbdb65a,2019-12,Staffordshire Police,Staffordshire Police,,,No location,,,Investigation complete; no suspect identified
b125e4cf468c690b693a82698cb31771a68fd060d3712b39d93b8e75c73bc0b7,2019-12,Staffordshire Police,Staffordshire Police,-1.714721,52.616580,On or near DEER PARK ROAD,E01029503,Lichfield 012C,Investigation complete; no suspect identified
79a4f7263032c66dab45e70b85505a1a3290c29b64d4ac367ffde1dbb353e99a,2019-12,Staffordshire Police,Staffordshire Police,,,No location,,,Investigation complete; no suspect identified
b758916a94a6f70b213e158a641f89af03a2fb30e27695ad9d7c410395666120,2019-12,Staffordshire Police,Staffordshire Police,-1.676153,52.627053,On or near NEVILLE STREET,E01029830,Tamworth 006E,Investigation complete; no suspect identified
44818b24963b1dff8eadadb728efc4003e92b03116ad091979f5ef8cdeec1cb0,2019-12,Staffordshire Police,Staffordshire Police,-2.149378,52.671162,On or near Conference/Exhibition Centre,E01029617,South Staffordshire 003A,Investigation complete; no suspect identified
07962b6eaabb7144bd8184f7abe30941123dee7ee48d4f2f56947a350644e06b,2019-12,Staffordshire Police,Staffordshire Police,-2.197197,52.525385,On or near THE WARINGS,E01029680,South Staffordshire 012E,Investigation complete; no suspect identified
ff169857e59ecbca98c716df8b387b0bce744a9bc451a989ae8f39b545197a6a,2019-12,Staffordshire Police,Staffordshire Police,-1.994731,52.719719,On or near BRINDLEY CRESCENT,E01029388,Cannock Chase 004C,Investigation complete; no suspect identified
bdc7554d1e1cda2e006def5c3cf4b040b2a47e0d5c99d84362ad08b708d503d0,2019-12,Staffordshire Police,Staffordshire Police,-1.790312,52.691020,On or near ASH TREE LANE,E01029530,Lichfield 008C,Investigation complete; no suspect identified
4ba79988c61c4d678334c6fe7beafdb41bed71c316208505b2b672261a651cf7,2019-12,Staffordshire Police,Staffordshire Police,-2.032571,52.678525,On or near DELTA WAY,E01029359,Cannock Chase 012A,Investigation complete; no suspect identified
a0cec81389e73d6667a025fe18421678967a7e8b93c680484ff504cc9894ed20,2019-12,Staffordshire Police,Staffordshire Police,,,No location,,,Investigation complete; no suspect identified
3e460f4f0a5b134557ac1ee33b46a08ab1314d0cd7c7f1d2deed999f9d660c23,2019-12,Staffordshire Police,Staffordshire Police,-1.720310,52.638798,On or near MANSFIELD CLOSE,E01029836,Tamworth 002B,Investigation complete; no suspect identified
0d3ae4284bb573dac0db1fdde71079dfab30fc8c823ba4c9f218122d67cc7e25,2019-12,Staffordshire Police,Staffordshire Police,-1.689736,52.647100,On or near MILDENHALL,E01029854,Tamworth 001F,Investigation complete; no suspect identified
ecc6a7d8afbc107b254bacd44c1e971c54489f655706e801485f1cb7d4735229,2019-12,Staffordshire Police,Staffordshire Police,-2.061730,52.631029,On or near CHARLES AVENUE,E01029634,South Staffordshire 007C,Investigation complete; no suspect identified
4a020e11e9ca02ce1fe16e16f64b33da7832ea26de4061cd043e549c5cbec9fd,2019-12,Staffordshire Police,Staffordshire Police,-1.699243,52.790878,On or near THE WOODLANDS,E01029440,East Staffordshire 015B,Investigation complete; no suspect identified
306a9368e01c712154d9a5892f6a65cf2694f8e2984752acea4b13f30af0b1f6,2019-12,Staffordshire Police,Staffordshire Police,-2.004096,52.803807,On or near ABBEY FIELDS,E01029713,Stafford 008E,Investigation complete; no suspect identified
a90e378b87aca5973db4ef6afff492e13a906baf1d0b6f99b00f3b32bd6a4fa3,2019-12,Staffordshire Police,Staffordshire Police,-1.895278,52.631044,On or near Sports/Recreation Area,E01029523,Lichfield 011E,Investigation complete; no suspect identified
c5ca9646fcef86e8438db0ed6e00df77ec34bdbacd9e59f735c40fd474fb963b,2019-12,Staffordshire Police,Staffordshire Police,-1.679008,52.620426,On or near Pedestrian Subway,E01029828,Tamworth 006D,Investigation complete; no suspect identified
c357c66338aa6c0ac52acd331426bf1b2647fbb3d20c079eb6e22138c3c7faf7,2019-12,Staffordshire Police,Staffordshire Police,-1.631332,52.799074,On or near FLEET STREET,E01032898,East Staffordshire 011H,Investigation complete; no suspect identified
620adcc52cf2396bb117e047e52bfc82363f53bdece0f0270d7921f57db5c439,2019-12,Staffordshire Police,Staffordshire Police,-1.637236,52.818536,On or near RUSKIN PLACE,E01029427,East Staffordshire 008B,Investigation complete; no suspect identified
099ec7147093be9ffa045980d240425f47aaf03d5ec489963482b36ea84a60de,2019-12,Staffordshire Police,Staffordshire Police,-1.652203,52.795010,On or near THRIFT ROAD,E01029415,East Staffordshire 013C,Investigation complete; no suspect identified
88ff9ad149902485394549be8b996b5824c9ad91e59ed6f3cf6d40da408285f8,2019-12,Staffordshire Police,Staffordshire Police,-2.011919,52.663489,On or near WALSALL ROAD,E01029642,South Staffordshire 004G,Investigation complete; no suspect identified
8542a010b318ca014d3f62cd4802f677349771e22449909d33064ec70e0a0948,2019-12,Staffordshire Police,Staffordshire Police,,,No location,,,Investigation complete; no suspect identified
d1789a625de3211b35cfdc77d74ebf7a9de306198ef2653c380c385a72af97e6,2019-12,Staffordshire Police,Staffordshire Police,-2.192786,52.591639,On or near ST MAWES ROAD,E01029662,South Staffordshire 011A,Investigation complete; no suspect identified
944c606568c666b73f8d1ee7128cfbe1fa04de32c49ef1d8e4e66ef34b7bcd3a,2019-12,Staffordshire Police,Staffordshire Police,,,No location,,,Investigation complete; no suspect identified
44b1c97eded76d6b410110f60f9ee9f5b662915a8436b7216eb6f64680ba8ee5,2019-12,Staffordshire Police,Staffordshire Police,-2.103387,52.721427,On or near ABBEY CLOSE,E01029657,South Staffordshire 001C,Investigation complete; no suspect identified
aefa3732070006a8e100c83bb4ec5a0775b187ed5e1b1138e20aa48653a97133,2019-12,Staffordshire Police,Staffordshire Police,-1.642593,52.619117,On or near DARNBROOK,E01029858,Tamworth 008D,Investigation complete; no suspect identified
6750310d78a340580f3390bded94cb78968a3bdaf121b3639ce74281c1c27c96,2019-12,Staffordshire Police,Staffordshire Police,-1.633746,52.803063,On or near Parking Area,E01032896,East Staffordshire 011F,Investigation complete; no suspect identified
52d89a243a3cc0434384ce6912579d6d4ef1bf96f9429deaf0db188ad7e3bb3c,2019-12,Staffordshire Police,Staffordshire Police,,,No location,,,Investigation complete; no suspect identified
0e995422923cae6ac5e432b9de6353f8bc9830b484d040b4ab894b9a24122913,2019-12,Staffordshire Police,Staffordshire Police,-2.202387,52.525655,On or near BRIDGNORTH ROAD,E01029680,South Staffordshire 012E,Investigation complete; no suspect identified
da9147a56fcb8f675fab36c79bfeda17f10c7dff47564edbd19ca4088ee79b06,2019-12,Staffordshire Police,Staffordshire Police,,,No location,,,Investigation complete; no suspect identified
5fa4059d31490a6af63c3039ba5cdf2b29c59dadd1a480cda6cc791bb6bf9388,2019-12,Staffordshire Police,Staffordshire Police,,,No location,,,Investigation complete; no suspect identified
04b6ba1a9f44ccd6ecc7009a3ba59fd3c36cd4733f1d44ac5b61172584662dc4,2019-12,Staffordshire Police,Staffordshire Police,,,No location,,,Investigation complete; no suspect identified
5de89dd3088d4e487c9c0ec7edc5622e522e7ea45b821b8ad5134b19d943b52b,2019-12,Staffordshire Police,Staffordshire Police,,,No location,,,Investigation complete; no suspect identified
7867c4393c7baee5990057c99223948ea7d4e3b67ae96ab3ef357e806c5bfe4c,2019-12,Staffordshire Police,Staffordshire Police,-2.070942,52.789763,On or near STOCKTON LANE,E01029685,Stafford 014B,Investigation complete; no suspect identified
bf039113a74c07ba59eea7fa9e6ce72fff32a89d4efb1207a5b05a7920fdb3de,2019-12,Staffordshire Police,Staffordshire Police,,,No location,,,Investigation complete; no suspect identified
1b318b23f9708435e6bf1586d0510aa18d35ee97fdeaedccfb6be3f82fa04b76,2019-12,Staffordshire Police,Staffordshire Police,,,No location,,,Investigation complete; no suspect identified
9b34c876ac4a8f69da633d20c4b9335f3947587b17791ef821959a712272e8ba,2019-12,Staffordshire Police,Staffordshire Police,-1.799830,52.825951,On or near B5234,E01029473,East Staffordshire 006E,Investigation complete; no suspect identified
1ea0f24dc3dcc6bf2577dbc88768cd57808d0f5b07f840fed4a994794aa0401f,2019-12,Staffordshire Police,Staffordshire Police,-2.030753,52.659350,On or near MOUNT CLOSE,E01029625,South Staffordshire 004E,Investigation complete; no suspect identified
51d7b9a49ea569e8408f309b711ddfe94de4869b3b5ed3d18931a291195c5634,2019-12,Staffordshire Police,Staffordshire Police,-1.672438,52.620013,On or near A5,E01029829,Tamworth 010A,Investigation complete; no suspect identified
d50bacfe25e30867f9b1d9e38d03fbbdf00e8756773a5704db3e69ea268519e6,2019-12,Staffordshire Police,Staffordshire Police,-1.672438,52.620013,On or near A5,E01029829,Tamworth 010A,Investigation complete; no suspect identified
affae1a82af4d396b176d092e05abb2c16c68e524fb3ab2e5a3bb426be7c06d8,2019-12,Staffordshire Police,Staffordshire Police,-1.809033,52.689793,On or near EASTERN AVENUE,E01029525,Lichfield 005G,Investigation complete; no suspect identified
d0d9f15bf9f4ecde322ed3949352bd226900cbb5c4f217b68574c4fd7fa0d2d4,2019-12,Staffordshire Police,Staffordshire Police,-1.666169,52.793594,On or near SPINNEY ROAD,E01029413,East Staffordshire 013A,Investigation complete; no suspect identified
d384fc663255f26b0a4b50e0e2d3d770877b8301cc6ae56878d4813ac6443c28,2019-12,Staffordshire Police,Staffordshire Police,,,No location,,,Investigation complete; no suspect identified
ca3018a64551ce57af83a177027c7220112a4c151ac55bf08090908181a07710,2019-12,Staffordshire Police,Staffordshire Police,,,No location,,,Investigation complete; no suspect identified
ce2098f5a9e2a98eea2b03654457c2065cfd55388a0185e279217f418b92a43a,2019-12,Staffordshire Police,Staffordshire Police,-2.035143,52.658495,On or near EAGLE CLOSE,E01029623,South Staffordshire 004C,Investigation complete; no suspect identified
3d9c7c52921b613e3a75f99b34dd48319bd36c8a139bb9c9c6c2f67f268008b4,2019-12,Staffordshire Police,Staffordshire Police,-1.715840,52.646734,On or near FIR TREE CLOSE,E01029848,Tamworth 001C,Investigation complete; no suspect identified
906fd8b415bd2c2c33d8dae57ffdf74f5d0ed77709b2ad01d3ce1bcf3e5f930d,2019-12,Staffordshire Police,Staffordshire Police,-2.199717,52.463494,On or near STOURTON CRESCENT,E01029652,South Staffordshire 014D,Investigation complete; no suspect identified
9c62d8f29b552cd2801acaf5a44978855a4b411af833962ad7eea209c221994c,2019-12,Staffordshire Police,Staffordshire Police,,,No location,,,Investigation complete; no suspect identified
37b926d75c0eb2891eb1a08b270f8648d0ab00822be318a7e93919506591b479,2019-12,Staffordshire Police,Staffordshire Police,-2.049750,52.685072,On or near STIRLING PLACE,E01029363,Cannock Chase 012E,Investigation complete; no suspect identified
f2b6e628c419f46f94b7d901fa23e110d16d499320d91a08cc64d7e9b81eeefc,2019-12,Staffordshire Police,Staffordshire Police,-1.679008,52.620426,On or near Pedestrian Subway,E01029828,Tamworth 006D,Investigation complete; no suspect identified
6b99baf4cf375d5d3fd53797b2aedc0673cf821c284f2e3def61c38a2d9a4b00,2019-12,Staffordshire Police,Staffordshire Police,-2.187374,52.496148,On or near A449,E01009815,Dudley 014B,Investigation complete; no suspect identified
bf7442318ffcb364452ae0032956312ced6ae15a6004cbce120501042752d09b,2019-12,Staffordshire Police,Staffordshire Police,-1.845917,52.693784,On or near Pedestrian Subway,E01029492,Lichfield 004A,Investigation complete; no suspect identified
0ab2767c30d08ffed9509c09e0f81aee2ada9ce0a142d96bdf3bccae1acce11c,2019-12,Staffordshire Police,Staffordshire Police,-2.016576,52.701712,On or near Parking Area,E01029352,Cannock Chase 008D,Investigation complete; no suspect identified
3da6e0f3db3f9f30080c611177e5fe537eee10f2f097b6d7e188f3320fc61252,2019-12,Staffordshire Police,Staffordshire Police,-2.029487,52.689906,On or near Parking Area,E01029360,Cannock Chase 012B,Investigation complete; no suspect identified
0d049d470f50c40a6477b4ae95fea31bfe1f200e359e9651bcf56537284b1904,2019-12,Staffordshire Police,Staffordshire Police,-2.147629,52.901655,On or near CROWN STREET,E01029745,Stafford 003C,Investigation complete; no suspect identified
b41c6790b1cf125bed0092760ac932b852d4aacf6b099c8b6f163624716fc198,2019-12,Staffordshire Police,Staffordshire Police,-2.126513,52.787945,On or near BARNES ROAD,E01029717,Stafford 013C,Investigation complete; no suspect identified
fd161f8f960718994eee68d63d18ed14e8cd780121b18b8480bc92de021a94a6,2019-12,Staffordshire Police,Staffordshire Police,-2.030614,52.693232,On or near Hospital,E01029367,Cannock Chase 011E,Investigation complete; no suspect identified
7a5e0c8d4dedf1b7ecfd39c1d0286b64ddf7e264f0aaa75f3b530e66f82de148,2019-12,Staffordshire Police,Staffordshire Police,-1.628073,52.829924,On or near BEECH DRIVE,E01029456,East Staffordshire 005C,Investigation complete; no suspect identified
3871768da42827565d4643a5c147e457d68aea39976644af429d383a64fc2fbb,2019-12,Staffordshire Police,Staffordshire Police,-1.655528,52.817170,On or near Hospital,E01029435,East Staffordshire 007B,Investigation complete; no suspect identified
410373273982891241de9500e16b15c386145047c86505cbc5003330d052b370,2019-12,Staffordshire Police,Staffordshire Police,-1.671236,52.624810,On or near TALBOT,E01029825,Tamworth 006A,Investigation complete; no suspect identified
c580e7117a41cfd6a93811dd5d003c4881e262aaf84eeb97f5360a308c5c95db,2019-12,Staffordshire Police,Staffordshire Police,,,No location,,,Investigation complete; no suspect identified
04cda1683bcab9e406a697d5361e24f09166e4c5bd48f4bb387ec88ac4f684d1,2019-12,Staffordshire Police,Staffordshire Police,,,No location,,,Investigation complete; no suspect identified
0c3230945d995d0f745ba390fc212756a14d38e4332a285cc53d759444adacc6,2019-12,Staffordshire Police,Staffordshire Police,,,No location,,,Investigation complete; no suspect identified
5deca37a21268523da4fe9c6d383dca07ca523d9205cff032c26cc8e173ef1d9,2019-12,Staffordshire Police,Staffordshire Police,,,No location,,,Investigation complete; no suspect identified
ee6dcaae0dfa4a22cf82d7131c7690222459e79e27caa1607d5e7e82bd8c9c8d,2019-12,Staffordshire Police,Staffordshire Police,-1.687438,52.614830,On or near PARKFIELD CRESCENT,E01029863,Tamworth 009D,Investigation complete; no suspect identified
7191b2a8e982aaeba717b4e8076eb15f22e237a6c6d940489df6cfb2d3c62729,2019-12,Staffordshire Police,Staffordshire Police,-2.186591,52.623904,On or near WOLVERHAMPTON ROAD,E01029614,South Staffordshire 008B,Investigation complete; no suspect identified
91557b7c2611a18980a31d518f6afddcc1ba57d531e20bc255f1c5c609687173,2019-12,Staffordshire Police,Staffordshire Police,,,No location,,,Investigation complete; no suspect identified
04e4d4900d66bf70276ed35eb92c3f4c1ba02e17eea789bbf53139a0e4780bc4,2019-12,Staffordshire Police,Staffordshire Police,-1.612435,52.790923,On or near FOXGLOVE AVENUE,E01029419,East Staffordshire 012B,Investigation complete; no suspect identified
1200738d8542cd78b7c72823510786f01929f4509a2b2cb35dbac7478709b127,2019-12,Staffordshire Police,Staffordshire Police,,,No location,,,Investigation complete; no suspect identified
c56154234c4efe115e697d741bbd11201bcb67daf7fab518c76923cd513737af,2019-12,Staffordshire Police,Staffordshire Police,-1.727922,52.762351,On or near WESTMEAD ROAD,E01029439,East Staffordshire 015A,Investigation complete; no suspect identified
906c5d906f6a6291918bcee2d70dcd35549203fb036b3da1bb66eba45b6d6e29,2019-12,Staffordshire Police,Staffordshire Police,-2.264206,52.562725,On or near Park/Open Space,E01028859,Shropshire 034E,Investigation complete; no suspect identified
2708e842393ddfee1d65daebc57f76ccaeaa1aaa0e1792efb82019acb120bcdf,2019-12,Staffordshire Police,Staffordshire Police,-1.967823,52.710168,On or near ST PATRICK CLOSE,E01029400,Cannock Chase 006D,Investigation complete; no suspect identified
3aa6c5a146e5764bfc0266322a8b04fb5b229466fc3c571e564c98f9b53339ac,2019-12,Staffordshire Police,Staffordshire Police,-2.017234,52.719080,On or near HEDGEROW CLOSE,E01029385,Cannock Chase 004B,Investigation complete; no suspect identified
e2520d9f8fd05426f8d1b94c61e443a45138610ef258742022c7a53833427c51,2019-12,Staffordshire Police,Staffordshire Police,-2.148482,52.903452,On or near GRANVILLE SQUARE,E01029744,Stafford 003B,Investigation complete; no suspect identified
5e8d2f5bf03d71956482189c58f00e2d18c027bd8b34311484d01d607fe1b86c,2019-12,Staffordshire Police,Staffordshire Police,-1.605790,52.799243,On or near DOVERIDGE ROAD,E01029418,East Staffordshire 012A,Investigation complete; no suspect identified
4d7e923a3cc879b6fc4ed1fdaa8f8fea25ba375b9db4f04505e29f60c1bf9bd0,2019-12,Staffordshire Police,Staffordshire Police,-1.697137,52.628403,On or near RIVERDRIVE,E01029835,Tamworth 002A,Investigation complete; no suspect identified
af37acdd23709695ddd8555a4bd2961800b387ed2468326befa578274d431cd4,2019-12,Staffordshire Police,Staffordshire Police,-1.802577,52.874768,On or near HIGH STREET,E01029425,East Staffordshire 006D,Investigation complete; no suspect identified
e723c53e378a78489653964158964b3800898c3fa31d8a4120438672bcf98bcc,2019-12,Staffordshire Police,Staffordshire Police,-2.000150,52.710883,On or near Parking Area,E01029389,Cannock Chase 005D,Investigation complete; no suspect identified
8a4b0438561f81b2babfa4ea731576512190a448d5c4a7a327265a24bda8bb51,2019-12,Staffordshire Police,Staffordshire Police,-1.830158,52.694194,On or near WILLOWTREE CLOSE,E01029499,Lichfield 004B,Investigation complete; no suspect identified
a5d3ec820ccb0c008d527434a6b27f9a989f4e27e0c51aa417cd4fd090f714d9,2019-12,Staffordshire Police,Staffordshire Police,-1.697137,52.628403,On or near RIVERDRIVE,E01029835,Tamworth 002A,Investigation complete; no suspect identified
92d09b4b2292a15bb90417e57784f029801bb03d88333e45d248483aec6106f0,2019-12,Staffordshire Police,Staffordshire Police,-2.210233,52.529786,On or near THE CROFT,E01029678,South Staffordshire 013G,Investigation complete; no suspect identified
bd3ccf195a72c2154f04ff160c685ae7275209be8f191cfdbbfd4b059486ad27,2019-12,Staffordshire Police,Staffordshire Police,-1.994719,52.700527,On or near Supermarket,E01029392,Cannock Chase 009E,Investigation complete; no suspect identified
d62345cadee63f0c631fc1b9c9295e0b19f50bfa410ee2a705522592c8311ca9,2019-12,Staffordshire Police,Staffordshire Police,-1.633723,52.800510,On or near Shopping Area,E01032896,East Staffordshire 011F,Investigation complete; no suspect identified
dc553ac69b222a8e1810d5898f76e190aa28badca7976fb944c1ec116ae497d7,2019-12,Staffordshire Police,Staffordshire Police,-2.125563,52.813045,On or near FRANK FOLEY WAY,E01029691,Stafford 010B,Investigation complete; no suspect identified
a09c92bda36617d79af465681230188a08d43de31a5fa305a7bac10d2e6fb091,2019-12,Staffordshire Police,Staffordshire Police,-1.948758,52.685998,On or near WEMBLEY LANE,E01029493,Lichfield 006B,Investigation complete; no suspect identified
4f1088d97354b29794a7fdc0a67352b05dabf89b513f9a3cf3469b3dd9ce359b,2019-12,Staffordshire Police,Staffordshire Police,-2.183174,52.530856,On or near POPLAR CLOSE,E01029676,South Staffordshire 012C,Investigation complete; no suspect identified
fef99049a88c10d24a7adaf4ac258c5734c323a4bbb529f47dbd4ccd18674a4f,2019-12,Staffordshire Police,Staffordshire Police,-1.632808,52.801676,On or near Shopping Area,E01032896,East Staffordshire 011F,Investigation complete; no suspect identified
975f8b479887f91bd2a24281b6a125fb167f3041445c5c0afd60d54fdd604770,2019-12,Staffordshire Police,Staffordshire Police,-1.826944,52.683752,On or near CONDUIT STREET,E01029526,Lichfield 004E,Investigation complete; no suspect identified
5a545a9b5517cb5bca982574941288c1d78fce7332fbec9b2ac3dfbf539253a4,2019-12,Staffordshire Police,Staffordshire Police,-2.144898,52.903195,On or near MILL STREET,E01029745,Stafford 003C,Investigation complete; no suspect identified
190b3c987f7093342316f09b02bfff4bb7ab0c254ff24246fdd1d189feec2348,2019-12,Staffordshire Police,Staffordshire Police,-1.829032,52.683207,On or near Supermarket,E01029526,Lichfield 004E,Investigation complete; no suspect identified
3a6904f28bcc4f23c02e03678ec9bda6ec5b8d188740677ce43345e0ccee519b,2019-12,Staffordshire Police,Staffordshire Police,-1.656170,52.613089,On or near HANLITH,E01029856,Tamworth 008B,Investigation complete; no suspect identified
b08b3e5a6dc2ecf333e49c9286283deefee3b8feac57e0f47dccb3f169adfea0,2019-12,Staffordshire Police,Staffordshire Police,-1.656170,52.613089,On or near HANLITH,E01029856,Tamworth 008B,Investigation complete; no suspect identified
15056013cb46d33ff444078975b2b6cef93fe0745244a6713cbba24c03226fc1,2019-12,Staffordshire Police,Staffordshire Police,-2.192081,52.592341,On or near FRAMLINGHAM GROVE,E01029662,South Staffordshire 011A,Investigation complete; no suspect identified
c6c3daec3919fb39c3655afc14ff497c09629c489efaa303c14d8d0aad086aed,2019-12,Staffordshire Police,Staffordshire Police,-2.015701,52.656108,On or near FOREST WAY,E01029644,South Staffordshire 005E,Investigation complete; no suspect identified
73ed640cc6560032ae031d01603435cf7aa93910155a83f596ec2e6cc540e54f,2019-12,Staffordshire Police,Staffordshire Police,-1.638621,52.798251,On or near WOOD COURT,E01032898,East Staffordshire 011H,Investigation complete; no suspect identified
c070aab8351bf41da8bb8e4cee5d3fe5684a73caf373e3beca86a2e864e04ef9,2019-12,Staffordshire Police,Staffordshire Police,-1.844739,52.637740,On or near ADMIRAL PARKER DRIVE,E01029521,Lichfield 011C,Investigation complete; no suspect identified
f55bd85029a253e01964e96106f00027eed8df1654cea849cbb5bfa7c7ea85c7,2019-12,Staffordshire Police,Staffordshire Police,-2.030375,52.690203,On or near Shopping Area,E01029360,Cannock Chase 012B,Investigation complete; no suspect identified
0c6b570319ad36f164e219232b676187fa8a51c81fbd25f78cb9af4387cf41eb,2019-12,Staffordshire Police,Staffordshire Police,-2.024586,52.708201,On or near Further/Higher Educational Building,E01029358,Cannock Chase 007E,Investigation complete; no suspect identified
4160f54d7c5de8ca5e43d6f1da75a48a80e04d4a95eb479761b1ee14fa2c55c7,2019-12,Staffordshire Police,Staffordshire Police,-2.033496,52.689069,On or near DANILO ROAD,E01029365,Cannock Chase 011C,Investigation complete; no suspect identified
a0c42bb1aaec95acab0ab0216996e81ee52c72a94fdb5eb0b96459913e848b90,2019-12,Staffordshire Police,Staffordshire Police,,,No location,,,Investigation complete; no suspect identified
dcc50c44f3ae825ebf7f565f90a4c40fac60f7cbff1f81d9eadd3670d610008a,2019-12,Staffordshire Police,Staffordshire Police,-1.699232,52.617998,On or near YENTON CLOSE,E01029837,Tamworth 005B,Investigation complete; no suspect identified
3952fb68ed4c50c10d01c8e1658043eaf502cab15cd5def87d65f9e6c551877d,2019-12,Staffordshire Police,Staffordshire Police,-2.242992,52.455826,On or near WHITE HILL,E01029651,South Staffordshire 014C,Investigation complete; no suspect identified
467dbbf70ad30f7602cbd73bfc5cd4207986d2325e5d6f7b15d103ad90f0a830,2019-12,Staffordshire Police,Staffordshire Police,-1.698916,52.763036,On or near LICHFIELD ROAD,E01029441,East Staffordshire 015C,Investigation complete; no suspect identified
a6eb348d697a5f97688e93d2f09045eab22c0b7704fc2df034135cf4b7bd39eb,2019-12,Staffordshire Police,Staffordshire Police,-1.724568,52.765445,On or near CROWBERRY LANE,E01029441,East Staffordshire 015C,Investigation complete; no suspect identified
793cdb8caa985a84be2d2a2dca653e3fce5eb00a1905284c80dd08bb3e69da79,2019-12,Staffordshire Police,Staffordshire Police,-2.111361,52.777083,On or near CRAFTDOWN CLOSE,E01029726,Stafford 016A,Investigation complete; no suspect identified
3aaf529257f956f35f97c31a5914b09cacb6353e858f3031438fadb9498aaef1,2019-12,Staffordshire Police,Staffordshire Police,-1.723815,52.692412,On or near CHURCH ROAD,E01029517,Lichfield 008B,Investigation complete; no suspect identified
77b9f5d44b23bc53de21c0adcbc15714c6947b93ac355e6cdf3a9443fe33d423,2019-12,Staffordshire Police,Staffordshire Police,-2.101236,52.955316,On or near HEATHER CRESCENT,E01029705,Stafford 001D,Investigation complete; no suspect identified
b7ae64656d72db3d32a8b27c298718148476ce53ca655d81e9b407114bcc2ee8,2019-12,Staffordshire Police,Staffordshire Police,,,No location,,,Investigation complete; no suspect identified
0671c01b5b09b7002a8ff4c1114933099a6ece3927219f202f198ff841a9d7ec,2019-12,Staffordshire Police,Staffordshire Police,-1.611639,52.803703,On or near HAMILTON ROAD,E01029471,East Staffordshire 010D,Investigation complete; no suspect identified
ab04e825731200acb245b7b5dd881686aa597afe6cd365fa343375925cc5c0a8,2019-12,Staffordshire Police,Staffordshire Police,-1.822001,52.702578,On or near WATERY LANE,E01029509,Lichfield 002D,Investigation complete; no suspect identified
80b0845315552d95a63c8b31f22d9609880b3bd51a59feb54418a506c0374860,2019-12,Staffordshire Police,Staffordshire Police,,,No location,,,Investigation complete; no suspect identified
b5b7fcfa55b4ccbea3ccebfe918548965d9256fc41da1e7212d2d22173b1c7a2,2019-12,Staffordshire Police,Staffordshire Police,-2.178269,52.626227,On or near FLORENCE ROAD,E01029613,South Staffordshire 008A,Investigation complete; no suspect identified
bfd6390e25d401035270b4de3d24e883779bdfc87f547a58e0d4fcf35aa68df0,2019-12,Staffordshire Police,Staffordshire Police,-2.121940,52.812195,On or near Petrol Station,E01029701,Stafford 010E,Investigation complete; no suspect identified
92d78efa81ca4fbdb928be076c3ed3f9249a998bbac65ca577b3d699cf83ed03,2019-12,Staffordshire Police,Staffordshire Police,-1.699232,52.617998,On or near YENTON CLOSE,E01029837,Tamworth 005B,Investigation complete; no suspect identified
e87558189fb3c8d7367b6da2021e95076fa74ea2894f7f8a4196b9e68a6cca8b,2019-12,Staffordshire Police,Staffordshire Police,-2.041331,52.713429,On or near OAKLANDS CLOSE,E01029648,South Staffordshire 002D,Investigation complete; no suspect identified
1613da6dfdd1b3de224c6c7e3c7079953b21a1da54fe887ea99406acbaeb9d4a,2019-12,Staffordshire Police,Staffordshire Police,,,No location,,,Investigation complete; no suspect identified
f92b479f147f1741a6b476eab0ffa4ddb421c30d7c6d91bc95e116d1f926084c,2019-12,Staffordshire Police,Staffordshire Police,-2.151231,52.907161,On or near VICTOR STREET,E01029744,Stafford 003B,Investigation complete; no suspect identified
92c0524171e78a48f74dc1ce9e2c28409c5b1b77fb32ccca1c4ada8bea82fdc7,2019-12,Staffordshire Police,Staffordshire Police,-1.669560,52.841266,On or near LODGE HILL,E01029444,East Staffordshire 004B,Investigation complete; no suspect identified
3275c633a2624bc6419fdc2eeac24f4b5bccfb0a45feaf57735d2d0d30d667b1,2019-12,Staffordshire Police,Staffordshire Police,-1.610249,52.798206,On or near ASHBROOK,E01029418,East Staffordshire 012A,Investigation complete; no suspect identified
873b51a1992985d56f844abc2ed7ce705734e7afcd017d0b2f2f6499ea050a9d,2019-12,Staffordshire Police,Staffordshire Police,-1.837803,52.687255,On or near GREENHOUGH ROAD,E01032899,Lichfield 004F,Investigation complete; no suspect identified
3c9f990d96226b5114d3d59a34b6c0a6b9a36c2505963f0a30d60f207cac3e29,2019-12,Staffordshire Police,Staffordshire Police,-1.638666,52.816149,On or near HORNINGLOW ROAD,E01029426,East Staffordshire 008A,Investigation complete; no suspect identified
1455dac9097e32466958056a4a9a21a6e3b311d76aed5a46149d6f3d974f974f,2019-12,Staffordshire Police,Staffordshire Police,-1.627056,52.832564,On or near MAIN STREET,E01029456,East Staffordshire 005C,Investigation complete; no suspect identified
acd85044f4a39cc338c83c0d53bc21fd71ef7ce475e4d58448b7421ef17df03b,2019-12,Staffordshire Police,Staffordshire Police,-2.103183,52.810460,On or near TITHE BARN ROAD,E01029725,Stafford 009D,Investigation complete; no suspect identified
5efa903c2e4baac31379af74f7c01abd0801c054c13679b482019c633449ecb8,2019-12,Staffordshire Police,Staffordshire Police,,,No location,,,Investigation complete; no suspect identified
62b351bc724dc7700b78ca324079ecbec344cdc765808a333002152dd58722b2,2019-12,Staffordshire Police,Staffordshire Police,-2.118173,52.807129,On or near Shopping Area,E01029701,Stafford 010E,Investigation complete; no suspect identified
b20ed1c790cf8cc9d28ce5a20bac7e35566c1f840a32ec8936d407a59ea92f70,2019-12,Staffordshire Police,Staffordshire Police,,,No location,,,Investigation complete; no suspect identified
ea0ca4702eb80e7c36a0d537c0218b36a025f90f054984f783f2f6c7eb12d992,2019-12,Staffordshire Police,Staffordshire Police,-1.769875,52.855175,On or near SWAN ROAD,E01029425,East Staffordshire 006D,Investigation complete; no suspect identified
64ad0f2e967531d1ac83fae2dc8c21403b827c07c7166d653b92cf132e5a71ad,2019-12,Staffordshire Police,Staffordshire Police,-1.972459,52.657742,On or near Petrol Station,E01029395,Cannock Chase 013B,Investigation complete; no suspect identified
f43033bcdb89a5e7527e887465a9815618629009e1c2b6ea4923ce9d96f98e91,2019-12,Staffordshire Police,Staffordshire Police,,,No location,,,Investigation complete; no suspect identified
a44dd10a91c488758997aa8b069cf515c59c63f1cdaf7634d58d3568a259b19e,2019-12,Staffordshire Police,Staffordshire Police,-1.679848,52.632978,On or near AMINGTON ROAD,E01029834,Tamworth 004D,Investigation complete; no suspect identified
c0d9db7b7279f9e47ef3301d20bf806890171422893b5be9cb3121deb390488a,2019-12,Staffordshire Police,Staffordshire Police,-2.113772,52.820410,On or near CARVER ROAD,E01029690,Stafford 006A,Investigation complete; no suspect identified
791549450b1458e3da6f53ac16a506bdcac955819550ea0ea29763a21cd4c26e,2019-12,Staffordshire Police,Staffordshire Police,-1.603928,52.801835,On or near TOWER ROAD,E01029470,East Staffordshire 010C,Investigation complete; no suspect identified
4e1382ea3d9d7d97b48be9ec318948b319456f6a16395a9f3d422db2aa78e956,2019-12,Staffordshire Police,Staffordshire Police,-2.173170,52.554658,On or near STOURBRIDGE ROAD,E01010492,Wolverhampton 028D,Investigation complete; no suspect identified
beff47af41e7e08a35fd554517c52c4864e8d31ef19a05c3ef2e0cd02f6fdb69,2019-12,Staffordshire Police,Staffordshire Police,-2.121135,52.810694,On or near Shopping Area,E01029701,Stafford 010E,Investigation complete; no suspect identified
fef748318521180a7a29c5b026dcad7a08e860013687a685fdc57412a431d7ac,2019-12,Staffordshire Police,Staffordshire Police,-1.650631,52.819062,On or near CALAIS ROAD,E01029436,East Staffordshire 007C,Investigation complete; no suspect identified
ce70b7df7453b103fab2a7c60e419440a63e8f0da1ba5df5645edfbface23638,2019-12,Staffordshire Police,Staffordshire Police,,,No location,,,Investigation complete; no suspect identified
b21a1e4bcb92c6fc422b893eab43ef209eee1a17aa6c360c5e51a0b878f1eb31,2019-12,Staffordshire Police,Staffordshire Police,-1.842472,52.635535,On or near HOLLY HILL ROAD,E01029521,Lichfield 011C,Investigation complete; no suspect identified
01a0fd9a80b96f51508c73d9d0007500cb2fefa8f5a0cc458f02b442998ec4e0,2019-12,Staffordshire Police,Staffordshire Police,-2.151099,52.903484,On or near NEWCASTLE STREET,E01029745,Stafford 003C,Investigation complete; no suspect identified
3e516f610168b1a5ee33794d8464c6a746164f45320f21bfb5629b46d5921b59,2019-12,Staffordshire Police,Staffordshire Police,-2.115807,52.804524,On or near BRIDGE STREET,E01029701,Stafford 010E,Investigation complete; no suspect identified
d38a0dd336428098959e9095daa4943e175df910d1ff4595d7800833ced1e023,2019-12,Staffordshire Police,Staffordshire Police,-1.744749,52.641874,On or near HOPWAS HILL,E01029517,Lichfield 008B,Investigation complete; no suspect identified
215f85d89e2a7b6cc2255bd7e9859462411876c1168b7814c6ba473d8b8c756b,2019-12,Staffordshire Police,Staffordshire Police,-1.974433,52.670292,On or near WALLACE CLOSE,E01029395,Cannock Chase 013B,Investigation complete; no suspect identified
798f52403d216dff883859b009a5febd2be6f2dd955a33de6cd5c6ff03ca9c06,2019-12,Staffordshire Police,Staffordshire Police,,,No location,,,Investigation complete; no suspect identified
e14a829476ef7db6fc778fdc609b1c0bbbba1c685aa776993dcf52c444c69670,2019-12,Staffordshire Police,Staffordshire Police,-2.138741,52.660477,On or near BREWOOD ROAD,E01029619,South Staffordshire 006B,Investigation complete; no suspect identified
71434eba9247af7b2b4bfe9a74c7d457415d656122529293d8eaa85e54aaf44a,2019-12,Staffordshire Police,Staffordshire Police,,,No location,,,Investigation complete; no suspect identified
fcb897658772bde4fadca20b63a8376938bf329ff948a653378f7dc3062d07c2,2019-12,Staffordshire Police,Staffordshire Police,-1.655915,52.636309,On or near REPINGTON ROAD SOUTH,E01029821,Tamworth 003B,Investigation complete; no suspect identified
3040664c637244c292ced5b11c9c1f2cb045b9ca734b7f1ab78f9567c4235b41,2019-12,Staffordshire Police,Staffordshire Police,-1.875790,52.599642,On or near Hospital,E01029514,Lichfield 011B,Investigation complete; no suspect identified
fd2516e52f608b00b5caf6cf9518c575f8075cba3469997750fa9005f76e765a,2019-12,Staffordshire Police,Staffordshire Police,-1.762800,52.673420,On or near Supermarket,E01029530,Lichfield 008C,Investigation complete; no suspect identified
67acb02a10f63203b34e111e64e0fdaeab8926c67e60a325529da8fd700ed440,2019-12,Staffordshire Police,Staffordshire Police,,,No location,,,Investigation complete; no suspect identified
976ba22a25d8df947921fad586cbab843495338a335cfbc0999e0a83e89bb852,2019-12,Staffordshire Police,Staffordshire Police,-2.246359,52.857353,On or near REDHILLS,E01029695,Stafford 005A,Investigation complete; no suspect identified
aa1841e7af29278454478cf4cf109d9e4dce97d07913bfe2b31dbda12ce7d397,2019-12,Staffordshire Police,Staffordshire Police,-1.799223,52.874052,On or near CHURCH LANE,E01029425,East Staffordshire 006D,Investigation complete; no suspect identified
35348db76a02e9af4328e7ab4139250cf723e9b28b76a7dc601d139919f4ac1c,2019-12,Staffordshire Police,Staffordshire Police,-2.118173,52.807129,On or near Shopping Area,E01029701,Stafford 010E,Investigation complete; no suspect identified
1bc523af56922733e72f0803e6e73716331d1d87775d75eaafec798a7b9a8193,2019-12,Staffordshire Police,Staffordshire Police,-2.146519,52.903337,On or near Supermarket,E01029745,Stafford 003C,Investigation complete; no suspect identified
425f3ed3c63de2533603f07f6d9be589b13251b1f544ebf61e5a865f6ac89921,2019-12,Staffordshire Police,Staffordshire Police,-2.015149,52.724771,On or near CROFT AVENUE,E01029390,Cannock Chase 004D,Investigation complete; no suspect identified
3fd081072567f20110d17febac9da0c45b0f1939c630ec594e71472df1072a43,2019-12,Staffordshire Police,Staffordshire Police,-2.026482,52.686581,On or near Supermarket,E01029360,Cannock Chase 012B,Investigation complete; no suspect identified
f00d247270272df12b382f7a0b17e741f71e1477fc953c37f3d1daa43c46d57a,2019-12,Staffordshire Police,Staffordshire Police,,,No location,,,Investigation complete; no suspect identified
d31911103be8f20ed559f658b1b716980dbcaed5a452afa6bf0c3eec37de7f6a,2019-12,Staffordshire Police,Staffordshire Police,-1.672866,52.790449,On or near FIRST AVENUE,E01029416,East Staffordshire 013D,Investigation complete; no suspect identified
59159c297c093ac8e527140388ed1a63581e97ff52b231a5e6c43379599068ea,2019-12,Staffordshire Police,Staffordshire Police,-2.113772,52.820410,On or near CARVER ROAD,E01029690,Stafford 006A,Investigation complete; no suspect identified
07405ff181b14546a2d5ba5877275f5985d0f934bc7e5e08acf5c854d1c5f6ad,2019-12,Staffordshire Police,Staffordshire Police,-1.631332,52.799074,On or near FLEET STREET,E01032898,East Staffordshire 011H,Investigation complete; no suspect identified
1266a8c704a29088492d361ccb696efff34be07d5693f1126184f4b7a2058b97,2019-12,Staffordshire Police,Staffordshire Police,-2.185373,52.535105,On or near MAYPOLE STREET,E01029676,South Staffordshire 012C,Investigation complete; no suspect identified
074a6fc6b4a2d70ddbbb13f938b33e263d2c5bc950dc661c0f958578d0e9a881,2019-12,Staffordshire Police,Staffordshire Police,-1.684163,52.620557,On or near FIELD CLOSE,E01029826,Tamworth 006B,Investigation complete; no suspect identified
ec070683a7eb8fcefa5b5eadda2cc38f4ff35163e25240e60971e4392380e4ab,2019-12,Staffordshire Police,Staffordshire Police,-1.690586,52.633429,On or near MILL LANE,E01029838,Tamworth 005C,Investigation complete; no suspect identified
4643837355530352c7f9de82b916a46c94ce30ba07f858f466603ae17a31679b,2019-12,Staffordshire Police,Staffordshire Police,-2.171591,52.885891,On or near Motorway Service Area,E01029695,Stafford 005A,Investigation complete; no suspect identified
5633256dde3b99069bf389d61782179aa53dc42376b46ddb767966bec1f3801b,2019-12,Staffordshire Police,Staffordshire Police,-2.023322,52.696794,On or near Sports/Recreation Area,E01029367,Cannock Chase 011E,Investigation complete; no suspect identified
61e4bb676f2ee11297350d468312c5993fa5723f51112ec4d0fedffe441334c2,2019-12,Staffordshire Police,Staffordshire Police,,,No location,,,Investigation complete; no suspect identified
bbbcc2e0132b2b3736bae95b54b12cf7257ab254950b97f2e3f06aca616d2e0f,2019-12,Staffordshire Police,Staffordshire Police,-1.838343,52.641229,On or near PINFOLD HILL,E01029521,Lichfield 011C,Investigation complete; no suspect identified
3e1d4026d0f901a9f1bb14c161c76965115c95aaf26a5d321577f666c2880e26,2019-12,Staffordshire Police,Staffordshire Police,-1.931787,52.677970,On or near Sports/Recreation Area,E01029497,Lichfield 006E,Investigation complete; no suspect identified
ec4614888605ab5be3226498f4b1adcf2cf9a3b143e119086d377f4674f1e275,2019-12,Staffordshire Police,Staffordshire Police,,,No location,,,Investigation complete; no suspect identified
c3cf053b53f555f7abadd635524bce509eca0884ed9e79b703feb9027f2d7e77,2019-12,Staffordshire Police,Staffordshire Police,-1.627618,52.791088,On or near FERRY STREET,E01029451,East Staffordshire 014C,Investigation complete; no suspect identified
b259e30e51c7a693917a6e806edfd5f2fb6e99adc16f71c5b32014219086ee7c,2019-12,Staffordshire Police,Staffordshire Police,-1.627618,52.791088,On or near FERRY STREET,E01029451,East Staffordshire 014C,Investigation complete; no suspect identified
d5ce54c53f0d46f4b93c01c7ded07ca5b8ffe449259a563574ab0cdc3766b76b,2019-12,Staffordshire Police,Staffordshire Police,-2.114633,52.803680,On or near LICHFIELD ROAD,E01029701,Stafford 010E,Investigation complete; no suspect identified
4564292dbf2ec8aa01aec5a263f4a2e7e90ec0cfd3d5061ecf1f7226025e320e,2019-12,Staffordshire Police,Staffordshire Police,-1.992482,52.713211,On or near HEATHER VALLEY,E01029389,Cannock Chase 005D,Investigation complete; no suspect identified
c453f240800f83fbc19a47494426b994e022fad60cb404ee1554442eaa240b5c,2019-12,Staffordshire Police,Staffordshire Police,-2.151361,52.906226,On or near ALMA STREET,E01029744,Stafford 003B,Investigation complete; no suspect identified
e262dfbe6b339bdaecb0a72353278d6f4fe04cc6e892c971705c14dca6b5f607,2019-12,Staffordshire Police,Staffordshire Police,-2.006809,52.701623,On or near HERONDALE,E01029393,Cannock Chase 008E,Investigation complete; no suspect identified
3c9f0946bdc34ab3cff879d519315107112ccbbad4a23a2125643b78ea9cd472,2019-12,Staffordshire Police,Staffordshire Police,-1.643089,52.806877,On or near BOROUGH ROAD,E01029445,East Staffordshire 009A,Investigation complete; no suspect identified
779685f2b56a4d62237b4a45fbf58ae51e2abd34cba0b0228a43e00655122ac9,2019-12,Staffordshire Police,Staffordshire Police,-1.655597,52.633521,On or near CRESTWOOD,E01029821,Tamworth 003B,Investigation complete; no suspect identified
9088d8ad23f905a57359c839f0e3b1d6409533604911976d239e5384743ea1d6,2019-12,Staffordshire Police,Staffordshire Police,-1.655597,52.633521,On or near CRESTWOOD,E01029821,Tamworth 003B,Investigation complete; no suspect identified
b14971f906147870c4a0a011cc869ccbc78d81de1d867755d32539dcc68cb42c,2019-12,Staffordshire Police,Staffordshire Police,-1.646338,52.695101,On or near MAIN ROAD,E01029516,Lichfield 008A,Investigation complete; no suspect identified
7d0e4ded2b0f5ecadc4d7b2a8a83c006df439ed2604e11dc8ec31a87efdcc891,2019-12,Staffordshire Police,Staffordshire Police,-1.808534,52.675336,On or near GORSE LANE,E01029483,Lichfield 005A,Investigation complete; no suspect identified
669b20fe87139b3b7d0276f0a2136de603c852abf9d2ea70881dd0c41b4940e1,2019-12,Staffordshire Police,Staffordshire Police,-1.920040,52.679941,On or near Petrol Station,E01029489,Lichfield 009C,Investigation complete; no suspect identified
f7c93e9e3b8da9ed7449dfe702ea585f68873592dd387d7f6c19ac3ab63dc2ec,2019-12,Staffordshire Police,Staffordshire Police,-1.949327,52.769268,On or near HOLYOAKE PLACE,E01029372,Cannock Chase 002A,Investigation complete; no suspect identified
32d9d4b61963ed39ba1220774b9cb7c6eb604cc0790a9869ff3407da343207d7,2019-12,Staffordshire Police,Staffordshire Police,-1.826283,52.682448,On or near Theatre/Concert Hall,E01029526,Lichfield 004E,Investigation complete; no suspect identified
e4f6d8efb9b8f3ab5e24e2f85f6af4c594efb71faf9740ddc95747064276303f,2019-12,Staffordshire Police,Staffordshire Police,-1.716285,52.689913,On or near BURTON ROAD,E01029517,Lichfield 008B,Investigation complete; no suspect identified
5b1669a9d3511a4682c703e8a231c30b15020e52248c138bf1ff739487de51e4,2019-12,Staffordshire Police,Staffordshire Police,-1.932216,52.687589,On or near SHAKESPEARE ROAD,E01029487,Lichfield 006A,Investigation complete; no suspect identified
b3e728f14a4561a6e87bf0b9cadf31669b1f73195b6b12747dd0db7728dec467,2019-12,Staffordshire Police,Staffordshire Police,,,No location,,,Investigation complete; no suspect identified
cac0b0cb4481a7020e81be1c973235be904fb93d95d2bda91a0337318fdd68f1,2019-12,Staffordshire Police,Staffordshire Police,,,No location,,,Investigation complete; no suspect identified
9189fbac2c499a2aafa6447773a9aa30ecbd6fbd6ab1e92b5905aeca04914719,2019-12,Staffordshire Police,Staffordshire Police,-1.838343,52.641229,On or near PINFOLD HILL,E01029521,Lichfield 011C,Investigation complete; no suspect identified
bc3d91f52046fb1f7e96c321d59e55f044fcbbca3fc2f315284c5f412f064d73,2019-12,Staffordshire Police,Staffordshire Police,-1.977375,52.700731,On or near JOHN STREET,E01029379,Cannock Chase 006A,Investigation complete; no suspect identified
f64fc6836c5c44101d3de3a9e46ec5ca4141427871d90471a4d262c6b6c741fe,2019-12,Staffordshire Police,Staffordshire Police,-2.037057,52.683908,On or near WOLVERHAMPTON ROAD,E01029365,Cannock Chase 011C,Investigation complete; no suspect identified
152bee02ad2db44c5ab25c5deb2a4c5742ebc3dc499b642d4ca0b00dcc4719e7,2019-12,Staffordshire Police,Staffordshire Police,-2.024124,52.675740,On or near GREEN LANE,E01029359,Cannock Chase 012A,Investigation complete; no suspect identified
3022e793a0e4f6e9504d74201348c537282189992edfd5e55e75fd32eecc40c9,2019-12,Staffordshire Police,Staffordshire Police,-2.082409,52.807788,On or near BLENHEIM CLOSE,E01029732,Stafford 011E,Investigation complete; no suspect identified
3b8d7cf24b1c32e62e9fdf91dbd77b398a01a7b8da8c38c36356f562e6a1d106,2019-12,Staffordshire Police,Staffordshire Police,-2.202045,52.889844,On or near GREENSIDE,E01029747,Stafford 005E,Investigation complete; no suspect identified
64e7b115c5f064a983b172b44cc69fcba07c77faf0212388c2827a72886598e6,2019-12,Staffordshire Police,Staffordshire Police,-2.006796,52.801335,On or near TRENT LANE,E01029713,Stafford 008E,Investigation complete; no suspect identified
b0a9108e5264f771e2dc139d52ab05df15b56f7108726bcaee19f6b445e3e6a9,2019-12,Staffordshire Police,Staffordshire Police,,,No location,,,Investigation complete; no suspect identified
ceecc5b3014fe603e191f0402113f4234a12894563d0a131e23d07e20a2cfae0,2019-12,Staffordshire Police,Staffordshire Police,,,No location,,,Investigation complete; no suspect identified
3666a86775ec013106c5326094c78387693c9589ae3dd720c7aed134dedb3717,2019-12,Staffordshire Police,Staffordshire Police,-2.186547,52.530365,On or near UPLANDS DRIVE,E01029675,South Staffordshire 013E,Investigation complete; no suspect identified
f4e3d4950df9745f4c58c073f501eca70fa90203c89a978ec69fd32dfdb75201,2019-12,Staffordshire Police,Staffordshire Police,-1.632393,52.801603,On or near Shopping Area,E01032896,East Staffordshire 011F,Investigation complete; no suspect identified
89828a53d08fc1a24112732d7516fdae7dfa2151a33e0248fed8e4206c93a2eb,2019-12,Staffordshire Police,Staffordshire Police,-1.637146,52.618732,On or near BELLINGHAM,E01029858,Tamworth 008D,Investigation complete; no suspect identified
455a0631b454a8c5e77e2436f24d40e5541429d4b6dc2c65d69c2d5d4e747326,2019-12,Staffordshire Police,Staffordshire Police,-2.121894,52.817031,On or near LIMETREE AVENUE,E01029691,Stafford 010B,Investigation complete; no suspect identified
c356c921e2acc2236d1add524845ac430824f6ac837f95210014f57a534c81ee,2019-12,Staffordshire Police,Staffordshire Police,,,No location,,,Investigation complete; no suspect identified
4d38012c5665835afe45650bbcfc9fcfc63a6777bfffa829dbc398e85c6ad9a1,2019-12,Staffordshire Police,Staffordshire Police,-1.934909,52.757197,On or near HORSE FAIR,E01029373,Cannock Chase 002B,Investigation complete; no suspect identified
3a72dee7a169ce4ce0b95d0de27f289b096d807f995d8064cec54d481c7da73b,2019-12,Staffordshire Police,Staffordshire Police,-1.934858,52.692176,On or near DUKE ROAD,E01029495,Lichfield 006D,Investigation complete; no suspect identified
603fdb9378cddef5f3e3aa1557f5342f3237f4899cc20c4316ff4d5c6c3bce0e,2019-12,Staffordshire Police,Staffordshire Police,,,No location,,,Investigation complete; no suspect identified
8820ee6f59d1aa48d9046fbc282b25605856daa6aa32cd5a2f89c3f039e99ccb,2019-12,Staffordshire Police,Staffordshire Police,-1.641380,52.812652,On or near YORK STREET,E01029447,East Staffordshire 009C,Investigation complete; no suspect identified
b14e29b4e53a30c017def3d6c197024e89728ca5f5185a7be6ed6c38d2c738ff,2019-12,Staffordshire Police,Staffordshire Police,,,No location,,,Investigation complete; no suspect identified
94f121298918c0839d6782e5b69e448a8d14d89edf88ef2321b26182285d3adc,2019-12,Staffordshire Police,Staffordshire Police,-1.697486,52.633546,On or near SILVER STREET,E01029835,Tamworth 002A,Investigation complete; no suspect identified
fb0096defcf8f0db2f1a7044b25bd29a978f99d5b8f739e83a1e8e8efb0fbd53,2019-12,Staffordshire Police,Staffordshire Police,-1.986061,52.701740,On or near COPPERKINS ROAD,E01029392,Cannock Chase 009E,Investigation complete; no suspect identified
2d9d746f538376811573a353603472914824d1a4d9b164c459f3635c9e81491a,2019-12,Staffordshire Police,Staffordshire Police,-1.684108,52.695944,On or near CHURCHSIDE,E01029516,Lichfield 008A,Investigation complete; no suspect identified
e803d291ca45c2b7cfbbfad2de0aec4750615b9b9760bdbd0fb2f6d1c48ad585,2019-12,Staffordshire Police,Staffordshire Police,,,No location,,,Investigation complete; no suspect identified
f0b1b6ff4d57a68f0a19f445ec38691b5e2a554a0166a8dc4537b5be2a11af80,2019-12,Staffordshire Police,Staffordshire Police,-1.747181,52.732719,On or near MAIN STREET,E01029477,Lichfield 002A,Investigation complete; no suspect identified
2647883dc2397f0e450bb57c14408f269ed88476240026ee6e960a5c26c2e841,2019-12,Staffordshire Police,Staffordshire Police,-1.740938,52.731519,On or near Petrol Station,E01029478,Lichfield 002B,Investigation complete; no suspect identified
ccaf0671ac9185dcd282033e4c1647e0732a743053fa52fe69b39b7f1f4f454c,2019-12,Staffordshire Police,Staffordshire Police,-1.740938,52.731519,On or near Petrol Station,E01029478,Lichfield 002B,Investigation complete; no suspect identified
738991c82c07388579dc30d57660bff636077f839c2f3d0cf2de6ef6821ac219,2019-12,Staffordshire Police,Staffordshire Police,-1.905286,52.669655,On or near OVERTON LANE,E01029505,Lichfield 009E,Investigation complete; no suspect identified
ee0202a0f7ab2d5f685402525e0645602a6a778c138837124d8a25818313e4b7,2019-12,Staffordshire Police,Staffordshire Police,-1.631072,52.801761,On or near Shopping Area,E01032896,East Staffordshire 011F,Investigation complete; no suspect identified
3eae1a49ef7c6e0d51ded4bc104b8fd9bd8fcd4c1b96826bb2c9348901a8a752,2019-12,Staffordshire Police,Staffordshire Police,-1.912482,52.746638,On or near RUGELEY ROAD,E01029481,Lichfield 001B,Investigation complete; no suspect identified
17871126d440e4e974a100d933713e163a8652ca3de9a2818031b41250703fca,2019-12,Staffordshire Police,Staffordshire Police,-1.612079,52.805952,On or near OXLEY ROAD,E01029471,East Staffordshire 010D,Investigation complete; no suspect identified
e8a5b8c9f323db1726f3a95d9de77ccc646dc3681fe283c85d5bbdfc1e618213,2019-12,Staffordshire Police,Staffordshire Police,-1.618892,52.830911,On or near ALDERHOLME DRIVE,E01029455,East Staffordshire 005B,Investigation complete; no suspect identified
331927ad20767dabcbaf386c1d3bc9d651fe7ca5a611b0cbfff5b18f251dd097,2019-12,Staffordshire Police,Staffordshire Police,,,No location,,,Investigation complete; no suspect identified
a9105ec34d305dac25abacca9149c8ae3bd0049c13726cb40374c6eb3c248dfc,2019-12,Staffordshire Police,Staffordshire Police,-1.642290,52.808402,On or near BYRKLEY STREET,E01029445,East Staffordshire 009A,Investigation complete; no suspect identified
dae737f6483bd26dfee3d4dcafa628ebb4c026c4058591e70fe52c988c8edd66,2019-12,Staffordshire Police,Staffordshire Police,-2.115807,52.804524,On or near BRIDGE STREET,E01029701,Stafford 010E,Investigation complete; no suspect identified
3a5c54940684d5ad6410ffea8f038ae641417c059eedc1ef7048ad69b6861d6a,2019-12,Staffordshire Police,Staffordshire Police,-1.801030,52.650575,On or near Prison,E01029488,Lichfield 012A,Investigation complete; no suspect identified
6fc2b42ab76f8d0734029475b0de73ba4ea2edf2675e8a8c2e3eb13d89570a45,2019-12,Staffordshire Police,Staffordshire Police,-1.801030,52.650575,On or near Prison,E01029488,Lichfield 012A,Investigation complete; no suspect identified
adba707b8c52acb1e1763e7feaf45d5d111aed8f67e35bcd4e1fc17ff3994ce5,2019-12,Staffordshire Police,Staffordshire Police,-1.851030,52.978099,On or near QUIXHILL LANE,E01029422,East Staffordshire 001C,Investigation complete; no suspect identified
f2176362cfbc4fca020591aa1c8cbec140af66d27c4373eb5b2489903e14ed6d,2019-12,Staffordshire Police,Staffordshire Police,-2.029181,52.674534,On or near Motorway Service Area,E01029359,Cannock Chase 012A,Investigation complete; no suspect identified
3657db0bc6af4a5b5837336e65be29511e9fc6321979f4fa896bb510aa2be1d1,2019-12,Staffordshire Police,Staffordshire Police,-2.115960,52.806277,On or near ST CHAD'S PLACE,E01029701,Stafford 010E,Investigation complete; no suspect identified
1d30063281e34dc91f36ea7918be1e70a3f3ab5a692c3af111af9958e6a25fb2,2019-12,Staffordshire Police,Staffordshire Police,-1.654140,52.807008,On or near LYNE COURT,E01029446,East Staffordshire 009B,Investigation complete; no suspect identified
cc94c71be28960963ae1c07f1ac7eb139d43235e1c027343d2c6f6ef0845f10b,2019-12,Staffordshire Police,Staffordshire Police,-1.658343,52.607162,On or near SANDSTONE COURT,E01029865,Tamworth 008E,Investigation complete; no suspect identified
71cbf7e4c2646aa8e616789a8cc4673a34a930b08f83f0c0a4bac24f72037d12,2019-12,Staffordshire Police,Staffordshire Police,-2.036004,52.680555,On or near Supermarket,E01029361,Cannock Chase 012C,Investigation complete; no suspect identified
a643bfded8c852a452d083dc3b24205aac772d271dbc0823183b69d466975ab3,2019-12,Staffordshire Police,Staffordshire Police,-2.152109,52.890485,On or near PIREHILL LANE,E01029753,Stafford 003E,Investigation complete; no suspect identified
9ec9f1a1ed1a8b52cdbdb4a506dfb28ea7b96dcd2d99b2dc49db2c84bc45595c,2019-12,Staffordshire Police,Staffordshire Police,-2.115256,52.781152,On or near SPRINGFIELD DRIVE,E01029726,Stafford 016A,Investigation complete; no suspect identified
7384657b3ad56c35adade4032f5888ac331d06b982c553bc82ff78f9a214e393,2019-12,Staffordshire Police,Staffordshire Police,-2.026482,52.686581,On or near Supermarket,E01029360,Cannock Chase 012B,Investigation complete; no suspect identified
e9d23b8ae92e34ee805f156fbdeafe858b4270a5358013f9f848386acac0b77b,2019-12,Staffordshire Police,Staffordshire Police,-1.894397,52.622647,On or near GRAVELLY LANE,E01010255,Walsall 007C,Investigation complete; no suspect identified
4b6093caf6a3dc5824302e34f94a7910ab08e2513cc6fc872bd358e157fe90b8,2019-12,Staffordshire Police,Staffordshire Police,-1.691506,52.630842,On or near ANKERDRIVE,E01029838,Tamworth 005C,Investigation complete; no suspect identified
9fd086b7b4d5fa22270845d4f6ad74be78849657089fa516dab48992eaec2928,2019-12,Staffordshire Police,Staffordshire Police,-1.638436,52.804435,On or near MILTON STREET,E01032896,East Staffordshire 011F,Investigation complete; no suspect identified
9452f82971f011c0e7bd49bf327ad342d97dc48b051ae0b04449e695c7bf0dcb,2019-12,Staffordshire Police,Staffordshire Police,-1.855928,52.956351,On or near TAYLORS LANE,E01029422,East Staffordshire 001C,Investigation complete; no suspect identified
1b571536c25414f3a28c83b30ef1d2bb68a984355913fa7a8819a762a7103673,2019-12,Staffordshire Police,Staffordshire Police,-2.003140,52.712492,On or near MCGHIE STREET,E01029387,Cannock Chase 005C,Investigation complete; no suspect identified
4bf77a99d9207f1d5cdc45af198be19debe943dbaba3de0cb1f3c57d27cfedf4,2019-12,Staffordshire Police,Staffordshire Police,-1.850340,52.603083,On or near LYDIA CROFT,E01009433,Birmingham 001D,Investigation complete; no suspect identified
11874f4f850e5b6ae09b485502498351edaa21a42f89df0cdf7b03b90e9a7c0c,2019-12,Staffordshire Police,Staffordshire Police,-1.949677,52.748637,On or near WELLS CLOSE,E01029374,Cannock Chase 003E,Investigation complete; no suspect identified
c771686c82205e42ce14aef55beaa48c44381d7f3f12565767c5bd12a77c83bc,2019-12,Staffordshire Police,Staffordshire Police,,,No location,,,Investigation complete; no suspect identified
ce0d4389babb963f4d054bbee4f4f959a660de673c904f2f46b1293f7e25aabe,2019-12,Staffordshire Police,Staffordshire Police,-1.628167,52.695225,On or near CHURCH STREET,E01029516,Lichfield 008A,Investigation complete; no suspect identified
499169759212d007d85d4e38809153dcce875f83c3805abfdf507e2c28a27b72,2019-12,Staffordshire Police,Staffordshire Police,-1.919232,52.958029,On or near SANDY LANE,E01029406,East Staffordshire 001B,Investigation complete; no suspect identified
0fe45d2eef7d3b733c126c3abdef28b918d6fc7ee85db6115b29ca4a293cc668,2019-12,Staffordshire Police,Staffordshire Police,-2.130810,52.826110,On or near BROUGHTON CLOSE,E01029719,Stafford 007A,Investigation complete; no suspect identified
e4ae51c4d4954f053eadd59e5af5b510773d8d23914c8bde42e2cc8aa4ab5a4c,2019-12,Staffordshire Police,Staffordshire Police,-2.025604,52.677088,On or near WALSALL ROAD,E01029359,Cannock Chase 012A,Investigation complete; no suspect identified
543e01553ef1025f40bf23baa555339d6f3f54323adc3052a298e4a4eb209b8a,2019-12,Staffordshire Police,Staffordshire Police,-1.863057,52.900014,On or near SILVER STREET,E01029461,East Staffordshire 003C,Investigation complete; no suspect identified
301c8029bf13d97de3a9ec93446b58bbcec09d5868ed433640622840d6a558a7,2019-12,Staffordshire Police,Staffordshire Police,-1.970457,52.667828,On or near CONDUIT ROAD,E01029397,Cannock Chase 013D,Investigation complete; no suspect identified
24986e66610887a6292e93806beae36859b596d0faf2c022f943b3d09ea053c6,2019-12,Staffordshire Police,Staffordshire Police,-1.627064,52.812491,On or near GLENSYL WAY,E01032896,East Staffordshire 011F,Investigation complete; no suspect identified
64e6770ebb1645aff916a4bd694a26e3ae02e7201ce1d73ac3381c666b6d734a,2019-12,Staffordshire Police,Staffordshire Police,-1.920178,52.693785,On or near CHORLEY ROAD,E01029515,Lichfield 003D,Investigation complete; no suspect identified
912d9dd7a5eb9b575f2e2e94e8dc4e93070d1cea013d317ec1c217d594202a6d,2019-12,Staffordshire Police,Staffordshire Police,-1.634239,52.799128,On or near LICHFIELD STREET,E01032898,East Staffordshire 011H,Investigation complete; no suspect identified
0dd1960e10f75cb50efc03f85be00857fafcc4c74cad55bf3bd2f48659cddbf6,2019-12,Staffordshire Police,Staffordshire Police,-1.691506,52.630842,On or near ANKERDRIVE,E01029838,Tamworth 005C,Investigation complete; no suspect identified
930b5410575607489109f97dd51eaae244cd477ed570420267f85de7980d9230,2019-12,Staffordshire Police,Staffordshire Police,-1.846003,52.950927,On or near Park/Open Space,E01029422,East Staffordshire 001C,Investigation complete; no suspect identified
dd8778320b6053bd082bdff0e55faed0732eabf3ab2e6d57b791c4575793b6e9,2019-12,Staffordshire Police,Staffordshire Police,-1.635219,52.800749,On or near Parking Area,E01032896,East Staffordshire 011F,Investigation complete; no suspect identified
d4146eaba8bd501bc20618ea3a6d1011e8d24fa6952c8955ba7c64698ebd9805,2019-12,Staffordshire Police,Staffordshire Police,-2.109503,52.786884,On or near SIDNEY AVENUE,E01029734,Stafford 016C,Investigation complete; no suspect identified
f09c8436cd8df0a8edc6b7a7040a1e99a2b0d1998770fa43aba5f4ac24d29857,2019-12,Staffordshire Police,Staffordshire Police,-1.884140,52.758984,On or near WADE CLOSE,E01029498,Lichfield 001D,Investigation complete; no suspect identified
05327417692ed71a04c1b5e570676f54a74b94a91436a243817fc01c6ffb993d,2019-12,Staffordshire Police,Staffordshire Police,-1.929983,52.761420,On or near LEATHERMILL LANE,E01029404,Cannock Chase 002E,Investigation complete; no suspect identified
39f110e095586e1c95a1159f5b7ccfdb77162b9cde0afbb32395c278a0e042cb,2019-12,Staffordshire Police,Staffordshire Police,,,No location,,,Investigation complete; no suspect identified
9f177d9e1afaa893c9019c8a5b25c84ced692b481b51ce293e0fc18ea23eee59,2019-12,Staffordshire Police,Staffordshire Police,-1.639857,52.817411,On or near ARTHUR STREET,E01029427,East Staffordshire 008B,Investigation complete; no suspect identified
238f855a35be05c75b56ce0605e996bf73a8d6f2e390c69751a3930577f4d485,2019-12,Staffordshire Police,Staffordshire Police,-1.681807,52.629630,On or near SUMMERFIELD CLOSE,E01029833,Tamworth 005A,Investigation complete; no suspect identified
3f82e9c4757c0dfa0e0704ab26271132eb7d3cc26cc6fb1e969a7198ba0eb207,2019-12,Staffordshire Police,Staffordshire Police,,,No location,,,Investigation complete; no suspect identified
885026a1e4b2fc1cd14e4e6b8385d53b74652e7c0e7a80f70a8c2321e4a952df,2019-12,Staffordshire Police,Staffordshire Police,,,No location,,,Investigation complete; no suspect identified
ed1b7a473aaaf8c2d5faf1d5641f0c7fb989689cd8a23dd031971eccfc3d01d7,2019-12,Staffordshire Police,Staffordshire Police,-1.873461,52.588007,On or near HARDWICK ROAD,E01029514,Lichfield 011B,Investigation complete; no suspect identified
4a014bfb9eb610766de0a9d03a267b605eba838143af61cb060f224fe5b28fae,2019-12,Staffordshire Police,Staffordshire Police,,,No location,,,Investigation complete; no suspect identified
ea2ccb97f0e19432903bb4d95f9526bac83da4715b1a549da186745efedcfa78,2019-12,Staffordshire Police,Staffordshire Police,-2.030042,52.657310,On or near MERRILL CLOSE,E01029623,South Staffordshire 004C,Investigation complete; no suspect identified
9fbb1ff31584e1cf197ffb9be9307cfa653e01103d5e297769b6f2875bf2f081,2019-12,Staffordshire Police,Staffordshire Police,,,No location,,,Investigation complete; no suspect identified
9ca426d0877477cc7ec7cf81f9c603898f90d1831b6ff7bddc7bf3a6d697d7a8,2019-12,Staffordshire Police,Staffordshire Police,-2.210404,52.522243,On or near HEATH MILL CLOSE,E01029680,South Staffordshire 012E,Investigation complete; no suspect identified
8825344d6c8a0bd1a8477834cbb28f3f82b0b445f63eb128b356148ebf3aaffd,2019-12,Staffordshire Police,Staffordshire Police,-2.224213,52.449920,On or near LOCKSIDE DRIVE,E01029649,South Staffordshire 014A,Investigation complete; no suspect identified
469928dffa59ba2a7a44f77cb8295e815f39cb92c9de19f5be3073ae2ce9b5cd,2019-12,Staffordshire Police,Staffordshire Police,-2.131424,52.656162,On or near PARKERS COURT,E01029616,South Staffordshire 006A,Investigation complete; no suspect identified
2cfa795a3eab3eaa3604175afcc5936a83717ae45cdf2dda32431f7be2964217,2019-12,Staffordshire Police,Staffordshire Police,,,No location,,,Investigation complete; no suspect identified
c471b87b1fe050ac2f096d634b2e0f5ba3ae34092e2eef57847578501f8000aa,2019-12,Staffordshire Police,Staffordshire Police,-2.144898,52.903195,On or near MILL STREET,E01029745,Stafford 003C,Investigation complete; no suspect identified
8572ef9bd5b62ea80b2d55ab0539bfc8d88e462fb0c52957ba58dfaabfa61dd7,2019-12,Staffordshire Police,Staffordshire Police,,,No location,,,Investigation complete; no suspect identified
81adff289c9dc8e9424e3e528e882b370c573f978a5e418e8a10a1582519f577,2019-12,Staffordshire Police,Staffordshire Police,,,No location,,,Investigation complete; no suspect identified
a401b85d2e32c1f65b3e87da7ec48cea4e5b2ac5892f189c1b43319b8d4b3b44,2019-12,Staffordshire Police,Staffordshire Police,-1.870571,52.897748,On or near COLNE MOUNT,E01029462,East Staffordshire 003D,Investigation complete; no suspect identified
0292d33fcc815d6f064478d7d2a340985edffaa99cc012269c13627de21860fd,2019-12,Staffordshire Police,Staffordshire Police,,,No location,,,Investigation complete; no suspect identified
766167ee93a54dd7b4469cdfad908c54b334827061d9aae84511579d232c6734,2019-12,Staffordshire Police,Staffordshire Police,-1.649472,52.617807,On or near Parking Area,E01029859,Tamworth 007E,Investigation complete; no suspect identified
b470636e4e81eeb62156207da7c9d387c04d422d64288bad89f8fc0b67ec4183,2019-12,Staffordshire Police,Staffordshire Police,-2.131234,52.804355,On or near SEARLE AVENUE,E01029736,Stafford 012B,Investigation complete; no suspect identified
407bd3044f4fae7a5825e70ad075ea228cb70510f18e080abc766fb0f6cb8ace,2019-12,Staffordshire Police,Staffordshire Police,-1.663494,52.622900,On or near ST CHAD COURT,E01029841,Tamworth 003E,Investigation complete; no suspect identified
d8234101394453206869bf1456966ebae636ca7fdaa72d7a6e81b47316d6c230,2019-12,Staffordshire Police,Staffordshire Police,-2.108444,52.748409,On or near SWAN LANE,E01029656,South Staffordshire 001B,Investigation complete; no suspect identified
01abb731ed215505f702afd8feb8052a2e62ef48efde02a65530a82012b00a61,2019-12,Staffordshire Police,Staffordshire Police,-1.673405,52.607151,On or near Supermarket,E01032902,Tamworth 010G,Investigation complete; no suspect identified
b69078127e9ec261830c7fea54662f8b7213a5a287f6dc0b8643fbc6cdefadc0,2019-12,Staffordshire Police,Staffordshire Police,-1.808888,52.689082,On or near HEATHER CLOSE,E01029524,Lichfield 005F,Investigation complete; no suspect identified
ede63356ba64217c13cbc9dceb3a7d967e68cc1beb7b63c18eda349575d6e56e,2019-12,Staffordshire Police,Staffordshire Police,-2.201111,52.626856,On or near Petrol Station,E01029630,South Staffordshire 009D,Investigation complete; no suspect identified
ca2d585e64e558ff3c2386b1f3ec5f7310e18ee3a72142b900dfdf70932596d1,2019-12,Staffordshire Police,Staffordshire Police,-2.008834,52.688840,On or near ROBINS CROFT,E01029375,Cannock Chase 010A,Investigation complete; no suspect identified
4d42a5251fed022a8f3a2ae2dd5b22c8d87c2ae9cf1b4e0ea4a8b3dcf0e5b023,2019-12,Staffordshire Police,Staffordshire Police,-2.117383,52.706914,On or near RODBASTON DRIVE,E01029658,South Staffordshire 001D,Investigation complete; no suspect identified
1c29f31f60cfcecab2681661698d5b9a9b3ccfd4905aa460c811f2c173aa22c2,2019-12,Staffordshire Police,Staffordshire Police,-1.640279,52.821988,On or near PANAMA ROAD,E01029437,East Staffordshire 007D,Investigation complete; no suspect identified
fd9c31d6a2cd6de4b2c07e006fcd004adf0147980a3b61b34a51a6bcb8d3f107,2019-12,Staffordshire Police,Staffordshire Police,-1.621646,52.783725,On or near SYCAMORE ROAD,E01029452,East Staffordshire 014D,Investigation complete; no suspect identified
76fd2a9caaf45b7d5212f3e593b7e71117a2800dfe22d573576adf0b35a5ebf4,2019-12,Staffordshire Police,Staffordshire Police,-2.106608,52.767118,On or near A449,E01029656,South Staffordshire 001B,Investigation complete; no suspect identified
f18dd9100d6d0daefe5be728877b2ff04d45c786387fe23bfb166c9a2dedc226,2019-12,Staffordshire Police,Staffordshire Police,-1.697137,52.628403,On or near RIVERDRIVE,E01029835,Tamworth 002A,Investigation complete; no suspect identified
b2ae2e8ee6f7de7d8d5ab9313d3faabd802ecaa73bafb44cb005a9c2ab1eb4ac,2019-12,Staffordshire Police,Staffordshire Police,-2.122825,52.815394,On or near STONE ROAD,E01029691,Stafford 010B,Investigation complete; no suspect identified
acf280fe9db9822b6c503d3a87aad507b6c789e23ec118de2e98068ff7599a13,2019-12,Staffordshire Police,Staffordshire Police,-1.825867,52.694115,On or near STYCHBROOK GARDENS,E01029499,Lichfield 004B,Investigation complete; no suspect identified
08a1ca90f0d592b9af5b206364100723f248f4b8e5f772f69297ccec76f0f859,2019-12,Staffordshire Police,Staffordshire Police,-1.873461,52.588007,On or near HARDWICK ROAD,E01029514,Lichfield 011B,Investigation complete; no suspect identified
d1a2f7b63d1c0840d614ae5a2330ae1f5aa9483945b9af8dedbff0f5cd39784f,2019-12,Staffordshire Police,Staffordshire Police,-1.677650,52.608250,On or near VIKING,E01032902,Tamworth 010G,Investigation complete; no suspect identified
69fe66e93533899f45b50476e853f350f5e723baec7d7a4e935e6166ba28cad9,2019-12,Staffordshire Police,Staffordshire Police,-1.680166,52.609561,On or near CHUB,E01029860,Tamworth 009A,Investigation complete; no suspect identified
4c14aa14e0c036dad3c6bd8055bf63ba12beb9660f2b8e34621209c1a5580e0e,2019-12,Staffordshire Police,Staffordshire Police,-1.680315,52.611440,On or near Parking Area,E01029864,Tamworth 009E,Investigation complete; no suspect identified
c71273d1c94b8c7e4e061421ecffb0fb3a84bd134e18b7823b3085eb1a4b0c86,2019-12,Staffordshire Police,Staffordshire Police,,,No location,,,Investigation complete; no suspect identified
fa6e39f591a6f7a8731cb285faaee92750d08dae88a3fd2fb6554ea0cbbb3353,2019-12,Staffordshire Police,Staffordshire Police,-2.031661,52.688153,On or near Police Station,E01029360,Cannock Chase 012B,Investigation complete; no suspect identified
9b8307a167b8d228b8de6bb2334b46f64df4897738fab12b80bcd579cf17943a,2019-12,Staffordshire Police,Staffordshire Police,-1.870245,52.907187,On or near JOHNSON ROAD,E01029433,East Staffordshire 002D,Investigation complete; no suspect identified
2a2012d0f50b331a6e8a31db9dc56d853960408f6676c9844df07b4721c90fab,2019-12,Staffordshire Police,Staffordshire Police,-1.706559,52.626700,On or near VENTURA PARK ROAD,E01029837,Tamworth 005B,Investigation complete; no suspect identified
792ca2232a2dc35078ca3b97d6c5d6162e750e66ae21cf1e177a987d7cd44792,2019-12,Staffordshire Police,Staffordshire Police,,,No location,,,Investigation complete; no suspect identified
6a47b044bd4be9f49a33402c7e60da3f0edb18cff335ae8468d0ca196490ac99,2019-12,Staffordshire Police,Staffordshire Police,-1.631072,52.801761,On or near Shopping Area,E01032896,East Staffordshire 011F,Investigation complete; no suspect identified
e7e1b67c3dced81541a98984d37cf61a29f6597cbc1abfad6a5fa28e0904306b,2019-12,Staffordshire Police,Staffordshire Police,-1.713262,52.715571,On or near A513,E01029516,Lichfield 008A,Investigation complete; no suspect identified
a9ccf2bb4020fa2c8cf7ac4af06eb6bd34166894b0cf6167aef13bfe7dfde68b,2019-12,Staffordshire Police,Staffordshire Police,,,No location,,,Investigation complete; no suspect identified
061ac0c17265004c161af9432869f0adff398401f015f20551fa7a81e9f4a295,2019-12,Staffordshire Police,Staffordshire Police,-2.122825,52.815394,On or near STONE ROAD,E01029691,Stafford 010B,Investigation complete; no suspect identified
44c70a08708bc013d03dda1864fc83d29b7a7bdb572453ce02478d898184b842,2019-12,Staffordshire Police,Staffordshire Police,-1.675731,52.610241,On or near WATLING STREET,E01032902,Tamworth 010G,Investigation complete; no suspect identified
d84b0c4feacb692f1ecef596e776a88b995e5c986a1f994dd8c4c1ecf86743c0,2019-12,Staffordshire Police,Staffordshire Police,-1.964288,52.670919,On or near VICTORIA COURT,E01029397,Cannock Chase 013D,Investigation complete; no suspect identified
71bcc81b1d6f511cc83b2fd11848accfaff710f27c20f5cd3d03f5649cbf8819,2019-12,Staffordshire Police,Staffordshire Police,-2.261605,52.779670,On or near WHARF ROAD,E01029707,Stafford 015C,Investigation complete; no suspect identified
4b20860d2e058d29ee934dacd4c88e681168a83eb0768caa34c7d20f9a00439e,2019-12,Staffordshire Police,Staffordshire Police,,,No location,,,Investigation complete; no suspect identified
4c9ab5d71f813204cca6c20362a98cc0d2b393499dc52d7bea8fc45686fca3ee,2019-12,Staffordshire Police,Staffordshire Police,-2.180648,52.518975,On or near CHURNS HILL LANE,E01029645,South Staffordshire 013A,Investigation complete; no suspect identified
f37ba321d431e3056e5918aee745154f51a78d90db75bd42c98605fc25768867,2019-12,Staffordshire Police,Staffordshire Police,-1.655847,52.605411,On or near FALCON,E01029865,Tamworth 008E,Investigation complete; no suspect identified
222236729bc1910a48a6fa347fac4ac21476655c5b4fae0dfcc31d3a6a63c31a,2019-12,Staffordshire Police,Staffordshire Police,-1.724804,52.765625,On or near Parking Area,E01029441,East Staffordshire 015C,Investigation complete; no suspect identified
4e481e0cadc7cf795efc3ebc1369cd7549ad6f7bba134cc0a516771d23b28e6d,2019-12,Staffordshire Police,Staffordshire Police,-2.016551,52.673907,On or near Supermarket,E01029395,Cannock Chase 013B,Investigation complete; no suspect identified
79312884df38f7c6c3aad4eff2e936cb0f1c354339df7d0d358cd29c1bb55382,2019-12,Staffordshire Police,Staffordshire Police,-2.108090,52.958105,On or near HEATHERLANDS CLOSE,E01029705,Stafford 001D,Investigation complete; no suspect identified
d44c7ec8b94f3e87279100cfe32efee20534f2e7741548100f73fa81b940e840,2019-12,Staffordshire Police,Staffordshire Police,-2.102759,52.812761,On or near PROSPECT ROAD,E01029725,Stafford 009D,Investigation complete; no suspect identified
fa0c18771385c3b124b5314c2cdeae6ce93fce952c3e9a6b00b0892c1f435b28,2019-12,Staffordshire Police,Staffordshire Police,-1.972459,52.657742,On or near Petrol Station,E01029395,Cannock Chase 013B,Investigation complete; no suspect identified
7573ec85d6f15491a25da7bd1f89e6e6b559ce44efbedcf4fe022d55f12702ea,2019-12,Staffordshire Police,Staffordshire Police,-1.699101,52.628543,On or near LADY MEADOW CLOSE,E01029835,Tamworth 002A,Investigation complete; no suspect identified
19c7f33cd3112590518086359d47a066cb496a373f0394116e99cd8817a8b4dc,2019-12,Staffordshire Police,Staffordshire Police,,,No location,,,Investigation complete; no suspect identified
9a31f5c5697d25a51ee1aa1eb9ca68bc373ddc32cf18429dac8f692691c23b5e,2019-12,Staffordshire Police,Staffordshire Police,,,No location,,,Investigation complete; no suspect identified
a19d5385e885bf9508b2ee2ea9c25ab57e431a932ef73ac0cc02ded05ee181cc,2019-12,Staffordshire Police,Staffordshire Police,-2.028063,52.684306,On or near HIGH BANK,E01029360,Cannock Chase 012B,Investigation complete; no suspect identified
76c0dcc9fe32712b2de33e6e13ac23b654f83c640d69b7ba44df25b07ce3b95b,2019-12,Staffordshire Police,Staffordshire Police,-2.017941,52.675237,On or near GEMINI DRIVE,E01029395,Cannock Chase 013B,Investigation complete; no suspect identified
50ea7ba657687e289218b8fa8df291178f4c281a01af91e904554c0c37f1b376,2019-12,Staffordshire Police,Staffordshire Police,-2.027294,52.659818,On or near SUTHERLAND ROAD,E01029623,South Staffordshire 004C,Investigation complete; no suspect identified
ee7eed585f9270af51a0aca96694297fa0384740db9b78f46d90562e2587339f,2019-12,Staffordshire Police,Staffordshire Police,,,No location,,,Investigation complete; no suspect identified
f0f8eeb553e82b082ad063d187f7808e4d512ccb7b25f887cf777d64ab914ea6,2019-12,Staffordshire Police,Staffordshire Police,-1.925326,52.676807,On or near HAWTHORNE CRESCENT,E01029527,Lichfield 010B,Investigation complete; no suspect identified
c17d0c12b005f78060383075fbaea18dd6799c3c8782b9e2504a46748aa74587,2019-12,Staffordshire Police,Staffordshire Police,,,No location,,,Investigation complete; no suspect identified
a0699e71659f9dde2c9fd4e127cff5994b2b255aaa199976ffd30cf604ce28dd,2019-12,Staffordshire Police,Staffordshire Police,,,No location,,,Investigation complete; no suspect identified
2b9e63746eb61b6623f173c96a458808fa0a2f5a5af62df3e709055c45fdac40,2019-12,Staffordshire Police,Staffordshire Police,-1.826944,52.683752,On or near CONDUIT STREET,E01029526,Lichfield 004E,Investigation complete; no suspect identified
4e600e6bc324ae274fa6e9c8e6a1844e7a92bd1c0cce70633315d8792b6096fd,2019-12,Staffordshire Police,Staffordshire Police,-1.706559,52.626700,On or near VENTURA PARK ROAD,E01029837,Tamworth 005B,Investigation complete; no suspect identified
e1af829116aa5214ed0bead95178110939b60a59acf9d4688bd4ff0932699882,2019-12,Staffordshire Police,Staffordshire Police,-2.037281,52.720370,On or near CHERRY TREE ROAD,E01029646,South Staffordshire 002B,Investigation complete; no suspect identified
5024a756ca2959972e0529db26dcebdd7123e58de4c4dfa62c32c44d72b917ba,2019-12,Staffordshire Police,Staffordshire Police,-1.776513,52.869724,On or near Park/Open Space,E01029425,East Staffordshire 006D,Investigation complete; no suspect identified
9b7336f2887ba8d4b4eeec78dce617ce2b01c79e6a7bdf5cacd4079dcb02eae5,2019-12,Staffordshire Police,Staffordshire Police,-1.916420,52.677772,On or near PROSPECT ROAD,E01029528,Lichfield 010C,Investigation complete; no suspect identified
1d703ebfa4f1e47c8c2584e9d96fcdcf1b21805bb9efa6671e61bc0c1ff16c4d,2019-12,Staffordshire Police,Staffordshire Police,-2.014238,52.701946,On or near CHURCH STREET,E01029351,Cannock Chase 008C,Investigation complete; no suspect identified
1d703ebfa4f1e47c8c2584e9d96fcdcf1b21805bb9efa6671e61bc0c1ff16c4d,2019-12,Staffordshire Police,Staffordshire Police,-2.014238,52.701946,On or near CHURCH STREET,E01029351,Cannock Chase 008C,Investigation complete; no suspect identified
838d1e6d6eba93ff1930be4ebdb3db9c53a2cdc99694460f97fcc1b0c7ff7af3,2019-12,Staffordshire Police,Staffordshire Police,-1.965533,52.781446,On or near Park/Open Space,E01029711,Stafford 008C,Investigation complete; no suspect identified
571b94a6bd31ff645db8a701025aa9cec37666b39cc920f7a16a1edf63bf4bbd,2019-12,Staffordshire Police,Staffordshire Police,-2.020939,52.665213,On or near OLDE HALL LANE,E01029641,South Staffordshire 004F,Investigation complete; no suspect identified
d8e5fdff7bb862fd6caa0fd6d534b753f18f471e357daa874164675e965030e4,2019-12,Staffordshire Police,Staffordshire Police,,,No location,,,Investigation complete; no suspect identified
6331ee1657a68cb841f2feec9915d278ae3191a9ea6e4e25675bc1c33b9b7b14,2019-12,Staffordshire Police,Staffordshire Police,-1.636706,52.785975,On or near Sports/Recreation Area,E01029453,East Staffordshire 014E,Investigation complete; no suspect identified
b6539c25499feb89e32efb143093e10318e2db21d2cdeedac09c3c1302442b14,2019-12,Staffordshire Police,Staffordshire Police,-2.015099,52.708949,On or near ODIN CLOSE,E01029349,Cannock Chase 008A,Investigation complete; no suspect identified
31ea3736518b4d2f8aaa51f43f300885220c95f3e29c120cadda2c566f7d119e,2019-12,Staffordshire Police,Staffordshire Police,-1.844412,52.688397,On or near ABNALLS CROFT,E01029511,Lichfield 007B,Investigation complete; no suspect identified
054b768e85f3bc1e5750b48083c186033eb980aa3fd15a62841d64f0321fe712,2019-12,Staffordshire Police,Staffordshire Police,-1.828206,52.682567,On or near BORE STREET,E01029526,Lichfield 004E,Investigation complete; no suspect identified
93a73ed638b6e99780f2e9948b4aac4332d643d26ff15e6031acf5f04195dbe2,2019-12,Staffordshire Police,Staffordshire Police,-1.828206,52.682567,On or near BORE STREET,E01029526,Lichfield 004E,Investigation complete; no suspect identified
3131aa94004a0010d402389e8df8ba50d24121b82e2d644003479dba811b2a3f,2019-12,Staffordshire Police,Staffordshire Police,,,No location,,,Investigation complete; no suspect identified
3f755bb9e649b22779938ce9348db1aed6044e213fc4813ec3281db2557a8007,2019-12,Staffordshire Police,Staffordshire Police,,,No location,,,Investigation complete; no suspect identified
2df9e8f59e9065a3a071d64f1995daaa49d77a9014a8d5671cf560a474ebf129,2019-12,Staffordshire Police,Staffordshire Police,-1.789460,52.717421,On or near GORSE LANE,E01029477,Lichfield 002A,Investigation complete; no suspect identified
cec0416d8450aa205eff373ebaeafc97144879af8ccd5e8fc4edf7484d76c5bd,2019-12,Staffordshire Police,Staffordshire Police,-2.112394,52.781101,On or near CLANFORD CLOSE,E01029729,Stafford 016B,Investigation complete; no suspect identified
3d66bab441ab4a0ff28d096e7b1d494609ec266be311da31e515561391d61d3e,2019-12,Staffordshire Police,Staffordshire Police,-2.251494,52.859266,On or near STAFFORD STREET,E01029695,Stafford 005A,Investigation complete; no suspect identified
1be7c3e82d31f20069992031ed98f35f3f61cb731c040b6cf3c8639cd2a1e1a3,2019-12,Staffordshire Police,Staffordshire Police,-1.863776,52.898118,On or near MARKET PLACE,E01029460,East Staffordshire 003B,Investigation complete; no suspect identified
aceae57df77564c32869c3d0ebd8a13a1a58a33a8b83211f5ff4e170ecf38389,2019-12,Staffordshire Police,Staffordshire Police,-1.971000,52.674372,On or near Supermarket,E01029396,Cannock Chase 013C,Investigation complete; no suspect identified
7ac002f8e588c238a93c65ec9277985dd30d9f6a0c530282f5c8af2ea706f656,2019-12,Staffordshire Police,Staffordshire Police,-2.065065,52.687833,On or near CHURCH LANE,E01029647,South Staffordshire 002C,Investigation complete; no suspect identified
877682021fe8128501f0a23505c29b703f0afd327fed3e39433ff5eb17d31e10,2019-12,Staffordshire Police,Staffordshire Police,-2.054992,52.642405,On or near Petrol Station,E01029635,South Staffordshire 007D,Investigation complete; no suspect identified
a77b8736793e263c7c0720a5c0be78e402eb98e41f479647dad5397af8e3512a,2019-12,Staffordshire Police,Staffordshire Police,-2.112087,52.719082,On or near WOODTHERNE CLOSE,E01029659,South Staffordshire 001E,Investigation complete; no suspect identified
dc272e4957a202b8193a406cf325463950876eb159d0cdf49dad2ebe9b52835e,2019-12,Staffordshire Police,Staffordshire Police,-1.855831,52.900105,On or near DOVE FIELDS,E01029461,East Staffordshire 003C,Investigation complete; no suspect identified
4bf94c42ef9fb1e0b7a3aec3459f111a237642c07c4db4d3a85a28bdc72ac10b,2019-12,Staffordshire Police,Staffordshire Police,-1.826944,52.683752,On or near CONDUIT STREET,E01029526,Lichfield 004E,Investigation complete; no suspect identified
76fab2404183a6ee76ba1927a94cc83ebe86171f87370e968b8990642cc8bd65,2019-12,Staffordshire Police,Staffordshire Police,,,No location,,,Investigation complete; no suspect identified
c3b57685b4cfcf2c1ddbc14fe53cc52ae6bdf674d95d95cf8cdb58d85161ded1,2019-12,Staffordshire Police,Staffordshire Police,-1.642592,52.798695,On or near NAPIER STREET,E01029408,East Staffordshire 011B,Investigation complete; no suspect identified
956c2570f6c39699011b3b9bb2b366606154c7b02d53ae8452498c8cfb3d767f,2019-12,Staffordshire Police,Staffordshire Police,-1.631072,52.801761,On or near Shopping Area,E01032896,East Staffordshire 011F,Investigation complete; no suspect identified
5501aa38e1f6006f113d45e5184be8d464a673f37e39fd6958e3d935a9443982,2019-12,Staffordshire Police,Staffordshire Police,-2.029753,52.688971,On or near Nightclub,E01029360,Cannock Chase 012B,Investigation complete; no suspect identified
6a3b9b0a7d7d4ff40160b630d03bf9a1ebb1244d0c1b3f0ec0364b2242138e10,2019-12,Staffordshire Police,Staffordshire Police,-1.685017,52.616792,On or near TAMWORTH ROAD,E01029826,Tamworth 006B,Investigation complete; no suspect identified
af6d32c745f46a9fd22e6b73ad1100c2a8ba9f7a5c511edf7482b8de117dfc44,2019-12,Staffordshire Police,Staffordshire Police,-1.639805,52.800358,On or near UXBRIDGE STREET,E01032898,East Staffordshire 011H,Investigation complete; no suspect identified
3fbc86de3fdf2821eb33fbc7804a520ba17ad68c4fe341235b52f3f2e8a175c6,2019-12,Staffordshire Police,Staffordshire Police,-2.081559,52.971556,On or near MAYFIELD DRIVE,E01029702,Stafford 001A,Investigation complete; no suspect identified
2a48da098270eaf9db681555a2318c1124c86cae163983812d6d9e7c68bfc05b,2019-12,Staffordshire Police,Staffordshire Police,-1.605255,52.804276,On or near HIGH BANK ROAD,E01029470,East Staffordshire 010C,Investigation complete; no suspect identified
43fb31e1c8eae88c79daa6ede30ef0c4a3a475b814e3f66651f3669167917cad,2019-12,Staffordshire Police,Staffordshire Police,,,No location,,,Investigation complete; no suspect identified
b6072ff880342687ca19630eed0f16bd42cde5a4215f1f806b478afd2901e6f6,2019-12,Staffordshire Police,Staffordshire Police,,,No location,,,Investigation complete; no suspect identified
07269cca4a906f2ef01b8e5658974771a47aaf749ec7492c10a55677c0321947,2019-12,Staffordshire Police,Staffordshire Police,-2.021857,52.697963,On or near SHORT STREET,E01029367,Cannock Chase 011E,Investigation complete; no suspect identified
738150fa432875cca3d777470e6e6a86e4548ef6ecfe54e836735d5733e29fed,2019-12,Staffordshire Police,Staffordshire Police,,,No location,,,Investigation complete; no suspect identified
398c220930154a3033826c7b2edc4b98da1c2d4b3504c3553557f996b1057e60,2019-12,Staffordshire Police,Staffordshire Police,-2.057858,52.630060,On or near THE GABLES,E01029634,South Staffordshire 007C,Investigation complete; no suspect identified
8163e0a22a3a0fec5ef68ff732826ec71901a3841051cd0f4de7597ef29613f6,2019-12,Staffordshire Police,Staffordshire Police,-2.224107,52.611199,On or near Park/Open Space,E01029661,South Staffordshire 010B,Investigation complete; no suspect identified
3cc6f1ffdebad2972d7c79fb58ff22556d5c9939938734ec5ce1ec60bce88d7f,2019-12,Staffordshire Police,Staffordshire Police,-2.148673,52.902750,On or near Supermarket,E01029745,Stafford 003C,Investigation complete; no suspect identified
0dd2a91f51da74537090646bd3833094dde72c7a51edacb2fb2c74949728eacd,2019-12,Staffordshire Police,Staffordshire Police,-2.176669,52.628828,On or near JOEYS LANE,E01029613,South Staffordshire 008A,Investigation complete; no suspect identified
c5dd86a261dcb78674a29a736d51f6179a1468c6d3131666d92e9d8c8469851f,2019-12,Staffordshire Police,Staffordshire Police,-1.641965,52.813714,On or near DALLOW STREET,E01029426,East Staffordshire 008A,Investigation complete; no suspect identified
bfcdfdabe08f822c43ff0e87aa9668e4e269b95f40ea36bade4c82e7b706db54,2019-12,Staffordshire Police,Staffordshire Police,-2.113690,52.811753,On or near Hospital,E01029725,Stafford 009D,Investigation complete; no suspect identified
28e7bb4aae5efc58b3fe21f1c5f37204b9d1941f928cd5f50f742841a98b1d4a,2019-12,Staffordshire Police,Staffordshire Police,-2.031553,52.662038,On or near CHAPEL SQUARE,E01029622,South Staffordshire 004B,Investigation complete; no suspect identified
71d7a37e08cb314f6fb36d9da5ae0c7817f80befdfd838b8f7d012a430055d1e,2019-12,Staffordshire Police,Staffordshire Police,-1.646818,52.806240,On or near CURZON STREET WEST,E01029448,East Staffordshire 009D,Investigation complete; no suspect identified
6a4b6494fb0904e87227149a2eff8d828cea94244ba30e9b39036c5fcaac89a2,2019-12,Staffordshire Police,Staffordshire Police,-1.826283,52.682448,On or near Theatre/Concert Hall,E01029526,Lichfield 004E,Investigation complete; no suspect identified
af2c2b1d6de0142c2b9ff27e0800ee4f1cee5a06de85c6057c73e3c3abe332a9,2019-12,Staffordshire Police,Staffordshire Police,-1.938250,52.762557,On or near Theatre/Concert Hall,E01029404,Cannock Chase 002E,Investigation complete; no suspect identified
08c186a4871d3bf9731ca764874ee8b65b86c5f13396217da98b2bd7e06b735c,2019-12,Staffordshire Police,Staffordshire Police,-2.037901,52.719066,On or near PARTRIDGE CLOSE,E01029646,South Staffordshire 002B,Investigation complete; no suspect identified
57bfc01722231a5756c2ed46053ffcd94b0b894d1b7c6ac068f51a1543452697,2019-12,Staffordshire Police,Staffordshire Police,-1.972459,52.657742,On or near Petrol Station,E01029395,Cannock Chase 013B,Investigation complete; no suspect identified
685b1d8a5fc0d7f6fe10c9bf2cad6081c5aa9cf5958c468d4f8b11cc10b10f5c,2019-12,Staffordshire Police,Staffordshire Police,-1.852009,52.620498,On or near MOOR LANE,E01029522,Lichfield 011D,Investigation complete; no suspect identified
d4839394d274de115eaa6e9bac69035c82b1733db3e1640391f3456380d65e86,2019-12,Staffordshire Police,Staffordshire Police,-1.600662,52.807002,On or near EAST STREET,E01029468,East Staffordshire 010A,Investigation complete; no suspect identified
0527e6424124dcbc5c9b97a8c4a788f5ab509191aa7f0ad1042a428226024c43,2019-12,Staffordshire Police,Staffordshire Police,-2.295362,52.762294,On or near Park/Open Space,E01029706,Stafford 015B,Investigation complete; no suspect identified
79f02c66cc092d1e8f6f790f2492f048882ce19bb8ea6755fb24f3403e5806ee,2019-12,Staffordshire Police,Staffordshire Police,-1.687059,52.618362,On or near LOWERPARK,E01029827,Tamworth 006C,Investigation complete; no suspect identified
3b211b27aec8328ff6762fbf989ce13e2c2d9947b4b4f12e08570082cfbbb9b0,2019-12,Staffordshire Police,Staffordshire Police,-1.683637,52.783601,On or near Park/Open Space,E01029416,East Staffordshire 013D,Investigation complete; no suspect identified
0efa12c11e5b7b83733fb4edf6d75d115d82f9e3232837024eb057065d71799c,2019-12,Staffordshire Police,Staffordshire Police,-1.965559,52.671719,On or near PARK AVENUE,E01029397,Cannock Chase 013D,Investigation complete; no suspect identified
4d440213fa905daf5b467803366b15cf2d9aea79e7fb0c73426ba503d8745bc6,2019-12,Staffordshire Police,Staffordshire Police,-1.799056,52.684652,On or near BURTON OLD ROAD,E01029484,Lichfield 005B,Investigation complete; no suspect identified
7722c6b43d4b815b0f3ca95517076649342f0a86206a29fe239f0c43636e1d09,2019-12,Staffordshire Police,Staffordshire Police,-1.635753,52.798988,On or near Sports/Recreation Area,E01032898,East Staffordshire 011H,Investigation complete; no suspect identified
4c72b14e83e18eb1799bd043b887df3520b75f7363844c112ead95b885849f14,2019-12,Staffordshire Police,Staffordshire Police,-1.635753,52.798988,On or near Sports/Recreation Area,E01032898,East Staffordshire 011H,Investigation complete; no suspect identified
af993037a00022e74b6e6c6adcd633c9d22d6a633b95d7c7c7ae300836e47955,2019-12,Staffordshire Police,Staffordshire Police,-2.197271,52.781107,On or near PRINCE AVENUE,E01029688,Stafford 015A,Investigation complete; no suspect identified
6869c8fe524506c23ec4e3cb7647e7169652f3444bcb763d6207653a47ee6d08,2019-12,Staffordshire Police,Staffordshire Police,-1.761055,52.716773,On or near FRADLEY LANE,E01029479,Lichfield 002C,Investigation complete; no suspect identified
e682d23581fbec3a9fe4941eccbaff77bfc33cb5ef35b22c85b2bd811c38e9b4,2019-12,Staffordshire Police,Staffordshire Police,-1.706559,52.626700,On or near VENTURA PARK ROAD,E01029837,Tamworth 005B,Investigation complete; no suspect identified
ab77a0c787be5a21d4524c7b8788c598774b6845d26408de85315a7957fe0680,2019-12,Staffordshire Police,Staffordshire Police,-2.022395,52.706880,On or near ELLIOTT CLOSE,E01029358,Cannock Chase 007E,Investigation complete; no suspect identified
59842a12eb4800a83d491c3ed84af2879477d52a37f07041e526cd01c929debc,2019-12,Staffordshire Police,Staffordshire Police,-2.200042,52.632135,On or near CHURCH ROAD,E01029626,South Staffordshire 009A,Investigation complete; no suspect identified
01e22c673fb12a0f79b01b868357e0c08028a555064b35e333bbdf97fe51f174,2019-12,Staffordshire Police,Staffordshire Police,-1.643959,52.809360,On or near CASEY LANE,E01029445,East Staffordshire 009A,Investigation complete; no suspect identified
7cd73cd2578bc758da4cf0295ec2cd1e1ff96bad5d3a93a922d4e6e5905f959e,2019-12,Staffordshire Police,Staffordshire Police,-2.122997,52.813407,On or near GREY FRIARS' PLACE,E01029691,Stafford 010B,Investigation complete; no suspect identified
e3de49ea8b3be60f365f0861dbdc55c15d2533f7619dc7b631d2437419dd6cda,2019-12,Staffordshire Police,Staffordshire Police,-1.606438,52.807983,On or near REDMOOR CLOSE,E01029470,East Staffordshire 010C,Investigation complete; no suspect identified
614fb483330a4a33416aaf4bc15847f6b2df62c79c72c27573cfd656e627edc7,2019-12,Staffordshire Police,Staffordshire Police,-1.922517,52.742986,On or near SWAN CLOSE,E01029348,Cannock Chase 003D,Investigation complete; no suspect identified
916ff5e1629597c51f01bb2b5d0cdcad963e3b55c6df80e7872b33e50ed0b01a,2019-12,Staffordshire Police,Staffordshire Police,-1.672185,52.632175,On or near ARGYLE STREET,E01029832,Tamworth 004C,Investigation complete; no suspect identified
a66e52e4d5cdc61cf5921b4bd326142bd74d6510f6dd364658dc580001f5240a,2019-12,Staffordshire Police,Staffordshire Police,-1.630001,52.812581,On or near Shopping Area,E01032896,East Staffordshire 011F,Investigation complete; no suspect identified
3cdebf969db1df1be06263bb1fd5c806eceac085f89200186e895eac96acd415,2019-12,Staffordshire Police,Staffordshire Police,-2.191376,52.525575,On or near DICKINSON ROAD,E01029677,South Staffordshire 013F,Investigation complete; no suspect identified
d594f6c10f81687896175f9b242b3ea79352b1ebce7450d62de3b08873fe476d,2019-12,Staffordshire Police,Staffordshire Police,,,No location,,,Investigation complete; no suspect identified
57a05faadb96da29a1bbdbb127c7c1a325693517b6a1bbb0d1ba55d67dbfc184,2019-12,Staffordshire Police,Staffordshire Police,-2.115848,52.791930,On or near KINGSLEY CLOSE,E01029738,Stafford 012D,Investigation complete; no suspect identified
216c1dcb179246683f57d0fa28ef422f17d5efd71eaf3e205152657174bd8f97,2019-12,Staffordshire Police,Staffordshire Police,-1.636992,52.805141,On or near STATION STREET,E01032896,East Staffordshire 011F,Investigation complete; no suspect identified
8f431aa7a382db6c91337c62bfc645d17acb983e10dda267af01f6904de09b08,2019-12,Staffordshire Police,Staffordshire Police,-2.206995,52.562092,On or near Sports/Recreation Area,E01029672,South Staffordshire 013C,Investigation complete; no suspect identified
2940450fdc4b6dbf44bad6d217c1161696e38fc3475c0712ff842a617adf488e,2019-12,Staffordshire Police,Staffordshire Police,-2.128450,52.896535,On or near STAINES COURT,E01029739,Stafford 004B,Investigation complete; no suspect identified
20448878cef4bf79b130eca5bcdffc0db28334896f2df72af92ae661cd623351,2019-12,Staffordshire Police,Staffordshire Police,-1.641695,52.799555,On or near ALMA STREET,E01029408,East Staffordshire 011B,Investigation complete; no suspect identified
8214c9508877f0dd373308b143db4a97740d368422149d029ca31b886d7c3767,2019-12,Staffordshire Police,Staffordshire Police,-1.668669,52.788612,On or near LEAMINGTON ROAD,E01029416,East Staffordshire 013D,Investigation complete; no suspect identified
6916b305afd14ee3146a3eccf38ba9d2e9763cc82ac910b8b54f3e87684725e1,2019-12,Staffordshire Police,Staffordshire Police,-1.938457,52.678729,On or near Supermarket,E01029497,Lichfield 006E,Investigation complete; no suspect identified
a5e1e99ffb242c493cfc197a495f06835517ee5b1bbdb8228a3005a844dfd150,2019-12,Staffordshire Police,Staffordshire Police,-1.642991,52.797051,On or near UXBRIDGE STREET,E01029408,East Staffordshire 011B,Investigation complete; no suspect identified
88b410dcf66f314813bc06661c43a3ecd17006bd5980a6fb8a8667a0dce3804e,2019-12,Staffordshire Police,Staffordshire Police,-1.655528,52.817170,On or near Hospital,E01029435,East Staffordshire 007B,Investigation complete; no suspect identified
7536f655c0e2ab201b9d51154388e42a3f89cd52426043e0bfdfb447db5a583c,2019-12,Staffordshire Police,Staffordshire Police,-1.938457,52.678729,On or near Supermarket,E01029497,Lichfield 006E,Investigation complete; no suspect identified
378421c3c8ed70f9ffc483c083812bdd444d803aa2d6f23e0d9019a724d155d5,2019-12,Staffordshire Police,Staffordshire Police,-2.081572,52.686088,On or near A5,E01029647,South Staffordshire 002C,Investigation complete; no suspect identified
fc217f67be501b04f8d9b713aa5c3fb6c59a12d8745224551969853278b8fff2,2019-12,Staffordshire Police,Staffordshire Police,-1.863703,52.897894,On or near QUEEN STREET,E01029460,East Staffordshire 003B,Investigation complete; no suspect identified
d0401ec4a7f465a66b1e4e8046260f0321cffa24739e80ec988ac7407c437780,2019-12,Staffordshire Police,Staffordshire Police,-1.929809,52.740708,On or near PINETREES,E01029348,Cannock Chase 003D,Investigation complete; no suspect identified
18af54f665ef306d365ea83bad529c4383412be957d79455f460faeb546f667b,2019-12,Staffordshire Police,Staffordshire Police,-2.118173,52.807129,On or near Shopping Area,E01029701,Stafford 010E,Investigation complete; no suspect identified
c7e8771105b31c712904bf743e5ffde23d84d392c5d5b867bc9d29cb62684893,2019-12,Staffordshire Police,Staffordshire Police,-1.860399,52.899112,On or near TOWN MEADOWS WAY,E01029460,East Staffordshire 003B,Investigation complete; no suspect identified
eb942111e8fcaaf63b72fbc13b75a0a800db910f53bd4f3026a5a1c540f9d84f,2019-12,Staffordshire Police,Staffordshire Police,-1.925281,52.781517,On or near MARTLIN LANE,E01029498,Lichfield 001D,Investigation complete; no suspect identified
e112999dd0a7faa97fd21215d63faac279e0ba8db4b4e8675e75fa891db49fa8,2019-12,Staffordshire Police,Staffordshire Police,-1.651397,52.619107,On or near PENNINE WAY,E01029842,Tamworth 007B,Investigation complete; no suspect identified
9616a7dea6f2752752f2fbb8a9ed0fa187ae84ef6ed3a6746c17c80985b7294c,2019-12,Staffordshire Police,Staffordshire Police,-2.024618,52.686725,On or near RAILWAY STREET,E01029360,Cannock Chase 012B,Investigation complete; no suspect identified
065058fad9ba7ee5e59be094b2ef86db805b6c72cdcc00913d173cde6ac378cf,2019-12,Staffordshire Police,Staffordshire Police,-2.122997,52.813407,On or near GREY FRIARS' PLACE,E01029691,Stafford 010B,Investigation complete; no suspect identified
87788734038f36f0abecb028ce88a09d9d03570855de0f4740c91c7f028a0e56,2019-12,Staffordshire Police,Staffordshire Police,-1.655915,52.636309,On or near REPINGTON ROAD SOUTH,E01029821,Tamworth 003B,Investigation complete; no suspect identified
ebfa68b2376c226ef76e766584430e1367ba5ebc13e3328d95fee75408bed89f,2019-12,Staffordshire Police,Staffordshire Police,-1.643956,52.615022,On or near LOWFORCE,E01029855,Tamworth 008A,Investigation complete; no suspect identified
35508fc312ba9cbf04227013e4520f0a382dbdd3eb4249b00ea222bfa7fd3966,2019-12,Staffordshire Police,Staffordshire Police,,,No location,,,Investigation complete; no suspect identified
8314e3a0fade86bd07b22e0be079048987d0e7f3d42d54fbc6df6f5c3b6ee073,2019-12,Staffordshire Police,Staffordshire Police,-2.257811,52.857509,On or near OAK ROAD,E01029698,Stafford 005D,Investigation complete; no suspect identified
02678726e85d4f4626f855c4f26c0f77605b4790b8ed27fc233763fddb2c48c1,2019-12,Staffordshire Police,Staffordshire Police,-1.824476,52.683038,On or near Parking Area,E01029526,Lichfield 004E,Investigation complete; no suspect identified
03295e22ec19027786935a47ec2a92b597c25f8516cdee199a1f80690dbac9b3,2019-12,Staffordshire Police,Staffordshire Police,-2.005820,52.822272,On or near PASTUREFIELDS LANE,E01029712,Stafford 008D,Investigation complete; no suspect identified
7bc0eb4e0bf3c44c1db619487f5b2f8360b05c056e6e7b1a270012cee19be5cb,2019-12,Staffordshire Police,Staffordshire Police,-1.645385,52.794559,On or near SOUTH UXBRIDGE STREET,E01029407,East Staffordshire 011A,Investigation complete; no suspect identified
ff404c5dbaf626424180bbf26c9da60ad45de7b879e6b10c77c49335e7c8dd3c,2019-12,Staffordshire Police,Staffordshire Police,-2.081572,52.686088,On or near A5,E01029647,South Staffordshire 002C,Investigation complete; no suspect identified
a3b2290c78258c99af4d8d4ae01b09ecc0c8bc5d8586d1533065e2fea9499425,2019-12,Staffordshire Police,Staffordshire Police,-1.872006,52.586055,On or near Supermarket,E01029514,Lichfield 011B,Investigation complete; no suspect identified
8ee41a85b87b4a7a094c89f7686f2e6300638250a6a73075603df4a97ac5ea49,2019-12,Staffordshire Police,Staffordshire Police,-2.044162,52.688248,On or near OAKS DRIVE,E01029365,Cannock Chase 011C,Investigation complete; no suspect identified
f9284a3bc3cf67fae84ffa0d78a3bac979ba60915fcdc74c0e45c0bf7809d981,2019-12,Staffordshire Police,Staffordshire Police,-1.918857,52.743802,On or near BARN CLOSE,E01029347,Cannock Chase 003C,Investigation complete; no suspect identified
6a827c3fbad13e44582374bfffafcdfab76d2cef90bbb0b77ec65404bc8840cd,2019-12,Staffordshire Police,Staffordshire Police,-1.940105,52.760868,On or near SHEEP FAIR,E01029404,Cannock Chase 002E,Investigation complete; no suspect identified
f4d442e11ffe23649cae9c7003af2235b88074adba2f625d75e25277d3e04a29,2019-12,Staffordshire Police,Staffordshire Police,-1.675731,52.610241,On or near WATLING STREET,E01032902,Tamworth 010G,Investigation complete; no suspect identified
dbdd356dd4d524586078971c42d677525f47201d06172d585555e48f0d15f8d5,2019-12,Staffordshire Police,Staffordshire Police,-1.696425,52.635260,On or near ALDERGATE,E01029835,Tamworth 002A,Investigation complete; no suspect identified
e65adf56483972d3bd47d3040d025abc29e95cbe84ab62f3411861be4effe27f,2019-12,Staffordshire Police,Staffordshire Police,,,No location,,,Investigation complete; no suspect identified
e1feaab0e1963549d3a9ca5641eb02eb337702b1807786a7943788021ffe582c,2019-12,Staffordshire Police,Staffordshire Police,-2.007345,52.719018,On or near Sports/Recreation Area,E01029386,Cannock Chase 005B,Investigation complete; no suspect identified
8c838c471ce94f353470400002f1c104c58aeb4c43ebc28ad96c8ecdf72028f9,2019-12,Staffordshire Police,Staffordshire Police,-2.009799,52.704140,On or near CUMBERLAND ROAD,E01029351,Cannock Chase 008C,Investigation complete; no suspect identified
f9bb6d75b3027f01d3fea46743f8d2e0a9bb67288d9e7c362881fee7519c695a,2019-12,Staffordshire Police,Staffordshire Police,-1.837490,52.683992,On or near Sports/Recreation Area,E01032899,Lichfield 004F,Investigation complete; no suspect identified
e928f4619291cdb0884c048c6c4fa721a30d1b345099e5ac9ac4889060f92ebf,2019-12,Staffordshire Police,Staffordshire Police,-2.115807,52.804524,On or near BRIDGE STREET,E01029701,Stafford 010E,Investigation complete; no suspect identified
6992b14daa7a8acddcab9a744955f8f52009272a0753a7c1c7d8a1622cde69cd,2019-12,Staffordshire Police,Staffordshire Police,-2.008415,52.667768,On or near HONEYSUCKLE WAY,E01029642,South Staffordshire 004G,Investigation complete; no suspect identified
0af66ca7c946f077df607ff920e0408e626bc4ef4a963bff0b1c09848db5205c,2019-12,Staffordshire Police,Staffordshire Police,-1.688370,52.598048,On or near WIGFORD ROAD,E01029861,Tamworth 009B,Investigation complete; no suspect identified
4f363b3c618b3156f1c55785beff956910ffbc71309a4bdb256f619b8083ef6f,2019-12,Staffordshire Police,Staffordshire Police,,,No location,,,Investigation complete; no suspect identified
6c21d3369fa746573a6fd53840f46793f4baffec39274ce64351ac863026eacd,2019-12,Staffordshire Police,Staffordshire Police,-1.675436,52.636184,On or near MARSHALL STREET,E01029834,Tamworth 004D,Investigation complete; no suspect identified
3b9131df878d99898902f89b50789b2d7ed33bd949afff6c1e0bce448e087acd,2019-12,Staffordshire Police,Staffordshire Police,-1.648688,52.612402,On or near RAYGILL,E01029857,Tamworth 008C,Investigation complete; no suspect identified
c0d275aae76b8c8e34bdd19ea43a37f54fc37c0ea3a9f1f5408e473c733a20f7,2019-12,Staffordshire Police,Staffordshire Police,-1.924814,52.673633,On or near MEADWAY STREET,E01029529,Lichfield 010D,Investigation complete; no suspect identified
46b437d515285f916628bc4181fcaf9a9e8d31a8babcaa7ac012af8ad3d574eb,2019-12,Staffordshire Police,Staffordshire Police,-2.110731,52.721753,On or near HALING CLOSE,E01029659,South Staffordshire 001E,Investigation complete; no suspect identified
fbf53168353326f1bf13336b0e6ced2952bc2a6927c97a1d7950c944505e205e,2019-12,Staffordshire Police,Staffordshire Police,-1.922267,52.808816,On or near B5013,E01029411,East Staffordshire 006A,Investigation complete; no suspect identified
fb6074764d6f882a0911db2a9944cdfb2c5a7c203639c2cb3f99c1277416b775,2019-12,Staffordshire Police,Staffordshire Police,-2.260101,52.589514,On or near ORCHARD CLOSE,E01029654,South Staffordshire 010A,Investigation complete; no suspect identified
9a5b02d56468bfb4f7d7ebf69639713007dd808c237b750ead304dde0b852715,2019-12,Staffordshire Police,Staffordshire Police,-1.830950,52.768727,On or near GREEN LANE,E01029509,Lichfield 002D,Investigation complete; no suspect identified
a9790608459eed5c4b75f89da9f819e52d5398dd1343f27442adcc3da03126d5,2019-12,Staffordshire Police,Staffordshire Police,-1.696643,52.633580,On or near KING STREET,E01029835,Tamworth 002A,Investigation complete; no suspect identified
cd2b115cf0dbe6c12843fee041b7887719fb07592c8ae482c6941d767ed52754,2019-12,Staffordshire Police,Staffordshire Police,-2.122892,52.786682,On or near BURTON MANOR ROAD,E01029728,Stafford 013E,Investigation complete; no suspect identified
731623c4f871dce429cd0f93d5c2478e219a94930dcb0e29d4f82ae0583501cb,2019-12,Staffordshire Police,Staffordshire Police,-1.725460,52.618700,On or near AFFLECK AVENUE,E01029502,Lichfield 012B,Investigation complete; no suspect identified
f5ce1b9734b064e7541af8f050c9539b6aaf91cab99461478e76b56bd008fe5f,2019-12,Staffordshire Police,Staffordshire Police,-1.653037,52.630188,On or near NEMESIA,E01029820,Tamworth 003A,Investigation complete; no suspect identified
9c6efcb9d201226e7bb9562bc89ae2623d1a5ffab964b281aacfcac7fd441f41,2019-12,Staffordshire Police,Staffordshire Police,-2.056428,52.643716,On or near M6,E01029635,South Staffordshire 007D,Investigation complete; no suspect identified
2b0a007b949cbbe70d841c16ddcc9aab39b5aed5c27743d919e17ef26fd0ca3a,2019-12,Staffordshire Police,Staffordshire Police,-2.062552,52.627181,On or near HILL STREET,E01029634,South Staffordshire 007C,Investigation complete; no suspect identified
9399c19ea6adef107c2c721c147e2db0a9941db629e116feb42267c7f7e1b410,2019-12,Staffordshire Police,Staffordshire Police,-1.671622,52.614553,On or near NYMET,E01029829,Tamworth 010A,Investigation complete; no suspect identified
5a54b695241a9e77a1b8a8c9fe5b4b1cf7ca64e508fec0f414ad92fc110ea527,2019-12,Staffordshire Police,Staffordshire Police,-2.033112,52.689941,On or near HIGH GREEN,E01029365,Cannock Chase 011C,Investigation complete; no suspect identified
48909f782f47b930b15b2dc6fc5febafd11a5839bda98258f3f670476bbab91f,2019-12,Staffordshire Police,Staffordshire Police,-1.969393,52.708775,On or near ST ANDREW CLOSE,E01029399,Cannock Chase 006C,Investigation complete; no suspect identified
22e9982d679f3e4a0232698884f1f14cd4fd2653ea740a10163b30f033960b4a,2019-12,Staffordshire Police,Staffordshire Police,-2.036052,52.684412,On or near BEECH TREE LANE,E01029361,Cannock Chase 012C,Investigation complete; no suspect identified
d61f079899208054dd3c4c4ac577b8e22a4f291735eaea27884d4c96c9d20ea9,2019-12,Staffordshire Police,Staffordshire Police,-1.694821,52.636344,On or near UPPER GUNGATE,E01029835,Tamworth 002A,Investigation complete; no suspect identified
c23ee42e7444ae31a56bfc61f8e46721c3255204453210d2b9191d659259d655,2019-12,Staffordshire Police,Staffordshire Police,-2.183676,52.534757,On or near Supermarket,E01029676,South Staffordshire 012C,Investigation complete; no suspect identified
6a2037d0d6e1d3fec1dc30aa60253b2ead661cb06c89b44750b72585116dfd85,2019-12,Staffordshire Police,Staffordshire Police,-2.195879,52.500755,On or near Sports/Recreation Area,E01029651,South Staffordshire 014C,Investigation complete; no suspect identified
944c27be2e5f6e5c54fb17854d57459bc781842fca88f7f8b7aaade1e46f7375,2019-12,Staffordshire Police,Staffordshire Police,-2.013860,52.722092,On or near BEECH PINE CLOSE,E01029383,Cannock Chase 004A,Investigation complete; no suspect identified
a79f9983688bf57e73ead91ea541acdc749645b3dc10c7754636a856465d9683,2019-12,Staffordshire Police,Staffordshire Police,-1.627944,52.789363,On or near BRADLEY STREET,E01029451,East Staffordshire 014C,Investigation complete; no suspect identified
a7763b3cb441594ef775d37d07237a368fca635e07f982937b32774743f67f45,2019-12,Staffordshire Police,Staffordshire Police,-1.655528,52.817170,On or near Hospital,E01029435,East Staffordshire 007B,Investigation complete; no suspect identified
9ac37a90a59085092dfee405ae7a6bb37656f6cbfa556d33c220150f8f8bb68b,2019-12,Staffordshire Police,Staffordshire Police,-1.640557,52.818897,On or near Park/Open Space,E01029427,East Staffordshire 008B,Investigation complete; no suspect identified
2c467d4146f4f22616616b3259bb0b57f19a4f794659c6e405c2a4b0d823e54f,2019-12,Staffordshire Police,Staffordshire Police,-1.932511,52.707924,On or near BRADWELL LANE,E01029398,Cannock Chase 006B,Investigation complete; no suspect identified
7a9ec366bd344382dcd81182c1590e56da9e29140aed3c7feb7ec5720405a8ec,2019-12,Staffordshire Police,Staffordshire Police,-2.109810,52.773462,On or near MOSSPIT,E01029735,Stafford 016D,Investigation complete; no suspect identified
34874af71c1dd189ed991dd941d2f93250334a5e48b8f098cb84eff8821d28cf,2019-12,Staffordshire Police,Staffordshire Police,-1.701757,52.626769,On or near Shopping Area,E01029835,Tamworth 002A,Investigation complete; no suspect identified
1601683d0589724e9d1f42bedf52afaa4c6cc9cc703b65a1ea93bd0c5060c594,2019-12,Staffordshire Police,Staffordshire Police,-2.221477,52.675373,On or near FOXES LANE,E01029670,South Staffordshire 003E,Investigation complete; no suspect identified
67fbea2505746d9866b01f52d2f6ba2e1a6d05cad63dbdbd0c718223c6748929,2019-12,Staffordshire Police,Staffordshire Police,-1.656027,52.808506,On or near Sports/Recreation Area,E01029446,East Staffordshire 009B,Investigation complete; no suspect identified
a2bc7fa14e8c86c1559fbfb85a031f32948df4cbbe504e21f765aa928fe7486e,2019-12,Staffordshire Police,Staffordshire Police,-1.918725,52.743137,On or near BRERETON MANOR COURT,E01029348,Cannock Chase 003D,Investigation complete; no suspect identified
02cc30068ab6890d3f7ddd57379298407d88fa6143d89dfd9d082b5322a8067b,2019-12,Staffordshire Police,Staffordshire Police,-2.015099,52.708949,On or near ODIN CLOSE,E01029349,Cannock Chase 008A,Investigation complete; no suspect identified
21849d0a054e19224ea98a5da8a9e876539ee8f58dce30b151e58f4fd4b35e75,2019-12,Staffordshire Police,Staffordshire Police,-1.670730,52.627209,On or near CAMDEN DRIVE,E01029832,Tamworth 004C,Investigation complete; no suspect identified
e705e4ee5d64b229086d0d67d20f68ec6abb69afd2463b35fad949edb4012ca2,2019-12,Staffordshire Police,Staffordshire Police,-2.197486,52.782778,On or near Sports/Recreation Area,E01029688,Stafford 015A,Investigation complete; no suspect identified
6cabfaaa403e5141fc6059e58bb5152d3352a07d231f1ee5c0d27f82310ae630,2019-12,Staffordshire Police,Staffordshire Police,-2.199883,52.525992,On or near BRIDGNORTH AVENUE,E01029680,South Staffordshire 012E,Investigation complete; no suspect identified
35e81a833c8ce3c4365476390a68940733ff5cce4ecf4c5321b208942e10977e,2019-12,Staffordshire Police,Staffordshire Police,-2.029167,52.675873,On or near Further/Higher Educational Building,E01029359,Cannock Chase 012A,Investigation complete; no suspect identified
c494f08e2df674c668240e825090de10ebf818d300d9102350840141c457803c,2019-12,Staffordshire Police,Staffordshire Police,-1.621118,52.789953,On or near SAXON STREET,E01029449,East Staffordshire 014A,Investigation complete; no suspect identified
9a1d0a63b03dcddb0ffdcefa2e99983d94c2eaff1636ce40b7d54507ba4fd888,2019-12,Staffordshire Police,Staffordshire Police,,,No location,,,Investigation complete; no suspect identified
83189e2cc655f8c0da60a35e916a9fe3a4558bfbf8fe3690185bb48af649045f,2019-12,Staffordshire Police,Staffordshire Police,,,No location,,,Investigation complete; no suspect identified
a952469bec67883be3c85419eb25133d8d1be76c583a2b72188a960a5cd5e4a4,2019-12,Staffordshire Police,Staffordshire Police,-2.035400,52.683063,On or near DON GROVE,E01029361,Cannock Chase 012C,Investigation complete; no suspect identified
e03448db99edc3e9b3a705649646bee1b517b8cff211caf63207d9f1183a98e5,2019-12,Staffordshire Police,Staffordshire Police,-1.790312,52.691020,On or near ASH TREE LANE,E01029530,Lichfield 008C,Investigation complete; no suspect identified
16ca5b0dc97d19662697b4ccf43b83fb398de49d681855a5697dc997c8c0381e,2019-12,Staffordshire Police,Staffordshire Police,-1.840133,52.673262,On or near THE WHYTMORE,E01032900,Lichfield 004G,Investigation complete; no suspect identified
5913e3028521d30011e3ba02d78fab635d9c67732e217b9da646de738ee2a30b,2019-12,Staffordshire Police,Staffordshire Police,-2.029812,52.688171,On or near Supermarket,E01029360,Cannock Chase 012B,Investigation complete; no suspect identified
014aecdd32413ad46aa9d7ebb017af913794f53f96014a7a6fb403d28dd18c73,2019-12,Staffordshire Police,Staffordshire Police,-1.636992,52.805141,On or near STATION STREET,E01032896,East Staffordshire 011F,Investigation complete; no suspect identified
512444cbc033a7d7e70b58352c8d12c1a795ba70438631fb01fed199dea14e37,2019-12,Staffordshire Police,Staffordshire Police,-1.633977,52.796745,On or near Supermarket,E01032898,East Staffordshire 011H,Investigation complete; no suspect identified
8fa9fd5f95757d9dac80a9ca0a7fd4d9886b5d67a7a60d703ff0db871adec644,2019-12,Staffordshire Police,Staffordshire Police,,,No location,,,Investigation complete; no suspect identified
2dbd3af28d504263b23aeca8cb8c0bff37a2a8997fe1ebe2547e4fb09e88c306,2019-12,Staffordshire Police,Staffordshire Police,-2.124665,52.799966,On or near VICARAGE WAY,E01029738,Stafford 012D,Investigation complete; no suspect identified
8e858f74f7ad4da9da10987f3882e9ca897eede9766ea803b985ea5ab3d2f787,2019-12,Staffordshire Police,Staffordshire Police,-1.669984,52.795061,On or near SECOND AVENUE,E01029413,East Staffordshire 013A,Investigation complete; no suspect identified
f999397f7792b1f64473e82bc8733d69c49e55d3c0cc1cb979a5440665d58417,2019-12,Staffordshire Police,Staffordshire Police,-1.646426,52.810572,On or near GRANGE CLOSE,E01029445,East Staffordshire 009A,Investigation complete; no suspect identified
7107378c41d4cfdb248403ffe251e3ec1874400bb1855ac8fef8344266eeb215,2019-12,Staffordshire Police,Staffordshire Police,-1.932520,52.682555,On or near VICTORY AVENUE,E01029490,Lichfield 009D,Investigation complete; no suspect identified
7c3a72f8f1740bcbae8ee3c08dc22087f690069500a35b184804a394e8a1fe61,2019-12,Staffordshire Police,Staffordshire Police,-2.115801,52.802322,On or near MIDDLE FRIARS,E01029701,Stafford 010E,Investigation complete; no suspect identified
7bbc655a6febb36acb8b3a8269d0adc62d6c096d8b8e93ed873e45c392158827,2019-12,Staffordshire Police,Staffordshire Police,-2.045656,52.772920,On or near BRACKEN VIEW,E01029730,Stafford 014C,Investigation complete; no suspect identified
2e14141374b8437a5f204a8c4cabaf9fee5a0840e33d73c27f65d26f808b457d,2019-12,Staffordshire Police,Staffordshire Police,-2.231585,52.620678,On or near NEWPORT ROAD,E01029661,South Staffordshire 010B,Investigation complete; no suspect identified
0367bae90265dabd9946d74dedbb132e8a815222210713a76fc6f933c6326a3a,2019-12,Staffordshire Police,Staffordshire Police,-1.653279,52.786492,On or near NICKLAUS CLOSE,E01029414,East Staffordshire 013B,Investigation complete; no suspect identified
73b13f98282d357fa78c1d40c8c2a1cbcd2699900f75ca8c3054433354791a68,2019-12,Staffordshire Police,Staffordshire Police,-1.934492,52.759004,On or near Shopping Area,E01029404,Cannock Chase 002E,Investigation complete; no suspect identified
3b288209a032f1a678a67ce4b14ea43a916056e4cbcb0930db9daab15fe0deae,2019-12,Staffordshire Police,Staffordshire Police,-1.688207,52.616882,On or near PEELERS WAY,E01029827,Tamworth 006C,Investigation complete; no suspect identified
0b528b37bc770a8a34ca6a61d441fd061f95848ede7f4e9332a6f912d27bb10a,2019-12,Staffordshire Police,Staffordshire Police,-1.735660,52.641899,On or near TWO TREES CLOSE,E01029517,Lichfield 008B,Investigation complete; no suspect identified
40fcf40599a13a66af3482eb2edc5a8cb8e2132f45cc90f94fd6fec9652d3f40,2019-12,Staffordshire Police,Staffordshire Police,,,No location,,,Investigation complete; no suspect identified
d76a5b859b7e403d6602f91ed15c67b415939f522c30c97f12d795d6ae8b5a4e,2019-12,Staffordshire Police,Staffordshire Police,-1.663674,52.634147,On or near MONKS WAY,E01029823,Tamworth 004A,Investigation complete; no suspect identified
45956a01f699de8ac8e21f4cc00acfbcfcfe70618f04777ab6308362ba756993,2019-12,Staffordshire Police,Staffordshire Police,-2.116562,52.803849,On or near PILGRIM STREET,E01029701,Stafford 010E,Investigation complete; no suspect identified
4ee294067f6eab4903214a1eecf345b9678ae0ad6e323ec69d4c2443d1a837ba,2019-12,Staffordshire Police,Staffordshire Police,-1.624159,52.822523,On or near Petrol Station,E01029428,East Staffordshire 008C,Investigation complete; no suspect identified
6af67831c5e130cfd391c3c5b5c368c5560b85a1c5f42cf005ccbd17965b0846,2019-12,Staffordshire Police,Staffordshire Police,-2.173183,52.677548,On or near STAFFORD STREET,E01029618,South Staffordshire 003B,Investigation complete; no suspect identified
0944374d3e6d2bbbda01f8bd24b94821027ed6246bcb91e62b367b0b6138e15e,2019-12,Staffordshire Police,Staffordshire Police,-1.862410,52.897784,On or near BRIDGE STREET,E01029460,East Staffordshire 003B,Investigation complete; no suspect identified
f6e4ed9d2763e7a1a65cc741d9cf05341a34b92b4dad76c54f898af410839c92,2019-12,Staffordshire Police,Staffordshire Police,-2.262016,52.541954,On or near Park/Open Space,E01028842,Shropshire 034C,Investigation complete; no suspect identified
e1cb75d3f2bb2cecd4ed0098110265b456f8533756a60b09c5fb268970abfc75,2019-12,Staffordshire Police,Staffordshire Police,-2.199401,52.890235,On or near THE FURLONG,E01029747,Stafford 005E,Investigation complete; no suspect identified
86f7be0b652fc63983146c410b7bdd3d85064986805311831a3b1b88b54d94af,2019-12,Staffordshire Police,Staffordshire Police,-2.210404,52.522243,On or near HEATH MILL CLOSE,E01029680,South Staffordshire 012E,Investigation complete; no suspect identified
1673834e0648aec21d3f2dc365e8a7548b1ce4bb82b936f7dcd03e8802e0767d,2019-12,Staffordshire Police,Staffordshire Police,-2.040224,52.637376,On or near Sports/Recreation Area,E01029632,South Staffordshire 007A,Investigation complete; no suspect identified
a053e8d2d67d78c747d2784f07521a8297d657e7ee47d5d30ffaff679f91b38e,2019-12,Staffordshire Police,Staffordshire Police,-1.643956,52.615022,On or near LOWFORCE,E01029855,Tamworth 008A,Investigation complete; no suspect identified
24e919b181060b6ee7f62852f8fecc856bc302f6bd94be782dc8126b89f8bac4,2019-12,Staffordshire Police,Staffordshire Police,-1.924814,52.673633,On or near MEADWAY STREET,E01029529,Lichfield 010D,Investigation complete; no suspect identified
894e0ca8a9f647db660b1ce3c59fc342266cd766200104b30e24be7fb9599e4f,2019-12,Staffordshire Police,Staffordshire Police,,,No location,,,Investigation complete; no suspect identified
9f72132fc0336c35f5699192436a5a0069f744be7be17ad95ee54ed55a935203,2019-12,Staffordshire Police,Staffordshire Police,-1.697473,52.641753,On or near ST IVES CLOSE,E01029851,Tamworth 002E,Investigation complete; no suspect identified
14ead8f631c85c879ea4ff4a628bc09d4002b5f23940f7a578029b851d6bd495,2019-12,Staffordshire Police,Staffordshire Police,-2.040224,52.637376,On or near Sports/Recreation Area,E01029632,South Staffordshire 007A,Investigation complete; no suspect identified
13d134692b21325f6d878647d8535baf96aad53855e908847c9f9b08e3c303da,2019-12,Staffordshire Police,Staffordshire Police,-1.655335,52.634896,On or near WOODHOUSE LANE,E01029821,Tamworth 003B,Investigation complete; no suspect identified
64d3f5351dddcba9fb0d6f656c2fe8171eb667d70db6e2eca3963e63321eafe3,2019-12,Staffordshire Police,Staffordshire Police,-1.630343,52.803718,On or near Parking Area,E01032896,East Staffordshire 011F,Investigation complete; no suspect identified
452af96dd76f77d7c471ad5a831f086c6bdd8fa611f2fb5b3073c9f98d84d5ef,2019-12,Staffordshire Police,Staffordshire Police,-2.028967,52.708982,On or near CLARION WAY,E01029354,Cannock Chase 007A,Investigation complete; no suspect identified
74e4093237a8cacc5e7dcb6b72ec1933b00e9e412f8b259b6e15752f65ffbe60,2019-12,Staffordshire Police,Staffordshire Police,-1.863776,52.898118,On or near MARKET PLACE,E01029460,East Staffordshire 003B,Investigation complete; no suspect identified
02f825a8b9002077307387f34d7d30004814dd778ce7dd1548fcd7438af57bfa,2019-12,Staffordshire Police,Staffordshire Police,-1.863776,52.898118,On or near MARKET PLACE,E01029460,East Staffordshire 003B,Investigation complete; no suspect identified
d324985ea497197363d7f6a5857a4badfa66c5d426c6ba42b0aa368371bde17c,2019-12,Staffordshire Police,Staffordshire Police,-1.942239,52.749749,On or near PYRUS GROVE,E01029374,Cannock Chase 003E,Investigation complete; no suspect identified
4af0a4b0619099eb58222df6b845f84b7774e994d322545865d7bce40b5c4cd5,2019-12,Staffordshire Police,Staffordshire Police,-1.995472,52.716726,On or near CYGNET CLOSE,E01029389,Cannock Chase 005D,Investigation complete; no suspect identified
f46de2648549c2c2f051c8a388873b900f705c8d92f821007972e7267ad0872b,2019-12,Staffordshire Police,Staffordshire Police,-1.601040,52.801286,On or near YARROW CLOSE,E01029418,East Staffordshire 012A,Investigation complete; no suspect identified
86772b621371cb93137d28c096217f9cc92e6562f81f72c56ab0b29b4b520a06,2019-12,Staffordshire Police,Staffordshire Police,-2.013736,52.704221,On or near ST CHAD'S CLOSE,E01029350,Cannock Chase 008B,Investigation complete; no suspect identified
04757b17440f39a05a5d62fe1bd4e15503cf4bacf985247875b682e57632af90,2019-12,Staffordshire Police,Staffordshire Police,,,No location,,,Investigation complete; no suspect identified
c0e05784fbc5fcafca0914749e1f9b2694eeea2925b3dab282423f3ae1c7bcae,2019-12,Staffordshire Police,Staffordshire Police,-2.143989,52.893641,On or near MAPLE GARDENS,E01029754,Stafford 004D,Investigation complete; no suspect identified
a249c9e6a08a6140ca9d0a5786d84e74b1b632e600f6d372564a675fba3deb2a,2019-12,Staffordshire Police,Staffordshire Police,-1.635753,52.798988,On or near Sports/Recreation Area,E01032898,East Staffordshire 011H,Investigation complete; no suspect identified
8c938d4d5f7a541c72b2a1eabf90ceafcc8fe745f8d7f99cf16d660a6e76084b,2019-12,Staffordshire Police,Staffordshire Police,-1.999306,52.709292,On or near MARKET STREET,E01029389,Cannock Chase 005D,Investigation complete; no suspect identified
a35c69437a0f060e4c66396139447d04598049ea61109e84e736b795c3c5e809,2019-12,Staffordshire Police,Staffordshire Police,-1.656027,52.808506,On or near Sports/Recreation Area,E01029446,East Staffordshire 009B,Investigation complete; no suspect identified
2a99f4f7002aca5119b9463e69e905a7821f49090e041dc4e670cc5b8f32af15,2019-12,Staffordshire Police,Staffordshire Police,-1.799056,52.684652,On or near BURTON OLD ROAD,E01029484,Lichfield 005B,Investigation complete; no suspect identified
6ae157f04dcf0be9958367d25bfb608ebf4fe2e1cec55d5d3399e6067080cf8e,2019-12,Staffordshire Police,Staffordshire Police,-2.183902,52.532392,On or near ROOKERY RISE,E01029676,South Staffordshire 012C,Investigation complete; no suspect identified
f58a21a3378aaa18b5b20ca5e753446df2a9699cdbc99bf625056ff5cc13d3bc,2019-12,Staffordshire Police,Staffordshire Police,-1.649402,52.608053,On or near WAINRIGG,E01029857,Tamworth 008C,Investigation complete; no suspect identified
61be7ddc367a44dc96a67ab0c3bf0d6e96640154f75249e29c9f41f0fd7a90ab,2019-12,Staffordshire Police,Staffordshire Police,-2.012995,52.700679,On or near ULSTER CLOSE,E01029351,Cannock Chase 008C,Investigation complete; no suspect identified
ed1e41e733ec8cbd99109660fb317f121ada60316f113e36bd76d33428fb783a,2019-12,Staffordshire Police,Staffordshire Police,-2.183676,52.534757,On or near Supermarket,E01029676,South Staffordshire 012C,Investigation complete; no suspect identified
1ff9875cfd3bc1db7ec8e7e7fe756732bc9f28921f7a22f8189c1fbb61decd8a,2019-12,Staffordshire Police,Staffordshire Police,-1.851251,52.626080,On or near FOOTHERLEY LANE,E01029522,Lichfield 011D,Investigation complete; no suspect identified
c1adbd9a1856162f3ba862c96d005135f58a0843767abd5c61b63e8fe07ce987,2019-12,Staffordshire Police,Staffordshire Police,-2.128475,52.889937,On or near CAERNARVON AVENUE,E01029741,Stafford 004C,Investigation complete; no suspect identified
865a121d1abe2f4ecdf5e6059c7df35a2d23f07acc9320c8f7ad2d8f09bfb32f,2019-12,Staffordshire Police,Staffordshire Police,-1.694212,52.636855,On or near Petrol Station,E01029851,Tamworth 002E,Investigation complete; no suspect identified
cf2fbcf44d4261978486b4e6481e92400af7701e34980937db06fd7297e4346b,2019-12,Staffordshire Police,Staffordshire Police,-1.717596,52.644850,On or near KEPLER,E01029848,Tamworth 001C,Investigation complete; no suspect identified
a4bf674459421c7ed0e3b43c7328dc1867909fd352240baa345b425e939d036e,2019-12,Staffordshire Police,Staffordshire Police,-1.698158,52.647553,On or near LABURNUM AVENUE,E01029852,Tamworth 001D,Investigation complete; no suspect identified
37e9a0eb3c39dd815826018d81a8600824ec6ca653d831ef143b7e9760e8b01f,2019-12,Staffordshire Police,Staffordshire Police,-2.092430,52.734867,On or near WOOD BANK LANE,E01029656,South Staffordshire 001B,Investigation complete; no suspect identified
0f06bee1ca4922ae17d0342d46035b07440c7c61d789ff80eec0f18245370905,2019-12,Staffordshire Police,Staffordshire Police,,,No location,,,Investigation complete; no suspect identified
25c0e8e6a0cbf1adc39b30585e82ad1de5fb213bb97515a3d61e1679e054a724,2019-12,Staffordshire Police,Staffordshire Police,-1.963848,52.666702,On or near RED LION LANE,E01029395,Cannock Chase 013B,Investigation complete; no suspect identified
ce2c7def31755a61168325586a5d7cdc59ede444b51c528ceac751fbbc4194c3,2019-12,Staffordshire Police,Staffordshire Police,-1.963848,52.666702,On or near RED LION LANE,E01029395,Cannock Chase 013B,Investigation complete; no suspect identified
8d68ad7fbbc47d5297d45e23bb486083a559024dbed6609c5f7fe1c3d48f3781,2019-12,Staffordshire Police,Staffordshire Police,-1.963848,52.666702,On or near RED LION LANE,E01029395,Cannock Chase 013B,Investigation complete; no suspect identified
a5db745ea949dcf1f7718c1f4e5bd86a6f8a77ae1209a4ee2556c853b96da62f,2019-12,Staffordshire Police,Staffordshire Police,-1.963848,52.666702,On or near RED LION LANE,E01029395,Cannock Chase 013B,Investigation complete; no suspect identified
c788f32837da845860f9acee085916252250dd4148c081c285327e40173bb1de,2019-12,Staffordshire Police,Staffordshire Police,-1.963848,52.666702,On or near RED LION LANE,E01029395,Cannock Chase 013B,Investigation complete; no suspect identified
ac1a647f652cfae75ac9f49be06f30187b78b0a177df2f352e9504055b485640,2019-12,Staffordshire Police,Staffordshire Police,-1.922820,52.688941,On or near BIRCH TERRACE,E01029486,Lichfield 003A,Investigation complete; no suspect identified
aa742482a0ea16afde6680613f1f4cdf103a056b66c4ee3fa5d8cb019acce63e,2019-12,Staffordshire Police,Staffordshire Police,-1.920952,52.674377,On or near RUSSETT CLOSE,E01029528,Lichfield 010C,Investigation complete; no suspect identified
3b08bafba8fa28e5375b3c6ad2c76e5ad6358d47e3421abf5f98a7e1eab83703,2019-12,Staffordshire Police,Staffordshire Police,-1.700517,52.628924,On or near HIGH BROOME COURT,E01029835,Tamworth 002A,Investigation complete; no suspect identified
fe33d7d1897378bbb70bcf4a82d6390fab422d7a46e60dc36cc41be12f947879,2019-12,Staffordshire Police,Staffordshire Police,-2.031517,52.694293,On or near GRAINGER COURT,E01029367,Cannock Chase 011E,Investigation complete; no suspect identified
b4f49c3ff2f1f94bc5f5c6a505246c84d06008050cd73c368f1dfa8f898ca330,2019-12,Staffordshire Police,Staffordshire Police,-2.182034,52.625718,On or near HEATH GROVE,E01029615,South Staffordshire 008C,Investigation complete; no suspect identified
9e0bdd823e87b49182bdec71e3bfa1dfea90b239e76ca960e8c06d74f541bbe8,2019-12,Staffordshire Police,Staffordshire Police,-1.703601,52.635979,On or near MOOR STREET,E01029851,Tamworth 002E,Investigation complete; no suspect identified
28ac3dffbd94aec419434c25952b887de183cb5cc59290c461a5f0e79aa94826,2019-12,Staffordshire Police,Staffordshire Police,-1.948107,52.761159,On or near MARCH BANKS,E01029403,Cannock Chase 002D,Investigation complete; no suspect identified
6575f21eb23f990b75011514860fc6cfafbe5e1b603229ea4f0bef17a6fdd48c,2019-12,Staffordshire Police,Staffordshire Police,-1.606689,52.806438,On or near HIGH BANK ROAD,E01029470,East Staffordshire 010C,Investigation complete; no suspect identified
73edd30d09bfcc60b8868250190250d0eaf21b5f18de952b94513fe7d0beb01b,2019-12,Staffordshire Police,Staffordshire Police,-1.995045,52.698522,On or near HILL STREET,E01029392,Cannock Chase 009E,Investigation complete; no suspect identified
631f5be702ec300dcbbdf2131539511dbea079b5a7943587296eeec0151892ed,2019-12,Staffordshire Police,Staffordshire Police,-2.254518,52.789771,On or near ASHMORE DRIVE,E01029709,Stafford 015E,Investigation complete; no suspect identified
ab25a15e0f53ec1407da1283f6b099adf2b3f4b62c7f6b5628fc6b55fd7a2dfd,2019-12,Staffordshire Police,Staffordshire Police,-1.996025,52.830983,On or near WALNUT CREST,E01029712,Stafford 008D,Investigation complete; no suspect identified
dd71799334558bf42477c967b38a1d6f7da37fcabef7b96dcfd3a9483be10974,2019-12,Staffordshire Police,Staffordshire Police,-2.085775,52.867529,On or near Parking Area,E01029733,Stafford 004A,Investigation complete; no suspect identified
8dc0f41206783e1943ce7c63b59b19572273f6dac15346deba6a5155ee093186,2019-12,Staffordshire Police,Staffordshire Police,-1.647982,52.628636,On or near PEBBLE CLOSE,E01029820,Tamworth 003A,Investigation complete; no suspect identified
4a2bf56f520b729586e9eeef51fc6e89a4a1d50a055b0478dce20114ddb8f2ca,2019-12,Staffordshire Police,Staffordshire Police,-1.771505,52.660429,On or near NOTTINGHAM ROAD,E01029530,Lichfield 008C,Investigation complete; no suspect identified
69a21ed9ac8eb156b137d548d86bb3145394f30e786300c8fc74b75acf4780b4,2019-12,Staffordshire Police,Staffordshire Police,-1.771505,52.660429,On or near NOTTINGHAM ROAD,E01029530,Lichfield 008C,Investigation complete; no suspect identified
1af9184dd19b3a2f9574b9de3226054521fe992ae95a9b432762487ef4b236d3,2019-12,Staffordshire Police,Staffordshire Police,-1.693384,52.632645,On or near Shopping Area,E01029835,Tamworth 002A,Investigation complete; no suspect identified
721a3736ab76447bf55b2a4156e75a4792e89f194034b095a2f17817d73c7c86,2019-12,Staffordshire Police,Staffordshire Police,-1.770286,53.005225,On or near ASHLEA DRIVE,E01029467,East Staffordshire 001E,Investigation complete; no suspect identified
b342098edbfff8b224cdf186fb4a6167e0ed6fa2fa7494d571ecc51bd7baaebb,2019-12,Staffordshire Police,Staffordshire Police,-1.655483,52.638546,On or near LANGDALE COURT,E01029821,Tamworth 003B,Investigation complete; no suspect identified
b32c6301928dfb4aae60ed166d9770b2614c07446124eb12cf898913aafde31e,2019-12,Staffordshire Police,Staffordshire Police,,,No location,,,Investigation complete; no suspect identified
ae808bc758114894c325ba4c91dde4de6ff78b92ccc88a3aeda4de3a5b70819f,2019-12,Staffordshire Police,Staffordshire Police,,,No location,,,Investigation complete; no suspect identified
65144fc6645309d2b281a906dc0fc1536bd0e4d7e1153db04a24baa5e41990f6,2019-12,Staffordshire Police,Staffordshire Police,,,No location,,,Investigation complete; no suspect identified
cf8180d4aa7eee9ea990b7bb2187e3735778f4d85ee25abae0bb8aa0c36c7535,2019-12,Staffordshire Police,Staffordshire Police,-2.223129,52.540829,On or near Sports/Recreation Area,E01029667,South Staffordshire 013B,Investigation complete; no suspect identified
785fbc8644d5996854183a4960e71ad1f411fcf69bdff28e329b1461554ac47e,2019-12,Staffordshire Police,Staffordshire Police,-1.881927,52.656500,On or near WALSALL ROAD,E01029505,Lichfield 009E,Investigation complete; no suspect identified
39e2f54950e931f168d44f47c13721c1a71d15a8e576cd5b0cbd1cff720f3123,2019-12,Staffordshire Police,Staffordshire Police,-2.023796,52.697827,On or near FOXES RAKE,E01029367,Cannock Chase 011E,Investigation complete; no suspect identified
303fd1d5f8e4d80cf16f492bf1c6d187f2d1d41201b928d7dce960971993b38e,2019-12,Staffordshire Police,Staffordshire Police,,,No location,,,Investigation complete; no suspect identified
4ae6777a30a4545ea7e35ed14e9d885b7c2cf3205dd713ba068bc51af89320c7,2019-12,Staffordshire Police,Staffordshire Police,-1.826417,52.682268,On or near CASTLE DYKE,E01029526,Lichfield 004E,Investigation complete; no suspect identified
50333d960fb33b3aecd6c6e811b37df51a1d42ed7f6bac974f6866f7cf25aa6e,2019-12,Staffordshire Police,Staffordshire Police,-2.049750,52.685072,On or near STIRLING PLACE,E01029363,Cannock Chase 012E,Investigation complete; no suspect identified
eaf2e44d71b7189a6a4fd0c66037890a89e977b31a33f8986bd50c4192a4fb53,2019-12,Staffordshire Police,Staffordshire Police,-2.145022,52.909011,On or near OULTON ROAD,E01029746,Stafford 003D,Investigation complete; no suspect identified
de1a528a47be70d97bffb6b49ab9f3304861db40eb12318cd1019e87f7cb7dd3,2019-12,Staffordshire Police,Staffordshire Police,-1.615566,52.832662,On or near ALDERSON DRIVE,E01029455,East Staffordshire 005B,Investigation complete; no suspect identified
61f0793096056d5023c7b38c6f305de1758c609c9ec0d73175c80b02b87d5cc4,2019-12,Staffordshire Police,Staffordshire Police,,,No location,,,Investigation complete; no suspect identified
a10be53aa4a1d92464adb1c284083b880bcafba9a0e4ad17e580e18da63e20d9,2019-12,Staffordshire Police,Staffordshire Police,-1.929809,52.740708,On or near PINETREES,E01029348,Cannock Chase 003D,Investigation complete; no suspect identified
c7d4c543522c09c46dcb6db9169b915840d439aaa498081a38e43c759f9c2458,2019-12,Staffordshire Police,Staffordshire Police,-1.630343,52.803718,On or near Parking Area,E01032896,East Staffordshire 011F,Investigation complete; no suspect identified
7043763c6eda8f2f685a73cc42561162a13c149adffb00eed5732ab60fffb190,2019-12,Staffordshire Police,Staffordshire Police,-1.863057,52.900014,On or near SILVER STREET,E01029461,East Staffordshire 003C,Investigation complete; no suspect identified
98418eb3586267190099a0096797fa6d27d264e5d80d9d76267a14ba38d4b00f,2019-12,Staffordshire Police,Staffordshire Police,,,No location,,,Investigation complete; no suspect identified
d65458d4d11ec88134e0631372cc83d8cb51eee230742c9352f167c1c189288b,2019-12,Staffordshire Police,Staffordshire Police,-1.921045,52.688769,On or near OGLEY HAY ROAD,E01029486,Lichfield 003A,Investigation complete; no suspect identified
fde505fcc3d590099bc39f06bb33958d8357f17199709409e43b8c93ca857bf2,2019-12,Staffordshire Police,Staffordshire Police,-2.031517,52.694293,On or near GRAINGER COURT,E01029367,Cannock Chase 011E,Investigation complete; no suspect identified
42cda8174b401382825d4d1fcd98b4c6878abaa4b08edbc4c43e4c9d61a70bd1,2019-12,Staffordshire Police,Staffordshire Police,-2.029812,52.688171,On or near Supermarket,E01029360,Cannock Chase 012B,Investigation complete; no suspect identified
f8a59cea6d0b64f17453c910069e7a198b2daeca4a096b762c59a4bc71209073,2019-12,Staffordshire Police,Staffordshire Police,-1.829032,52.683207,On or near Supermarket,E01029526,Lichfield 004E,Investigation complete; no suspect identified
04e1721330b3d0017d55cc1046b775678f7610fb3a5d931b3fe61fb0e86edeec,2019-12,Staffordshire Police,Staffordshire Police,-2.026673,52.661050,On or near TENNSCORE AVENUE,E01029625,South Staffordshire 004E,Investigation complete; no suspect identified
f8a1b9dc36ef10dfa4a6bcbca9df33133c61d398fb2026fcd695b37b2ef81002,2019-12,Staffordshire Police,Staffordshire Police,-1.886450,52.919393,On or near POPPIT'S LANE,E01029405,East Staffordshire 001A,Investigation complete; no suspect identified
0a3ec35677198348ab1a84bdfba08b76b6280edb8e35ab73b202ce7b5b00d6a4,2019-12,Staffordshire Police,Staffordshire Police,-1.658937,52.625764,On or near BRIAR,E01029841,Tamworth 003E,Investigation complete; no suspect identified
bd4c34f3d86154904fc55a403060fa949b55fd44afd6dcdc60352209f8ae28f0,2019-12,Staffordshire Police,Staffordshire Police,-2.111661,52.778297,On or near TEN BUTTS CRESCENT,E01029729,Stafford 016B,Investigation complete; no suspect identified
4bbdca938da3734f129010591f1855498237d5664064b2cc376ac6f24e309464,2019-12,Staffordshire Police,Staffordshire Police,-2.109810,52.773462,On or near MOSSPIT,E01029735,Stafford 016D,Investigation complete; no suspect identified
cc8a6cde2b83aea9f72ce57d8074792e53e8ad4fb647de0dce33a25e5ec3d697,2019-12,Staffordshire Police,Staffordshire Police,-1.863776,52.898118,On or near MARKET PLACE,E01029460,East Staffordshire 003B,Investigation complete; no suspect identified
a4322b2c1b5715bd6fd84b0164c89eb7226a5ad28154a15e751b8e1fe13bb67b,2019-12,Staffordshire Police,Staffordshire Police,-1.643860,52.821424,On or near ROWTON STREET,E01029434,East Staffordshire 007A,Investigation complete; no suspect identified
68b5066d089c2c08915f725e9bcd4e466999e85de0b42635122a0c03f1ee0a66,2019-12,Staffordshire Police,Staffordshire Police,-1.639097,52.799844,On or near JAMES STREET,E01032898,East Staffordshire 011H,Investigation complete; no suspect identified
0e09e6f9189b819e83d6fbd88e79f6b3b086b1c80a342441b512db84a9a66192,2019-12,Staffordshire Police,Staffordshire Police,-2.131257,52.644691,On or near SHAW HALL LANE,E01029616,South Staffordshire 006A,Investigation complete; no suspect identified
9435539c53c48bd83dfe6335a1f11ff9494bb81d08fee7e15777b45bf0093f51,2019-12,Staffordshire Police,Staffordshire Police,-1.715446,52.857700,On or near SPINNEY CLOSE,E01029463,East Staffordshire 004C,Investigation complete; no suspect identified
8e5a13e585070faaca210fab039ac43863e838f2c0a85f5a5687ecd5181795b9,2019-12,Staffordshire Police,Staffordshire Police,-2.031661,52.688153,On or near Police Station,E01029360,Cannock Chase 012B,Investigation complete; no suspect identified
6465f976e559aaf445ec6f5d4a65a378b321acdcc011b3955ca4334011e2ff48,2019-12,Staffordshire Police,Staffordshire Police,,,No location,,,Investigation complete; no suspect identified
d88473f5ccad682312711975b29b0ce2454ff22e3567bb7de87cef958426ba3f,2019-12,Staffordshire Police,Staffordshire Police,-1.842390,52.691172,On or near FERNDALE ROAD,E01029511,Lichfield 007B,Investigation complete; no suspect identified
b0416f8e0900a48f7942d70c5c638a3f3c89c80a1caa5e0098409ccb8a7594b7,2019-12,Staffordshire Police,Staffordshire Police,-1.826190,52.679975,On or near Parking Area,E01029526,Lichfield 004E,Investigation complete; no suspect identified
72ecb9a0374ec41e058c944bed2ce9c00f1d0bc8156157c23b56e081d0465b80,2019-12,Staffordshire Police,Staffordshire Police,,,No location,,,Investigation complete; no suspect identified
9f800ee0f043f7a4bd18fa73978e7e7d253a696265c5b2eb1cc4a52ab66083ef,2019-12,Staffordshire Police,Staffordshire Police,-2.181737,52.461411,On or near Sports/Recreation Area,E01029652,South Staffordshire 014D,Investigation complete; no suspect identified
2e0170163cdb408593f728604aa5f92223b8901338dcbdbff1688d7f66b7af45,2019-12,Staffordshire Police,Staffordshire Police,-2.066566,52.963260,On or near BANCROFT LANE,E01029800,Staffordshire Moorlands 012E,Investigation complete; no suspect identified
572eea8e587eae0911ff0ff316d6460612d5fd6cda5e09ec4f55b040505c1375,2019-12,Staffordshire Police,Staffordshire Police,-1.933790,52.762402,On or near MARKET STREET,E01029404,Cannock Chase 002E,Investigation complete; no suspect identified
405c05626a971bf838cd5ddd0c69af2872fce55cb08ca1d37aa150395695b77a,2019-12,Staffordshire Police,Staffordshire Police,-2.022545,52.654893,On or near DOVE HOLLOW,E01029639,South Staffordshire 005B,Investigation complete; no suspect identified
4352dd600579e2342becc5a76d87b370d9f8b1de8e6b493daa1b3ed8d1400d11,2019-12,Staffordshire Police,Staffordshire Police,-1.924156,52.677624,On or near CEDAR CLOSE,E01029527,Lichfield 010B,Investigation complete; no suspect identified
b645db93fc0c3e694ee344c742111b3f73270219e4782d14d77aec127828704a,2019-12,Staffordshire Police,Staffordshire Police,,,No location,,,Investigation complete; no suspect identified
fae4b1368e91372a1583942d67326681666571c46db6c784e6b0775dd498ccbc,2019-12,Staffordshire Police,Staffordshire Police,-1.705947,52.645371,On or near PRIORY CLOSE,E01029849,Tamworth 002C,Investigation complete; no suspect identified
25e7f72bb1c0245a031858cfad8ba495d08097be88e8216812db452b6b8690be,2019-12,Staffordshire Police,Staffordshire Police,-1.634678,52.801502,On or near NEW STREET,E01032896,East Staffordshire 011F,Investigation complete; no suspect identified
973bdf7e5a42d7ed2e1e8e25684d0617708d659b34452c13a3fcf0182cf16d2b,2019-12,Staffordshire Police,Staffordshire Police,-1.945409,52.749606,On or near HEDNESFORD ROAD,E01029374,Cannock Chase 003E,Investigation complete; no suspect identified
36d1ece224ff9a105ef5b6b6e63b2d469019812011f1355621802703ba3861db,2019-12,Staffordshire Police,Staffordshire Police,-1.687413,52.620413,On or near Pedestrian Subway,E01029827,Tamworth 006C,Investigation complete; no suspect identified
9873a3066a949d1a421f47730e2d834c26cee825333641236fee555fe56f8f8e,2019-12,Staffordshire Police,Staffordshire Police,-1.675058,52.627346,On or near STRETTON STREET,E01029830,Tamworth 006E,Investigation complete; no suspect identified
32491414cf05c386d7df43fa0cc08710dc022e2fce62141bd5ed59465c7baa9c,2019-12,Staffordshire Police,Staffordshire Police,,,No location,,,Investigation complete; no suspect identified
cebaeadb2d90ff8bdf862e3c28997f60137e3f8216d649f375f8649c4f0f4438,2019-12,Staffordshire Police,Staffordshire Police,-2.023836,52.691148,On or near BEAU COURT,E01029367,Cannock Chase 011E,Investigation complete; no suspect identified
69c86bc76459c481df8b44d5b812ab69b1567622fe7b476fe4ecd69a9efa8e49,2019-12,Staffordshire Police,Staffordshire Police,-1.663181,52.619438,On or near GRESLEY,E01029840,Tamworth 007A,Investigation complete; no suspect identified
c7f606be70a00e3df2191245ddad75be978cfbffaa2e08e797d9a9354dfb8817,2019-12,Staffordshire Police,Staffordshire Police,-1.653848,52.632267,On or near WOODLAND ROAD,E01029824,Tamworth 003D,Investigation complete; no suspect identified
561826457e8c3fad1126ab593f3bce9f131cb05001fb4ab6023edbc86ad6bf6a,2019-12,Staffordshire Police,Staffordshire Police,-1.687349,52.857360,On or near Parking Area,E01029464,East Staffordshire 004D,Investigation complete; no suspect identified
2f12ea68e0f067cf0ac4783e8115327066e3b91c8db133fc433739f48a53ae92,2019-12,Staffordshire Police,Staffordshire Police,-1.648681,52.814328,On or near OUTWOODS STREET,E01029446,East Staffordshire 009B,Investigation complete; no suspect identified
b19b29e2a5f00cbbf838eca36bfde5496f1f8f3ad185952b5c3ef03e65d56e47,2019-12,Staffordshire Police,Staffordshire Police,-1.706891,52.647755,On or near CARLTON CRESCENT,E01029846,Tamworth 001A,Investigation complete; no suspect identified
6c81c3e1506248b73751aa7ebaeaabcfb814eef3c73a901cecc2f00e1a4c0ab4,2019-12,Staffordshire Police,Staffordshire Police,-2.113438,52.806198,On or near Police Station,E01029701,Stafford 010E,Investigation complete; no suspect identified
290bf52506b4f31fd9c37d5874f4bbc710d28289188da4f401b36091023d6b28,2019-12,Staffordshire Police,Staffordshire Police,-1.829032,52.683207,On or near Supermarket,E01029526,Lichfield 004E,Investigation complete; no suspect identified
b3b2762da1a3d43e4865b19252a0c5e5ac0a69459d5c03f398518c4736aac460,2019-12,Staffordshire Police,Staffordshire Police,-1.781085,52.713792,On or near HALIFAX AVENUE,E01029479,Lichfield 002C,Investigation complete; no suspect identified
fea688a00bf3f439b066e8be77867ac7041799a525b99c8131f866989410fd78,2019-12,Staffordshire Police,Staffordshire Police,-2.102568,52.958065,On or near PEMBERTON DRIVE,E01029704,Stafford 001C,Investigation complete; no suspect identified
9d96c2e7547f176a493d42570cbc651ed666fc96d77b9ce550560aaf6605a3d9,2019-12,Staffordshire Police,Staffordshire Police,-1.701470,52.625555,On or near Supermarket,E01029837,Tamworth 005B,Investigation complete; no suspect identified
7a38cc6c1013a588f9109054e1f60b21dd69c4e73587d9950077d1865328257b,2019-12,Staffordshire Police,Staffordshire Police,-1.637258,52.831966,On or near BITHAM LANE,E01029454,East Staffordshire 005A,Investigation complete; no suspect identified
ae1b9f14936c11827848b4a4f3c768565b3b60c15f6823ed235c304f702123f2,2019-12,Staffordshire Police,Staffordshire Police,-2.082018,52.970001,On or near ADAMTHWAITE CLOSE,E01029702,Stafford 001A,Investigation complete; no suspect identified
271760f59788eb7168d0a997b2de796f784f623007c69813ddc0783c5b30655c,2019-12,Staffordshire Police,Staffordshire Police,-1.801030,52.650575,On or near Prison,E01029488,Lichfield 012A,Investigation complete; no suspect identified
a973330a02867e489ba52798d60457aa8aa28e30733867fe11e79476c42973fe,2019-12,Staffordshire Police,Staffordshire Police,-1.666169,52.793594,On or near SPINNEY ROAD,E01029413,East Staffordshire 013A,Investigation complete; no suspect identified
6ddc24095d5426e17a1837e0c9247b2df70322f85d74d7eb51b67c57582cadad,2019-12,Staffordshire Police,Staffordshire Police,-1.649507,52.626393,On or near AMBER CLOSE,E01029820,Tamworth 003A,Investigation complete; no suspect identified
e58d51d207e3b24084f9c68ceeceec719eed0789bec47b359269d78e6a2d5c4f,2019-12,Staffordshire Police,Staffordshire Police,-2.010939,52.706675,On or near BRADFORD STREET,E01029349,Cannock Chase 008A,Investigation complete; no suspect identified
ad9e10e70aeaef437670e2663f8e95eefc336dd1544913e2988ce17752fb96da,2019-12,Staffordshire Police,Staffordshire Police,-2.148915,52.908224,On or near ARTHUR STREET,E01029746,Stafford 003D,Investigation complete; no suspect identified
6ba2139aac62520ef2e198bc43585c44c4d5f58a0a048faaa1859942cd07543b,2019-12,Staffordshire Police,Staffordshire Police,-1.597316,52.806290,On or near CANTERBURY ROAD,E01029468,East Staffordshire 010A,Investigation complete; no suspect identified
7c12d9b1ecd61aaef681e1d7c802d48333c8a831f9c02276b15053d35202aa1f,2019-12,Staffordshire Police,Staffordshire Police,-2.040134,52.668454,On or near HAWKINS DRIVE,E01029621,South Staffordshire 002A,Investigation complete; no suspect identified
bbfd40f5e17e9da1fda12e3ac22e3b22f121e0ac8050a39560a09214667c6d25,2019-12,Staffordshire Police,Staffordshire Police,-2.040134,52.668454,On or near HAWKINS DRIVE,E01029621,South Staffordshire 002A,Investigation complete; no suspect identified
cb2ff163584fb40850e5ef349957dfd8c6b21a703b74761b51f811440508cfe2,2019-12,Staffordshire Police,Staffordshire Police,-2.000801,52.700787,On or near LOWER ROAD,E01029393,Cannock Chase 008E,Investigation complete; no suspect identified
8126351f323bc06bb995762c16e21c7f42bc4ae8eb5cc5d0f23d9410ee330e77,2019-12,Staffordshire Police,Staffordshire Police,-2.079900,52.791060,On or near LYNTON AVENUE,E01029684,Stafford 014A,Investigation complete; no suspect identified
0c1dd4eb83e999bcf844305fe88576051ba5e837d894d76a43b7a98862f79b85,2019-12,Staffordshire Police,Staffordshire Police,,,No location,,,Investigation complete; no suspect identified
b4657afebf053e95f16921afe3abf3812a00188348b665d3eb56eaa86324fe32,2019-12,Staffordshire Police,Staffordshire Police,-1.684841,52.628991,On or near BLENHEIM CLOSE,E01029833,Tamworth 005A,Investigation complete; no suspect identified
4c5a1d0ac7826a9e0d03f6937ce4d1abdaf759af1791432d77a100af81ae856e,2019-12,Staffordshire Police,Staffordshire Police,-1.789305,52.860353,On or near DEEP CUT ROAD,E01029425,East Staffordshire 006D,Investigation complete; no suspect identified
223084355cdf5b5fd2324272488bc404ca49a69b1d5ce87055690a955e7a18d3,2019-12,Staffordshire Police,Staffordshire Police,-1.920040,52.679941,On or near Petrol Station,E01029489,Lichfield 009C,Investigation complete; no suspect identified
f1e3fa9fef485f12d6fdfd1dbaf5be2263923367d6d9b9a42f8063d4327e6c89,2019-12,Staffordshire Police,Staffordshire Police,,,No location,,,Investigation complete; no suspect identified
54fc0a3e038f5ca42bf309a189e5f7b35202d0c11909c72305d98fa2a1ebdaa5,2019-12,Staffordshire Police,Staffordshire Police,,,No location,,,Investigation complete; no suspect identified
49ee1ae2bcb1fa8fa6c123ed40cf52263646181763ddb10873e50e7a322aacba,2019-12,Staffordshire Police,Staffordshire Police,-1.618335,52.806404,On or near NEWTON MEWS,E01029471,East Staffordshire 010D,Investigation complete; no suspect identified
15b21209f2dc53831bf7faa05371534457fe435209b228a63f4ff521388523df,2019-12,Staffordshire Police,Staffordshire Police,-1.643860,52.821424,On or near ROWTON STREET,E01029434,East Staffordshire 007A,Investigation complete; no suspect identified
c485b08ac6aece0a33dfeb6a2c22996d916eb84ade17eec1d9d45c8edb98af43,2019-12,Staffordshire Police,Staffordshire Police,-2.115960,52.806277,On or near ST CHAD'S PLACE,E01029701,Stafford 010E,Investigation complete; no suspect identified
bef8200f17c3bd75125530d9432f87495107f85e07e5b095bf0ed32d8129e4ab,2019-12,Staffordshire Police,Staffordshire Police,,,No location,,,Investigation complete; no suspect identified
f5cec62f9132fefb544c78879630aa9c33125439b06a3bf6ca3a4b9dd66410f3,2019-12,Staffordshire Police,Staffordshire Police,-1.972459,52.657742,On or near Petrol Station,E01029395,Cannock Chase 013B,Investigation complete; no suspect identified
a8c44436b29d7f97ad1c042e7f05e956a058d50ce7e658af229b1d6c646ea6ce,2019-12,Staffordshire Police,Staffordshire Police,-2.018496,52.658193,On or near SOUTHFIELD WAY,E01029644,South Staffordshire 005E,Investigation complete; no suspect identified
0f7efcc5b30d5cf2562760b6d9a2d164a5cd94abe8bc583ae7f64810839c192b,2019-12,Staffordshire Police,Staffordshire Police,-1.826283,52.682448,On or near Theatre/Concert Hall,E01029526,Lichfield 004E,Investigation complete; no suspect identified
29df50bda7a0da34851c157b9e26a9a8762cc82491a3ca2d06d8e79ed4a02ca1,2019-12,Staffordshire Police,Staffordshire Police,-1.703533,52.626315,On or near Petrol Station,E01029837,Tamworth 005B,Investigation complete; no suspect identified
f91812618fa37d05403e1f46295a43ef956efbeae5d925d10b585272f55abe8c,2019-12,Staffordshire Police,Staffordshire Police,-1.934845,52.760712,On or near Supermarket,E01029404,Cannock Chase 002E,Investigation complete; no suspect identified
48d4be877334ad2b315e98ca133adb505500791b8bf56429c65a00f86c29fcbe,2019-12,Staffordshire Police,Staffordshire Police,-2.121678,52.808671,On or near Supermarket,E01029701,Stafford 010E,Investigation complete; no suspect identified
9b15a3ed23bddb7c6d1826ea6271d11542e31a5401cd73ac5a09ca457f1a41c5,2019-12,Staffordshire Police,Staffordshire Police,-2.086949,52.645289,On or near THE LEAS,E01029635,South Staffordshire 007D,Investigation complete; no suspect identified
a54a30f3687ad0b6c74949e1fd956f564bd4e1084ca09978435aac7fbbe9d3f2,2019-12,Staffordshire Police,Staffordshire Police,-1.630606,52.825195,On or near WESTON PARK AVENUE,E01029428,East Staffordshire 008C,Investigation complete; no suspect identified
cbecb47ee992256b3985d481367961fddc68ff8a6b3e60dd97f5cc178405f91e,2019-12,Staffordshire Police,Staffordshire Police,-1.631519,52.819058,On or near SHELLEY AVENUE,E01029429,East Staffordshire 008D,Investigation complete; no suspect identified
8b26750fe243ee3a9adc73b8c05d6ce4db163bfd6eaf1d18d72ffc6e747ed383,2019-12,Staffordshire Police,Staffordshire Police,-1.706559,52.626700,On or near VENTURA PARK ROAD,E01029837,Tamworth 005B,Investigation complete; no suspect identified
f12a2f7edea971278b62ef280adf6e4cad20a4d532be4ffa2c90481d00037a28,2019-12,Staffordshire Police,Staffordshire Police,,,No location,,,Investigation complete; no suspect identified
aed98624e8dd1cbc2646af4b789b58f5d30a7821c7700260a360c50e66e4a598,2019-12,Staffordshire Police,Staffordshire Police,,,No location,,,Investigation complete; no suspect identified
b3621f258e27805b9bed1a883c23d8b5ee8932dda96bd5bd11e7c668a124d34b,2019-12,Staffordshire Police,Staffordshire Police,-1.928752,52.753023,On or near SPRINGFIELD AVENUE,E01029345,Cannock Chase 003A,Investigation complete; no suspect identified
e8f87d83ea09aaa61c04f8f6ff1f39277a98179dcc72cdbd97caac0e7709fe22,2019-12,Staffordshire Police,Staffordshire Police,-1.660233,52.637787,On or near BRANCASTER CLOSE,E01029822,Tamworth 003C,Investigation complete; no suspect identified
6b2e6d7ecb9fdc6ad4247f5d1663735c9f79a45d991ac977b865d9b009b0d995,2019-12,Staffordshire Police,Staffordshire Police,,,No location,,,Investigation complete; no suspect identified
90b0b76dbba0d1f65062afa832605d5d2afd5552c9f27b8359f969c3aba37f1a,2019-12,Staffordshire Police,Staffordshire Police,-2.194615,52.524689,On or near WOMBOURNE PARK,E01029677,South Staffordshire 013F,Investigation complete; no suspect identified
e8f27ddee611aa0e22903be51a091785f4f6d0e570564890e86061574d9dd956,2019-12,Staffordshire Police,Staffordshire Police,-1.601306,52.809566,On or near MEAR GREAVES LANE,E01029469,East Staffordshire 010B,Investigation complete; no suspect identified
66b47f3114e8434120c0f9c3affaafdf07efbc79d99bfb05d9ee7b855725f196,2019-12,Staffordshire Police,Staffordshire Police,-1.673606,52.633824,On or near JUNE CRESCENT,E01029834,Tamworth 004D,Investigation complete; no suspect identified
459e52ebe9a95cfc8f3478e3d0d6f9d4b4ec9a5f4ca71eab550dba08da123d32,2019-12,Staffordshire Police,Staffordshire Police,-1.776513,52.869724,On or near Park/Open Space,E01029425,East Staffordshire 006D,Investigation complete; no suspect identified
5307686a85ef6e6e873412338168143099eeb4c6e43bb0eeb3ff87e82bbc2a42,2019-12,Staffordshire Police,Staffordshire Police,-1.757889,52.676215,On or near DYOTT AVENUE,E01029531,Lichfield 008D,Investigation complete; no suspect identified
c3adb7b15c7f4349825876f77691c44f2ad579c6235eae2ba57491738566de57,2019-12,Staffordshire Police,Staffordshire Police,-1.883760,52.729192,On or near SWAN CLOSE,E01029515,Lichfield 003D,Investigation complete; no suspect identified
b21e7103a2a92b0cfaa1cc609323fc5b3f13263539938bd09792db9314c5593c,2019-12,Staffordshire Police,Staffordshire Police,-2.213271,52.633289,On or near MOATBROOK LANE,E01029626,South Staffordshire 009A,Investigation complete; no suspect identified
f601feb645e2075c4596f0e4a8ad75581c671eb19ecd2c8977def27df8e6a2da,2019-12,Staffordshire Police,Staffordshire Police,-1.656666,52.612075,On or near HARTLEYBURN,E01029856,Tamworth 008B,Investigation complete; no suspect identified
92d83894b9cf73185bcee35e9e6f958f2222367a736705b1dac88e5e9388df82,2019-12,Staffordshire Police,Staffordshire Police,-1.592921,52.805115,On or near SALISBURY AVENUE,E01029472,East Staffordshire 010E,Investigation complete; no suspect identified
838af8613f535db7c14ea2f8394e901b948150faa94a6461961ede8e3e60b775,2019-12,Staffordshire Police,Staffordshire Police,,,No location,,,Investigation complete; no suspect identified
bcec5757db6cb4222fc6f2cd548522abe8b1472f294e0ed80c3276e0e11ba728,2019-12,Staffordshire Police,Staffordshire Police,-1.681778,52.619481,On or near HOLSWORTH CLOSE,E01029826,Tamworth 006B,Investigation complete; no suspect identified
34a10ed8b951732f87875729c66ba20bc75cb1492655c159e60583c4930fcfc0,2019-12,Staffordshire Police,Staffordshire Police,,,No location,,,Investigation complete; no suspect identified
4591d32548e1b604476fdafabb1386d44dac7465f141445044c8290a5449928a,2019-12,Staffordshire Police,Staffordshire Police,-1.652401,52.615335,On or near Pedestrian Subway,E01029856,Tamworth 008B,Investigation complete; no suspect identified
1204ceac661ffa17bf134acebab55abca83ccf9a290b6252612b782788fd6dc1,2019-12,Staffordshire Police,Staffordshire Police,-1.841633,52.687737,On or near Supermarket,E01032899,Lichfield 004F,Investigation complete; no suspect identified
8f405400181c1c0878882de613ff8c6337ddb26a2ed5e44a204b1430dfd602a9,2019-12,Staffordshire Police,Staffordshire Police,,,No location,,,Investigation complete; no suspect identified
242383a7eaeb2e4f4bdc3ea65a72a27d310cbda129bef0b036f154a05268af34,2019-12,Staffordshire Police,Staffordshire Police,,,No location,,,Investigation complete; no suspect identified
3170dd0325bc7a8492709055e6081fa4150d8243d71142e907b904bda2e60355,2019-12,Staffordshire Police,Staffordshire Police,,,No location,,,Investigation complete; no suspect identified
2ce5d9f5c8e1167a2b30236be2bbf15bb944ba7e13e9d3ff4a218f61bdfc15c1,2019-12,Staffordshire Police,Staffordshire Police,-1.681807,52.629630,On or near SUMMERFIELD CLOSE,E01029833,Tamworth 005A,Investigation complete; no suspect identified
06a89cdfd05fe6681bcae5a351f1550f65aabb53d0e91410a27f065ad48a4463,2019-12,Staffordshire Police,Staffordshire Police,-2.147629,52.901655,On or near CROWN STREET,E01029745,Stafford 003C,Investigation complete; no suspect identified
7af2bac69fb81a20b7eebbbb7c61b63b3c1afcb7cc2b94e165d6f8c625fbee98,2019-12,Staffordshire Police,Staffordshire Police,-2.134275,52.790220,On or near WHITBY CLOSE,E01029715,Stafford 013A,Investigation complete; no suspect identified
3852f6d15b822f1d9a5bdcc61190122141a1d63eeb885983ad65adbb26356463,2019-12,Staffordshire Police,Staffordshire Police,-1.796722,52.683794,On or near TITAN WAY,E01029484,Lichfield 005B,Investigation complete; no suspect identified
5acf2d935a57a960a8fdf4fac6e27a3e8152709b6aba1fb31bab4b60f72073d9,2019-12,Staffordshire Police,Staffordshire Police,-2.271826,52.871024,On or near SMITHY LANE,E01029697,Stafford 005C,Investigation complete; no suspect identified
39f7c10028f91c16d1be6d2c986b31600ac765a344214b2a2758098f39531e38,2019-12,Staffordshire Police,Staffordshire Police,-1.645545,52.807639,On or near KING EDWARD PLACE,E01029448,East Staffordshire 009D,Investigation complete; no suspect identified
9b7e3e02d1d9ae0ea6785291de95c755d879e6e5eb761408712b6a2986daa86f,2019-12,Staffordshire Police,Staffordshire Police,,,No location,,,Investigation complete; no suspect identified
4748eaab877659dee92212e02086b63d41db4da24e644a427f53bad4a86086ca,2019-12,Staffordshire Police,Staffordshire Police,-1.699098,52.644032,On or near CHESTERTON WAY,E01029853,Tamworth 001E,Investigation complete; no suspect identified
14a9899157f375e8b3b419feabe6eb47a68c2b51386ce8762763d72c5e138b98,2019-12,Staffordshire Police,Staffordshire Police,-2.081255,52.658993,On or near SAREDON ROAD,E01029636,South Staffordshire 006C,Investigation complete; no suspect identified
e55f408d7b7c372c0c30cb3c3e36b31d3823fcae17a76e7b68712ef634ce053b,2019-12,Staffordshire Police,Staffordshire Police,-1.703533,52.626315,On or near Petrol Station,E01029837,Tamworth 005B,Investigation complete; no suspect identified
2e123b788f9cb5c06eb92380d9ea575822d986f568c597b6424de165e148133a,2019-12,Staffordshire Police,Staffordshire Police,-1.627105,52.790377,On or near FORD STREET,E01029451,East Staffordshire 014C,Investigation complete; no suspect identified
cfadc9772775fcf720a71a664d964d8a31ed2dd8e4ae925413c56a82ec3d08f8,2019-12,Staffordshire Police,Staffordshire Police,,,No location,,,Investigation complete; no suspect identified
67836a30ebe29ee6d04b87046494f0874dcf859e775e48cc9a17ac75dcc3ec20,2019-12,Staffordshire Police,Staffordshire Police,,,No location,,,Investigation complete; no suspect identified
11b873370627f0b42c19702cc5b3d17be572a47b7cec01cd3127b23482f9e287,2019-12,Staffordshire Police,Staffordshire Police,-2.176468,52.520294,On or near CHERRY LANE,E01029645,South Staffordshire 013A,Investigation complete; no suspect identified
ea70f42cf198c3f7bb56f375b0f6ef5d8b0b83c1ed00d1e0e4f9de930c694371,2019-12,Staffordshire Police,Staffordshire Police,-2.122825,52.815394,On or near STONE ROAD,E01029691,Stafford 010B,Investigation complete; no suspect identified
2c6bad3b6ad17c9988e2391422ecd6be9c3f2078fdacca5c8eb59e1b6e7cd87b,2019-12,Staffordshire Police,Staffordshire Police,-2.016551,52.673907,On or near Supermarket,E01029395,Cannock Chase 013B,Investigation complete; no suspect identified
cfa47ef8ecec186bee5a84abf42247828b6d5fe0ce4ef24a01062b687f984d3e,2019-12,Staffordshire Police,Staffordshire Police,-1.660233,52.637787,On or near BRANCASTER CLOSE,E01029822,Tamworth 003C,Investigation complete; no suspect identified
c33f34ec37c616bb0447c558740326ac03f31765e95376aa6f4a9db988406de3,2019-12,Staffordshire Police,Staffordshire Police,-1.686738,52.630219,On or near GLASCOTE ROAD,E01029838,Tamworth 005C,Investigation complete; no suspect identified
212878b5a68dd1e21a6227ab30c4a595a98f5cea73df5da325d7eeb0cb2ae1ca,2019-12,Staffordshire Police,Staffordshire Police,-1.799930,52.830050,On or near Sports/Recreation Area,E01029473,East Staffordshire 006E,Investigation complete; no suspect identified
c738b01b0791677061b26cf818e9264ad152f154de336960623629eb54cd2d41,2019-12,Staffordshire Police,Staffordshire Police,-1.937982,52.669667,On or near ST ANNE'S CLOSE,E01029497,Lichfield 006E,Investigation complete; no suspect identified
ab0ac6d06918366aae0aec5fd5afdfb9560d0781de9368c4f3e0508a953db086,2019-12,Staffordshire Police,Staffordshire Police,-1.625468,52.696026,On or near TUDOR RISE,E01029516,Lichfield 008A,Investigation complete; no suspect identified
97c4ebe09d5b807375dda589bb9c22ebc8e0c29344b7244c948aa7a95a56746d,2019-12,Staffordshire Police,Staffordshire Police,-2.198240,52.596502,On or near EPSOM CLOSE,E01029666,South Staffordshire 011C,Investigation complete; no suspect identified
3ce560f8a6cb5e2e1d9531af9698f0baa00f41354de3eac44f6f4c281cf9bcaa,2019-12,Staffordshire Police,Staffordshire Police,-2.018496,52.658193,On or near SOUTHFIELD WAY,E01029644,South Staffordshire 005E,Investigation complete; no suspect identified
553bb416752c125d621b507f5d3a5fc956f9001c0534ded40344c8c11fa58bd1,2019-12,Staffordshire Police,Staffordshire Police,-1.666169,52.793594,On or near SPINNEY ROAD,E01029413,East Staffordshire 013A,Investigation complete; no suspect identified
2b0d3e62c3fefbfa73ff75b992297e895ec632e92637e4800a5030d419763584,2019-12,Staffordshire Police,Staffordshire Police,-2.089032,52.833107,On or near HOPTON LANE,E01029732,Stafford 011E,Investigation complete; no suspect identified
76a73449b78c886b709335936c9ff8a4064bba1e9b50a5fd97ea08eef2cabf1c,2019-12,Staffordshire Police,Staffordshire Police,-2.089032,52.833107,On or near HOPTON LANE,E01029732,Stafford 011E,Investigation complete; no suspect identified
985a36b1ee6ee11b9c424d8db4949051f0d9948c600a815d272c1bcb79860904,2019-12,Staffordshire Police,Staffordshire Police,-2.089032,52.833107,On or near HOPTON LANE,E01029732,Stafford 011E,Investigation complete; no suspect identified
3bca1f7a120cff9a81230637797413c09a2aca9ba225c42e5147520cb5cce9f0,2019-12,Staffordshire Police,Staffordshire Police,,,No location,,,Investigation complete; no suspect identified
b48833eeca650db2e24ad8c61aca27ceb913325498d88b5a48a017c3468f1eb5,2019-12,Staffordshire Police,Staffordshire Police,-2.149190,52.811112,On or near DOXEY ROAD,E01029750,Stafford 007D,Investigation complete; no suspect identified
86446d22fa67fd64831ad41f596ca5015d5e68d4d3cb7ea004d7832efc2f71bd,2019-12,Staffordshire Police,Staffordshire Police,-2.236797,52.447828,On or near ASTLES ROCK WALK,E01029650,South Staffordshire 014B,Investigation complete; no suspect identified
111e952063b71e4a6141ebba54c29ca08e9f13a78e7dbbe4cc356f127505d141,2019-12,Staffordshire Police,Staffordshire Police,-1.651947,52.808548,On or near WAVERLEY LANE,E01029446,East Staffordshire 009B,Investigation complete; no suspect identified
4ca583dbee0105d811c9dac9557e618a73d8e2c2819485eb7ce2598b0e1545ca,2019-12,Staffordshire Police,Staffordshire Police,-2.128659,52.640738,On or near MEADOW LANE,E01029616,South Staffordshire 006A,Investigation complete; no suspect identified
8b6e8071a1edc5ace7a9261ec75f2d1f4013b087a232cff487276b715c5289e7,2019-12,Staffordshire Police,Staffordshire Police,-1.749938,52.597412,On or near SHIRRAL DRIVE,E01029488,Lichfield 012A,Investigation complete; no suspect identified
6d1cf3e08f90eb2bc086e02730f6743e863f468800bd04b9a39f497d24e338b5,2019-12,Staffordshire Police,Staffordshire Police,-1.700401,52.611178,On or near MARINA VIEW,E01029504,Lichfield 012D,Investigation complete; no suspect identified
2febef88c4ad45646d7ce71669b58c7bac864cdf2250c9819ca45816ad924681,2019-12,Staffordshire Police,Staffordshire Police,-1.636319,52.827163,On or near ST FRANCIS CLOSE,E01029437,East Staffordshire 007D,Investigation complete; no suspect identified
04c8ff567fe14693bbb08da091cf9a4c8eed7073b0c03f9668922cbd4616753c,2019-12,Staffordshire Police,Staffordshire Police,-1.936221,52.761738,On or near Police Station,E01029404,Cannock Chase 002E,Investigation complete; no suspect identified
df54758748218ac680de5a254381b2d7394f75ee5f5f1943266adbb75f544fbf,2019-12,Staffordshire Police,Staffordshire Police,-1.974545,52.706880,On or near LONGACRES,E01029399,Cannock Chase 006C,Investigation complete; no suspect identified
374ff9c6d95851a8782a7d641ec504c9e21a9f9722e90a9baf3d5eac097f5a41,2019-12,Staffordshire Police,Staffordshire Police,-2.113866,52.725715,On or near Parking Area,E01029655,South Staffordshire 001A,Investigation complete; no suspect identified
82875a75253bfbcfe09cd6eb483e35d2d90916bb56ea45f2b97d5d288e8ad0a8,2019-12,Staffordshire Police,Staffordshire Police,-1.781062,52.703588,On or near WELLINGTON CRESCENT,E01029479,Lichfield 002C,Investigation complete; no suspect identified
b54efbd06113afd081e75b3a06faa6f9ed87b9423f74296819abc46e8b76e7aa,2019-12,Staffordshire Police,Staffordshire Police,-1.889728,52.646421,On or near POUK LANE,E01029521,Lichfield 011C,Investigation complete; no suspect identified
590827688b83be467ecf75a67e37caae8e3d45ba4afad930a4e67976317f4c0f,2019-12,Staffordshire Police,Staffordshire Police,-1.965559,52.671719,On or near PARK AVENUE,E01029397,Cannock Chase 013D,Investigation complete; no suspect identified
23533b611048260699c65e039f83c58bf45aeb284ce1a0cee35b6d93eb0d5b3b,2019-12,Staffordshire Police,Staffordshire Police,-1.638239,52.803194,On or near DUKE STREET,E01032896,East Staffordshire 011F,Investigation complete; no suspect identified
8c7c5284c26b7fdab3a89d8deb64172b1670b0e6210b8240be2030691e12f20c,2019-12,Staffordshire Police,Staffordshire Police,-1.668257,52.635751,On or near STONEHAVEN,E01029822,Tamworth 003C,Investigation complete; no suspect identified
39c1ab3140efb0132fd8cb203cc17e3a9599b05219c669f2270a038f7e0a2aea,2019-12,Staffordshire Police,Staffordshire Police,,,No location,,,Investigation complete; no suspect identified
9c2e4f3dff7f3aff3227a73eb3335502d784a68006d9112b1941287709861c5b,2019-12,Staffordshire Police,Staffordshire Police,-1.915864,52.682302,On or near HIGHFIELDS,E01029475,Lichfield 009A,Investigation complete; no suspect identified
fd53afdf99b950ab9bbf8d8f93d9f4cafdf5c396404bf0b81dff7af77dd45f3f,2019-12,Staffordshire Police,Staffordshire Police,-2.016551,52.673907,On or near Supermarket,E01029395,Cannock Chase 013B,Investigation complete; no suspect identified
7e4475b2ed8a4b6d10fd2e706864ff70c0fa48b3b51bf7b1c63b787e89937f6c,2019-12,Staffordshire Police,Staffordshire Police,-2.021009,52.717686,On or near ARDGAY DRIVE,E01029385,Cannock Chase 004B,Investigation complete; no suspect identified
366ad0f772e28f39a7e28f8c94ade42bdddd1e1888c88e8c2a46613f0c09d72b,2019-12,Staffordshire Police,Staffordshire Police,-2.040224,52.637376,On or near Sports/Recreation Area,E01029632,South Staffordshire 007A,Investigation complete; no suspect identified
576fa253a5c2b437b4f8185610216eee431c7762109284826ccbafbd183ae7e5,2019-12,Staffordshire Police,Staffordshire Police,-1.999306,52.709292,On or near MARKET STREET,E01029389,Cannock Chase 005D,Investigation complete; no suspect identified
9de441a6077cfe93b16bb01c53c1166cd6d8c137f8acc5be645e80cea856d499,2019-12,Staffordshire Police,Staffordshire Police,-1.638067,52.831052,On or near BITHAM COURT,E01029454,East Staffordshire 005A,Investigation complete; no suspect identified
ae754ee06a4b278bd76c10482dba46c0c46144254bfbf522854a62aef5aac921,2019-12,Staffordshire Police,Staffordshire Police,-2.018202,52.698125,On or near HEATH GAP ROAD,E01029351,Cannock Chase 008C,Investigation complete; no suspect identified
c94bfb4e58b06945f265a22f21aff59c8b863d179a81178eb9646e11a84ea1c3,2019-12,Staffordshire Police,Staffordshire Police,-1.919979,52.681028,On or near Supermarket,E01029489,Lichfield 009C,Investigation complete; no suspect identified
4bfe3f5a656da18cc985dcbd68e462f800dba26cd289a42ce4e515e139691e04,2019-12,Staffordshire Police,Staffordshire Police,-2.143938,52.900671,On or near ABBEY STREET,E01029745,Stafford 003C,Investigation complete; no suspect identified
85f0a3d8246809e2036ef1a250e5c0ffa7f03f2638750bef38c0af39a1364aca,2019-12,Staffordshire Police,Staffordshire Police,-1.825759,52.684056,On or near Nightclub,E01029526,Lichfield 004E,Investigation complete; no suspect identified
c47ddd3bfd472fc1c30b396f024fcd80ae26c482d77126829f2db9ef96efd99c,2019-12,Staffordshire Police,Staffordshire Police,-1.701757,52.626769,On or near Shopping Area,E01029835,Tamworth 002A,Investigation complete; no suspect identified
a31b4572d4bf6e8a2c9435df5d9c5dda0e99c9d23710bb9ed07c034918324e11,2019-12,Staffordshire Police,Staffordshire Police,-2.061845,52.628476,On or near MEADOW VIEW,E01029634,South Staffordshire 007C,Investigation complete; no suspect identified
2db3a42bfb3bd034805df1e0e6dd802985f8b137b0eb238615edb1a935cabebd,2019-12,Staffordshire Police,Staffordshire Police,-1.632771,52.818468,On or near SYDNEY STREET,E01029429,East Staffordshire 008D,Investigation complete; no suspect identified
1475b08e74ab34d23ef233e43c0403711edcd303cc2daa498e07865cb3978447,2019-12,Staffordshire Police,Staffordshire Police,-1.665680,52.799328,On or near THIRD AVENUE,E01029446,East Staffordshire 009B,Investigation complete; no suspect identified
cd111e0fc776851b0342cfec723b53039beca9a86381a1fd6698ce799d3f80ee,2019-12,Staffordshire Police,Staffordshire Police,,,No location,,,Investigation complete; no suspect identified
989bacc20f0efe5a5a1cba0b36f8256a67b2b77b382aa8c27b83fec9a9115eef,2019-12,Staffordshire Police,Staffordshire Police,-2.121678,52.808671,On or near Supermarket,E01029701,Stafford 010E,Investigation complete; no suspect identified
14f231c1167279697779d688470b7440c09bd71ceccf00919947f4fd32afe49a,2019-12,Staffordshire Police,Staffordshire Police,-1.675731,52.610241,On or near WATLING STREET,E01032902,Tamworth 010G,Investigation complete; no suspect identified
9734dda9f77aebd32af819057a7e82aae9bc810005ac8f9c63a76b8c77091571,2019-12,Staffordshire Police,Staffordshire Police,-1.649472,52.617807,On or near Parking Area,E01029859,Tamworth 007E,Investigation complete; no suspect identified
50619ade1f02ffdc3b6f9fc6a0d2aa594c12bd4556dd192a5525ff0b8a09f90f,2019-12,Staffordshire Police,Staffordshire Police,-2.035262,52.696179,On or near BISHOP CLOSE,E01029367,Cannock Chase 011E,Investigation complete; no suspect identified
1ba8675516bd09cb7138f664761ee9f65fd506633aec8743e153b4531e2160e8,2019-12,Staffordshire Police,Staffordshire Police,-2.080252,52.813048,On or near WESTON ROAD,E01029732,Stafford 011E,Investigation complete; no suspect identified
9226b9a5e02158ad60340a7669b0877d011a0539a2e4409c673ebe5fcdd5250e,2019-12,Staffordshire Police,Staffordshire Police,-2.129677,52.879248,On or near WOODLANDS DRIVE,E01029733,Stafford 004A,Investigation complete; no suspect identified
fd02908db19ba3508f5f27a28dcff16beff7083df79cf652be846e2c20d52cd0,2019-12,Staffordshire Police,Staffordshire Police,-1.697580,52.632764,On or near HOLLOWAY,E01029835,Tamworth 002A,Investigation complete; no suspect identified
f9c562720a830b60af58e60a1a2c41a072d572d0e2f57a7350c25d8c44ea5ce5,2019-12,Staffordshire Police,Staffordshire Police,-1.627618,52.791088,On or near FERRY STREET,E01029451,East Staffordshire 014C,Investigation complete; no suspect identified
fcf2622337e9d904776a8c7996efb058c8a913408a637c8508b08078376d12e0,2019-12,Staffordshire Police,Staffordshire Police,-2.176281,52.554528,On or near SPRINGHILL PARK,E01029672,South Staffordshire 013C,Investigation complete; no suspect identified
5e33598393165c6e96847ec75c4364ec54fc450c86b4dccb244a3993d7a83146,2019-12,Staffordshire Police,Staffordshire Police,-1.631519,52.819058,On or near SHELLEY AVENUE,E01029429,East Staffordshire 008D,Investigation complete; no suspect identified
4ceb4ec51ea41163124733dd753e42b636f7975c02f3836f8138be2a55b4397e,2019-12,Staffordshire Police,Staffordshire Police,-2.012317,52.659192,On or near BROAD MEADOW LANE,E01029643,South Staffordshire 005D,Investigation complete; no suspect identified
6d2b18790879beb9e8081677e3101bbf9499d1696dc9d06a203d23709312f4e0,2019-12,Staffordshire Police,Staffordshire Police,-2.202071,52.598033,On or near THE PARKWAY,E01029661,South Staffordshire 010B,Investigation complete; no suspect identified
9838bb97af7420592e6a7d27ae6fede10cad77e982c60462e0f4edce1b7d7045,2019-12,Staffordshire Police,Staffordshire Police,-1.948162,52.764908,On or near FRANK ROGERS WALK,E01029401,Cannock Chase 002C,Investigation complete; no suspect identified
b4718f6ffa7f440b2b967749edce2b8ebeb351771e7de740ca3f4580ef52849b,2019-12,Staffordshire Police,Staffordshire Police,-2.117805,52.720659,On or near MAYFIELD AVENUE,E01029660,South Staffordshire 001F,Investigation complete; no suspect identified
8518e4c1c8ab71f96725f8f95378b5ba29badbe97f5aeb5a53d434fd24b43d89,2019-12,Staffordshire Police,Staffordshire Police,-1.967929,52.666524,On or near KNIGHTS COURT,E01029395,Cannock Chase 013B,Investigation complete; no suspect identified
e9552f42d40094a18b2eac14b3066908b4a1fbd603223355e6a95eb7eaec7ae0,2019-12,Staffordshire Police,Staffordshire Police,-1.851955,52.724014,On or near LYSWAYS LANE,E01029509,Lichfield 002D,Investigation complete; no suspect identified
c14f0ba03d9e02797e3a9e60a9fe58e841c5f3f7e462c7ac60239efb12394b15,2019-12,Staffordshire Police,Staffordshire Police,-1.673873,52.629716,On or near GRAYSTON AVENUE,E01029832,Tamworth 004C,Investigation complete; no suspect identified
38e2aa1971e13d5122f53d910ce4125647b9a87d9ebfad8585d12134922678fc,2019-12,Staffordshire Police,Staffordshire Police,-1.833934,52.650230,On or near BIRMINGHAM ROAD,E01029521,Lichfield 011C,Investigation complete; no suspect identified
5138315eae44221890b0222a7e288ef08df61e4d21b2ad278967d65978cd9d6d,2019-12,Staffordshire Police,Staffordshire Police,-2.148109,52.890103,On or near HILL DRIVE,E01029754,Stafford 004D,Investigation complete; no suspect identified
68026fb916b7b08c94a6805d21988a53ee9d1610e037e6d64506373d72cfef82,2019-12,Staffordshire Police,Staffordshire Police,-1.948245,52.682051,On or near COBBETT ROAD,E01029493,Lichfield 006B,Investigation complete; no suspect identified
8d684f0a390734bc89ea16d0b02e35083c094e393d4ad496ad39855d94d108ff,2019-12,Staffordshire Police,Staffordshire Police,-2.120977,52.807305,On or near Parking Area,E01029701,Stafford 010E,Investigation complete; no suspect identified
7f9559d1311198420f7fcfcfbacb48dd30fc0496164d1d4a6c5865f87955a466,2019-12,Staffordshire Police,Staffordshire Police,-2.148482,52.903452,On or near GRANVILLE SQUARE,E01029744,Stafford 003B,Investigation complete; no suspect identified
ca458fa19213db34266581618abc96a6303354ca97e383df67e28030bc129e5e,2019-12,Staffordshire Police,Staffordshire Police,,,No location,,,Investigation complete; no suspect identified
2cf6de2de103af1fd17d434601561f32c0e883a517c48218a506dfa36328384c,2019-12,Staffordshire Police,Staffordshire Police,-1.824060,52.683496,On or near Parking Area,E01029526,Lichfield 004E,Investigation complete; no suspect identified
7c65c3b8abe52298420a971856fd3850de4a31a2e9503fa08e815e4404a886f4,2019-12,Staffordshire Police,Staffordshire Police,-1.759591,52.675993,On or near DARBY AVENUE,E01029531,Lichfield 008D,Investigation complete; no suspect identified
b6f17cc4a1907b0cc8c543e132ebfb3366ce5d63e4b5f8a1d8ba1397cea8c086,2019-12,Staffordshire Police,Staffordshire Police,-1.824060,52.683496,On or near Parking Area,E01029526,Lichfield 004E,Investigation complete; no suspect identified
4e0d69bd8841dcbb6da14d0ef277f597ba935662dfe2faf588799c0af52e2bd3,2019-12,Staffordshire Police,Staffordshire Police,-1.648318,52.818884,On or near FLATTS CLOSE,E01029435,East Staffordshire 007B,Investigation complete; no suspect identified
9131cd82ff2943e0ed324259e816a073bee44831802ba5112aa9b856cc1b5707,2019-12,Staffordshire Police,Staffordshire Police,,,No location,,,Investigation complete; no suspect identified
41bbd6de1fcd1bce9003522571a8d8328ea71670dcdc82c8bebc35d991e26ba4,2019-12,Staffordshire Police,Staffordshire Police,-1.642991,52.797051,On or near UXBRIDGE STREET,E01029408,East Staffordshire 011B,Investigation complete; no suspect identified
0a616d024c4d52f5e09fd75a1795092832bcedb2c5d19a7ae79b9fa2ea2bd8f3,2019-12,Staffordshire Police,Staffordshire Police,-1.677851,52.788125,On or near TATENHILL LANE,E01029416,East Staffordshire 013D,Investigation complete; no suspect identified
d6d2b34a83d786587d2471b313a7d217ffb98d0108d847568188ba44a14c07a1,2019-12,Staffordshire Police,Staffordshire Police,-1.829291,52.730501,On or near A515,E01029509,Lichfield 002D,Investigation complete; no suspect identified
62523319f1ba30aa381c0849666eec9a835c2e4e10bd332e7bb1f3301065491f,2019-12,Staffordshire Police,Staffordshire Police,-1.974282,52.676585,On or near NORTON TERRACE,E01029396,Cannock Chase 013C,Investigation complete; no suspect identified
e48f39e7c451883136734889717b7ecccadd53c4d88065d2c1509c9362a8a825,2019-12,Staffordshire Police,Staffordshire Police,-1.824985,52.700119,On or near GLOUCESTER CLOSE,E01029500,Lichfield 005D,Investigation complete; no suspect identified
a9f2eb26052b8c142b6a0871a8f924704c91c0db1d764d3b2d5bb8f5fdea7ff9,2019-12,Staffordshire Police,Staffordshire Police,-2.124988,52.783434,On or near DEVON WAY,E01029728,Stafford 013E,Investigation complete; no suspect identified
f11549aa64547daae32f7d57e87a334add1159e55ea25900050de9ef2a72211e,2019-12,Staffordshire Police,Staffordshire Police,-1.706355,52.619661,On or near KENT AVENUE,E01029839,Tamworth 005D,Investigation complete; no suspect identified
4d1ad6c370e3e2e0fc9cf24867206a6b693dc8111414b4e0c5d4648e7fc44eed,2019-12,Staffordshire Police,Staffordshire Police,-1.975064,52.784433,On or near Petrol Station,E01029711,Stafford 008C,Investigation complete; no suspect identified
f73ae3634f909f284971bbc42cd1b853e237235e2fc0fa40385e38d488b0c849,2019-12,Staffordshire Police,Staffordshire Police,-1.648304,52.619818,On or near EALINGHAM,E01029859,Tamworth 007E,Investigation complete; no suspect identified
734fe66128ae71ffd4223731f5d1bb609c4abb2c0e0a0ee45242c53741899927,2019-12,Staffordshire Police,Staffordshire Police,-1.822001,52.702578,On or near WATERY LANE,E01029509,Lichfield 002D,Investigation complete; no suspect identified
51518698f35fd9b598ca375fdba31e2140747cfb3c5206725bbf51cc9f97ccbe,2019-12,Staffordshire Police,Staffordshire Police,-1.822001,52.702578,On or near WATERY LANE,E01029509,Lichfield 002D,Investigation complete; no suspect identified
eecfaf16a7e854fff0c8a8f7f03bfbc83c6e81c9aaa40124eb5d42bd873acba1,2019-12,Staffordshire Police,Staffordshire Police,-1.822001,52.702578,On or near WATERY LANE,E01029509,Lichfield 002D,Investigation complete; no suspect identified
8e0a435ff34408dae48ccf6f4b6cc11a15004e8fb2521070a64848ac06270ebd,2019-12,Staffordshire Police,Staffordshire Police,-1.675604,52.601439,On or near MEANDER CLOSE,E01032901,Tamworth 010F,Investigation complete; no suspect identified
0d755593dcf3aaaa8ffeb56f0cb8a03b18b2b28d8e85680c7be31c4206db35e3,2019-12,Staffordshire Police,Staffordshire Police,-1.635342,52.812552,On or near HORNINGLOW STREET,E01029426,East Staffordshire 008A,Investigation complete; no suspect identified
5ca7c115e4a322c8cb34adc6214951c3e9cf1d093d11377c87a5b42fbd35fca2,2019-12,Staffordshire Police,Staffordshire Police,-1.851955,52.724014,On or near LYSWAYS LANE,E01029509,Lichfield 002D,Investigation complete; no suspect identified
e92a4eff788f476aba716fd0dbe1fd97d6cd6b5c6f8cbb2f8a85cff6d6146ecf,2019-12,Staffordshire Police,Staffordshire Police,-1.994601,52.695421,On or near BRONTE DRIVE,E01029376,Cannock Chase 010B,Investigation complete; no suspect identified
b80e90d824566f6bb22759d36f0723905326ab3e61bc3ed77db6e223146f04c6,2019-12,Staffordshire Police,Staffordshire Police,-2.084740,52.786365,On or near FALLOWFIELD,E01029759,Stafford 014G,Investigation complete; no suspect identified
e982b3e18b4e6b15304825efb54750fe2683dd274196fe7a152a322bd9f84ee2,2019-12,Staffordshire Police,Staffordshire Police,,,No location,,,Investigation complete; no suspect identified
062e78dcd90e4d16c2ea342d5561c800896672018247643b269c7b6673b5ff6e,2019-12,Staffordshire Police,Staffordshire Police,-1.633855,52.816503,On or near GOODMAN STREET,E01029429,East Staffordshire 008D,Investigation complete; no suspect identified
05063247ccb47fbdd0098f4ba40358330c4ac533e61fbdd6844f63b277a603d5,2019-12,Staffordshire Police,Staffordshire Police,-2.212093,52.582248,On or near JENNY WALKERS LANE,E01029661,South Staffordshire 010B,Investigation complete; no suspect identified
22bbba3d9a5a780547f2692724d14f890fbed489053aa64401f98ac14762aed0,2019-12,Staffordshire Police,Staffordshire Police,-1.635713,52.812571,On or near LITTLE BURTON WEST,E01029426,East Staffordshire 008A,Investigation complete; no suspect identified
96c27ff94f027090757ede0fc703b156c5bdb6aae18597c4be279814fb21435a,2019-12,Staffordshire Police,Staffordshire Police,-2.175850,52.619821,On or near PALMERS CLOSE,E01029631,South Staffordshire 009E,Investigation complete; no suspect identified
abad30238f0ed884ec7f145a33e26b5e3ea9c6735bf3761f21e91cc9037e17b0,2019-12,Staffordshire Police,Staffordshire Police,-1.680240,52.617670,On or near DERWENT,E01029826,Tamworth 006B,Investigation complete; no suspect identified
ae9057c2134dd5685a6a9a21062d97a9f472a5960e67c2311954108179aa4863,2019-12,Staffordshire Police,Staffordshire Police,-1.703533,52.626315,On or near Petrol Station,E01029837,Tamworth 005B,Investigation complete; no suspect identified
90121806614eb8d713281967d5134a48ed55e60dffe96640afafe869cc650b4d,2019-12,Staffordshire Police,Staffordshire Police,-1.627618,52.791088,On or near FERRY STREET,E01029451,East Staffordshire 014C,Investigation complete; no suspect identified
deced6763623df8f3529d4538134dc65c4c2364a19190799fae192946119b04d,2019-12,Staffordshire Police,Staffordshire Police,-1.789219,52.709078,On or near WOOD END LANE,E01029479,Lichfield 002C,Investigation complete; no suspect identified
e0230d3f45078afe39cf6d5b5b7627865d10c8f50763b91b845256892c8688c0,2019-12,Staffordshire Police,Staffordshire Police,-1.960442,52.754017,On or near POST OFFICE LANE,E01029370,Cannock Chase 001C,Investigation complete; no suspect identified
30149b80397333693bbdc35f13af5bdaad7ca7d9dbc8f488e904be8ecbf829a3,2019-12,Staffordshire Police,Staffordshire Police,-2.146548,52.902942,On or near CHRISTCHURCH WAY,E01029745,Stafford 003C,Investigation complete; no suspect identified
79a683318cd06d3978e657bd81c45eb3b4506abf13229881962322ca3da17120,2019-12,Staffordshire Police,Staffordshire Police,-1.649351,52.819498,On or near ADDIE ROAD,E01029435,East Staffordshire 007B,Investigation complete; no suspect identified
0af32bb558e099059b25e6d048ddae2f5b76aaadc9ece0379dc8ccc89d864cbf,2019-12,Staffordshire Police,Staffordshire Police,-2.103890,52.714927,On or near BOYDEN CLOSE,E01029657,South Staffordshire 001C,Investigation complete; no suspect identified
96000ed7958f013dccf6d279a27783735a474c7399399334f52bdff7a9605f66,2019-12,Staffordshire Police,Staffordshire Police,-2.107551,52.716803,On or near CHETWYND CLOSE,E01029657,South Staffordshire 001C,Investigation complete; no suspect identified
04fe77f4a82ef00dbefcac5afdd43a4855a0d61347be5186befb3f9b1b7ae8a7,2019-12,Staffordshire Police,Staffordshire Police,-1.966479,52.668438,On or near QUINTON PLACE,E01029397,Cannock Chase 013D,Investigation complete; no suspect identified
ed401fe5bcaffab31485cde54673c8948554cca1db17dfb4b2d39e375cc62b7c,2019-12,Staffordshire Police,Staffordshire Police,-1.991164,52.794503,On or near HIGHFIELD DRIVE,E01029710,Stafford 008B,Investigation complete; no suspect identified
c9c5e37afcec03fa17b0f0268d8b76fe6829df2fe09da09cf637d40294523048,2019-12,Staffordshire Police,Staffordshire Police,-1.633593,52.822993,On or near BRONTE CLOSE,E01029428,East Staffordshire 008C,Investigation complete; no suspect identified
2221805b5a339cf34f42fc1d27236840548656bf217244f9c63836ac1dc3b1ed,2019-12,Staffordshire Police,Staffordshire Police,-1.648318,52.818884,On or near FLATTS CLOSE,E01029435,East Staffordshire 007B,Investigation complete; no suspect identified
7adfce212d5ec0fe0d46d15af04db087cb80094d98bd89a8832ea2f4a8efc167,2019-12,Staffordshire Police,Staffordshire Police,-1.717979,52.642820,On or near GERARD,E01029848,Tamworth 001C,Investigation complete; no suspect identified
7a8a5da7e62a19abfa1bdf5f2e5c6fc7d01085f263c59f14fd12b1a9a22bbe92,2019-12,Staffordshire Police,Staffordshire Police,-2.030508,52.690266,On or near Shopping Area,E01029360,Cannock Chase 012B,Investigation complete; no suspect identified
416dd270582f80c5deccca436d52534e91223861464502e18f9f29ca92b48c19,2019-12,Staffordshire Police,Staffordshire Police,-1.825809,52.679049,On or near DAVIDSON ROAD,E01029519,Lichfield 007E,Investigation complete; no suspect identified
1c48308aafa165d7ec7c0c48eecad5021509803b841176f4d7803f7e91b46e5f,2019-12,Staffordshire Police,Staffordshire Police,,,No location,,,Investigation complete; no suspect identified
50f9a96db12818e3ae8debc078027168f74b8aced593888733f74fdd6e98597b,2019-12,Staffordshire Police,Staffordshire Police,-1.927683,52.673779,On or near BANK CRESCENT,E01029496,Lichfield 010A,Investigation complete; no suspect identified
7e757f45fd65b4eb7ce3e62dfc94e951b1b74f3a190abea068ca1e958156feca,2019-12,Staffordshire Police,Staffordshire Police,-2.131254,52.692920,On or near WAITLING STREET,E01029658,South Staffordshire 001D,Investigation complete; no suspect identified
cf67f4f48b481ce9ee21c464f3a1a9e9be632cfedd7a5c04a6b0dd06bb54bb99,2019-12,Staffordshire Police,Staffordshire Police,-1.635149,52.803814,On or near Supermarket,E01032896,East Staffordshire 011F,Investigation complete; no suspect identified
27117c849a8dbbd5efa68b53e1cfaa587cfb0d73416a2035cc6dced980bcb887,2019-12,Staffordshire Police,Staffordshire Police,-1.613207,52.790791,On or near GENISTA CLOSE,E01029419,East Staffordshire 012B,Investigation complete; no suspect identified
903b9d82b19c8a3f7ac87683aeb0f1231500e14fb62469a432122c8cd26e9853,2019-12,Staffordshire Police,Staffordshire Police,-1.831369,52.683219,On or near SWAN MEWS,E01032899,Lichfield 004F,Investigation complete; no suspect identified
2d8dedcc3e5956ea1a021c92dfc6d7ca737246da5b3659de06899293be1349df,2019-12,Staffordshire Police,Staffordshire Police,-2.263215,52.778767,On or near TELFORD LANE,E01029707,Stafford 015C,Investigation complete; no suspect identified
9b5b70a2932fcda19f77e565aa30e9f58f17394b0658f40d0aed2438d414aa91,2019-12,Staffordshire Police,Staffordshire Police,-2.041584,52.715011,On or near STAFFORD ROAD,E01029646,South Staffordshire 002B,Investigation complete; no suspect identified
d4ea8ce473ad1effb2d95ec70e20af7548d60f145aa86f566cc14b0ac09f09c9,2019-12,Staffordshire Police,Staffordshire Police,,,No location,,,Investigation complete; no suspect identified
b089e4f1bcedeceebf13c8206024cf33d5bc4ddfbee83bd9ea44b014504ebdce,2019-12,Staffordshire Police,Staffordshire Police,-1.645545,52.807639,On or near KING EDWARD PLACE,E01029448,East Staffordshire 009D,Investigation complete; no suspect identified
dea5e35d4b072a1c7f87f024dc6d313a28b93bbe3402044d2bcea3cd68db8f5a,2019-12,Staffordshire Police,Staffordshire Police,-2.081142,52.780856,On or near SPREADOAKS DRIVE,E01029757,Stafford 014E,Investigation complete; no suspect identified
24ed61a800044cabe0710ad778ba758299452ceca0b86b7731ea920a178ef902,2019-12,Staffordshire Police,Staffordshire Police,-1.674996,52.611776,On or near HILMORE WAY,E01029829,Tamworth 010A,Investigation complete; no suspect identified
26ba79e43f2c3891befd85f2dcfb8b61795eb54dc3db931e3e363efc46ec2228,2019-12,Staffordshire Police,Staffordshire Police,-2.066518,52.825130,On or near Conference/Exhibition Centre,E01029732,Stafford 011E,Investigation complete; no suspect identified
479f26e19fd744d1c10248e607ee0326f85b64b9038fddb0fa3aff07aa6644a6,2019-12,Staffordshire Police,Staffordshire Police,-2.125140,52.645174,On or near Sports/Recreation Area,E01029616,South Staffordshire 006A,Investigation complete; no suspect identified
4f0816fa5cca5daa36d3f52790a8e9f2e608dc15bffaa04eb7497c091a504f35,2019-12,Staffordshire Police,Staffordshire Police,-2.000194,52.713211,On or near CHERRY BANK,E01029389,Cannock Chase 005D,Investigation complete; no suspect identified
9017f25c552dc3811457255b131e7355998ce7388737ae57ddcbeb5cc09ec316,2019-12,Staffordshire Police,Staffordshire Police,-1.978722,52.700624,On or near GLOVER STREET,E01029379,Cannock Chase 006A,Investigation complete; no suspect identified
a89e38c7a6563a25409e3daefc6060797c43aa2d22f4add77020dbb57e08a149,2019-12,Staffordshire Police,Staffordshire Police,-1.706969,52.649356,On or near CLAREMONT ROAD,E01029846,Tamworth 001A,Investigation complete; no suspect identified
36afe793e8d0c1fc82df020176ac29ce98dde7473bdb8161b9c490cc43d976e7,2019-12,Staffordshire Police,Staffordshire Police,-1.700712,52.634866,On or near HALFORD STREET,E01029851,Tamworth 002E,Investigation complete; no suspect identified
84d0d4c5274c90ca2435c181048b15f84280914006fa9db909921d2b96d1dff0,2019-12,Staffordshire Police,Staffordshire Police,-2.017048,52.658804,On or near BEAUMONT ROAD,E01029643,South Staffordshire 005D,Investigation complete; no suspect identified
d9e35ee52389b51e9e67ebda6b99ea04d185fe00670140c10e65ad7f82b1bc26,2019-12,Staffordshire Police,Staffordshire Police,,,No location,,,Investigation complete; no suspect identified
3d7bdfc84533e0036f122192d7f32af01a0a661e8f2a99fc26fd57a998a1d10d,2019-12,Staffordshire Police,Staffordshire Police,-1.693384,52.632645,On or near Shopping Area,E01029835,Tamworth 002A,Investigation complete; no suspect identified
53f3577203dfab2fdea54eb470a2cbccf0517a56efed32db913c7d3d403aa6a1,2019-12,Staffordshire Police,Staffordshire Police,-1.828440,52.675744,On or near BURNS CLOSE,E01029519,Lichfield 007E,Investigation complete; no suspect identified
7a9b833c4aa9818fd13422893db033edf4dbfdc3799babea388ae0a3356c9cd5,2019-12,Staffordshire Police,Staffordshire Police,-1.650015,52.794114,On or near BRYONY,E01029415,East Staffordshire 013C,Investigation complete; no suspect identified
db36e9f74587aba02ed96650bf573ec59347d9d830fd88e04def8de2deb92e0a,2019-12,Staffordshire Police,Staffordshire Police,-1.865482,52.899280,On or near HIGH STREET,E01029460,East Staffordshire 003B,Investigation complete; no suspect identified
3c3924d38e99b57bc172ee6cb9f9b82ee5eaec5f939da3540898c56aab424f06,2019-12,Staffordshire Police,Staffordshire Police,-2.066566,52.963260,On or near BANCROFT LANE,E01029800,Staffordshire Moorlands 012E,Investigation complete; no suspect identified
af5a30d8abe4dccbb875bce8b678d72cd3244ee4afe2fdbee9a91bf293bac6ae,2019-12,Staffordshire Police,Staffordshire Police,-1.923727,52.745756,On or near ST MICHAEL'S DRIVE,E01029348,Cannock Chase 003D,Investigation complete; no suspect identified
51a22c2a9ebdf263856fb69339dc3e503d0c481643fc7c26ed22b79e3fd290c6,2019-12,Staffordshire Police,Staffordshire Police,-2.117806,52.808423,On or near Shopping Area,E01029701,Stafford 010E,Investigation complete; no suspect identified
909d8fbb8f237bd9cf3432cc0fce079d11ce5463ba369665c23188a79a7d76bf,2019-12,Staffordshire Police,Staffordshire Police,-1.844913,52.688919,On or near HAYES VIEW,E01029511,Lichfield 007B,Investigation complete; no suspect identified
56630fd6682faed901c5e875d132f37622e1615c9ac0b1fd5dcd17a40ecbf5cb,2019-12,Staffordshire Police,Staffordshire Police,-2.121678,52.808671,On or near Supermarket,E01029701,Stafford 010E,Investigation complete; no suspect identified
b9ec6f01e31a2712c7748457a1f2f95b1c15f3bf6cf9960484d23387246bf92b,2019-12,Staffordshire Police,Staffordshire Police,-1.650373,52.617882,On or near Parking Area,E01029859,Tamworth 007E,Investigation complete; no suspect identified
3be692a486662497f9d6e2daee9f35d60428f175bd91c2e208c03ab6d033a6e2,2019-12,Staffordshire Police,Staffordshire Police,,,No location,,,Investigation complete; no suspect identified
170dc13ebaed4f1d143c20a4ff1fc81fed91a91e1521ac02a429e2ee17c166aa,2019-12,Staffordshire Police,Staffordshire Police,-1.646260,52.812828,On or near EDWARD STREET,E01029445,East Staffordshire 009A,Investigation complete; no suspect identified
d676a7c525779137c14054e21df37ac31690399798320d05c7a2c82f674485aa,2019-12,Staffordshire Police,Staffordshire Police,-1.904027,52.643575,On or near LICHFIELD ROAD,E01029523,Lichfield 011E,Investigation complete; no suspect identified
df842948c844bed9911922f06d87f72cc7f838496bf6a3fc599149fe05352040,2019-12,Staffordshire Police,Staffordshire Police,-1.720356,52.640902,On or near NEWSTEAD,E01029847,Tamworth 001B,Investigation complete; no suspect identified
ec4accc526875526fb248a3194c5fb1af28c847b1260d5a0dbf2664a6f76b216,2019-12,Staffordshire Police,Staffordshire Police,-1.691964,52.851619,On or near LANCASTER DRIVE,E01029465,East Staffordshire 004E,Investigation complete; no suspect identified
020ccc8c8ca6c1eae601f60dfaf210297bf97776f619b05c012eb7720b96ecdb,2019-12,Staffordshire Police,Staffordshire Police,-1.910775,52.922874,On or near WATERY LANE,E01029406,East Staffordshire 001B,Investigation complete; no suspect identified
5809a640123f98d4228ad762e427cbf40df815e09cd8b2e866c3f6543bcbc6b6,2019-12,Staffordshire Police,Staffordshire Police,-1.919979,52.681028,On or near Supermarket,E01029489,Lichfield 009C,Investigation complete; no suspect identified
951bf96359832c7608a002e0d70da328c1da1c04261889b2efe6cc38a5e2ae42,2019-12,Staffordshire Police,Staffordshire Police,,,No location,,,Investigation complete; no suspect identified
85dac858b5d31079726b46c74a34bb738813100f9074c348e5c536baca491385,2019-12,Staffordshire Police,Staffordshire Police,-1.834743,52.694470,On or near COLLINS HILL,E01029492,Lichfield 004A,Investigation complete; no suspect identified
075b04cd81a14b45482d528d20cf02565627b5b5cd58789a008f67cdc6199b75,2019-12,Staffordshire Police,Staffordshire Police,-2.096425,52.759899,On or near MISS PICKERINGS FIELD,E01029656,South Staffordshire 001B,Investigation complete; no suspect identified
d4808504cd687baf298ed00961b8daccd687bfd93876af6cdf515c9a0cbacf11,2019-12,Staffordshire Police,Staffordshire Police,-1.834108,52.682468,On or near Park/Open Space,E01032899,Lichfield 004F,Investigation complete; no suspect identified
8633c5ed94576b2c828a0a622a8d3880ce6a26553b07636dcf5aebc3621de14d,2019-12,Staffordshire Police,Staffordshire Police,-2.122678,52.815979,On or near NORTH PLACE,E01029689,Stafford 010A,Investigation complete; no suspect identified
c15b7b976af134e6db7b63969d639eeff4b4ce7b62bd87fef7508a1a2b9e88fb,2019-12,Staffordshire Police,Staffordshire Police,-1.693384,52.632645,On or near Shopping Area,E01029835,Tamworth 002A,Investigation complete; no suspect identified
31a68816b24371d79619c36c9918f4c28703cfdf5de8e6c0e7be752747467124,2019-12,Staffordshire Police,Staffordshire Police,,,No location,,,Investigation complete; no suspect identified
05b572ae5e39a3607818ae695150474135156280a76b4d3dc016ea3260028dae,2019-12,Staffordshire Police,Staffordshire Police,-1.835060,52.637817,On or near Supermarket,E01029522,Lichfield 011D,Investigation complete; no suspect identified
d4bdfe5a44f611248243f3982c554d75c20ba22652f33eef8b03cd69d194d950,2019-12,Staffordshire Police,Staffordshire Police,-1.923590,52.671583,On or near GRANGE ROAD,E01029506,Lichfield 009F,Investigation complete; no suspect identified
15f010f17d20e88a0fce6ab6fad834ac29a98d1c2a468387f142738bd3eba9c7,2019-12,Staffordshire Police,Staffordshire Police,-1.638541,52.795428,On or near TRENT STREET,E01029409,East Staffordshire 011C,Investigation complete; no suspect identified
0d20ee2fbe4d05133c20e60c8b94df9f2c47aa867b1396f355106c0e07d42bf9,2019-12,Staffordshire Police,Staffordshire Police,-1.641695,52.799555,On or near ALMA STREET,E01029408,East Staffordshire 011B,Investigation complete; no suspect identified
8eaf8be7ed784f23c3b98b5f0953d010e38575ad9a1fc00ecc4e5b5d89c30dd3,2019-12,Staffordshire Police,Staffordshire Police,-1.666028,52.621909,On or near IVATT,E01029840,Tamworth 007A,Investigation complete; no suspect identified
eb2c6e555958ad024e119a2906b04f3c613fe736f8cf9f9cf0c9faff3ae590cb,2019-12,Staffordshire Police,Staffordshire Police,-1.992395,52.789631,On or near HAWKESMORE DRIVE,E01029710,Stafford 008B,Investigation complete; no suspect identified
dd8b4605fb734a0bd41dc62bd94de8693bb3aa66accbdb335ee8131aa86f17e8,2019-12,Staffordshire Police,Staffordshire Police,-1.724014,52.618490,On or near PRICE AVENUE,E01029502,Lichfield 012B,Investigation complete; no suspect identified
21a5ea2089ef807ccade9dcec06b8d47c0ca83c04dc1b8a2c34975b37d35d89d,2019-12,Staffordshire Police,Staffordshire Police,,,No location,,,Investigation complete; no suspect identified
b6f62cfbcad357112d6f831c6de0b3f05e1ef61ca66151f50741f56d66a0571f,2019-12,Staffordshire Police,Staffordshire Police,-1.827596,52.683312,On or near BREADMARKET STREET,E01029526,Lichfield 004E,Investigation complete; no suspect identified
de069e5a6b6ab7c691210ca3e73f1fbc684bd196ae4c180f2b3770d0ac443630,2019-12,Staffordshire Police,Staffordshire Police,-2.003999,52.714335,On or near HIGH MOUNT STREET,E01029387,Cannock Chase 005C,Investigation complete; no suspect identified
b4fb29e0197e9aa4d1bdf8a778c908c6736dcde6032dabe2b7b28797fc671da3,2019-12,Staffordshire Police,Staffordshire Police,-1.674996,52.611776,On or near HILMORE WAY,E01029829,Tamworth 010A,Investigation complete; no suspect identified
4b3136ad88d69839c7a9534bbf1ebbcd4aed18ca16a71318337f918659808d5a,2019-12,Staffordshire Police,Staffordshire Police,,,No location,,,Investigation complete; no suspect identified
a7f08b5d7dd10129d5e8deba2fe1614da97f3ca25105002da2687f4560e20c82,2019-12,Staffordshire Police,Staffordshire Police,,,No location,,,Investigation complete; no suspect identified
8313756f7a8706d372ed7884bdbbce3fb6e5c1a26599f9bd963aad05db09b5ad,2019-12,Staffordshire Police,Staffordshire Police,-2.223645,52.711651,On or near PINFOLD LANE,E01029669,South Staffordshire 003D,Investigation complete; no suspect identified
4f4c521d41df71b9a503cc9d63db1d1b9aff9054230c9cb8ddabb161c06e4e4c,2019-12,Staffordshire Police,Staffordshire Police,-1.841633,52.687737,On or near Supermarket,E01032899,Lichfield 004F,Investigation complete; no suspect identified
86b8682fb3b9f7d76adae662e880569dea31d768486406d1768803e9e4589375,2019-12,Staffordshire Police,Staffordshire Police,-2.118777,52.816639,On or near MARSTON ROAD,E01029689,Stafford 010A,Investigation complete; no suspect identified
56fe7679ded968e8044046cde95ef40472d65b919be42be51fb0736d97be1625,2019-12,Staffordshire Police,Staffordshire Police,-2.186060,52.537234,On or near Petrol Station,E01029671,South Staffordshire 012A,Investigation complete; no suspect identified
b064b35304461d626b5726b1c6537c6e788f1c35ec1e471379b9a3a178ce65cd,2019-12,Staffordshire Police,Staffordshire Police,-1.821687,52.685093,On or near Supermarket,E01029526,Lichfield 004E,Investigation complete; no suspect identified
359dedba1331e003039597ad89c6ab567acb299c43a359a906a58023c277abb0,2019-12,Staffordshire Police,Staffordshire Police,-1.701757,52.626769,On or near Shopping Area,E01029835,Tamworth 002A,Investigation complete; no suspect identified
fe6c941602fe0df265503999026290ab9c93597d1859b3c67434e9f8d2b679bc,2019-12,Staffordshire Police,Staffordshire Police,-2.109594,52.805159,On or near Supermarket,E01029701,Stafford 010E,Investigation complete; no suspect identified
81bdc1a34d662d8e852c2f8cedbaf99847d88482f6ad89d5560605fec639bac4,2019-12,Staffordshire Police,Staffordshire Police,-1.694341,52.635273,On or near Parking Area,E01029835,Tamworth 002A,Investigation complete; no suspect identified
61f687e42167c80fce7137b504d07cf6b0c581cd15df5592010d04c80de3f7d2,2019-12,Staffordshire Police,Staffordshire Police,,,No location,,,Investigation complete; no suspect identified
7914035c494c5bc3001d975ab2f7bf68aa9e06c7e2d623510e13abeff4d97091,2019-12,Staffordshire Police,Staffordshire Police,-1.943825,52.760861,On or near JAMES WARNER CLOSE,E01029403,Cannock Chase 002D,Investigation complete; no suspect identified
e897f8b2f3825adbadb278255087624e88e566d1a88a88eef49841bbc9b80fc0,2019-12,Staffordshire Police,Staffordshire Police,-1.975099,52.668683,On or near NORTON GRANGE CRESCENT,E01029395,Cannock Chase 013B,Investigation complete; no suspect identified
df14fa3a3051f1c222b64c9248c998c40a13ec26ea6fffdcb1d027cf23ae1c93,2019-12,Staffordshire Police,Staffordshire Police,-2.108219,52.717521,On or near FULLMORE CLOSE,E01029657,South Staffordshire 001C,Investigation complete; no suspect identified
7ad5083cdbdb9cc5a35049a3fe92093eb0b966ed2e677875f6a0fb3183f41ac6,2019-12,Staffordshire Police,Staffordshire Police,-1.667243,52.637052,On or near PADSTOW,E01029822,Tamworth 003C,Investigation complete; no suspect identified
ae70b7a4f78520811ab51ea7019c036632aa174c2576f848231230a784850b8d,2019-12,Staffordshire Police,Staffordshire Police,-1.663954,52.607268,On or near KIMBERLEY,E01029867,Tamworth 010C,Investigation complete; no suspect identified
abf799886e6585e26f9ec4110da27adcbf1821a9c0223adb295534af7c774f89,2019-12,Staffordshire Police,Staffordshire Police,-1.639186,52.798073,On or near WOOD STREET,E01032898,East Staffordshire 011H,Investigation complete; no suspect identified
20bb7c2556b635b1053412abba5d36b170a0be7f50b45693d6f1f2843ff668ae,2019-12,Staffordshire Police,Staffordshire Police,-2.121564,52.672120,On or near LACHES CLOSE,E01029616,South Staffordshire 006A,Investigation complete; no suspect identified
2598d018b168552ca867e747ec03ff96f4b28df1e13e6eeef2df06c869aa249a,2019-12,Staffordshire Police,Staffordshire Police,-1.618572,52.801281,On or near ELMS ROAD,E01029420,East Staffordshire 012C,Investigation complete; no suspect identified
de8c069de7f10998e7f4243b4bbe231008dc92c0193e87ab43ecd788ce4c6a5a,2019-12,Staffordshire Police,Staffordshire Police,-2.165262,52.624682,On or near BARNHURST LANE,E01029613,South Staffordshire 008A,Investigation complete; no suspect identified
e5e20ae824788bed6a3a8ce34405c59414d3a54a302ae99d0224705fa2d385b0,2019-12,Staffordshire Police,Staffordshire Police,,,No location,,,Investigation complete; no suspect identified
4ca52fc1dfccd5a9e2fa58c356f4d7e88ddfe8e9ded0c4f8f035ffde0c488a2f,2019-12,Staffordshire Police,Staffordshire Police,-2.114021,52.802027,On or near PARKER'S CROFT ROAD,E01029699,Stafford 010D,Investigation complete; no suspect identified
8504b471e0599038c7aa2c69bce0bc58bf6e9ded2eb11044952a243bdc5c509c,2019-12,Staffordshire Police,Staffordshire Police,-1.633723,52.800510,On or near Shopping Area,E01032896,East Staffordshire 011F,Investigation complete; no suspect identified
81ac89d4c20b0b2471f41f7286745094d8f1104bb70cb5aa6c0f136c38891aa0,2019-12,Staffordshire Police,Staffordshire Police,-1.925326,52.676807,On or near HAWTHORNE CRESCENT,E01029527,Lichfield 010B,Investigation complete; no suspect identified
cc68cb270089dab83da2f533ae7ec72e16479edb5517c1dfb7e03be100ad670b,2019-12,Staffordshire Police,Staffordshire Police,-2.037420,52.658908,On or near CAMPIAN'S AVENUE,E01029624,South Staffordshire 004D,Investigation complete; no suspect identified
7185845e3ca0ea3be5e195a73adadffdd73fc6186b81c264fcf46c3b00b955b0,2019-12,Staffordshire Police,Staffordshire Police,-2.101756,52.809157,On or near WESTHEAD AVENUE,E01029722,Stafford 009C,Investigation complete; no suspect identified
d80570e9d3f71c14739c0881910508d394c03eea39d53722e0497c7c09e3a5bd,2019-12,Staffordshire Police,Staffordshire Police,-2.115960,52.806277,On or near ST CHAD'S PLACE,E01029701,Stafford 010E,Investigation complete; no suspect identified
7d6b4287d206b7d667009ddea342c6035fdb92a590822f2b64b701398bea3a43,2019-12,Staffordshire Police,Staffordshire Police,-2.039358,52.840073,On or near FURLONG CLOSE,E01029687,Stafford 008A,Investigation complete; no suspect identified
e7e70a78d6565b29fffc1bd2c9ce7b976d989f33776dc048b7d5cb5c666848bb,2019-12,Staffordshire Police,Staffordshire Police,-2.097538,52.813791,On or near ALDRIN CLOSE,E01029693,Stafford 009B,Investigation complete; no suspect identified
8e14cd95106dd60d0b7cad2f4da9aad041ba0cbbfd7ece1c8cfa5d37eb394f7a,2019-12,Staffordshire Police,Staffordshire Police,-1.652021,52.633565,On or near SORREL,E01029824,Tamworth 003D,Investigation complete; no suspect identified
9151b28ab43c3a28586749d263d615cdb3a83c95bbe19abaf6a0342aa3aac96e,2019-12,Staffordshire Police,Staffordshire Police,-1.699526,52.635547,On or near ALFRED STREET,E01029851,Tamworth 002E,Investigation complete; no suspect identified
25bb3a78fb51eb5539778b2f1ff0e3989b67025c4375736080b4d38b746dff9b,2019-12,Staffordshire Police,Staffordshire Police,-2.125427,52.889284,On or near HAWLEY CLOSE,E01029741,Stafford 004C,Investigation complete; no suspect identified
04af8b654e4efab306090fe0faeb457aa74bb6764cbbb270071a2bc250950e50,2019-12,Staffordshire Police,Staffordshire Police,-1.833934,52.650230,On or near BIRMINGHAM ROAD,E01029521,Lichfield 011C,Investigation complete; no suspect identified
eb9aa30cdf56145b7ca36e0d5362868649731ccea6f02b3495c11baf1b958d6c,2019-12,Staffordshire Police,Staffordshire Police,-1.950416,52.684371,On or near FIVES GROVE,E01029493,Lichfield 006B,Investigation complete; no suspect identified
f31935245496db23dc6dc7c2571f37ec88a62ed40b179db473e279381a168cd4,2019-12,Staffordshire Police,Staffordshire Police,-1.996499,52.842327,On or near ST JOHNS CLOSE,E01029687,Stafford 008A,Investigation complete; no suspect identified
1a6a0d82121cf7f5ab7774382058cacf660b223c38946077fd2d1196e598cb24,2019-12,Staffordshire Police,Staffordshire Police,-1.818478,52.806096,On or near Parking Area,E01029473,East Staffordshire 006E,Investigation complete; no suspect identified
85126cf825dfacb83471d111230286261f15caaa082280a830ed7278c2967751,2019-12,Staffordshire Police,Staffordshire Police,-2.000697,52.706028,On or near CHEVIOT RISE,E01029391,Cannock Chase 009D,Investigation complete; no suspect identified
1fa6d71f8e0182085e33babe86bbcc9ea5564eddc8dfd2376d227b2957e9be57,2019-12,Staffordshire Police,Staffordshire Police,,,No location,,,Investigation complete; no suspect identified
4e1398379c804d3e4e2e4df2da31e5df41379c1f9915dbfaf63c7bb76f7c68b7,2019-12,Staffordshire Police,Staffordshire Police,,,No location,,,Investigation complete; no suspect identified
5bd69f121c4b0f3da79e99b3a9cb56a0b2114e597c06ab5164ba617d8e00658d,2019-12,Staffordshire Police,Staffordshire Police,-1.704273,52.650329,On or near A513,E01029846,Tamworth 001A,Investigation complete; no suspect identified
5eb8a954c0e084f10ff3123e57028cc49d511f1fec68831f6d3b5cb46a484b60,2019-12,Staffordshire Police,Staffordshire Police,-1.596480,52.802026,On or near ASHBY ROAD,E01029468,East Staffordshire 010A,Investigation complete; no suspect identified
ba87f1d9d1cb12c0ab191b7f4ca7880c8e5b7469b43bf77a6699c04c3d26c98d,2019-12,Staffordshire Police,Staffordshire Police,-1.596480,52.802026,On or near ASHBY ROAD,E01029468,East Staffordshire 010A,Investigation complete; no suspect identified
b6e67efc2d822ab3b66e13cf831411ef8ee0438df76976c22802a2b1f72a567d,2019-12,Staffordshire Police,Staffordshire Police,,,No location,,,Investigation complete; no suspect identified
86cd334858b9d2450014d399450f038c61fa19099375404731cd1f8e7ceee2d5,2019-12,Staffordshire Police,Staffordshire Police,-2.186591,52.623904,On or near WOLVERHAMPTON ROAD,E01029614,South Staffordshire 008B,Investigation complete; no suspect identified
3dd31dd180eec56d339e0b691b54f5842c50d99efef91e707b4235062672201a,2019-12,Staffordshire Police,Staffordshire Police,-2.012477,52.701083,On or near GLENDAWN CLOSE,E01029351,Cannock Chase 008C,Investigation complete; no suspect identified
b27a0a997f9f6800c3044ee5dcdf21bd3f4344a9b9cb988aca4682aa847875ff,2019-12,Staffordshire Police,Staffordshire Police,-2.015701,52.695123,On or near OLD HEDNESFORD ROAD,E01029353,Cannock Chase 011A,Investigation complete; no suspect identified
319be367bb1787f5ddd4b2f475e232d678466c99711ddb97839300aba55e2bb3,2019-12,Staffordshire Police,Staffordshire Police,-2.013752,52.663336,On or near BARN CROFT,E01029643,South Staffordshire 005D,Investigation complete; no suspect identified
67b0e23036181bd5e32b11a7a584ac768b70e0e3b07976dfb3768c0dbca0f046,2019-12,Staffordshire Police,Staffordshire Police,,,No location,,,Investigation complete; no suspect identified
3ab5a1cc953c8ceb5a92244ff34f728618d1ee01af50dc85089d106f92378583,2019-12,Staffordshire Police,Staffordshire Police,,,No location,,,Investigation complete; no suspect identified
1099bf2f6c49ca64798de2c97f8c4d34a12be8d3b0a8a6e10ec1ac07173600bb,2019-12,Staffordshire Police,Staffordshire Police,-1.857818,52.901707,On or near RUSSELL CLOSE,E01029461,East Staffordshire 003C,Investigation complete; no suspect identified
f9dde6e2fd74cf824b745ef5670618edbb961015b5fa8a763704962d264c339f,2019-12,Staffordshire Police,Staffordshire Police,,,No location,,,Investigation complete; no suspect identified
d47d9e58ae53ddbf5be14a9436ee2e2519ee78c33ae1ce169af8dc96da39c323,2019-12,Staffordshire Police,Staffordshire Police,-2.133117,52.828301,On or near TUDOR RISE,E01029719,Stafford 007A,Investigation complete; no suspect identified
c57f687dd4fc856763935228bc7958c39bfed6e9809dd76c6c08e93bb33e7044,2019-12,Staffordshire Police,Staffordshire Police,-1.962472,52.667736,On or near BLENHEIM ROAD,E01029397,Cannock Chase 013D,Investigation complete; no suspect identified
a62035c8b0b2cca33fda5c4f173a8b0c2442a091cf02376c0b5a470e2ef87703,2019-12,Staffordshire Police,Staffordshire Police,-2.131895,52.787670,On or near LARKIN CLOSE,E01029717,Stafford 013C,Investigation complete; no suspect identified
ef9c31177237c30b039c1102ba6c0688b56b8322df5649dbfcd069bb60ccce65,2019-12,Staffordshire Police,Staffordshire Police,-1.927989,52.748743,On or near OAKTREE ROAD,E01029346,Cannock Chase 003B,Investigation complete; no suspect identified
51ba11ba347e8ddec86a2eeccd5f6648729b4c8e28d9adb6980ed45f2e87592c,2019-12,Staffordshire Police,Staffordshire Police,-1.738737,52.641357,On or near NURSERY LANE,E01029517,Lichfield 008B,Investigation complete; no suspect identified
bc58967f7cb964c456112c2c2a89dad734f99e685c43897824085e0c72943309,2019-12,Staffordshire Police,Staffordshire Police,-2.029487,52.689906,On or near Parking Area,E01029360,Cannock Chase 012B,Investigation complete; no suspect identified
042b6c18246c20b3ac7727dcb67b9eb68e5f6d2eb03c907d613c4fefc99f7e49,2019-12,Staffordshire Police,Staffordshire Police,-2.029487,52.689906,On or near Parking Area,E01029360,Cannock Chase 012B,Investigation complete; no suspect identified
3decf8ec079637330181d41ac34babed42af79136911263c59d28dece6698e03,2019-12,Staffordshire Police,Staffordshire Police,-1.649472,52.617807,On or near Parking Area,E01029859,Tamworth 007E,Investigation complete; no suspect identified
5e5a0e8d7ea1d9f4cb6a8541b698c44f62184bc25d95c2d084bf27a1fe04df21,2019-12,Staffordshire Police,Staffordshire Police,-2.247924,52.855660,On or near POPLAR CLOSE,E01029698,Stafford 005D,Investigation complete; no suspect identified
01b6ea973843c27ba6816f037e79e1532040966bf24f865c6f9269cde448c10c,2019-12,Staffordshire Police,Staffordshire Police,-1.636628,52.800771,On or near PARK STREET,E01032898,East Staffordshire 011H,Investigation complete; no suspect identified
786b9616390f79cbcfb6b06cca68fc917ad53b649d782610a6baf0636867d024,2019-12,Staffordshire Police,Staffordshire Police,-2.005034,52.708428,On or near Petrol Station,E01029384,Cannock Chase 005A,Investigation complete; no suspect identified
dd0a0c2ff4d443739c2db95d7bf88a0220a9a271e0bfb4cdc573437cd186abb5,2019-12,Staffordshire Police,Staffordshire Police,-2.005034,52.708428,On or near Petrol Station,E01029384,Cannock Chase 005A,Investigation complete; no suspect identified
0802c35b9632ff5a2010f91e7b1e2ace5ef0ef22bc550cc8c17409e325cc42d7,2019-12,Staffordshire Police,Staffordshire Police,-1.693384,52.632645,On or near Shopping Area,E01029835,Tamworth 002A,Investigation complete; no suspect identified
6823b68065ae13f1252b915aef0f5515090cf01f7b8da2119ce469ca8cafb19e,2019-12,Staffordshire Police,Staffordshire Police,-1.693384,52.632645,On or near Shopping Area,E01029835,Tamworth 002A,Investigation complete; no suspect identified
36a6db57d800645fce07c7411b939a1688a076a9b98335187fb564b46f83a74d,2019-12,Staffordshire Police,Staffordshire Police,-1.961745,52.670037,On or near CHERRY TREE ROAD,E01029397,Cannock Chase 013D,Investigation complete; no suspect identified
ebe32e217b9b104300313698c233b6735e04d0a82b30e10eaa4c9b7972800828,2019-12,Staffordshire Police,Staffordshire Police,-1.701757,52.626769,On or near Shopping Area,E01029835,Tamworth 002A,Investigation complete; no suspect identified
fab7e6b51cd7b02b710026fc8d338136eeae86bb78d71f3d5d7707e9a710fbb1,2019-12,Staffordshire Police,Staffordshire Police,-1.814866,52.748468,On or near ALREWAS ROAD,E01029509,Lichfield 002D,Investigation complete; no suspect identified
e73e9c94056190ae53091330ef923c5b5e7b6c0b02d6d7a3a3a77ab09f04f17c,2019-12,Staffordshire Police,Staffordshire Police,-1.981598,52.688893,On or near Parking Area,E01029382,Cannock Chase 009C,Investigation complete; no suspect identified
926102f2ba905c802706dc36f0f33855e9092cbcecc667561e9680b1057a38da,2019-12,Staffordshire Police,Staffordshire Police,-1.699101,52.628543,On or near LADY MEADOW CLOSE,E01029835,Tamworth 002A,Investigation complete; no suspect identified
ad5e7e46857ed547026cce2e1d70c58daef40a613a9e3a21b6f126d2c2ec9a16,2019-12,Staffordshire Police,Staffordshire Police,-1.701757,52.626769,On or near Shopping Area,E01029835,Tamworth 002A,Investigation complete; no suspect identified
7b757da8d074a047f5d303b97fa1c7dc856f3919edd027348561ad954cd67450,2019-12,Staffordshire Police,Staffordshire Police,-2.062552,52.627181,On or near HILL STREET,E01029634,South Staffordshire 007C,Investigation complete; no suspect identified
d79b62df562012aaf0888ed83412a7ecef5a132cb8e683cacce19e10db78355d,2019-12,Staffordshire Police,Staffordshire Police,-1.642453,52.833753,On or near ATHLESTAN WAY,E01029454,East Staffordshire 005A,Investigation complete; no suspect identified
666da313670dd2148923aae4e5f4df4858f04973c499f7f2d5b67918d451c2e0,2019-12,Staffordshire Police,Staffordshire Police,-2.040361,52.705797,On or near LOWLAND ROAD,E01029648,South Staffordshire 002D,Investigation complete; no suspect identified
89c818efab7c69cc5cb71a7d04fa3f7e139752775dc4878af78092ab8dfc1e5c,2019-12,Staffordshire Police,Staffordshire Police,-2.040450,52.705176,On or near WOODLAND COURT,E01029648,South Staffordshire 002D,Investigation complete; no suspect identified
7bc029841aa409d4ba2a468dd8ce802a4a7cb58daf36c87d7d3d9d544d8fe826,2019-12,Staffordshire Police,Staffordshire Police,-1.721288,52.617494,On or near MANOR ROAD,E01029502,Lichfield 012B,Investigation complete; no suspect identified
39a55595bb183c0822bd44ddbb1a540aa159f0164017490863b4ac68cb3a2d2f,2019-12,Staffordshire Police,Staffordshire Police,-2.178277,52.628322,On or near HOMEFIELD ROAD,E01029613,South Staffordshire 008A,Investigation complete; no suspect identified
763f0c87841e4606e47eb1e906cc67462c0cdb13f8cf3309a3b3e2ea17ce49f8,2019-12,Staffordshire Police,Staffordshire Police,-2.180946,52.623419,On or near GREEN OAK ROAD,E01029615,South Staffordshire 008C,Investigation complete; no suspect identified
79d1acf19026fd322df8115ce60b0666679bed3eaf9cf7c5a9f7351a68ba23b0,2019-12,Staffordshire Police,Staffordshire Police,-2.057858,52.630060,On or near THE GABLES,E01029634,South Staffordshire 007C,Investigation complete; no suspect identified
070361090030340b119157c7193f051caa6c2700611ae18a9881fadefcc54a8c,2019-12,Staffordshire Police,Staffordshire Police,-1.820363,52.683347,On or near DEANS CROFT,E01029484,Lichfield 005B,Investigation complete; no suspect identified
1a0dd37b3aa29feb598b00afa91beffe3f94d24ff99f831c95788654e33fa051,2019-12,Staffordshire Police,Staffordshire Police,-1.627618,52.791088,On or near FERRY STREET,E01029451,East Staffordshire 014C,Investigation complete; no suspect identified
46e9c7b8eb5a47876a4599e89ef0da7be20f6d5973ce97f4d1090cc3aeb9c8e4,2019-12,Staffordshire Police,Staffordshire Police,-2.103707,52.793766,On or near OLD RICKERSCOTE LANE,E01029734,Stafford 016C,Investigation complete; no suspect identified
b20095d36d19d3136216c4806bcf6b086a3921e98ce21463ceeb69e4c27b214b,2019-12,Staffordshire Police,Staffordshire Police,-1.927413,52.684476,On or near CORSICAN CLOSE,E01029490,Lichfield 009D,Investigation complete; no suspect identified
7b49f5f010a53f7b7d4f92d93a661b6cb7e4bcfdd8003932c6a68b8ea474d435,2019-12,Staffordshire Police,Staffordshire Police,,,No location,,,Investigation complete; no suspect identified
4dc3aed653a2648109a229400f695d22392d0667fe5e3bf53ec7c605af436935,2019-12,Staffordshire Police,Staffordshire Police,-1.634678,52.801502,On or near NEW STREET,E01032896,East Staffordshire 011F,Investigation complete; no suspect identified
e0f418c31c2fe425f391e3a812dbad409b787d274f62eca645a1d6956a23c30d,2019-12,Staffordshire Police,Staffordshire Police,-2.180533,52.627123,On or near BILBROOK COURT,E01029615,South Staffordshire 008C,Investigation complete; no suspect identified
8ddbd15907b7ebd8ff98b68bb09569011d1e2df1e4417f363f0a42517349479a,2019-12,Staffordshire Police,Staffordshire Police,-2.102832,52.800113,On or near CHRISTOPHER TERRACE,E01029699,Stafford 010D,Investigation complete; no suspect identified
081c6e1cb23fa4262047a07e62010b1ece92a9f901f2bd87a254d17cb8bdfe3f,2019-12,Staffordshire Police,Staffordshire Police,-1.646419,52.807803,On or near RANGEMORE STREET,E01029448,East Staffordshire 009D,Investigation complete; no suspect identified
9299a254d90ea4ab09b03540542124587a7356d30d28917b5d22579ee55e7a13,2019-12,Staffordshire Police,Staffordshire Police,-1.592921,52.805115,On or near SALISBURY AVENUE,E01029472,East Staffordshire 010E,Investigation complete; no suspect identified
ff96785ea0cde3565c1e8230b1356638e6eccc7408f7f35e544d46b153e0f433,2019-12,Staffordshire Police,Staffordshire Police,-1.865787,52.896961,On or near Police Station,E01029462,East Staffordshire 003D,Investigation complete; no suspect identified
1a9921784e5ed40c66d183357662feb19b2830d4b2298a2b716c2a09b6f9e714,2019-12,Staffordshire Police,Staffordshire Police,-1.688675,52.619544,On or near BROADSMEATH,E01029827,Tamworth 006C,Investigation complete; no suspect identified
ff3e59d2a1d6e909635b8513540e67f3c86604aa910c65c04557f25e12d39cd6,2019-12,Staffordshire Police,Staffordshire Police,-1.646639,52.811840,On or near SHOBNALL CLOSE,E01029445,East Staffordshire 009A,Investigation complete; no suspect identified
36f04d6f20b8be9247b3581033cf26a478e493777cb0c43a18459a021a9a2a77,2019-12,Staffordshire Police,Staffordshire Police,-2.286475,52.692943,On or near Conference/Exhibition Centre,E01029670,South Staffordshire 003E,Investigation complete; no suspect identified
2b8d6f33f848a2d58af59f2f12d95e49af6e9c36fa7232315ae4df7768de4673,2019-12,Staffordshire Police,Staffordshire Police,-1.835777,52.675323,On or near MAXTOCK AVENUE,E01032900,Lichfield 004G,Investigation complete; no suspect identified
c876fc0f6e059c44023c0d6116d3cbef6653821bdedf9f9922a9610bb2991e94,2019-12,Staffordshire Police,Staffordshire Police,-1.684290,52.621294,On or near BRIGHT CRESCENT,E01029827,Tamworth 006C,Investigation complete; no suspect identified
aa3f0b155a99da479bec26cacf15e59f36a1e4e69a263388997f061bc24247d5,2019-12,Staffordshire Police,Staffordshire Police,,,No location,,,Investigation complete; no suspect identified
278e79eb095e1e62f0749c055d8c6365e0afe022d5ebfdcdfc2b14b0555fde8b,2019-12,Staffordshire Police,Staffordshire Police,-2.081263,52.655146,On or near HAVERGAL PLACE,E01029636,South Staffordshire 006C,Investigation complete; no suspect identified
3ffef8c78c3a6c5010c4842d8a8e232d28fc89221a966f6dde2652602071dc6c,2019-12,Staffordshire Police,Staffordshire Police,-2.184887,52.626154,On or near JASMINE GROVE,E01029615,South Staffordshire 008C,Investigation complete; no suspect identified
0f33ab8deb9dfded030729d7299ad1042bef1f897972144528aa966bcb9676e7,2019-12,Staffordshire Police,Staffordshire Police,-2.099991,52.957600,On or near BLYTHE AVENUE,E01029704,Stafford 001C,Investigation complete; no suspect identified
14dab4eb6d83926d306c3a514690209f4d59db794b9f6d7c36345df8fd5ca0ed,2019-12,Staffordshire Police,Staffordshire Police,-2.107030,52.806033,On or near LAMMASCOTE ROAD,E01029701,Stafford 010E,Investigation complete; no suspect identified
7cbfdac3eddcb12965cfb3e2332a920aa30b62df2a8420d077a764047935c918,2019-12,Staffordshire Police,Staffordshire Police,-1.967312,52.921061,On or near Sports/Recreation Area,E01029406,East Staffordshire 001B,Investigation complete; no suspect identified
f5d947224d62580ac3aacca1b297e6895a4ab5453560d81b9bdbd647d55fc5b8,2019-12,Staffordshire Police,Staffordshire Police,-2.005034,52.708428,On or near Petrol Station,E01029384,Cannock Chase 005A,Investigation complete; no suspect identified
a19fb536aca6e27385ce00a12033f238e4894b3971d064056a097864cc019492,2019-12,Staffordshire Police,Staffordshire Police,-2.013661,52.656513,On or near SHAW'S LANE,E01029644,South Staffordshire 005E,Investigation complete; no suspect identified
6136e44f2ed2f6953f1d3345ed9f1fb2d0ae5727e049f17e02b558ae7641c696,2019-12,Staffordshire Police,Staffordshire Police,-1.717347,52.763810,On or near HOLLAND PARK,E01029442,East Staffordshire 015D,Investigation complete; no suspect identified
631a1d4299e9eabe25572a752578b6d7d534dc43be2815faf3feff2adb858845,2019-12,Staffordshire Police,Staffordshire Police,-1.972459,52.657742,On or near Petrol Station,E01029395,Cannock Chase 013B,Investigation complete; no suspect identified
730c9c7e74808f1fd77526f3fa5a18ff7b940aee52b37f9b648ef968a5290e6e,2019-12,Staffordshire Police,Staffordshire Police,-2.122237,52.785649,On or near HAZLETON GREEN,E01029727,Stafford 013D,Investigation complete; no suspect identified
ed1902a60d9e9522411e60571aa8cdaf915d26549c8efe4dd74c6855e8712a4c,2019-12,Staffordshire Police,Staffordshire Police,-2.019427,52.655972,On or near COLINWOOD CLOSE,E01029640,South Staffordshire 005C,Investigation complete; no suspect identified
3b60b33bc505bd00bd389ac275fd23ca8070fb53225e7c55fce37b3fbaecd779,2019-12,Staffordshire Police,Staffordshire Police,-1.759591,52.675993,On or near DARBY AVENUE,E01029531,Lichfield 008D,Investigation complete; no suspect identified
204e7466388f4bb7186b1417d5ef7fd10bc7a2653134936d14d83513444c12ec,2019-12,Staffordshire Police,Staffordshire Police,-1.691959,52.635734,On or near Police Station,E01029835,Tamworth 002A,Investigation complete; no suspect identified
48c691501a575eedc46873f09bfbd630a1fb5cb0283e6c4c77eb1fda6acdf597,2019-12,Staffordshire Police,Staffordshire Police,-2.074327,52.679512,On or near FOUR CROSSES LANE,E01029647,South Staffordshire 002C,Investigation complete; no suspect identified
feb6501f22a7168be24de677ddde0c88e506e8c8264efc8a20136d1fdf5a1fd5,2019-12,Staffordshire Police,Staffordshire Police,-2.000964,52.709408,On or near Supermarket,E01029389,Cannock Chase 005D,Investigation complete; no suspect identified
405d5c651be86ef55f8e03d60ab2e2a41b88ed33115464ecab56a33301e3158e,2019-12,Staffordshire Police,Staffordshire Police,-2.036675,52.722033,On or near OAK AVENUE,E01029646,South Staffordshire 002B,Investigation complete; no suspect identified
1bd92316d7a1b11642c2548db14dc00d04d4f2607547e1a1c53e7391be23dedb,2019-12,Staffordshire Police,Staffordshire Police,-1.932672,52.689316,On or near LYMINGTON ROAD,E01029487,Lichfield 006A,Investigation complete; no suspect identified
e98745531bc35969c6a39bac8984768dfb19d1a459d9f19ffcbf0f99df41ba09,2019-12,Staffordshire Police,Staffordshire Police,-1.998714,52.716825,On or near WHITFIELD ROAD,E01029388,Cannock Chase 004C,Investigation complete; no suspect identified
8c4b11ced330b45256e64b01710f6a886bd17b91d5a7730141877b0889616e5f,2019-12,Staffordshire Police,Staffordshire Police,-1.662099,52.637271,On or near DURLSTON CLOSE,E01029822,Tamworth 003C,Investigation complete; no suspect identified
605a077bb747262fe483b81e3c9d6160ba017a5072b1f1a6570f3b42ec34f1fd,2019-12,Staffordshire Police,Staffordshire Police,-1.984418,52.703951,On or near WATERLOO BOULEVARD,E01029392,Cannock Chase 009E,Investigation complete; no suspect identified
44f6cd867198b18b4f600e1d5e0d42d26d02fde5ccf9153e16720086414ac08d,2019-12,Staffordshire Police,Staffordshire Police,-2.000964,52.709408,On or near Supermarket,E01029389,Cannock Chase 005D,Investigation complete; no suspect identified
90c0d4128a3d8ec09a241795a314208fc7eb6deace784bf953b91bb641b983fe,2019-12,Staffordshire Police,Staffordshire Police,-2.012702,52.661502,On or near MARTIN GROVE,E01029642,South Staffordshire 004G,Investigation complete; no suspect identified
254a1f676052ad1d898d3c5bc6748744827f53f3bd1262279983350aee1538fa,2019-12,Staffordshire Police,Staffordshire Police,-1.668515,52.605492,On or near TOWN WALL,E01032902,Tamworth 010G,Investigation complete; no suspect identified
641824d7a7e11a4ac559ef8400eb48c9d408d26a405b3ccc13905cfe77ea0b42,2019-12,Staffordshire Police,Staffordshire Police,-1.745151,52.732877,On or near EXCHANGE ROAD,E01029477,Lichfield 002A,Investigation complete; no suspect identified
eeb255c856944fee74b7ef5e17b9f017d0ab42f13076a23593dde26f41380470,2019-12,Staffordshire Police,Staffordshire Police,-1.822223,52.837385,On or near THORNEY LANES,E01029473,East Staffordshire 006E,Investigation complete; no suspect identified
89dee474b04f3b21c47eb6fcbebe727276ff79ddefea1e03da5c4828ef290475,2019-12,Staffordshire Police,Staffordshire Police,-1.822223,52.837385,On or near THORNEY LANES,E01029473,East Staffordshire 006E,Investigation complete; no suspect identified
9eee91338d38947724115d1836bf9cdd9b0f9d446605bf47163c813a51aafc7a,2019-12,Staffordshire Police,Staffordshire Police,-1.706559,52.626700,On or near VENTURA PARK ROAD,E01029837,Tamworth 005B,Investigation complete; no suspect identified
a80d5e092abdfa3de6bf5751c958424c1ac4999d2128fdd31cbc09f336d13478,2019-12,Staffordshire Police,Staffordshire Police,-1.692697,52.633668,On or near COLEHILL,E01029835,Tamworth 002A,Investigation complete; no suspect identified
625dc938709efef0e32e9ab7d5bec43487206bfc5d3f69f44b2b8e49b92a02a1,2019-12,Staffordshire Police,Staffordshire Police,-1.646426,52.823382,On or near MORLEY'S HILL,E01029434,East Staffordshire 007A,Investigation complete; no suspect identified
3c41fbb2992046a99f5bd2e477eea3162399b7eff387a0c2a19afaf7fbbe564e,2019-12,Staffordshire Police,Staffordshire Police,-1.651934,52.625914,On or near SANDY WAY,E01029820,Tamworth 003A,Investigation complete; no suspect identified
6c01380cd7ce0c813d0d0bfd19da48c64209a6922bead4c66ff0c724e17e375e,2019-12,Staffordshire Police,Staffordshire Police,-1.889927,52.908906,On or near FRADGLEY GROVE,E01029430,East Staffordshire 002A,Investigation complete; no suspect identified
ab9e8f4912987bffaa06f97b989554e54c8646d08c699f4072ea5222d1ea5f1f,2019-12,Staffordshire Police,Staffordshire Police,-2.115963,52.807194,On or near Theatre/Concert Hall,E01029701,Stafford 010E,Investigation complete; no suspect identified
f5e3d1a156e2ced1fb0cc8f766d176ddf614ffb6a18957f47b29a3df6281a102,2019-12,Staffordshire Police,Staffordshire Police,-1.652444,52.619290,On or near CAMHOUSES,E01029842,Tamworth 007B,Investigation complete; no suspect identified
77feda89f8a816d6c5f8e1627c2554d67b81af351cff850c9c41900f46486b0a,2019-12,Staffordshire Police,Staffordshire Police,-1.689160,52.626198,On or near ORCHARD STREET,E01029838,Tamworth 005C,Investigation complete; no suspect identified
1cf8fba24e5d5678612261a9bb52eb1b64ba4e992cc9ed5d124b879866832317,2019-12,Staffordshire Police,Staffordshire Police,-1.635713,52.812571,On or near LITTLE BURTON WEST,E01029426,East Staffordshire 008A,Investigation complete; no suspect identified
c406870065cd421f001c563acbfa8cba3adc9eec22d4bbca3d8215761a991e61,2019-12,Staffordshire Police,Staffordshire Police,-1.692493,52.645984,On or near WIGGINTON ROAD,E01029853,Tamworth 001E,Investigation complete; no suspect identified
a7e83b79b8f8a59624f39288215b8ec26e1a9a0d29bfa5f619cca179651828ff,2019-12,Staffordshire Police,Staffordshire Police,-2.168322,52.521187,On or near Sports/Recreation Area,E01029645,South Staffordshire 013A,Investigation complete; no suspect identified
211677748dcd373b52901725d073bfb342fd039c9e79b922fe2343471dd8713c,2019-12,Staffordshire Police,Staffordshire Police,-2.019306,52.684775,On or near DEVON ROAD,E01029362,Cannock Chase 012D,Investigation complete; no suspect identified
5d2c3b951a3d35cc5114a51362ffdb677b66abc4a8c7d991894685f63490e274,2019-12,Staffordshire Police,Staffordshire Police,-2.148962,52.908944,On or near MOUNT STREET,E01029746,Stafford 003D,Investigation complete; no suspect identified
e77292ca812245bd4d8d068bcb383a86ec5a314dc3ef6888b8d6ec1cca061b39,2019-12,Staffordshire Police,Staffordshire Police,-1.644757,52.793307,On or near SOUTH BROADWAY STREET,E01029410,East Staffordshire 011D,Investigation complete; no suspect identified
2617c49684f7b84b5060c0eea066a29ed17b31240276b836f019e3856e1c9a89,2019-12,Staffordshire Police,Staffordshire Police,-2.263415,52.588320,On or near HIGH PATH,E01029654,South Staffordshire 010A,Investigation complete; no suspect identified
f2dbcf97577be4b4b7053dcf0cabe188ed99be520e6433f3199d751d9b195f35,2019-12,Staffordshire Police,Staffordshire Police,-1.697137,52.628403,On or near RIVERDRIVE,E01029835,Tamworth 002A,Investigation complete; no suspect identified
cc82220f29bfbf6feee2bcca8cebe9f758e30ddd5b763d5ded6e571d6e491d02,2019-12,Staffordshire Police,Staffordshire Police,-2.156320,52.552893,On or near COTSDALE ROAD,E01029673,South Staffordshire 012B,Investigation complete; no suspect identified
0b41a3696422a55e0d5e0517f00f885441b975eb5c91ce54eed3748f3a1d9ccf,2019-12,Staffordshire Police,Staffordshire Police,-2.183174,52.530856,On or near POPLAR CLOSE,E01029676,South Staffordshire 012C,Investigation complete; no suspect identified
a57336e76f84c9492386e37d0ab295216e2f5f75cb1a9946895ea854ba8cf849,2019-12,Staffordshire Police,Staffordshire Police,-2.013693,52.662455,On or near ASH LANE,E01029643,South Staffordshire 005D,Investigation complete; no suspect identified
425b18e266b23899af306c9efe908ba9f230fda41a98e1c1e1f97e9ad0b4a698,2019-12,Staffordshire Police,Staffordshire Police,-2.190889,52.904739,On or near Pedestrian Subway,E01029683,Stafford 002C,Investigation complete; no suspect identified
2c8147f18372133ca658a95662dce5033f28900c36002d2c1ff18ce20b7025be,2019-12,Staffordshire Police,Staffordshire Police,-1.871070,52.910010,On or near A50,E01029433,East Staffordshire 002D,Investigation complete; no suspect identified
5f4cdc58b6a01138d6ff5e4edbe3ced66f0a76d8bf0e9f8f14ea11a4c422b4bb,2019-12,Staffordshire Police,Staffordshire Police,-1.871070,52.910010,On or near A50,E01029433,East Staffordshire 002D,Investigation complete; no suspect identified
fc60c8d504767ef2d49669e0ae8fdd23b5441369f7ab3f214ab17055a9746485,2019-12,Staffordshire Police,Staffordshire Police,-1.871070,52.910010,On or near A50,E01029433,East Staffordshire 002D,Investigation complete; no suspect identified
dd2162808068d01d0f892cd493ed6850c491b6b6ab1aa408411c50bb73810de0,2019-12,Staffordshire Police,Staffordshire Police,-2.162876,52.872456,On or near Petrol Station,E01029733,Stafford 004A,Investigation complete; no suspect identified
301ef3e34c3e74ad105f2933abf72be919081310b4604846cb02b62d8dbec782,2019-12,Staffordshire Police,Staffordshire Police,-2.058684,52.629107,On or near PARKS CRESCENT,E01029634,South Staffordshire 007C,Investigation complete; no suspect identified
0020abd2b1d898d9173a7490c686e03bb3fed695d1625df1e4f7f6cb597a3adb,2019-12,Staffordshire Police,Staffordshire Police,-1.904027,52.643575,On or near LICHFIELD ROAD,E01029523,Lichfield 011E,Investigation complete; no suspect identified
0d8955eac3af480e2bd1bead82159442567c589e330e9f438fc9b6bc45b4fe5a,2019-12,Staffordshire Police,Staffordshire Police,-2.200663,52.954057,On or near Parking Area,E01029748,Stafford 002D,Investigation complete; no suspect identified
2176410e746fed1b0dc60a91b8f99188d68ce009e464b3acb2b8d547aeaf9b43,2019-12,Staffordshire Police,Staffordshire Police,-1.676728,52.603204,On or near VANGUARD,E01032901,Tamworth 010F,Investigation complete; no suspect identified
ede00356c48b5f332f864cc8790608a2c2efd8abfbf610f9950e31f750fe8d5b,2019-12,Staffordshire Police,Staffordshire Police,-2.118253,52.787594,On or near BURTON SQUARE,E01029727,Stafford 013D,Investigation complete; no suspect identified
c3b7d20535eb523db4bf394a8d92e8976af159bb69c67375eff76691ac7b7741,2019-12,Staffordshire Police,Staffordshire Police,-2.040399,52.683116,On or near CHALFONT AVENUE,E01029361,Cannock Chase 012C,Investigation complete; no suspect identified
6ab17a662b6975002b0b1fc462633e1426c4e37f3d231821cf122f7077efdebe,2019-12,Staffordshire Police,Staffordshire Police,-1.679266,52.603409,On or near GURNARD,E01029860,Tamworth 009A,Investigation complete; no suspect identified
4e4c0340b03e8946de8983879dbe0be357f84ab881c9d1787c4e2fba4d911a35,2019-12,Staffordshire Police,Staffordshire Police,-1.645768,52.831399,On or near ROLLESTON ROAD,E01029466,East Staffordshire 004F,Investigation complete; no suspect identified
32cc970e09cdf156bb71073d86af9f4429a3b2b10568f3509ea9009c02d78206,2019-12,Staffordshire Police,Staffordshire Police,-2.149932,52.897076,On or near Petrol Station,E01029756,Stafford 003F,Investigation complete; no suspect identified
349acf65321713bdde5e87e4327d8e700bb6a21da8435036de249000053a6f3c,2019-12,Staffordshire Police,Staffordshire Police,-1.603918,52.804487,On or near HERBERT STREET,E01029470,East Staffordshire 010C,Investigation complete; no suspect identified
cc5620d8a3c9e040f7367a413a8d9d21374f3f4acacdf57c5d8597ca823a26b8,2019-12,Staffordshire Police,Staffordshire Police,-2.176468,52.520294,On or near CHERRY LANE,E01029645,South Staffordshire 013A,Investigation complete; no suspect identified
4c08fbdc9e9301c857bc9ad36a0ee78de4df1f6d6942fb793381f56c42656e27,2019-12,Staffordshire Police,Staffordshire Police,-1.604431,52.805199,On or near STANHOPE STREET,E01029470,East Staffordshire 010C,Investigation complete; no suspect identified
4d2083dc433e042e84c1e08c1b09fd2637650844b1f622d520d726b1ebb74354,2019-12,Staffordshire Police,Staffordshire Police,-2.125376,52.897339,On or near BOWERS COURT,E01029739,Stafford 004B,Investigation complete; no suspect identified
6a46b0d15d92cfbb88ab1c52952e575957bc8be2c8d51414d61d091c72fb7a4e,2019-12,Staffordshire Police,Staffordshire Police,-1.835726,52.609932,On or near SMARTS AVENUE,E01029522,Lichfield 011D,Investigation complete; no suspect identified
0495567244b469b6ab056e8240db4071a4c1f86af6f8ef1db2c6312a364e90d3,2019-12,Staffordshire Police,Staffordshire Police,-2.128884,52.897533,On or near AUGUSTINE CLOSE,E01029739,Stafford 004B,Investigation complete; no suspect identified
5823c41ad231eedbe50d3ed1c978c38816da26075a73fc3b348712ba85b9207b,2019-12,Staffordshire Police,Staffordshire Police,-2.018982,52.654246,On or near ACHILEES CLOSE,E01029640,South Staffordshire 005C,Investigation complete; no suspect identified
67f1b920877e8301cd6f246faa04b82f9a1e370c7211e4cfa1ce9a9775bffda0,2019-12,Staffordshire Police,Staffordshire Police,-2.043103,52.888579,On or near ALLWAYS CLOSE,E01029733,Stafford 004A,Investigation complete; no suspect identified
3b5eb5ea65ef0eddbc15e685ce84c03a5c151d1a052761bf8b9ad4796bab778e,2019-12,Staffordshire Police,Staffordshire Police,-1.919740,52.746877,On or near GARRICK RISE,E01029347,Cannock Chase 003C,Investigation complete; no suspect identified
3cbdb644af9c40cb52fd4d35a441da59e674b90343f1b1aa944827340e61f1c2,2019-12,Staffordshire Police,Staffordshire Police,-2.035143,52.658495,On or near EAGLE CLOSE,E01029623,South Staffordshire 004C,Investigation complete; no suspect identified
ac9f1bb4c1adbb779dda68e2082b2362eb6dbf11ee9ad0c4b47f2b3f170d68e3,2019-12,Staffordshire Police,Staffordshire Police,-1.672540,52.630180,On or near ARGYLE STREET,E01029832,Tamworth 004C,Investigation complete; no suspect identified
3c107c41237532f5cde204869f4ba081ccd4cea124a9f23fc19f07288ed67c32,2019-12,Staffordshire Police,Staffordshire Police,-1.646419,52.807803,On or near RANGEMORE STREET,E01029448,East Staffordshire 009D,Investigation complete; no suspect identified
9b1fccc7a78aec7f3d580bf97cf9fa38d8479226720e0a2254c922b56aadee57,2019-12,Staffordshire Police,Staffordshire Police,-2.147700,52.813595,On or near RYE COURT,E01029752,Stafford 007E,Investigation complete; no suspect identified
504b0764beee836c82be100afc0059cb72497dcdb7783b73d9052d046376a4b8,2019-12,Staffordshire Police,Staffordshire Police,-2.147700,52.813595,On or near RYE COURT,E01029752,Stafford 007E,Investigation complete; no suspect identified
16954326e9b40c9505bc54cfb86a0349e2c9c74dde5f45333336b285dc99a503,2019-12,Staffordshire Police,Staffordshire Police,-1.874789,52.738496,On or near PEAK CLOSE,E01029481,Lichfield 001B,Investigation complete; no suspect identified
263c1fd8ddd0fb0037fee73d174b3367edaf34a4c5c04e3c8617b967075d6591,2019-12,Staffordshire Police,Staffordshire Police,-1.903852,52.898751,On or near Sports/Recreation Area,E01029430,East Staffordshire 002A,Investigation complete; no suspect identified
86617ce02bd80b9287241ca0fe1e637ab00dd52526fbab2e7de458c2e4f6a732,2019-12,Staffordshire Police,Staffordshire Police,-2.025137,52.689098,On or near Supermarket,E01029360,Cannock Chase 012B,Investigation complete; no suspect identified
dcc663b71ca635afba3a22a3e7a03c612d26e6642d3f249e583079955626444b,2019-12,Staffordshire Police,Staffordshire Police,-1.684214,52.594927,On or near ALVERTON CLOSE,E01029862,Tamworth 009C,Investigation complete; no suspect identified
30777cb4398c37511d49179750b4973cf683a74d56df2e2465121a3638242bc2,2019-12,Staffordshire Police,Staffordshire Police,-1.624159,52.822523,On or near Petrol Station,E01029428,East Staffordshire 008C,Investigation complete; no suspect identified
0d3a11d534e08d1881b998498f41b2982bb891259de77c00ce7b493300d31bee,2019-12,Staffordshire Police,Staffordshire Police,-1.696643,52.633580,On or near KING STREET,E01029835,Tamworth 002A,Investigation complete; no suspect identified
0a4ba575c7edfaa96d05d56737a9ec432fe2445b6f80ae4888d7fb1b6afc3b64,2019-12,Staffordshire Police,Staffordshire Police,-2.104276,52.727683,On or near LEACROFT ROAD,E01029655,South Staffordshire 001A,Investigation complete; no suspect identified
90af94ab677e30beb8c0e5ad20297765dbb700a935dca50f33ae0e9bb3f6a02e,2019-12,Staffordshire Police,Staffordshire Police,-1.838613,52.680191,On or near WILMOTT CLOSE,E01029512,Lichfield 007C,Investigation complete; no suspect identified
9e2915a48f19838d38af28278a3b8b8ec5a45cc9b6f8481c44a02035784d512f,2019-12,Staffordshire Police,Staffordshire Police,-2.031661,52.688153,On or near Police Station,E01029360,Cannock Chase 012B,Investigation complete; no suspect identified
35e0a3a98ef764c40f0d0b444cee1e8bcd931dd00dbc2ecd402086dbeedeb75c,2019-12,Staffordshire Police,Staffordshire Police,-1.684849,52.646413,On or near ARKALL CLOSE,E01029854,Tamworth 001F,Investigation complete; no suspect identified
56660a5f8fc74e136a87d31b3d673300364924e853e58ff29c482b6fb35a5428,2019-12,Staffordshire Police,Staffordshire Police,-1.684849,52.646413,On or near ARKALL CLOSE,E01029854,Tamworth 001F,Investigation complete; no suspect identified
7189975903d81bb4314952807bba5eebd3cf57cb07479558f70888e446cb6f43,2019-12,Staffordshire Police,Staffordshire Police,-1.684849,52.646413,On or near ARKALL CLOSE,E01029854,Tamworth 001F,Investigation complete; no suspect identified
e7b21dff37d8ebfa43cff17220fe1bb0b8df879dce0f3449755f2d5f4d819b71,2019-12,Staffordshire Police,Staffordshire Police,-1.650725,52.805452,On or near SHOBNALL ROAD,E01029448,East Staffordshire 009D,Investigation complete; no suspect identified
98bed8dd408b774d8a4529c457517e319d8e1efe9a7cdd205332f967941a1ded,2019-12,Staffordshire Police,Staffordshire Police,-1.633723,52.800510,On or near Shopping Area,E01032896,East Staffordshire 011F,Investigation complete; no suspect identified
daa625bea53eed4928de60e16954c33bcfc6c70e075109dd1ba7fec7ddaed0ef,2019-12,Staffordshire Police,Staffordshire Police,-1.684290,52.621294,On or near BRIGHT CRESCENT,E01029827,Tamworth 006C,Investigation complete; no suspect identified
b01fc3294918900eda80b9b9e2ea36dbf50224fdeb245dbfeb46f9adb03b55fe,2019-12,Staffordshire Police,Staffordshire Police,-1.871070,52.910010,On or near A50,E01029433,East Staffordshire 002D,Investigation complete; no suspect identified
156036d3bcbaac1b2d5e7b18a6d9dfbf54998fafb94db9055b7e13850c1ebd87,2019-12,Staffordshire Police,Staffordshire Police,-2.153405,52.908219,On or near FIELD HOUSE COURT,E01029744,Stafford 003B,Investigation complete; no suspect identified
90d95b5c8300e1d69eb95e14c1d2b47ddb1205ae230f472a9e506b9c76d62bca,2019-12,Staffordshire Police,Staffordshire Police,-2.109594,52.805159,On or near Supermarket,E01029701,Stafford 010E,Investigation complete; no suspect identified
95d5a679aaa63a46453d5a94136815c46a3963b88e88ca040201cfd1ceeaa90f,2019-12,Staffordshire Police,Staffordshire Police,,,No location,,,Investigation complete; no suspect identified
e3161382c6add57750d0297e14eb70061426326c6936c827b612efcf4122552b,2019-12,Staffordshire Police,Staffordshire Police,-1.963172,52.678694,On or near GRANGE ROAD,E01029394,Cannock Chase 013A,Investigation complete; no suspect identified
7ac33f8b94b6335865b663344b77e9d8fd6c82b86b53189eac0d8916375e61af,2019-12,Staffordshire Police,Staffordshire Police,-1.675731,52.610241,On or near WATLING STREET,E01032902,Tamworth 010G,Investigation complete; no suspect identified
99c3fb5b940526bf3421c552325ee36fe99c1f88e57aaad77c13f7d9d1c6efe8,2019-12,Staffordshire Police,Staffordshire Police,-1.919426,52.748513,On or near Sports/Recreation Area,E01029347,Cannock Chase 003C,Investigation complete; no suspect identified
ea0694a24abf7a53ba7181f64bc026374e1828108cfea1fcc5e0fc49eba15d7c,2019-12,Staffordshire Police,Staffordshire Police,-1.996197,52.715800,On or near SANDPIPER CLOSE,E01029389,Cannock Chase 005D,Investigation complete; no suspect identified
5be7292a34385103768f03367b3c78f458e700dd520c8944abb7ce8e4aaccee1,2019-12,Staffordshire Police,Staffordshire Police,-2.176468,52.520294,On or near CHERRY LANE,E01029645,South Staffordshire 013A,Investigation complete; no suspect identified
19aa0861426d9667cf708e1791324c7ab9c8853c964d6e069cc2da16cd9c3eb3,2019-12,Staffordshire Police,Staffordshire Police,-2.071766,52.965207,On or near PARK VIEW,E01029702,Stafford 001A,Investigation complete; no suspect identified
6b587e34fbafa9dd0f4a9919c01c72dd88da6697a3a7e554c06e2169811593bf,2019-12,Staffordshire Police,Staffordshire Police,-2.146519,52.903337,On or near Supermarket,E01029745,Stafford 003C,Investigation complete; no suspect identified
ec52a682366b3c002420da4d50be4bc735b4228a0f1bb7e1c66b4bf62cbf221e,2019-12,Staffordshire Police,Staffordshire Police,-2.028672,52.687021,On or near HALLCOURT LANE,E01029360,Cannock Chase 012B,Investigation complete; no suspect identified
00405e8ff034d888dc719aa3c8fe56374afa21bc0c9ef24965d1eb5d3fff833f,2019-12,Staffordshire Police,Staffordshire Police,-1.767047,52.720165,On or near PASKIN CLOSE,E01029479,Lichfield 002C,Investigation complete; no suspect identified
8f746e7e034be4cfb956d174d8c7ff75aa2303e6597186063eb0f6a2ee727325,2019-12,Staffordshire Police,Staffordshire Police,-1.872156,52.909733,On or near ASHBOURNE ROAD,E01029433,East Staffordshire 002D,Investigation complete; no suspect identified
c64d02bd1cecf52c673aa4dd9b68dd087f2e2f5cee668d352c135c2e49bb7878,2019-12,Staffordshire Police,Staffordshire Police,-1.940487,52.752463,On or near DEVALL CLOSE,E01029373,Cannock Chase 002B,Investigation complete; no suspect identified
cc6f33c1b6e3be35093b454bae84d88dc2fd75798dd49fc50aee454b79e08493,2019-12,Staffordshire Police,Staffordshire Police,,,No location,,,Investigation complete; no suspect identified
d330c89fff2a5a89f7044d206d734def05a5cc782a11a3fa6e1b0c7fd5df7cad,2019-12,Staffordshire Police,Staffordshire Police,-2.145769,52.901136,On or near STAFFORD STREET,E01029745,Stafford 003C,Investigation complete; no suspect identified
3176b0843a192e654e812ff32fcbb4e85c359393a83ef7bb5876de005a2da1ac,2019-12,Staffordshire Police,Staffordshire Police,-1.683457,52.628286,On or near TOLMAN DRIVE,E01029833,Tamworth 005A,Investigation complete; no suspect identified
413646e16e1551796c83048aefdead0585c10d3441727278d9d55a15aa0a8123,2019-12,Staffordshire Police,Staffordshire Police,-1.964288,52.670919,On or near VICTORIA COURT,E01029397,Cannock Chase 013D,Investigation complete; no suspect identified
8d0aea79f0f6e994194f0904b2aec38bfe73c949df85d8d22bd795e0137a6ea7,2019-12,Staffordshire Police,Staffordshire Police,-1.964288,52.670919,On or near VICTORIA COURT,E01029397,Cannock Chase 013D,Investigation complete; no suspect identified
50cf366b36b08f560fa2eb2920da3538dadb3cd94698958c274388550c2d333f,2019-12,Staffordshire Police,Staffordshire Police,-1.863776,52.898118,On or near MARKET PLACE,E01029460,East Staffordshire 003B,Investigation complete; no suspect identified
240ee5cd8d85bc1abb3bcb807bd6a56b1d9ab5fc135f2f50149c53aa6ecee70b,2019-12,Staffordshire Police,Staffordshire Police,-1.919979,52.681028,On or near Supermarket,E01029489,Lichfield 009C,Investigation complete; no suspect identified
2b62dce4be7613332e6974577ccf8cd967d1833bebd7b0b9afcf701db2db71c7,2019-12,Staffordshire Police,Staffordshire Police,-1.831369,52.683219,On or near SWAN MEWS,E01032899,Lichfield 004F,Investigation complete; no suspect identified
f43e7b1766cec5e87d02bea547f8e811d28063e015b8e4ca84bf520567567a13,2019-12,Staffordshire Police,Staffordshire Police,-2.194125,52.527198,On or near CYGNET COURT,E01029677,South Staffordshire 013F,Investigation complete; no suspect identified
eeb5f8e01466a2b3c01fc8700984c9e7ef36162d973803bb5795313e7a353cc8,2019-12,Staffordshire Police,Staffordshire Police,-1.841633,52.687737,On or near Supermarket,E01032899,Lichfield 004F,Investigation complete; no suspect identified
de86afc8abffff21587dbeca0b8c34e0ee066a8b9ef261f1d1ebe35e675ca548,2019-12,Staffordshire Police,Staffordshire Police,-2.180092,52.627762,On or near Supermarket,E01029613,South Staffordshire 008A,Investigation complete; no suspect identified
ed60ca0735f756bcfbb433993426e7501972e85bc3e2971089575e3ed6f0b8b6,2019-12,Staffordshire Police,Staffordshire Police,-1.822183,52.672256,On or near Petrol Station,E01029518,Lichfield 007D,Investigation complete; no suspect identified
9e5bd53caaa557ed4d243ad57eda4135a668fd80d42c2540dd45f62a3afdeb2d,2019-12,Staffordshire Police,Staffordshire Police,-2.032259,52.697025,On or near WESTBOURNE AVENUE,E01029367,Cannock Chase 011E,Investigation complete; no suspect identified
22f7c7c0864f1a524f4afe3c77a9055de61b5b6486e2033045f21d0e289033a8,2019-12,Staffordshire Police,Staffordshire Police,-1.666929,52.602431,On or near HOCKLEY ROAD,E01032901,Tamworth 010F,Investigation complete; no suspect identified
ea759e59958dc54ed68bdbfeb6c97e9a24e6c96352801946105dc3adb7cd3cc0,2019-12,Staffordshire Police,Staffordshire Police,-2.198522,52.593553,On or near AVON CLOSE,E01029664,South Staffordshire 011B,Investigation complete; no suspect identified
ff9a799ccca8015403369d3f513fa47ed1e06e75b027b871150859a12a540f70,2019-12,Staffordshire Police,Staffordshire Police,,,No location,,,Investigation complete; no suspect identified
7096c852e47855cc2a79682790c65e8d9b0f99192ac76f2a738beef587754d98,2019-12,Staffordshire Police,Staffordshire Police,-1.631072,52.801761,On or near Shopping Area,E01032896,East Staffordshire 011F,Investigation complete; no suspect identified
4770f86bfd8baf98cc595c4d02774a20a8819098bd64519317b678b4dd422109,2019-12,Staffordshire Police,Staffordshire Police,-1.631072,52.801761,On or near Shopping Area,E01032896,East Staffordshire 011F,Investigation complete; no suspect identified
25ee362a1a00c6ffbd396735dabca59bef2b0b93daaecbf73b412ae2fcd0e157,2019-12,Staffordshire Police,Staffordshire Police,-1.933573,52.670744,On or near Parking Area,E01029497,Lichfield 006E,Investigation complete; no suspect identified
e0132054c5a25c7bb484b70d2e764ff484d475c0781b8e7e90bd6e232cd52d51,2019-12,Staffordshire Police,Staffordshire Police,,,No location,,,Investigation complete; no suspect identified
ae75e4da7eec6df95f15b50fac0c0310f711a61716edc22b04ecb74cbdd4d1e5,2019-12,Staffordshire Police,Staffordshire Police,-2.025137,52.689098,On or near Supermarket,E01029360,Cannock Chase 012B,Investigation complete; no suspect identified
e832a80eb08d8d55478ea72bc25ef9082603249139825c629fda4ca0da91cc3a,2019-12,Staffordshire Police,Staffordshire Police,-2.173666,52.940301,On or near CHAPEL COURT,E01029682,Stafford 002B,Investigation complete; no suspect identified
4985484232ecb1bdef38a521bea15b2173b7d546294065e1350589b93af57307,2019-12,Staffordshire Police,Staffordshire Police,-1.652666,52.621161,On or near CARLCROFT,E01029842,Tamworth 007B,Investigation complete; no suspect identified
8338f0d107e4c176aec11d09e730f0cf61c2033cb9c2e7405c3a35a496b53bb3,2019-12,Staffordshire Police,Staffordshire Police,-1.833113,52.687563,On or near DARWIN CLOSE,E01029491,Lichfield 007A,Investigation complete; no suspect identified
2f623770088caa6d9a340efd2a20c22cb09f5348d2eb08e4a91097bb3452b6c8,2019-12,Staffordshire Police,Staffordshire Police,,,No location,,,Investigation complete; no suspect identified
9586c5f57c4e9fa108d23e08a0b15f24fb21798682117b2e60cde242dd62b995,2019-12,Staffordshire Police,Staffordshire Police,-2.178815,52.622478,On or near WESLEY AVENUE,E01029613,South Staffordshire 008A,Investigation complete; no suspect identified
c159f3ca2116cc5d168b0d24e973e6690cbcd33eefd4655dfd32b428926d3e38,2019-12,Staffordshire Police,Staffordshire Police,-1.707340,52.615924,On or near FALLOW ROAD,E01029504,Lichfield 012D,Investigation complete; no suspect identified
d8a451b741d25e45f13aff1f7d33b06e6df0f55178dfca45ce41778b58200665,2019-12,Staffordshire Police,Staffordshire Police,-2.115960,52.806277,On or near ST CHAD'S PLACE,E01029701,Stafford 010E,Investigation complete; no suspect identified
1fe4ccfabb817cd4dc058e5ba8854e83e21e64edba049c5814156efaf37dd9b7,2019-12,Staffordshire Police,Staffordshire Police,-1.655528,52.817170,On or near Hospital,E01029435,East Staffordshire 007B,Investigation complete; no suspect identified
eb8eaa734b79940749d9c7fce264d4271d3182c0204d804f904d714ef98a7870,2019-12,Staffordshire Police,Staffordshire Police,-1.691434,52.632568,On or near Pedestrian Subway,E01029838,Tamworth 005C,Investigation complete; no suspect identified
eefd300f17b181487c1205b3fd02dac4d8517cbd8f88bc305354d847a4d96da8,2019-12,Staffordshire Police,Staffordshire Police,-2.054992,52.642405,On or near Petrol Station,E01029635,South Staffordshire 007D,Investigation complete; no suspect identified
d08861d7765c29f0ac4895d9fad3cc7ccdfd738bf74b268be11463aae3fa35c0,2019-12,Staffordshire Police,Staffordshire Police,-2.087561,52.640704,On or near CANNOCK ROAD,E01029635,South Staffordshire 007D,Investigation complete; no suspect identified
ed7724f9c1756ab9f1c9656c4e4ddf2955e07e34a0beb120ce50234c84549c0b,2019-12,Staffordshire Police,Staffordshire Police,-1.652021,52.633565,On or near SORREL,E01029824,Tamworth 003D,Investigation complete; no suspect identified
caf78eacfc84b171f63fef8a5a2a8c430746e803bfc5d703877c9c0537c0d850,2019-12,Staffordshire Police,Staffordshire Police,-1.618892,52.830911,On or near ALDERHOLME DRIVE,E01029455,East Staffordshire 005B,Investigation complete; no suspect identified
a23df95abeaa7e75a90b8e9268866d99e741c1f75f28060c90c43679a31ff333,2019-12,Staffordshire Police,Staffordshire Police,-1.776044,52.712425,On or near SHAW DRIVE,E01029479,Lichfield 002C,Investigation complete; no suspect identified
eed66106c0c32b4b3a8d38465f21e6f725b2c787c3848fc5e938d26d8e09e871,2019-12,Staffordshire Police,Staffordshire Police,-2.225719,52.711998,On or near MEADOW CLOSE,E01029669,South Staffordshire 003D,Investigation complete; no suspect identified
9ba9864e736e592197521581657172568d81c0442bfcf90b9c83812560772403,2019-12,Staffordshire Police,Staffordshire Police,-1.825759,52.684056,On or near Nightclub,E01029526,Lichfield 004E,Investigation complete; no suspect identified
521fe16b45b7ba7db076e9eaa0c6db0c8ea42ed0149216f98510266d45fb06ed,2019-12,Staffordshire Police,Staffordshire Police,-1.717339,52.597645,On or near RECTORY CLOSE,E01029488,Lichfield 012A,Investigation complete; no suspect identified
2a81181d0ab78ec15a565c3abac7838dabb3b117f19bc64a11968e07eff82f5a,2019-12,Staffordshire Police,Staffordshire Police,-2.115807,52.804524,On or near BRIDGE STREET,E01029701,Stafford 010E,Investigation complete; no suspect identified
936bcd5fc9933a45409b70955c7e90bdfc401f791c8c46d5f88ea2fff434e059,2019-12,Staffordshire Police,Staffordshire Police,-1.841633,52.687737,On or near Supermarket,E01032899,Lichfield 004F,Investigation complete; no suspect identified
b312269ae0d36f90d7eacb27e7599f9e60c63b585a9b1db6484d851469989742,2019-12,Staffordshire Police,Staffordshire Police,-2.014283,52.703412,On or near CANNOCK ROAD,E01029350,Cannock Chase 008B,Investigation complete; no suspect identified
e78eb807f9805519fa56da7f4c5a42e79676ffcb6531d83aa226e6a4189d14c8,2019-12,Staffordshire Police,Staffordshire Police,-1.628534,52.814167,On or near HAWKINS LANE,E01032896,East Staffordshire 011F,Investigation complete; no suspect identified
e50f91d9e01946075e174832b8975ed7a0be0000e6e49050beadff933d388246,2019-12,Staffordshire Police,Staffordshire Police,-1.671622,52.614553,On or near NYMET,E01029829,Tamworth 010A,Investigation complete; no suspect identified
2ae232f71d509781185da6d686ac45628817cb872eac9f74ee1d020e2be0db2c,2019-12,Staffordshire Police,Staffordshire Police,,,No location,,,Investigation complete; no suspect identified
d9eb5c53bb8ffd7550a6392c6458f457733e2afd5b3b9818ed863257ba81165d,2019-12,Staffordshire Police,Staffordshire Police,-2.018496,52.658193,On or near SOUTHFIELD WAY,E01029644,South Staffordshire 005E,Investigation complete; no suspect identified
dc4d7bb5924615af4b8663c5e3bbc5dc6fb899e4c30cdf86a84a751b372d3712,2019-12,Staffordshire Police,Staffordshire Police,-2.200902,52.590924,On or near ROUNDWAY DOWN,E01029664,South Staffordshire 011B,Investigation complete; no suspect identified
3824b7bfff385f8f63e981515f0b02ad836638e90d90a812fd58010326d01746,2019-12,Staffordshire Police,Staffordshire Police,-2.039586,52.618660,On or near SHERRINGHAM DRIVE,E01010398,Walsall 011C,Investigation complete; no suspect identified
31a2b0dae83ffbfe9678f47cac4239e077fa11bae0b8fe3a4a70ab9eeba24c3e,2019-12,Staffordshire Police,Staffordshire Police,-1.839529,52.640017,On or near LINCOLN CROFT,E01029521,Lichfield 011C,Investigation complete; no suspect identified
f168df818e24b2bb3f3a0da693a0b8302d37bcfd891e8ae51dd02698c2c99b1e,2019-12,Staffordshire Police,Staffordshire Police,-2.138948,52.828006,On or near BERRY ROAD,E01029751,Stafford 006D,Investigation complete; no suspect identified
9c4f11f2a54dec95f144c0f5c822401442bc2ae5ef2fb1ade9123727b2bfa2a4,2019-12,Staffordshire Police,Staffordshire Police,-2.170954,52.943055,On or near GREEN CLOSE,E01029682,Stafford 002B,Investigation complete; no suspect identified
f98d759dc027a84725ca7fa8b8a64ef1f98a04728dcfdf44f52ed2c75d9b757b,2019-12,Staffordshire Police,Staffordshire Police,-1.979838,52.687005,On or near NEWLANDS COURT,E01029382,Cannock Chase 009C,Investigation complete; no suspect identified
4692d98c0ab4d92453fbe852f417ac56adb8b81ed3a1249714f61b17b7dac485,2019-12,Staffordshire Police,Staffordshire Police,-1.802762,52.682941,On or near NETHERBRIDGE AVENUE,E01029484,Lichfield 005B,Investigation complete; no suspect identified
6bac994a6331738a2eaae515443d2af927213eb43abe5f58323ef074280681c2,2019-12,Staffordshire Police,Staffordshire Police,-2.015750,52.708392,On or near SATURN ROAD,E01029349,Cannock Chase 008A,Investigation complete; no suspect identified
05c5e13f20a2541db7eb1c1eac5855d3f92f6d00d970c5370306412bee57cd9f,2019-12,Staffordshire Police,Staffordshire Police,-1.941897,52.750791,On or near LANDOR CRESCENT,E01029374,Cannock Chase 003E,Investigation complete; no suspect identified
e2bad3a59582843c4c3b8d4007f268155e3c0e5129b255f896f4c453d4321311,2019-12,Staffordshire Police,Staffordshire Police,-2.118131,52.802607,On or near Sports/Recreation Area,E01029701,Stafford 010E,Investigation complete; no suspect identified
b94ebdef31661c0cd68348ec72729d07d1fa171f9b811351695829288c1c1a4d,2019-12,Staffordshire Police,Staffordshire Police,-2.061845,52.628476,On or near MEADOW VIEW,E01029634,South Staffordshire 007C,Investigation complete; no suspect identified
013512c366e6d37bb21cb0ef1372e031a1dcce9291e221a1ebe417e8a7d87e14,2019-12,Staffordshire Police,Staffordshire Police,-1.880614,52.899916,On or near Parking Area,E01029430,East Staffordshire 002A,Investigation complete; no suspect identified
59711c5dc66212b8c52b472a4fa0717be1f39c1ac7ee09e5858f6c395412a1ee,2019-12,Staffordshire Police,Staffordshire Police,-2.180092,52.627762,On or near Supermarket,E01029613,South Staffordshire 008A,Investigation complete; no suspect identified
300e12e1b6000ed43e515194658d9b7c591a002b3f9c1d08201c0b518562ae6b,2019-12,Staffordshire Police,Staffordshire Police,-1.673854,52.787179,On or near COURT FARM LANE,E01029416,East Staffordshire 013D,Investigation complete; no suspect identified
95fa51e9e07bac954ea83771e6943e7eaa831f6f21fdca82c070aef4a03af7ca,2019-12,Staffordshire Police,Staffordshire Police,-2.033344,52.703480,On or near GARRICK ROAD,E01029356,Cannock Chase 007C,Investigation complete; no suspect identified
d1bb8f26d62c96d04e65f424ba075be5ba84374e12b652278de7fe5b3487eb9d,2019-12,Staffordshire Police,Staffordshire Police,,,No location,,,Investigation complete; no suspect identified
b2868f0b94a384b400bd925ef2099a7d600f7136c11234071a38927da33e599b,2019-12,Staffordshire Police,Staffordshire Police,-2.213881,52.634079,On or near SLATE LANE,E01029626,South Staffordshire 009A,Investigation complete; no suspect identified
282feecd7e444112fb4eaaea32ed46ee5b11c3539cfb15c6efddfe1c237e9be7,2019-12,Staffordshire Police,Staffordshire Police,-1.826340,52.671867,On or near BYRON AVENUE,E01029518,Lichfield 007D,Investigation complete; no suspect identified
44da9f7bbca432506271acce6b065c877d8a5a23f0091f0c25551a9984ab9b25,2019-12,Staffordshire Police,Staffordshire Police,-1.628593,52.781059,On or near ROSLISTON ROAD SOUTH,E01029453,East Staffordshire 014E,Investigation complete; no suspect identified
5a38ad19e050ade2bec62cb9b45a2501b6ef53d45a9d207bbd60f3653bb28efb,2019-12,Staffordshire Police,Staffordshire Police,,,No location,,,Investigation complete; no suspect identified
b507655458ce5f3a6ac62f1408d85df6003db22ff148691c81343c6fab05879f,2019-12,Staffordshire Police,Staffordshire Police,-2.129213,52.803270,On or near MANSELL CLOSE,E01029737,Stafford 012C,Investigation complete; no suspect identified
b3221fe691ed550499c1e9213cc59e1497979a721e13e33ed595c73e36b00adc,2019-12,Staffordshire Police,Staffordshire Police,-1.934909,52.757197,On or near HORSE FAIR,E01029373,Cannock Chase 002B,Investigation complete; no suspect identified
4b327790fc787011b0ebf103872d1a1d6876a4d84905ca0d8a8d2e4529e857f7,2019-12,Staffordshire Police,Staffordshire Police,-1.835060,52.637817,On or near Supermarket,E01029522,Lichfield 011D,Investigation complete; no suspect identified
a54f6c4391911bd54e00af6f5e49aad362c96a83d136f85a5acd3df90137778b,2019-12,Staffordshire Police,Staffordshire Police,-2.132601,52.805225,On or near BARKER CLOSE,E01029736,Stafford 012B,Investigation complete; no suspect identified
08ed26f83381d502e9269069e74684e1f8dfbe33b63f6a9dc33acb579c36c1c2,2019-12,Staffordshire Police,Staffordshire Police,-2.110094,52.791755,On or near EXETER STREET,E01029734,Stafford 016C,Investigation complete; no suspect identified
54f63da983b649acc1f7fa56e8f2f53e1a8d46aa22710f806eaedd648b45be67,2019-12,Staffordshire Police,Staffordshire Police,,,No location,,,Investigation complete; no suspect identified
be876e9c9e8e6ffd297cf4f9438ee1ddb02738775f41b46782076f553d1a9133,2019-12,Staffordshire Police,Staffordshire Police,-2.040112,52.788087,On or near THE GREEN,E01029732,Stafford 011E,Investigation complete; no suspect identified
a923707edfe8d66ccf1fe324a052ab80719b952ac4172ddd427fa87e21c1cb4b,2019-12,Staffordshire Police,Staffordshire Police,-2.026482,52.686581,On or near Supermarket,E01029360,Cannock Chase 012B,Investigation complete; no suspect identified
1c51e66f686337a3d963318315ebf013f893eac27e4e47c9788d21efb8db1514,2019-12,Staffordshire Police,Staffordshire Police,-1.838604,52.642551,On or near ESSINGTON CLOSE,E01029521,Lichfield 011C,Investigation complete; no suspect identified
4e84034da0fb53485f731c6718980b5ab46f139d09c2a58011c9fd8eb26ab322,2019-12,Staffordshire Police,Staffordshire Police,-1.948555,52.770401,On or near WILLIAM MORRIS COURT,E01029371,Cannock Chase 001D,Investigation complete; no suspect identified
7acc6451c33e5c3ca9cc6f0abc1314f17224924bc7fef9e9da362f6d97dcc380,2019-12,Staffordshire Police,Staffordshire Police,-1.649472,52.617807,On or near Parking Area,E01029859,Tamworth 007E,Investigation complete; no suspect identified
e6f7e2faf127274c79447ceeb343bbf14454b617b7acc96101d99f96d760d9d0,2019-12,Staffordshire Police,Staffordshire Police,-1.938457,52.678729,On or near Supermarket,E01029497,Lichfield 006E,Investigation complete; no suspect identified
6ff54b933b03e7d5e817d10fcb8ac1cd1bedafb89eda521bdbfa7aa2f1bddd11,2019-12,Staffordshire Police,Staffordshire Police,-1.871070,52.910010,On or near A50,E01029433,East Staffordshire 002D,Investigation complete; no suspect identified
dc35a6d75cbc4f7b925b97e2545aa55cd5540c02e923cef398f00b5f8424a7dd,2019-12,Staffordshire Police,Staffordshire Police,-1.972855,52.663981,On or near CHERRY BROOK,E01029395,Cannock Chase 013B,Investigation complete; no suspect identified
dd6b02c552b5f5c87b83db488848767e4bc3996c180095669b1323e1a9605d59,2019-12,Staffordshire Police,Staffordshire Police,-2.234845,52.694271,On or near Petrol Station,E01029668,South Staffordshire 003C,Investigation complete; no suspect identified
e9f28a20f0db85334d715d19576ed1b7aeab293927a033c399c8dfa142f91c9c,2019-12,Staffordshire Police,Staffordshire Police,-2.107030,52.806033,On or near LAMMASCOTE ROAD,E01029701,Stafford 010E,Investigation complete; no suspect identified
66c694e75833c57c777a94b3bf3e1dd0c5c7402b5b4ea31f1f933053a4d992cd,2019-12,Staffordshire Police,Staffordshire Police,-1.919979,52.681028,On or near Supermarket,E01029489,Lichfield 009C,Investigation complete; no suspect identified
d6d385d910ac7635eec56b5f1ae37189ee40a098bcd87001e712716b68c6f6a5,2019-12,Staffordshire Police,Staffordshire Police,-1.685945,52.600550,On or near ORCHARD CLOSE,E01029861,Tamworth 009B,Investigation complete; no suspect identified
6dd0afc945134a86a98e038a2a7ba392d15358cb984570980b709aec04e645c6,2019-12,Staffordshire Police,Staffordshire Police,-2.109726,52.922174,On or near MARLPIT LANE,E01029683,Stafford 002C,Investigation complete; no suspect identified
b4961a726702a26747eebe46f295e36663636dbb3051367c10b431cf1e290d4e,2019-12,Staffordshire Police,Staffordshire Police,,,No location,,,Investigation complete; no suspect identified
7b584d761f9a561c587cf5b759bb60e8dd6560f73480acb4df95d866bd9ac479,2019-12,Staffordshire Police,Staffordshire Police,-1.815251,52.695969,On or near CHADSWELL HEIGHTS,E01029525,Lichfield 005G,Investigation complete; no suspect identified
187ea4c6bc8d65664c892bbe9ccaa04e65fdd12c1e4ed62dc4865fc6f9e3daa1,2019-12,Staffordshire Police,Staffordshire Police,-1.876372,52.906735,On or near APPLEWOOD CLOSE,E01029433,East Staffordshire 002D,Investigation complete; no suspect identified
633ca6373a06c2ce6f6f55658565b423a204efe1cfa22c54c85a89ecff32b6f0,2019-12,Staffordshire Police,Staffordshire Police,-2.024159,52.686132,On or near SPRING STREET,E01029360,Cannock Chase 012B,Investigation complete; no suspect identified
03373913a9b92c8ea9a05627c60e456b2fbd5f57a3abf4742dbb24a22bc5c912,2019-12,Staffordshire Police,Staffordshire Police,-1.838014,52.694214,On or near OAKENFIELD,E01029492,Lichfield 004A,Investigation complete; no suspect identified
fb892829d978414b17f2c7a1125aa1e037664eadaf451dac3e24994a29e33089,2019-12,Staffordshire Police,Staffordshire Police,-1.850873,52.889590,On or near WOOD LANE,E01029460,East Staffordshire 003B,Investigation complete; no suspect identified
9499c46e18c5958561b77bbb615e39bcc3a001a5b0542b1ffcca1cbbde8e6209,2019-12,Staffordshire Police,Staffordshire Police,-1.657378,52.638138,On or near CAISTER,E01029821,Tamworth 003B,Investigation complete; no suspect identified
b58a8ddbe9cb043bbbdd94573ebe2c48a2e2f7b418ec5d8e7431a2b2b095decc,2019-12,Staffordshire Police,Staffordshire Police,-1.877367,52.907284,On or near NEW ROAD,E01029433,East Staffordshire 002D,Investigation complete; no suspect identified
689a48edb56dd9425cd25cf0882bd5f865db7cb1b4ef2c4ba391eea9d97f2ae7,2019-12,Staffordshire Police,Staffordshire Police,-1.873678,52.892583,On or near BACK WESTLANDS ROAD,E01029462,East Staffordshire 003D,Investigation complete; no suspect identified
66f2c295fa92f6771340d1a0bed7cd3f793418a0167c635d9cf3ebcf90f3568b,2019-12,Staffordshire Police,Staffordshire Police,-2.069966,52.938996,On or near HILLSIDE CLOSE,E01029703,Stafford 001B,Investigation complete; no suspect identified
1066cff2320a0b8717aa53ed4495a9d5ef081fafaeb67d91e5cd45377e8e4130,2019-12,Staffordshire Police,Staffordshire Police,,,No location,,,Investigation complete; no suspect identified
54cc32dd4442f85b515b52e25620cdd164fbb7e6d45d462131c77da56c340e3c,2019-12,Staffordshire Police,Staffordshire Police,-1.699101,52.628543,On or near LADY MEADOW CLOSE,E01029835,Tamworth 002A,Investigation complete; no suspect identified
32bc53fa61d785d1ecc7287c4fd3b9f567232b6edf9e22259f286f983ce288f5,2019-12,Staffordshire Police,Staffordshire Police,-1.675731,52.610241,On or near WATLING STREET,E01032902,Tamworth 010G,Investigation complete; no suspect identified
a3007a5ab17d999575e39b961f4b5991d50ad83cff08adeb5323f7c641ee500f,2019-12,Staffordshire Police,Staffordshire Police,-1.706559,52.626700,On or near VENTURA PARK ROAD,E01029837,Tamworth 005B,Investigation complete; no suspect identified
af187ea96ebc8850cf79152a0abc1aa241a4d8fcc88b16b7ca4229627b3bcdb3,2019-12,Staffordshire Police,Staffordshire Police,-1.797910,52.634766,On or near HUNGRY LANE,E01029488,Lichfield 012A,Investigation complete; no suspect identified
6b8f71e0f7a41df67ca42e55ddc0584985f045278ee5c2c7cf8a26b75e508d93,2019-12,Staffordshire Police,Staffordshire Police,-1.633723,52.800510,On or near Shopping Area,E01032896,East Staffordshire 011F,Investigation complete; no suspect identified
eed1676f76cc186ad2371d13dfc796d77c88cbf8b7e53816017e526ca1d29c67,2019-12,Staffordshire Police,Staffordshire Police,-1.828064,52.681030,On or near ST JOHN STREET,E01029526,Lichfield 004E,Investigation complete; no suspect identified
2036a68d4d783ea8b2805ad92e4500b0428b3d8cb2dd6519a2ec6f537f0ba59e,2019-12,Staffordshire Police,Staffordshire Police,-1.718565,52.620527,On or near THE GREEN,E01029503,Lichfield 012C,Investigation complete; no suspect identified
00fadb42a747792886e519a9446f8470a6c050e603324c4ad8650fd6dccb426e,2019-12,Staffordshire Police,Staffordshire Police,-1.882035,52.902039,On or near HAWTHORNDEN GARDENS,E01029432,East Staffordshire 002C,Investigation complete; no suspect identified
58d56bc5b6c94a08efe0b3518a93c9d3b15d44129d6d47c01dffd091ba430420,2019-12,Staffordshire Police,Staffordshire Police,-2.118131,52.802607,On or near Sports/Recreation Area,E01029701,Stafford 010E,Investigation complete; no suspect identified
604745b78d851f3c33e66723052482d84d7e2f54c6baa91877413196c6a23a33,2019-12,Staffordshire Police,Staffordshire Police,-1.616833,52.791629,On or near MARSTON RISE,E01029419,East Staffordshire 012B,Investigation complete; no suspect identified
d54041cf9a277a47b78836f7d2cef7e1a12e5c39aaa5f711361d505df366ac18,2019-12,Staffordshire Police,Staffordshire Police,-1.670714,52.625456,On or near LYCHGATE CLOSE,E01029832,Tamworth 004C,Investigation complete; no suspect identified
4001fed3984909eab71078a27789313eb75fc8b876b10bf1b421e8fc200d63b4,2019-12,Staffordshire Police,Staffordshire Police,-1.597987,52.804215,On or near DELHI CLOSE,E01029468,East Staffordshire 010A,Investigation complete; no suspect identified
941b400c3cc2397d23c042396dd91a00cbe245473699b455713bac90d25ea720,2019-12,Staffordshire Police,Staffordshire Police,-2.024080,52.650731,On or near DUNSTON CLOSE,E01029639,South Staffordshire 005B,Investigation complete; no suspect identified
f00463c4521c5c09bba4563abfcd1769504ce3243fce3b657d632da6303b451a,2019-12,Staffordshire Police,Staffordshire Police,-2.081643,52.795122,On or near SALCOMBE AVENUE,E01029684,Stafford 014A,Investigation complete; no suspect identified
82cb79dd50aa5fe827436d3e95ca02c79d79dca07a82077a8d87459bcf185516,2019-12,Staffordshire Police,Staffordshire Police,-1.822335,52.696744,On or near SHEPHERD CLOSE,E01029499,Lichfield 004B,Investigation complete; no suspect identified
19a2807e86b9efa6f36a0b91a5980aea6a47a34cf2fe1ab5dfc073dca7f6fbe9,2019-12,Staffordshire Police,Staffordshire Police,-1.836369,52.675135,On or near TEWE PLACE,E01032900,Lichfield 004G,Investigation complete; no suspect identified
98d9a5ed35652795295f984244d5f55b31f825af09535ae754dc638db3be73c3,2019-12,Staffordshire Police,Staffordshire Police,-1.757841,52.674228,On or near SPRING LANE,E01029531,Lichfield 008D,Investigation complete; no suspect identified
fe91dbf2ffdb376221181c0111faaa859adbd0dd7f5243dc86ebfa0781fce590,2019-12,Staffordshire Police,Staffordshire Police,-2.114466,52.785351,On or near Petrol Station,E01029729,Stafford 016B,Investigation complete; no suspect identified
074f25180f63b4cd239be3548f14a35af79848fb32a40e052ae4397f4d05a34c,2019-12,Staffordshire Police,Staffordshire Police,-1.621118,52.789953,On or near SAXON STREET,E01029449,East Staffordshire 014A,Investigation complete; no suspect identified
2e5d793e67b040cd76b169ea3001ff1a36ff8059adf3cfbb648a8272f06b9d87,2019-12,Staffordshire Police,Staffordshire Police,,,No location,,,Investigation complete; no suspect identified
f4925d0a8f0fb2bd898a7fdbbfca89ef4cbc8462545d9814ec191969d198cb54,2019-12,Staffordshire Police,Staffordshire Police,-2.148673,52.902750,On or near Supermarket,E01029745,Stafford 003C,Investigation complete; no suspect identified
eb55075940b6bd0b2e50ce7cc6c3203a43d03df18e229d9b5dec7c2f1d1cbf8c,2019-12,Staffordshire Police,Staffordshire Police,-1.870245,52.907187,On or near JOHNSON ROAD,E01029433,East Staffordshire 002D,Investigation complete; no suspect identified
c071d3d24d0fb9081d098c9cc3557306cd909ff5179a6ea1a1a84482094f8a9a,2019-12,Staffordshire Police,Staffordshire Police,-2.013661,52.656513,On or near SHAW'S LANE,E01029644,South Staffordshire 005E,Investigation complete; no suspect identified
45cb0d805ed7d4d83b8dbefc94ecd2122bdd035754f08e06fee9238cf914fcc5,2019-12,Staffordshire Police,Staffordshire Police,-1.924591,52.665731,On or near WHARF LANE,E01029497,Lichfield 006E,Investigation complete; no suspect identified
3f946465486ad6b69a5a67419447aad085d545f453cc68a4a3a5f2a6797b2f94,2019-12,Staffordshire Police,Staffordshire Police,,,No location,,,Investigation complete; no suspect identified
b5293ba5a555ba103d3cb5cd744ee5c4f7c9a0f3fcb01ea03debd150cb8ceb9c,2019-12,Staffordshire Police,Staffordshire Police,-1.972459,52.657742,On or near Petrol Station,E01029395,Cannock Chase 013B,Investigation complete; no suspect identified
ddca9ec40f61b81dff0fa01d8c6d90e175ca7eec88c18aa9f81cfba34e1fd584,2019-12,Staffordshire Police,Staffordshire Police,-1.649399,52.808073,On or near GRANGE STREET,E01029448,East Staffordshire 009D,Investigation complete; no suspect identified
6cf934039da4f2ff3f94c44c6f59ee09a3fff55036559c5010cd5171d17b4125,2019-12,Staffordshire Police,Staffordshire Police,-1.822001,52.702578,On or near WATERY LANE,E01029509,Lichfield 002D,Investigation complete; no suspect identified
6d335b15a09aa30731470197c5aa1c62aa933c5db56c09ace026c6c839e68eb0,2019-12,Staffordshire Police,Staffordshire Police,-1.972459,52.657742,On or near Petrol Station,E01029395,Cannock Chase 013B,Investigation complete; no suspect identified
3576d5fcb7a124b75843a762dc6b9f042eff6b7ed6628dbf903ae07b68d35c1d,2019-12,Staffordshire Police,Staffordshire Police,-1.641778,52.832825,On or near GOODWOOD CLOSE,E01029454,East Staffordshire 005A,Investigation complete; no suspect identified
caccbb57b99506d5c14d69e67c1903dbde83845e92a2d8d63ce84733051adbfb,2019-12,Staffordshire Police,Staffordshire Police,-2.032016,52.687730,On or near QUEEN STREET,E01029360,Cannock Chase 012B,Investigation complete; no suspect identified
d680ac0600a4d60f586d11c2cb3d3344da8c5000687cb80a48e639b61de8a676,2019-12,Staffordshire Police,Staffordshire Police,-1.972459,52.657742,On or near Petrol Station,E01029395,Cannock Chase 013B,Investigation complete; no suspect identified
1a2bf32f22c52db6bbc608f81ec5e4a045b69316a07e07d54adbf3710bf215cd,2019-12,Staffordshire Police,Staffordshire Police,-1.646426,52.823382,On or near MORLEY'S HILL,E01029434,East Staffordshire 007A,Investigation complete; no suspect identified
33fcb35608c6f875b50a48d71843ba1eb136d44579fa21d7f66b06251a68a00e,2019-12,Staffordshire Police,Staffordshire Police,-1.699101,52.628543,On or near LADY MEADOW CLOSE,E01029835,Tamworth 002A,Investigation complete; no suspect identified
c3eb91f8d6e6098c8d862514408f379d5bb751d4bb6833f021a622205731f836,2019-12,Staffordshire Police,Staffordshire Police,-2.086858,52.643851,On or near CANNOCK ROAD,E01029635,South Staffordshire 007D,Investigation complete; no suspect identified
b78f8bf9a224de60653aeddeaeef7b3bf07c596919173980e4c6b7c879f8ae3c,2019-12,Staffordshire Police,Staffordshire Police,-1.982686,52.667354,On or near JACKSON CLOSE,E01029395,Cannock Chase 013B,Investigation complete; no suspect identified
af4562db3d8fbd8f335e1fcd456d0b479a012aed2b55943e5d11b003aca8a00e,2019-12,Staffordshire Police,Staffordshire Police,-1.844629,52.689764,On or near PINFOLD ROAD,E01029511,Lichfield 007B,Investigation complete; no suspect identified
00473516d227628035f9d35d07c685ab594554653f74111763c0e50ad313bc34,2019-12,Staffordshire Police,Staffordshire Police,-1.632973,52.783877,On or near CUMBERLAND ROAD,E01029450,East Staffordshire 014B,Investigation complete; no suspect identified
ebbe8c98613ab2764dc016259b946d6d0df026082d2cc15db3576bcc0d128505,2019-12,Staffordshire Police,Staffordshire Police,-1.931435,52.752098,On or near THE LAURELS,E01029346,Cannock Chase 003B,Investigation complete; no suspect identified
139e02a47d7954bde9a42312e5564a36a9e96952726c9f51eacc8ce733cfe185,2019-12,Staffordshire Police,Staffordshire Police,-2.061845,52.628476,On or near MEADOW VIEW,E01029634,South Staffordshire 007C,Investigation complete; no suspect identified
967ca1e91dbf5706284826ecc4017e4b0841f76725fdfc818fc7708dc851ea7a,2019-12,Staffordshire Police,Staffordshire Police,-1.627220,52.780417,On or near MAPLE GROVE,E01029453,East Staffordshire 014E,Investigation complete; no suspect identified
d3c244ee0e181e1cafb03ce4bebfa3cc81b7c0f5ce4bc37e5a5f8d9a337fc168,2019-12,Staffordshire Police,Staffordshire Police,-2.171591,52.885891,On or near Motorway Service Area,E01029695,Stafford 005A,Investigation complete; no suspect identified
9e7e83aaeff5a2a8baaee8c8868aace39aebd73d993894eee9d14782dacc2f6c,2019-12,Staffordshire Police,Staffordshire Police,-2.030093,52.709459,On or near ABBOTS FIELD,E01029357,Cannock Chase 007D,Investigation complete; no suspect identified
bad4b0b5f2664b77c7849d90803ce505df0556455eb218e84993dfcc637b0664,2019-12,Staffordshire Police,Staffordshire Police,-1.872464,52.906021,On or near Supermarket,E01029461,East Staffordshire 003C,Investigation complete; no suspect identified
d36044b3e78b53434c9314dd63303f4594450a9f0c28c08fa505426c65217a30,2019-12,Staffordshire Police,Staffordshire Police,-1.919979,52.681028,On or near Supermarket,E01029489,Lichfield 009C,Investigation complete; no suspect identified
a78f28123f2f3a133dc4ad38ee57b9254a0e4dd4a9d4c7769d5bc7a8306eabc2,2019-12,Staffordshire Police,Staffordshire Police,,,No location,,,Investigation complete; no suspect identified
aeea7d6e9e35a878cec0266ac9d2049aec12c17b701baeaf4410021958997b6c,2019-12,Staffordshire Police,Staffordshire Police,-1.646929,52.618141,On or near BRENDON,E01029858,Tamworth 008D,Investigation complete; no suspect identified
c36f8a6bfa2c2a909f8ca3d568eba864c95cdff74f9e6ab3321c1a2cadbcbe8d,2019-12,Staffordshire Police,Staffordshire Police,-2.200663,52.954057,On or near Parking Area,E01029748,Stafford 002D,Investigation complete; no suspect identified
d4a3c1039df00a6d4bf373fe750df3ca546d08f4ffbf1acf51540b5c91a546c1,2019-12,Staffordshire Police,Staffordshire Police,-1.725460,52.618700,On or near AFFLECK AVENUE,E01029502,Lichfield 012B,Investigation complete; no suspect identified
b0f7d9679f3f333c7941b72cb7812e0657ce80c584ecdfaed8562ea8a636053b,2019-12,Staffordshire Police,Staffordshire Police,-2.131254,52.692920,On or near WAITLING STREET,E01029658,South Staffordshire 001D,Investigation complete; no suspect identified
82c67929aed47bdbd948402f158e30e5fd59c76353aded0a44c7c2eee7528a42,2019-12,Staffordshire Police,Staffordshire Police,-2.119698,52.806120,On or near EARL STREET,E01029701,Stafford 010E,Investigation complete; no suspect identified
cdc144a303d0553d21a4f22387865808549ce749d5499b9bdba3f6499da208a5,2019-12,Staffordshire Police,Staffordshire Police,-2.056428,52.643716,On or near M6,E01029635,South Staffordshire 007D,Investigation complete; no suspect identified
6a325b6e1fd1928bb5277fdd0a641c689936d9fad5b600cf36ab85ae63674b77,2019-12,Staffordshire Police,Staffordshire Police,-2.107030,52.806033,On or near LAMMASCOTE ROAD,E01029701,Stafford 010E,Investigation complete; no suspect identified
89f91a7882f3e12dc203a7f1e909c86677435bc3f3c45e37b48308f9b4344d77,2019-12,Staffordshire Police,Staffordshire Police,,,No location,,,Investigation complete; no suspect identified
78f8b1b50b0f6a8a53fce18ffae826bc81dd28cdb01047a36377a15b98a9a231,2019-12,Staffordshire Police,Staffordshire Police,,,No location,,,Investigation complete; no suspect identified
0b92ea9d1707fb3d5807b643c938f41302f023878ac5c0ed9676e50c001ddf36,2019-12,Staffordshire Police,Staffordshire Police,-2.146548,52.902942,On or near CHRISTCHURCH WAY,E01029745,Stafford 003C,Investigation complete; no suspect identified
